HOLE:	U1508C
EXPEDITION:	371
TOP:	580.1570
BOTTOM:	706.4965
DEPTH_WMSF	TENS	CS	ETIM
m	lbf	ft/h	s
580.1570	4785	1506	986.7665
580.3094	4651.956	1506	985.5651
580.4618	4532.91	1506	984.3616
580.6142	4410.061	1506	983.1596
580.7666	4572.979	1508	981.9567
580.9190	4702.974	1505.002	980.7707
581.0714	4594.879	1512.004	979.5693
581.2238	4397.124	1517.996	978.3672
581.3762	4377.005	1523.998	977.1953
581.5286	4249.007	1528	976.0084
581.6810	4312.194	1523.99	974.8389
581.8334	4715.696	1504.015	973.6544
581.9858	4753.985	1505	972.4674
582.1382	4596.002	1509	971.282
582.2906	4515.036	1509	970.0806
582.4430	4614.695	1508.12	968.8667
582.5954	4640.866	1512.763	967.6217
582.7478	4595.245	1509.867	966.3741
582.9002	4481.496	1518.539	965.1276
583.0526	4449.229	1521.486	963.9005
583.2050	4450.64	1515.688	962.6859
583.3574	4634.801	1502.756	961.4553
583.5098	4604.553	1502.565	960.2191
583.6622	4562.858	1504.319	958.9772
583.8146	4624.803	1505.355	957.7419
583.9670	4661.708	1505.607	956.5013
584.1194	4591.772	1508.442	955.2665
584.2718	4478.367	1511.599	954.0208
584.4242	4409.757	1516.049	952.7812
584.5766	4368.099	1523.082	951.5399
584.7290	4349.332	1523.422	950.3101
584.8814	4471.714	1513.146	949.0967
585.0338	4703.995	1504.391	947.8646
585.1862	4642.441	1508.51	946.6192
585.3386	4467.707	1513.177	945.383
585.4910	4432.875	1513.236	944.1431
585.6434	4612.556	1513.8	942.9183
585.7958	4689.62	1513.164	941.678
585.9482	4549.912	1515.624	940.4467
586.1006	4425.042	1518.736	939.2179
586.2530	4290.702	1517.102	937.9858
586.4054	4172.793	1519.952	936.747
586.5578	4181.838	1524.113	935.5221
586.7102	4285.384	1527.211	934.2938
586.8626	4673.765	1498.903	933.0779
587.0150	4702.46	1498.4	931.8307
587.1674	4641.597	1503.045	930.5819
587.3198	4558.013	1513	929.3377
587.4722	4574.161	1513.244	928.1047
587.6246	4508.292	1514.844	926.8641
587.7770	4362.825	1516.046	925.6353
587.9294	4272.173	1517.556	924.4026
588.0818	4187.276	1526.362	923.1747
588.2342	4111.824	1533.439	921.9529
588.3866	4297.301	1524.491	920.7314
588.5390	4654.909	1501.95	919.5113
588.6914	4625.638	1505.285	918.2637
588.8438	4448.394	1514	917.0288
588.9962	4381.2	1518.916	915.7938
589.1486	4524.332	1511.566	914.5558
589.3010	4740.161	1502.555	913.3268
589.4534	4622.607	1503.174	912.0887
589.6058	4478.225	1506.287	910.8538
589.7582	4352.423	1518.198	909.621
589.9106	4211.529	1521.837	908.389
590.0630	4174.123	1517.624	907.1575
590.2154	4393.312	1506.982	905.9293
590.3678	4703.048	1503.157	904.7158
590.5202	4707.187	1505.953	903.4697
590.6726	4770.23	1506	902.2203
590.8250	4771.021	1506	900.9769
590.9774	4617.981	1506.369	899.7502
591.1298	4527.597	1510.377	898.5464
591.2822	4400.053	1514.574	897.3685
591.4346	4196.983	1521.417	896.2028
591.5870	4174.797	1527.502	895.0167
591.7394	4275.046	1537.652	893.8594
591.8918	4692.409	1571.879	892.6885
592.0442	4642	1506.075	891.5338
592.1966	4590.652	1509.95	890.3485
592.3490	4719.054	1500.073	889.1771
592.5014	4829.982	1498.036	887.9877
592.6538	4708.846	1499.939	886.7834
592.8062	4378.078	1516.25	885.6132
592.9586	4192.218	1520.774	884.442
593.1110	4081.425	1522.863	883.2692
593.2634	4042.755	1530.352	882.0797
593.4158	4212.266	1533.72	880.9221
593.5682	4757.738	1506.318	879.77
593.7206	4844.773	1499.478	878.5884
593.8730	4761.18	1503.341	877.4149
594.0254	4747.144	1504.856	876.2276
594.1778	4730.997	1505.842	875.0403
594.3302	4664.94	1506.83	873.8668
594.4826	4573.526	1510.27	872.6824
594.6350	4416.71	1511	871.5085
594.7874	4314.131	1515.75	870.3383
594.9398	4352.086	1519.337	869.1667
595.0922	4573.471	1515.4	867.9948
595.2446	4702.386	1508.719	866.8233
595.3970	4693.574	1507	865.6396
595.5494	4586.819	1505.543	864.4537
595.7018	4527.375	1504.284	863.2906
595.8542	4598.917	1503.296	862.1121
596.0066	4742.922	1503	860.9345
596.1590	4635.39	1507.746	859.7409
596.3114	4518.43	1511.995	858.5594
596.4638	4418.003	1513	857.3882
596.6162	4287.601	1521.968	856.2053
596.7686	4281.91	1524.491	855.028
596.9210	4563.381	1510.077	853.8655
597.0734	4718.774	1503.207	852.6902
597.2258	4623.151	1506.366	851.5129
597.3782	4521.358	1510.316	850.3322
597.5306	4469.1	1512	849.1443
597.6830	4418.483	1515.318	847.9649
597.8354	4464.905	1516.919	846.7834
597.9878	4469.467	1516.528	845.6129
598.1402	4409.21	1521.637	844.4507
598.2926	4376.9	1522.485	843.2887
598.4450	4539.174	1512.142	842.1169
598.5974	4736.776	1504.522	840.9361
598.7498	4680.214	1507.252	839.7571
598.9022	4532.26	1511.903	838.5778
599.0546	4397.284	1513.439	837.4076
599.2070	4313.269	1515.281	836.2303
599.3594	4269.927	1517.415	835.0488
599.5118	4242.904	1520.41	833.8696
599.6642	4421.375	1517.786	832.7005
599.8166	4766.521	1508.752	831.5494
599.9690	4721.888	1508.545	830.3731
600.1214	4600.594	1506.702	829.187
600.2738	4581.256	1507.325	828.0057
600.4262	4649.302	1506.325	826.8278
600.5786	4695.479	1507.939	825.6443
600.7310	4640.678	1509.099	824.4741
600.8834	4535.408	1508.147	823.3007
601.0358	4412.507	1512.373	822.1173
601.1882	4337.922	1517.836	820.9393
601.3406	4284.516	1524.502	819.757
601.4930	4397.587	1522.551	818.6004
601.6454	4680.228	1501.775	817.4406
601.7978	4770.119	1501.426	816.2549
601.9502	4674.93	1503.803	815.0674
602.1026	4602.812	1507.376	813.879
602.2550	4597.635	1509	812.6972
602.4074	4539.018	1510.623	811.5363
602.5598	4341.2	1518.55	810.3512
602.7122	4319.312	1516.55	809.1786
602.8646	4227.422	1520.867	807.9943
603.0170	4115.522	1526.331	806.8229
603.1694	4316.661	1519.313	805.6664
603.3218	4728.13	1504.435	804.5091
603.4742	4689.277	1509.149	803.3229
603.6266	4576.44	1511	802.1389
603.7790	4507.455	1511.097	800.9656
603.9314	4532.596	1513.109	799.777
604.0838	4441.809	1516	798.6061
604.2362	4434.08	1516.01	797.4524
604.3886	4441.982	1516.998	796.2642
604.5410	4339.513	1522.913	795.0912
604.6934	4287.396	1520.081	793.9189
604.8458	4654.388	1506.569	792.7487
604.9982	4765.646	1504.106	791.593
605.1506	4685.008	1504.935	790.4075
605.3030	4536.029	1505.922	789.2203
605.4554	4491.236	1505.09	788.0322
605.6078	4479.036	1508.586	786.8452
605.7602	4327.732	1518.723	785.685
605.9126	4330.698	1561.905	784.4984
606.0650	4240.159	1533.563	783.324
606.2174	4390.221	1516.138	782.1681
606.3698	4741.38	1507.322	781.0007
606.5222	4703.837	1508.467	779.8172
606.6746	4514.296	1511.431	778.6359
606.8270	4486.949	1513.593	777.4702
606.9794	4516.656	1510.864	776.2869
607.1318	4419.049	1513.087	775.1114
607.2842	4393.316	1517.797	773.9273
607.4366	4575.801	1510.782	772.765
607.5890	4726.506	1505.065	771.5994
607.7414	4627.789	1509.047	770.4158
607.8938	4506.844	1513.126	769.2275
608.0462	4519.085	1509.822	768.0518
608.1986	4649.691	1507.317	766.8817
608.3510	4622.918	1508.34	765.6996
608.5034	4491.896	1510.974	764.5224
608.6558	4402.682	1511.354	763.3508
608.8082	4324.99	1513.529	762.1702
608.9606	4279.373	1515	760.9925
609.1130	4332.32	1512.572	759.8299
609.2654	4520.113	1505.646	758.6639
609.4178	4713.624	1503.165	757.4825
609.5702	4756.657	1504.569	756.2961
609.7226	4700.61	1506.669	755.1097
609.8750	4588.933	1509.088	753.9315
610.0274	4492.284	1509.468	752.7513
610.1798	4397.499	1514.187	751.5723
610.3322	4331.987	1518.494	750.3996
610.4846	4290.418	1519.485	749.2261
610.6370	4291.952	1518.587	748.0536
610.7894	4502.817	1510.835	746.8901
610.9418	4683.979	1505.456	745.7211
611.0942	4682.441	1506.444	744.5415
611.2466	4672.454	1507	743.363
611.3990	4603.752	1507.42	742.175
611.5514	4534.154	1508	740.9949
611.7038	4504.43	1508.393	739.8216
611.8562	4455.092	1509.381	738.6418
612.0086	4458.546	1510.738	737.4648
612.1610	4472.068	1513.068	736.2872
612.3134	4423.666	1514.315	735.1057
612.4658	4396.697	1515.973	733.9288
612.6182	4463.465	1520.41	732.757
612.7706	4681.44	1516.084	731.6039
612.9230	4764.714	1512.541	730.4177
613.0754	4586.872	1510.118	729.2349
613.2278	4454.102	1512.465	728.059
613.3802	4393.052	1511.765	726.875
613.5326	4320.912	1514.969	725.7036
613.6850	4334.287	1517.542	724.5333
613.8374	4504.882	1513.835	723.362
613.9898	4754.585	1527.443	722.1862
614.1422	4694.071	1592.221	720.998
614.2946	4598.961	1512.288	719.8158
614.4470	4562.586	1507.84	718.6523
614.5994	4655.336	1502.153	717.4855
614.7518	4738.708	1503.423	716.2977
614.9042	4587.206	1506.516	715.1094
615.0566	4521	1510.117	713.9222
615.2090	4504.315	1511.417	712.7504
615.3614	4366.427	1514.54	711.5789
615.5138	4438.38	1509.523	710.4063
615.6662	4655.015	1503.671	709.2205
615.8186	4706.38	1499.696	708.0472
615.9710	4598.96	1511.918	706.8448
616.1234	4413.098	1509.913	705.6882
616.2758	4452.966	1506.94	704.5011
616.4282	4647.365	1503	703.3287
616.5806	4777.742	1503	702.141
616.7330	4682.161	1506.913	700.9547
616.8854	4551.741	1509.893	699.7684
617.0378	4505.112	1506.192	698.6116
617.1902	4365.803	1515.397	697.4241
617.3426	4367.202	1516	696.2507
617.4950	4497.032	1511.424	695.0792
617.6474	4695.59	1504.69	693.9247
617.7998	4618.215	1507.556	692.7401
617.9522	4531.484	1508	691.5515
618.1046	4475.189	1508	690.3779
618.2570	4667.068	1498.642	689.194
618.4094	4783.304	1497	688.007
618.5618	4737.058	1501.955	686.8198
618.7142	4619.859	1504.627	685.6456
618.8666	4551.998	1506.6	684.4612
619.0190	4392.176	1515.662	683.2724
619.1714	4383.781	1523.426	682.084
619.3238	4437.315	1513.539	680.9203
619.4762	4559.823	1511.511	679.7611
619.6286	4659.136	1582.847	678.5791
619.7810	4694.272	1526.627	677.399
619.9334	4731.84	1500.919	676.1971
620.0858	4666.847	1505.605	675.0001
620.2382	4584.319	1504.864	673.8198
620.3906	4555.27	1513.136	672.6323
620.5430	4417.926	1518.389	671.4506
620.6954	4317.774	1527.245	670.2739
620.8478	4518.466	1515.421	669.0996
621.0002	4751.401	1505.994	667.9235
621.1526	4703.439	1504.34	666.7473
621.3050	4597.752	1504	665.5596
621.4574	4577.155	1501.422	664.3658
621.6098	4715.215	1498.73	663.1851
621.7622	4801.765	1499.252	661.9991
621.9146	4738.348	1503.711	660.8061
622.0670	4641.106	1509.66	659.6141
622.2194	4529.101	1507.795	658.4319
622.3718	4367.96	1515.057	657.2454
622.5242	4352.088	1521.417	656.061
622.6766	4655.261	1510.06	654.8931
622.8290	4810.692	1503.135	653.725
622.9814	4681.416	1505.116	652.5327
623.1338	4541.708	1506	651.3434
623.2862	4444.337	1508.163	650.1578
623.4386	4381.676	1508.401	648.9629
623.5910	4542.685	1505.428	647.7831
623.7434	4799.687	1503.485	646.6078
623.8958	4811.923	1505.029	645.4196
624.0482	4662.182	1507.499	644.228
624.2006	4576.207	1508.979	643.0446
624.3530	4530.444	1509.52	641.8607
624.5054	4526.934	1507.112	640.6751
624.6578	4522.802	1504.071	639.4974
624.8102	4545.99	1502.088	638.3207
624.9626	4722.853	1499.659	637.1377
625.1150	4797.219	1499.314	635.9387
625.2674	4715.219	1501.859	634.7372
625.4198	4563.97	1507.218	633.5504
625.5722	4400.18	1516.303	632.3739
625.7246	4379.262	1522.614	631.1981
625.8770	4347.313	1526.581	630.0206
626.0294	4419.667	1520.106	628.8439
626.1818	4730.737	1502.215	627.6742
626.3342	4821.317	1499.324	626.4977
626.4866	4681.366	1505.722	625.2946
626.6390	4609.404	1507.353	624.0999
626.7914	4525.474	1509.38	622.912
626.9438	4461.783	1509.313	621.7365
627.0962	4668.507	1504.327	620.5607
627.2486	4842.913	1505.318	619.3788
627.4010	4757.073	1505.379	618.1852
627.5534	4587.463	1504.302	616.9938
627.7058	4466.187	1504.102	615.8004
627.8582	4427.078	1501.368	614.5939
628.0106	4556.23	1504.317	613.3823
628.1630	4563.796	1528.272	612.1611
628.3154	4415.883	1541.042	610.9401
628.4678	4283.974	1515.651	609.7247
628.6202	4220.253	1524.733	608.5192
628.7726	4172.448	1533.644	607.3187
628.9250	4474.244	1520.653	606.1304
629.0774	4905.885	1500	604.937
629.2298	4740.6	1502.289	603.7175
629.3822	4531.897	1505.947	602.4877
629.5346	4505.728	1507	601.2671
629.6870	4485.208	1509.522	600.0615
629.8394	4452.479	1511.48	598.8548
629.9918	4464.332	1514.217	597.6406
630.1442	4428.636	1518.656	596.4299
630.2966	4317.296	1524.536	595.2264
630.4490	4430.044	1521.005	594.0258
630.6014	4747.061	1504.608	592.8213
630.7538	4817.092	1496.385	591.6072
630.9062	4693.917	1499.151	590.386
631.0586	4602.637	1502.293	589.1631
631.2110	4566.101	1504.324	587.9528
631.3634	4508.829	1506.356	586.7367
631.5158	4507.886	1509.774	585.5152
631.6682	4476.905	1510.292	584.2941
631.8206	4497.686	1515.073	583.0829
631.9730	4625.431	1510.328	581.8882
632.1254	4789.874	1503.459	580.6754
632.2778	4741.241	1505.087	579.4688
632.4302	4572.353	1509.152	578.2516
632.5826	4425.356	1511.609	577.03
632.7350	4367.836	1512.82	575.8085
632.8874	4302.543	1518.846	574.6074
633.0398	4275.673	1516.594	573.4091
633.1922	4259.999	1525.534	572.1909
633.3446	4560.051	1511.986	570.998
633.4970	4904.553	1501.016	569.7969
633.6494	4804.731	1500.913	568.5631
633.8018	4692.499	1501.93	567.3384
633.9542	4618.74	1501.053	566.147
634.1065	4593.877	1500.04	564.9294
634.2589	4669.178	1503.907	563.7076
634.4113	4586.569	1504	562.4846
634.5637	4478.325	1508.025	561.279
634.7161	4404.789	1510.9	560.0559
634.8685	4675.475	1507	558.851
635.0209	4800.998	1506.945	557.6303
635.1733	4695.992	1505.857	556.41
635.3257	4678.369	1503.119	555.2054
635.4781	4768.665	1494.204	554.0004
635.6305	4789.037	1496.474	552.7759
635.7829	4685.836	1500.54	551.5522
635.9353	4587.055	1504.3	550.3312
636.0877	4525.813	1506.661	549.1104
636.2401	4440.369	1510	547.8912
636.3925	4440.537	1509.606	546.6869
636.5449	4575.263	1506.719	545.4771
636.6973	4802.579	1502	544.2588
636.8497	4703.794	1502	543.0515
637.0021	4642.792	1500.959	541.8327
637.1545	4718.583	1498.829	540.6224
637.3069	4629.861	1502.749	539.4014
637.4593	4483.557	1509.149	538.18
637.6117	4350.256	1513.677	536.9586
637.7641	4257.178	1514.355	535.743
637.9165	4224.874	1519.483	534.5364
638.0689	4208.778	1526.963	533.3295
638.2213	4368.834	1520.021	532.13
638.3737	4739.105	1501.402	530.937
638.5261	4813.194	1502.419	529.7259
638.6785	4571.81	1504.302	528.5124
638.8309	4487.512	1504.205	527.2997
638.9833	4500.153	1505.724	526.0751
639.1357	4391.521	1513.369	524.8609
639.2881	4500.667	1507.57	523.6499
639.4405	4831.364	1499.024	522.4386
639.5929	4788.26	1504.752	521.2169
639.7453	4650.911	1507.912	519.9962
639.8977	4607.771	1510.358	518.791
640.0501	4487.543	1517.022	517.5764
640.2025	4390.873	1518.819	516.3638
640.3549	4563	1504.033	515.1627
640.5073	4786.649	1491.885	513.9666
640.6597	4761.967	1492.552	512.7455
640.8121	4620.441	1498.578	511.5076
640.9645	4595.435	1505.017	510.2909
641.1169	4535.689	1508.371	509.0788
641.2693	4650.954	1509	507.8595
641.4217	4898.066	1503.27	506.6581
641.5741	4866.998	1502.465	505.4445
641.7265	4717.388	1505.247	504.2215
641.8789	4586.884	1504.474	503.0005
642.0313	4494.89	1508.675	501.7833
642.1837	4535.889	1505.225	500.5812
642.3361	4666.182	1499.944	499.3655
642.4885	4687.236	1499.823	498.1491
642.6409	4794.486	1500.775	497.0048
642.7933	4904.614	1503.144	495.8739
642.9457	4817.664	1505.308	494.7443
643.0981	4689.136	1508.374	493.6245
643.2505	4582.742	1511.065	492.511
643.4029	4467.158	1511.528	491.3886
643.5553	4354.374	1511	490.2641
643.7077	4315.152	1513.105	489.1429
643.8601	4457.334	1510.901	488.022
644.0125	4701.833	1495.771	486.917
644.1649	4708.168	1495.84	485.7878
644.3173	4720.468	1499.784	484.6567
644.4697	4818.521	1498.531	483.5258
644.6221	4887.045	1508.856	482.4115
644.7745	4820.431	1509.926	481.2839
644.9269	4617.643	1511.731	480.1549
645.0793	4454.258	1511.196	479.0402
645.2317	4383.296	1510.256	477.9246
645.3841	4280.477	1514.784	476.7975
645.5365	4276.325	1514.512	475.6773
645.6889	4463.552	1505.699	474.5714
645.8413	4641.67	1501.003	473.4552
645.9937	4638.141	1505.524	472.3263
646.1461	4596.008	1511.137	471.1975
646.2985	4717.712	1509.81	470.0717
646.4509	4898.811	1503.259	468.9569
646.6033	4884.412	1504.398	467.84
646.7557	4703.255	1506	466.7119
646.9081	4561.268	1506.229	465.5819
647.0605	4489.44	1509.05	464.4499
647.2129	4343.943	1511.866	463.3366
647.3653	4403.248	1510.209	462.2079
647.5177	4606.177	1504.161	461.1061
647.6701	4787.192	1499.136	459.9812
647.8225	4786.247	1503.7	458.8496
647.9749	4753.989	1505.347	457.7187
648.1273	4887.834	1500.863	456.6004
648.2797	4973.284	1498	455.4874
648.4321	4814.904	1499.88	454.3644
648.5845	4581.032	1504.866	453.2268
648.7369	4469.751	1509.349	452.0864
648.8893	4400.309	1511.73	450.9601
649.0417	4270.901	1517.137	449.845
649.1941	4226.902	1521.334	448.7291
649.3465	4375.868	1520.879	447.6153
649.4989	4757.181	1502.862	446.5009
649.6513	4821.951	1500.046	445.3885
649.8037	4849.781	1498.153	444.26
649.9561	4895.174	1498	443.1422
650.1085	4832.892	1497.196	442.0133
650.2609	4760.391	1497	440.8858
650.4133	4678.368	1497.681	439.7563
650.5657	4642.17	1498	438.6253
650.7181	4719.222	1498.56	437.5041
650.8705	4777.005	1500.499	436.3815
651.0229	4712.608	1501.122	435.2525
651.1753	4577.563	1506.044	434.1243
651.3277	4447.261	1519.169	432.9943
651.4801	4405.159	1521.117	431.8707
651.6325	4589.767	1504.249	430.7679
651.7849	5051.619	1493.403	429.6537
651.9373	4979.701	1496.594	428.5243
652.0897	4675.948	1504.014	427.3952
652.2421	4607.32	1504.954	426.2647
652.3945	4586.161	1505	425.1361
652.5469	4538.255	1509.159	424.0179
652.6993	4445.643	1513.087	422.9019
652.8517	4441.615	1519.687	421.7762
653.0041	4511.15	1514.194	420.6466
653.1565	4669.616	1504.692	419.5268
653.3089	4903.906	1497.301	418.413
653.4613	4970.222	1496.454	417.271
653.6137	4770.871	1501.411	416.0787
653.7661	4609.855	1504.479	414.8727
653.9185	4518.704	1506.425	413.6756
654.0709	4364.513	1507.056	412.4836
654.2233	4332.502	1508.347	411.295
654.3757	4569.333	1505.869	410.1021
654.5281	4808.497	1501.389	408.9147
654.6805	4841.913	1502.542	407.7264
654.8329	4874.117	1501.09	406.5291
654.9853	4922.48	1497.74	405.3307
655.1377	4886.058	1494.103	404.1366
655.2901	4798.19	1494.334	402.9461
655.4425	4721.859	1496.884	401.7424
655.5949	4729.466	1498	400.533
655.7473	4746.756	1513.244	399.3352
655.8997	4667.84	1521.773	398.1379
656.0521	4520.502	1508.287	396.9456
656.2045	4472.748	1510.852	395.7614
656.3569	4583.297	1510.309	394.5711
656.5093	4795.041	1502.981	393.3804
656.6617	4964.571	1496.829	392.1932
656.8141	4828.729	1498.823	391.002
656.9665	4611.006	1499.591	389.8123
657.1189	4519.873	1499.813	388.6107
657.2713	4523.829	1500.594	387.4004
657.4237	4599.688	1495.123	386.2002
657.5761	4816.409	1494.102	385.0168
657.7285	4802.81	1504.626	383.8081
657.8809	4704.613	1505.782	382.6035
658.0333	4618.055	1506.438	381.4098
658.1857	4681.393	1503.493	380.2051
658.3381	4923.218	1494.407	379.0073
658.4905	4913.086	1497.847	377.8145
658.6429	4759.412	1502	376.6129
658.7953	4639.17	1502.407	375.4096
658.9477	4471.939	1503.407	374.2065
659.1001	4490.466	1502.78	373.0107
659.2525	4715.606	1501.812	371.8185
659.4049	4747.363	1503.813	370.6145
659.5573	4728.153	1504.593	369.4097
659.7097	4701.275	1506.439	368.2065
659.8621	4574.783	1506.347	367.0182
660.0145	4680.803	1497.343	365.8352
660.1669	4874.353	1492.813	364.6318
660.3193	4776.613	1494.407	363.4281
660.4717	4746.44	1495.813	362.218
660.6241	4740.658	1497.812	361.0123
660.7765	4676.182	1500.626	359.8193
660.9289	4582.468	1508.29	358.6167
661.0813	4569.452	1511.934	357.4208
661.2337	4701.227	1503.158	356.2276
661.3861	4869.535	1498.594	355.0303
661.5385	4858.813	1497.593	353.8366
661.6909	4790.447	1497	352.6344
661.8433	4750.96	1497.406	351.4331
661.9957	4797.065	1499.219	350.2304
662.1481	4782.848	1501.407	349.0271
662.3005	4680.091	1507.698	347.8229
662.4529	4667.016	1516.407	346.6266
662.6053	4634.012	1517	345.4411
662.7577	4617.353	1517.813	344.2475
662.9101	4777.648	1516.152	343.058
663.0625	4837.02	1509.967	341.876
663.2149	4732.082	1508.218	340.6809
663.3673	4757.403	1507.562	339.501
663.5197	4877.135	1503.187	338.3167
663.6721	4765.835	1508.504	337.1137
663.8245	4537.698	1521.247	335.9121
663.9769	4439.374	1523.969	334.7164
664.1293	4363.623	1527.1	333.5369
664.2817	4324.21	1534.372	332.3666
664.4341	4315.156	1538.508	331.1895
664.5865	4427.085	1536.628	330.0098
664.7389	4807.353	1513.089	328.84
664.8913	4939.094	1507.069	327.6577
665.0437	4700.922	1513.813	326.4563
665.1961	4529.429	1516.624	325.2684
665.3485	4440.489	1519.813	324.0918
665.5009	4334.428	1525.474	322.9047
665.6533	4268.917	1531.594	321.7184
665.8057	4431.131	1523.694	320.5396
665.9581	4680.438	1513	319.3625
666.1105	4725.437	1512.187	318.1757
666.2629	4611.509	1510.593	316.9822
666.4153	4541.776	1512.847	315.7851
666.5677	4685.467	1512.126	314.6044
666.7201	4894.56	1505.813	313.421
666.8725	4834.21	1508.221	312.2209
667.0249	4556.771	1510.813	311.028
667.1773	4427.188	1518.496	309.8351
667.3297	4409.339	1529.625	308.6393
667.4821	4361.409	1530.78	307.4661
667.6345	4357.484	1531.439	306.295
667.7869	4404.435	1530.941	305.1169
667.9393	4555.059	1518.5	303.9416
668.0917	4914.753	1505.341	302.7491
668.2441	5060.477	1502.849	301.5524
668.3965	4868.613	1508.627	300.359
668.5489	4689.013	1511	299.1638
668.7013	4609.644	1515.065	297.9781
668.8537	4510.684	1521.407	296.7851
669.0061	4442.053	1522	295.5958
669.1585	4511.825	1520.376	294.4131
669.3109	4541.81	1518.406	293.2239
669.4633	4456.078	1518.593	292.0477
669.6157	4324.891	1524.503	290.8607
669.7681	4410.309	1529.536	289.6733
669.9205	4790.457	1514.063	288.4993
670.0729	5041.857	1501	287.3271
670.2253	4899.492	1503.035	286.1262
670.3777	4690.639	1512.1	284.9246
670.5301	4625.437	1520.594	283.7283
670.6825	4578.192	1520.406	282.5407
670.8349	4559.33	1518.559	281.3542
670.9873	4692.445	1515	280.1688
671.1397	4725.155	1515.406	278.9835
671.2921	4616.709	1518.032	277.7969
671.4445	4508.076	1526.287	276.6095
671.5969	4466.76	1531.561	275.423
671.7493	4662.742	1519.477	274.2448
671.9017	4866.066	1511.468	273.0624
672.0541	4678.796	1521.253	271.8735
672.2065	4410.005	1526.407	270.6967
672.3589	4338.093	1527	269.5107
672.5113	4368.599	1529.03	268.3248
672.6637	4381.109	1529.561	267.144
672.8161	4565.098	1519.084	265.9739
672.9685	4821.102	1509.406	264.7981
673.1209	4798.67	1509.188	263.6056
673.2733	4619.183	1512.469	262.4095
673.4257	4664.592	1517.373	261.2226
673.5781	4858.309	1515.406	260.0422
673.7305	4866.037	1516.812	258.8602
673.8829	4662.415	1520.437	257.6646
674.0353	4537.508	1523.187	256.4786
674.1877	4480.385	1522.407	255.2844
674.3401	4446.954	1525.847	254.094
674.4925	4530.983	1520.661	252.9248
674.6449	4770.132	1504.155	251.7493
674.7973	4840.116	1503.661	250.5571
674.9497	4743.081	1511.846	249.3539
675.1021	4607.238	1522.901	248.1568
675.2545	4450.188	1526.499	246.9756
675.4069	4579.136	1512.933	245.7991
675.5593	4790.945	1504.968	244.6144
675.7117	4853.03	1500.377	243.4301
675.8641	4837.698	1500.437	242.2305
676.0165	4723.355	1508.879	241.023
676.1689	4698.87	1515.593	239.835
676.3213	4675.237	1517.846	238.6424
676.4737	4630.145	1519.564	237.4485
676.6261	4687.979	1516.406	236.2628
676.7785	4696.559	1518.22	235.0757
676.9309	4571.008	1521.219	233.8955
677.0833	4464.296	1525.03	232.7191
677.2357	4619.95	1519.062	231.5397
677.3881	4828.806	1505.593	230.357
677.5405	4806.888	1507.845	229.1548
677.6929	4696.029	1513.217	227.9526
677.8453	4655.157	1516.219	226.7594
677.9977	4579.451	1518	225.582
678.1501	4455.062	1517.593	224.394
678.3025	4345.49	1515.374	223.205
678.4549	4198.359	1509.346	222.0219
678.6073	4143.214	1511.722	220.8235
678.7597	4253.32	1516.085	219.6352
678.9121	4638.586	1492.992	218.4493
679.0645	4873.579	1473.594	217.2516
679.2169	4711.37	1477.063	216.0258
679.3693	4530.75	1485.847	214.8024
679.5217	4452.848	1490.813	213.5991
679.6741	4460.986	1493.623	212.3904
679.8265	4403.665	1496	211.1768
679.9789	4379.236	1497.626	209.9647
680.1313	4541.065	1499.593	208.7637
680.2837	4766.572	1493.714	207.5815
680.4361	4733.683	1488.436	206.3738
680.5885	4618.137	1489.968	205.1544
680.7409	4752.199	1479.272	203.9408
680.8933	4850.612	1468	202.7371
681.0457	4774.817	1474.9	201.5206
681.1981	4701.375	1485.406	200.291
681.3505	4645.437	1488.846	199.072
681.5029	4566.149	1495.438	197.8602
681.6553	4498.437	1499.812	196.6575
681.8077	4535.728	1494.908	195.4599
681.9601	4694.593	1486.406	194.2593
682.1125	4687.254	1488.221	193.0466
682.2649	4522.616	1489.187	191.8384
682.4173	4424.392	1488	190.6262
682.5697	4514.445	1487.594	189.4148
682.7221	4859.968	1480.492	188.2076
682.8745	5043.729	1468.561	187.0024
683.0269	4941.818	1472.712	185.7754
683.1793	4813.938	1485.625	184.5561
683.3317	4658.107	1490.033	183.3355
683.4841	4577.188	1493.406	182.1181
683.6365	4557.741	1491.971	180.9131
683.7889	4602.477	1496.31	179.7151
683.9413	4761.469	1495.618	178.5066
684.0937	4836.932	1478.593	177.2948
684.2461	4811.891	1479.22	176.079
684.3985	4780.346	1481.406	174.8565
684.5509	4757.933	1484.844	173.6457
684.7033	4760.25	1489.407	172.426
684.8557	4815.851	1489.187	171.2068
685.0081	4743.623	1488	169.9949
685.1605	4539.003	1488.406	168.7922
685.3129	4543.21	1484.934	167.5827
685.4653	4732.288	1479.406	166.37
685.6177	4756.021	1482.029	165.1605
685.7701	4700.873	1483.782	163.9403
685.9225	4713.284	1482.406	162.7272
686.0749	4719.373	1482.186	161.5174
686.2273	4826.77	1477.341	160.3047
686.3797	4917.579	1480.12	159.0952
686.5321	4730.262	1493.219	157.875
686.6845	4586.698	1493.373	156.6621
686.8369	4505.945	1492.626	155.4599
686.9893	4370.182	1497.029	154.2567
687.1417	4297.562	1500	153.0515
687.2941	4445.139	1491.055	151.8469
687.4465	4718.576	1473.524	150.644
687.5989	4798.586	1475.947	149.436
687.7513	4730.599	1489.812	148.2143
687.9037	4687.019	1493.439	146.9987
688.0561	4588.942	1497.814	145.7916
688.2085	4604.733	1491.682	144.5783
688.3609	4726.276	1483.03	143.3777
688.5133	4561.854	1487.219	142.1694
688.6657	4380.105	1490.22	140.9561
688.8181	4304.824	1496.064	139.7518
688.9705	4311.731	1500.377	138.5479
689.1229	4582.574	1488.657	137.3445
689.2753	4878.303	1475.813	136.1425
689.4277	4901.089	1480.662	134.933
689.5801	4845.524	1486	133.713
689.7325	4928	1485.188	132.4931
689.8849	4832.894	1486.439	131.2802
690.0373	4667.558	1494.475	130.0715
690.1897	4564.769	1503.439	128.8563
690.3421	4449.079	1506.594	127.6582
690.4945	4343.458	1513.314	126.4681
690.6469	4339.703	1516.68	125.2707
690.7993	4713.299	1501.123	124.0791
690.9517	5016.086	1495.217	122.8791
691.1041	4921.448	1497	121.6771
691.2565	4794.224	1497.406	120.4802
691.4089	4717.178	1498.814	119.2852
691.5613	4695.639	1501.627	118.0811
691.7137	4719.842	1504	116.8791
691.8661	4623.207	1503.594	115.677
692.0185	4471.525	1505.441	114.481
692.1709	4500.366	1504.528	113.295
692.3233	4753.745	1483.387	112.1022
692.4757	5061.189	1476.22	110.8855
692.6281	4995.228	1499.44	109.6632
692.7805	4825.454	1502.594	108.4648
692.9329	4729.217	1500.783	107.2715
693.0853	4587.24	1502.249	106.0732
693.2377	4408.542	1508.22	104.8688
693.3901	4394.263	1512.035	103.6673
693.5425	4491.74	1507.681	102.4755
693.6949	4646.651	1493.346	101.2863
693.8473	4815.025	1492.47	100.0878
693.9997	4907.966	1499.407	98.87834
694.1521	4890.366	1500.406	97.6671
694.3045	4839.774	1501.406	96.46569
694.4569	4766.123	1500.781	95.27565
694.6093	4677.489	1499.407	94.0916
694.7617	4529.07	1506.502	92.88885
694.9141	4475.606	1513.565	91.68684
695.0665	4629.769	1505.532	90.4901
695.2189	4754.815	1499.813	89.30316
695.3713	4800.925	1502.628	88.10951
695.5237	4710.394	1506.626	86.89974
695.6761	4737.882	1509.406	85.69355
695.8285	4990.475	1507.562	84.50652
695.9809	5052.852	1504	83.31438
696.1333	4827.981	1505.626	82.11432
696.2857	4656.193	1508	80.91381
696.4381	4531.623	1507.188	79.72446
696.5905	4393.051	1510.473	78.53951
696.7429	4351.194	1517.813	77.33526
696.8953	4481.326	1516.16	76.15265
697.0477	4736.186	1510.782	74.97892
697.2001	4853.715	1511.032	73.78259
697.3525	4787.241	1513.593	72.58953
697.5049	4860.043	1507.308	71.39378
697.6573	4965.232	1499	70.20158
697.8097	4955.984	1501.845	68.99792
697.9621	4827.53	1506	67.80069
698.1145	4738.806	1507.626	66.60773
698.2669	4705.577	1510	65.41324
698.4193	4736.625	1503.5	64.2214
698.5717	4853.628	1498.879	63.01864
698.7241	4870.585	1508.032	61.82157
698.8765	4817.463	1513.84	60.62788
699.0289	4778.108	1518.406	59.43134
699.1813	4793.517	1511.683	58.24531
699.3337	4905.456	1499.779	57.05296
699.4861	4881.209	1495.967	55.85455
699.6385	4857.098	1491.782	54.66064
699.7909	4842.124	1494.064	53.46165
699.9433	4816.697	1498.78	52.2515
700.0957	4773.336	1500.658	51.03904
700.2481	4713.69	1510.87	49.83695
700.4005	4642.501	1523.687	48.64091
700.5529	4574.966	1529.967	47.46169
700.7053	4730.505	1514.81	46.2857
700.8577	5008.541	1495.377	45.0929
701.0101	4907.394	1498.279	43.88276
701.1625	4780.223	1507.219	42.67602
701.3149	4668.723	1511.441	41.48899
701.4673	4749.856	1509.308	40.30352
701.6197	4950.752	1498.97	39.11201
701.7721	4868.794	1502.095	37.90937
701.9245	4735.258	1516.694	36.70622
702.0769	4714.348	1525.813	35.51007
702.2293	4680.921	1526.188	34.33086
702.3817	4543.755	1524.594	33.16052
702.5341	4439.934	1528.879	31.98309
702.6865	4588.801	1527.874	30.80383
702.8389	4898.579	1505.451	29.62872
702.9913	4988.107	1495.279	28.43658
703.1437	4904.232	1504.626	27.23403
703.2961	4837.354	1512.696	26.0371
703.4485	4824.131	1522.22	24.84373
703.6009	4770.64	1526.436	23.64762
703.7533	4741.638	1526.343	22.46709
703.9057	4906.105	1518.153	21.29687
704.0581	4916.214	1516.032	20.1214
704.2105	4699.934	1521.841	18.93729
704.3629	4726.575	1516.251	17.75154
704.5153	5063.774	1502	16.5644
704.6677	5189.465	1502	15.37794
704.8201	5106.138	1503.217	14.18503
704.9725	5089.268	1509.061	12.98099
705.1249	5045.176	1512.155	11.77755
705.2773	4923.356	1496.203	10.58123
705.4297	4911.389	1470.463	9.388947
705.5821	4801.336	1452.723	8.179747
705.7345	4622.27	1445.813	6.95239
705.8869	4478.585	1445.373	5.708426
706.0393	4391.488	1442.594	4.462486
706.1917	4281.098	1444.435	3.219808
706.3441	4136.196	1452.874	1.972345
706.4965	4067.131	1460.406	0.7343886
