HOLE:	U1508C
EXPEDITION:	371
TOP:	271.1869
BOTTOM:	662.2452
DEPTH_WMSF	GR	ECGR
m	gAPI	gAPI
271.1869	16.34012	19.02971
271.3393	16.34041	19.03006
271.4917	17.11417	19.96883
271.6441	14.97735	17.4903
271.7965	13.63745	15.92558
271.9489	14.22521	16.61196
272.1013	15.11198	17.65035
272.2537	17.81773	20.82057
272.4061	19.3756	22.66274
272.5585	22.17491	26.00311
272.7109	22.75315	26.70659
272.8633	23.91998	28.07171
273.0157	22.56541	26.50302
273.1681	23.61452	27.71324
273.3205	22.63487	26.56355
273.4729	20.88443	24.51415
273.6253	18.2843	21.45445
273.7777	18.92085	22.20841
273.9301	21.65035	25.40009
274.0825	24.17093	28.37746
274.2349	21.60984	25.36146
274.3873	22.05335	25.8776
274.5397	21.7255	25.43638
274.6921	26.18749	30.63179
274.8445	27.83864	32.55783
274.9969	27.96811	32.70201
275.1493	27.81899	32.53008
275.3017	28.52046	33.34572
275.4541	30.82712	36.0192
275.6065	30.93295	36.12938
275.7589	27.18701	31.7308
275.9113	20.32229	23.7025
276.0637	16.76355	19.51967
276.2161	16.37048	19.05914
276.3685	19.00278	22.12976
276.5209	18.23707	21.23368
276.6733	16.01992	18.65481
276.8257	14.00897	16.31758
276.9781	14.46121	16.84031
277.1305	16.04131	18.6757
277.2829	17.57096	20.45656
277.4353	19.04069	22.16766
277.5877	20.05632	23.35109
277.7401	22.14275	25.78256
277.8925	23.17086	26.9761
278.0449	24.42706	28.43178
278.1973	23.99186	27.86618
278.3497	24.17214	27.96306
278.5021	22.80411	26.3346
278.6545	19.41436	22.41915
278.8069	17.14809	19.79905
278.9593	15.82605	18.27488
279.1117	17.33529	20.02074
279.2641	16.44437	18.98982
279.4165	15.85567	18.31291
279.5689	14.30139	16.51104
279.7213	15.11528	17.45723
279.8737	15.13339	17.47991
280.0261	16.05396	18.53941
280.1785	16.18652	18.69249
280.3309	17.13297	19.78812
280.4833	17.38265	20.07645
280.6357	16.56252	19.12324
280.7881	15.9077	18.37094
280.9405	15.18802	17.53862
281.0929	15.21885	17.57196
281.2453	15.19251	17.54259
281.3977	16.9736	19.59615
281.5501	19.22258	22.21234
281.7025	19.65987	22.78998
281.8549	18.97386	22.05007
282.0073	18.17567	21.12245
282.1597	19.24763	22.37274
282.3121	20.28217	23.56861
282.4645	22.133	25.71033
282.6169	22.4071	26.03371
282.7693	22.49085	26.12537
282.9217	22.36221	25.98848
283.0741	20.96347	24.35827
283.2265	20.55896	23.88699
283.3789	18.09699	21.03055
283.5313	19.57937	22.74589
283.6837	18.84413	21.9029
283.8361	20.56544	23.896
283.9885	21.97967	25.54549
284.1409	23.42537	27.22488
284.2933	22.29907	25.91005
284.4457	19.05717	22.12039
284.5981	15.17055	17.56525
284.7505	13.40883	15.44831
284.9029	13.91318	15.99153
285.0553	15.21848	17.48821
285.2077	16.52225	18.99779
285.3601	17.3538	19.94314
285.5125	16.70777	19.20542
285.6649	17.44724	20.05367
285.8173	16.59482	19.07596
285.9697	19.30291	22.18213
286.1221	20.75307	23.84825
286.2745	24.01587	27.6021
286.4269	22.97944	26.40676
286.5793	23.61304	27.13919
286.7317	22.64293	26.01998
286.8841	21.84827	25.0959
287.0365	19.22898	22.0153
287.1889	17.69057	20.18361
287.3413	17.30078	19.70962
287.4937	17.09963	19.47148
287.6461	16.77326	19.10843
287.7985	17.44667	19.86662
287.9509	16.4162	18.69887
288.1033	14.90224	16.97152
288.2557	14.17926	16.14648
288.4081	15.66936	17.85012
288.5605	20.97624	23.88573
288.7129	21.4716	24.45292
288.8653	19.86104	22.61617
289.0177	15.05834	17.15411
289.1701	15.85346	18.06813
289.3225	17.27782	19.68078
289.4749	15.99744	18.22234
289.6273	15.21894	17.33055
289.7797	15.25735	17.37775
289.9321	18.6751	21.26498
290.0845	20.57992	23.43591
290.2369	18.88111	21.50663
290.3893	17.65176	20.10042
290.5417	15.4668	17.61401
290.6941	15.46311	17.60853
290.8465	16.28719	18.55202
290.9989	16.72764	19.05643
291.1513	17.59439	20.0344
291.3037	15.31879	17.444
291.4561	13.90827	15.84188
291.6085	13.24358	15.08838
291.7609	12.98022	14.78362
291.9133	13.18592	15.01766
292.0657	12.20391	13.90353
292.2181	11.92664	13.58873
292.3705	11.18752	12.75256
292.5229	10.2395	11.66752
292.6753	9.743336	11.10423
292.8277	9.129636	10.4011
292.9801	8.885126	10.12007
293.1325	8.835702	10.06201
293.2849	9.962334	11.34479
293.4373	11.06285	12.59132
293.5897	11.21955	12.75431
293.7421	11.18834	12.71313
293.8945	11.54915	13.12122
294.0469	11.50288	13.06713
294.1993	10.41651	11.83345
294.3517	9.396106	10.67224
294.5041	9.085325	10.32011
294.6565	8.801884	9.998172
294.8089	8.135818	9.243649
294.9613	8.075836	9.175303
295.1137	9.312773	10.57966
295.2661	11.40937	12.9594
295.4185	12.03962	13.67372
295.5709	11.68097	13.26869
295.7233	11.44737	13.00304
295.8757	13.77739	15.65031
296.0281	15.57061	17.68478
296.1805	16.75296	19.02961
296.3329	16.80969	19.09816
296.4853	19.68799	22.36429
296.6377	22.30729	25.33958
296.7901	21.91678	24.89527
296.9425	20.10583	22.83898
297.0949	18.02453	20.47477
297.2473	17.76959	20.18297
297.3997	18.31956	20.81072
297.5521	17.95688	20.39973
297.7045	17.71869	20.12644
297.8569	16.74964	19.02665
298.0093	15.36618	17.45314
298.1617	15.06397	17.11072
298.3141	14.62491	16.61332
298.4665	13.39707	15.21659
298.6189	12.47341	14.16706
298.7713	11.94536	13.56667
298.9237	13.21927	15.01822
299.0761	13.01942	14.7823
299.2285	12.8332	14.57813
299.3809	11.90953	13.52255
299.5333	11.54033	13.10553
299.6857	12.80873	14.55428
299.8381	13.02448	14.7914
299.9905	14.80779	16.82653
300.1429	13.64662	15.50106
300.2953	14.62003	16.60565
300.4477	14.03447	15.94489
300.6001	16.26696	18.47739
300.7525	15.60499	17.72438
300.9049	13.56851	15.41131
301.0573	10.2616	11.65529
301.2097	7.778541	8.834985
301.3621	8.392076	9.530474
301.5145	10.07132	11.44071
301.6669	12.67502	14.39672
301.8193	13.44462	15.27065
301.9717	12.39969	14.08497
302.1241	11.2834	12.81586
302.2765	11.76122	13.36196
302.4289	13.73665	15.60686
302.5813	14.78233	16.79226
302.7337	15.37262	17.4644
302.8861	14.34022	16.28783
303.0385	14.16567	16.09062
303.1909	16.13436	18.32754
303.3433	18.58273	21.10382
303.4957	19.57474	22.23329
303.6481	19.52292	22.17443
303.8005	21.18076	24.058
303.9529	23.11555	26.25876
304.1053	23.93931	27.19063
304.2577	19.61756	22.28192
304.4101	16.95534	19.25908
304.5625	14.75072	16.75926
304.7149	14.22086	16.15387
304.8673	13.89131	15.77626
305.0197	13.71831	15.58555
305.1721	15.55182	17.66694
305.3245	18.64643	21.1887
305.4769	20.52433	23.30878
305.6293	18.96365	21.53836
305.7817	17.61869	20.009
305.9341	16.40961	18.64036
306.0865	16.17495	18.37757
306.2389	14.25089	16.18638
306.3913	13.1657	14.95457
306.5437	13.74357	15.61201
306.6961	13.46821	15.2982
306.8485	13.65613	15.51089
307.0009	14.49446	16.45942
307.1533	15.45779	17.5572
307.3057	15.55485	17.66743
307.4581	15.42092	17.51635
307.6105	15.57283	17.6897
307.7629	16.99343	19.30466
307.9153	18.20518	20.68575
308.0677	18.44664	20.96045
308.2201	18.5066	21.0293
308.3725	19.08956	21.6883
308.5249	20.1018	22.84576
308.6773	18.47022	20.99497
308.8297	15.54448	17.6609
308.9821	12.42602	14.11911
309.1345	11.47554	13.03658
309.2869	11.5889	13.16911
309.4393	12.34121	14.02666
309.5917	12.45022	14.14909
309.7441	13.10221	14.89427
309.8965	15.22083	17.30702
310.0489	16.72629	19.02563
310.2013	17.49872	19.93039
310.3537	16.59432	18.97258
310.5061	16.52603	18.95775
310.6585	16.3833	18.80669
310.8109	17.37689	19.95075
310.9633	17.98156	20.64394
311.1157	17.1575	19.704
311.2681	15.90728	18.26685
311.4205	15.39904	17.67641
311.5729	16.19411	18.57723
311.7253	16.76643	19.20839
311.8777	16.57734	18.95885
312.0301	16.42638	18.73324
312.1825	16.68717	18.99574
312.3349	16.89413	19.2244
312.4873	17.57545	19.99712
312.6397	17.10172	19.45491
312.7921	16.93678	19.26843
312.9445	16.62996	18.92473
313.0969	17.00678	19.34856
313.2493	17.67788	20.11166
313.4017	16.99983	19.33825
313.5541	13.94664	15.86276
313.7065	12.00059	13.65216
313.8589	11.07807	12.60065
314.0113	12.24206	13.92716
314.1637	10.81309	12.30233
314.3161	10.92933	12.4329
314.4685	12.49843	14.22677
314.6209	14.58232	16.58774
314.7733	12.88791	14.66387
314.9257	11.14736	12.68304
315.0781	11.22137	12.76685
315.2305	11.94807	13.59561
315.3829	13.07169	14.87232
315.5353	13.73897	15.63582
315.6877	15.62935	17.78251
315.8401	15.67866	17.83803
315.9925	14.77796	16.81072
316.1449	14.23907	16.19495
316.2973	11.84974	13.48398
316.4497	11.85782	13.48899
316.6021	12.23583	13.92315
316.7545	14.49783	16.49197
316.9069	15.72648	17.8887
317.0593	14.80165	16.84295
317.2117	13.99368	15.921
317.3641	10.48957	11.93624
317.5165	12.25865	13.94403
317.6689	14.03382	15.96144
317.8213	15.32211	17.43217
317.9737	14.15693	16.10154
318.1261	13.268	15.09521
318.2785	13.9004	15.8124
318.4309	15.06883	17.14421
318.5833	14.64212	16.65873
318.7357	16.02363	18.23111
318.8881	16.02738	18.23971
319.0405	18.57063	21.12519
319.1929	19.38746	22.05711
319.3453	20.00742	22.75915
319.4977	18.46089	21.00093
319.6501	17.37576	19.77163
319.8025	17.52438	19.93864
319.9549	16.68962	18.99146
320.1073	16.2431	18.47913
320.2597	14.65014	16.66348
320.4121	15.40073	17.5212
320.5645	15.2376	17.33543
320.7169	16.68452	18.98632
320.8693	18.29336	20.80913
321.0217	18.93208	21.53714
321.1741	18.46653	21.01077
321.3265	16.51193	18.78227
321.4789	15.21681	17.31371
321.6313	14.37811	16.35427
321.7837	15.46684	17.59113
321.9361	17.53899	19.94787
322.0885	20.10216	22.86911
322.2409	21.1432	24.06176
322.3933	21.05053	23.95113
322.5457	19.77894	22.50289
322.6981	18.15798	20.65281
322.8505	17.3869	19.7803
323.0029	17.42709	19.82797
323.1553	17.78324	20.23194
323.3077	17.90746	20.37311
323.4601	17.28715	19.66252
323.6125	17.28633	19.66334
323.7649	17.08631	19.43629
323.9173	17.10144	19.45349
324.0697	16.50035	18.7683
324.2221	15.3861	17.50371
324.3745	14.11258	16.05678
324.5269	15.08609	17.16096
324.6793	16.7235	19.02685
324.8317	16.7215	19.02601
324.9841	14.43712	16.42422
325.1365	12.98213	14.76483
325.2889	13.75076	15.63747
325.4413	14.66932	16.68185
325.5937	15.06058	17.12949
325.7461	14.86397	16.91328
325.8985	14.43467	16.4412
326.0509	13.72656	15.69967
326.2033	14.98959	17.19124
326.3557	20.79521	23.89605
326.5081	28.30813	32.55928
326.6605	32.73298	37.64329
326.8129	33.63384	38.68016
326.9653	31.76592	36.51724
327.1177	32.61883	37.50953
327.2701	31.99623	36.99899
327.4225	35.38754	41.40886
327.5749	36.83896	43.76069
327.7273	39.33416	46.96107
327.8797	38.10186	44.98631
328.0321	39.19536	46.23037
328.1845	37.80644	44.57977
328.3369	39.26435	46.34106
328.4893	35.98293	42.46895
328.6417	35.24482	41.59957
328.7941	31.19055	36.81776
328.9465	32.64058	38.51974
329.0989	34.54855	40.78725
329.2513	36.59283	43.19235
329.4037	33.84791	39.97044
329.5561	31.67647	37.39072
329.7085	31.88114	37.64257
329.8609	35.94014	42.44304
330.0133	35.20843	41.63641
330.1657	32.48773	38.42787
330.3181	30.83895	36.48758
330.4705	33.54336	39.7075
330.6229	34.71521	41.11192
330.7753	34.33549	40.72908
330.9277	33.32155	39.64162
331.0801	33.11822	39.47708
331.2325	32.57972	38.84259
331.3849	33.7729	40.32054
331.5373	36.17866	43.25336
331.6897	38.19548	45.66578
331.8421	37.1329	44.43927
331.9945	34.02216	41.24276
332.1469	31.98104	39.3361
332.2993	30.9849	37.42222
332.4517	32.42178	39.48238
332.6041	33.86293	41.26788
332.7565	34.43566	41.69121
332.9089	33.24522	40.23544
333.0613	28.9765	34.80172
333.2137	28.81787	33.69146
333.3661	28.63287	33.32202
333.5185	30.80233	35.83389
333.6709	32.68337	38.02575
333.8233	35.60092	41.35167
333.9757	37.66216	43.65253
334.1281	37.92981	43.95933
334.2805	37.14885	42.89949
334.4329	37.47581	43.22737
334.5853	36.2571	41.80362
334.7377	34.22468	39.48396
334.8901	30.51652	35.19943
335.0425	32.09897	37.00947
335.1949	34.84797	40.12856
335.3473	36.91132	42.40015
335.4997	35.02618	39.91525
335.6521	28.98537	32.28863
335.8045	21.86295	24.16919
335.9569	15.53231	17.16772
336.1093	13.06568	14.43718
336.2617	13.2852	14.68125
336.4141	14.39603	15.91119
336.5665	14.01974	15.55279
336.7189	12.95919	14.53048
336.8713	12.05075	13.56159
337.0237	11.72783	13.2092
337.1761	13.93871	15.69889
337.3285	15.27107	17.2003
337.4809	16.19524	18.241
337.6333	16.88105	19.01936
337.7857	16.95549	19.10138
337.9381	18.01081	20.2296
338.0905	18.3531	20.50062
338.2429	18.12482	20.18186
338.3953	19.90446	22.11065
338.5477	21.42121	23.72689
338.7001	23.32594	25.67974
338.8525	22.92254	25.16766
339.0049	22.58912	24.78998
339.1573	21.84482	23.97305
339.3097	21.31086	23.3832
339.4621	20.53756	22.53199
339.6145	19.00851	20.85552
339.7669	18.83322	20.66657
339.9193	18.87982	20.72029
340.0717	20.40808	22.39529
340.2241	20.22537	22.20475
340.3765	18.80782	20.6427
340.5289	19.31738	21.19791
340.6813	20.19986	22.16266
340.8337	20.87057	22.90676
340.9861	19.50346	21.41224
341.1385	18.22611	20.004
341.2909	18.89455	20.72942
341.4433	20.93276	22.96812
341.5957	24.80004	27.21739
341.7481	26.7972	29.40644
341.9005	26.40611	28.98065
342.0529	23.56369	25.85274
342.2053	20.54945	22.55164
342.3577	18.84789	20.68013
342.5101	19.64527	21.55638
342.6625	20.44974	22.44717
342.8149	21.70823	23.82436
342.9673	22.30654	24.47807
343.1197	22.41404	24.61322
343.2721	23.97122	26.35697
343.4245	24.28543	26.74857
343.5769	26.22471	28.87396
343.7293	29.96197	32.98875
343.8817	31.02031	34.16503
344.0341	30.16015	33.21392
344.1865	24.78725	27.30107
344.3389	23.33214	25.67207
344.4913	23.3169	25.61483
344.6437	23.23783	25.50592
344.7961	22.55786	24.76022
344.9485	22.29732	24.47937
345.1009	25.33215	27.80946
345.2533	29.20461	32.06887
345.4057	31.85105	35.07872
345.5581	34.15688	37.67902
345.7105	35.10295	38.71831
345.8629	36.12041	39.83981
346.0153	33.44724	36.89138
346.1677	30.1106	33.21117
346.3201	26.20361	28.91601
346.4725	23.51297	25.93499
346.6249	22.81375	25.17145
346.7773	21.2535	23.44228
346.9297	20.81894	22.96272
347.0821	17.70895	19.53937
347.2345	15.73097	17.35758
347.3869	15.33631	16.98165
347.5393	15.26823	16.9224
347.6917	18.35096	20.34425
347.8441	19.80102	21.95181
347.9965	22.12009	24.52349
348.1489	21.40081	23.73466
348.3013	19.35416	21.46795
348.4537	18.37352	20.41761
348.6061	17.70425	19.68826
348.7585	18.73631	20.83015
348.9109	16.68331	18.55006
349.0633	16.21134	18.0231
349.2157	15.17039	16.86844
349.3681	15.91187	17.69338
349.5205	16.98112	18.88232
349.6729	16.01722	17.81161
349.8253	16.58785	18.44119
349.9777	16.64325	18.50362
350.1301	17.72949	19.71296
350.2825	16.933	18.82571
350.4349	15.51386	17.24938
350.5873	16.50675	18.35103
350.7397	19.87352	22.09396
350.8921	21.96278	24.41665
351.0445	22.496	25.01369
351.1969	22.26042	24.75594
351.3493	23.63368	26.26727
351.5017	25.23863	28.0211
351.6541	25.02435	27.69662
351.8065	23.54836	25.92159
351.9589	22.46178	24.64671
352.1113	22.26265	24.43866
352.2637	21.14023	23.20164
352.4161	19.77743	21.67053
352.5685	19.53136	21.3727
352.7209	19.69354	21.54816
352.8733	18.45774	20.19597
353.0257	17.55019	19.20296
353.1781	19.39523	21.22392
353.3305	22.36652	24.48435
353.4829	24.58633	26.91012
353.6353	26.26782	28.74728
353.7877	28.44315	31.12631
353.9401	29.65601	32.45548
354.0925	29.40683	32.1894
354.2449	29.36237	32.13328
354.3973	29.80547	32.6196
354.5497	30.93198	33.84937
354.7021	30.82505	33.73559
354.8545	30.14816	32.99149
355.0069	27.7703	30.38554
355.1593	25.46702	27.86534
355.3117	24.08964	26.35825
355.4641	24.27643	26.56602
355.6165	26.03971	28.49333
355.7689	27.49887	30.08854
355.9213	30.40688	33.27496
356.0737	29.75736	32.56988
356.2261	29.17141	31.92126
356.3785	28.41615	31.09221
356.5309	29.06978	31.8074
356.6833	31.71988	34.70707
356.8357	29.90462	32.72086
356.9881	28.2395	30.90804
357.1405	25.71853	28.12971
357.2929	27.62257	30.19236
357.4453	29.1951	31.80474
357.5977	29.20167	31.66535
357.7501	29.18278	31.57561
357.9025	27.95336	30.22463
358.0549	28.23507	30.5379
358.2073	24.8153	26.82415
358.3597	28.05659	30.33426
358.5121	29.91198	32.3407
358.6645	31.49508	29.0387
358.8169	29.2501	32.46731
358.9693	24.91906	27.73951
359.1217	24.52264	27.28637
359.2741	25.1098	27.94455
359.4265	25.87723	28.79961
359.5789	26.03696	28.97224
359.7313	25.67199	28.58375
359.8837	28.73117	31.96914
360.0361	30.34595	33.76638
360.1885	27.91486	31.06579
360.3409	23.18865	25.80254
360.4933	20.17599	22.45413
360.6457	18.74725	20.8606
360.7981	20.18801	22.46654
360.9505	19.28443	21.46115
361.1029	21.22362	23.63608
361.2553	20.59893	22.94038
361.4077	21.38637	23.81733
361.5601	21.17429	23.58284
361.7125	20.33168	22.64887
361.8649	19.70736	21.94747
362.0173	18.82215	20.96163
362.1697	19.5154	21.73369
362.3221	20.44191	22.7641
362.4745	21.34509	23.76524
362.6269	22.11637	24.62043
362.7793	21.79271	24.25585
362.9317	21.0028	23.37903
363.0841	20.42035	22.73804
363.2365	20.94378	23.315
363.3889	21.18085	23.58023
363.5413	20.93248	23.3022
363.6937	20.1944	22.45262
363.8461	19.86212	21.98659
363.9985	20.558	22.67491
364.1509	21.43037	23.64453
364.3033	21.4627	23.68229
364.4557	20.18607	22.26467
364.6081	18.62169	20.53921
364.7605	18.35949	20.25001
364.9129	18.87121	20.81804
365.0653	19.56707	21.58552
365.2177	18.90234	20.85321
365.3701	16.56895	18.27907
365.5225	15.43686	17.02643
365.6749	16.70087	18.42256
365.8273	19.68073	21.70879
365.9797	21.35043	23.56437
366.1321	20.60305	22.73514
366.2845	19.36811	21.36249
366.4369	18.87617	20.82219
366.5893	18.61465	20.53277
366.7417	19.22867	21.21864
366.8941	19.07281	21.04193
367.0465	20.23921	22.32604
367.1989	20.41821	22.52742
367.3513	20.21683	22.30096
367.5037	20.92461	23.08518
367.6561	22.75829	25.10071
367.8085	23.77419	26.22109
367.9609	24.21888	26.71633
368.1133	22.37461	24.67969
368.2657	21.92715	24.18838
368.4181	20.74829	22.88569
368.5705	22.2252	24.51378
368.7229	26.47422	29.20469
368.8753	29.09524	32.09216
369.0277	27.41343	30.2407
369.1801	22.38028	24.65679
369.3325	19.90268	21.92436
369.4849	19.47492	21.44367
369.6373	17.88609	19.69296
369.7897	17.87666	19.68258
369.9421	16.99686	18.7139
370.0945	18.36822	20.23388
370.2469	17.91372	19.72397
370.3993	20.11933	22.15181
370.5517	18.52134	20.39588
370.7041	16.18634	17.82156
370.8565	17.69666	19.49472
371.0089	18.90537	20.8152
371.1613	22.91593	25.23119
371.3137	21.22863	23.38515
371.4661	21.98009	24.20095
371.6185	21.96799	24.19529
371.7709	21.92157	24.1361
371.9233	23.5261	25.90273
372.0757	21.55415	23.73157
372.2281	23.19264	25.53558
372.3805	24.5724	27.05472
372.5329	25.20107	27.74748
372.6853	21.07593	23.21021
372.8377	17.96843	19.7925
372.9901	17.78734	19.58595
373.1425	20.17734	22.21978
373.2949	20.65767	22.72592
373.4473	19.66264	21.63821
373.5997	18.1969	20.02806
373.7521	18.07889	19.90101
373.9045	19.21316	21.15546
374.0569	20.63994	22.71798
374.2093	20.53546	22.60829
374.3617	20.76265	22.86309
374.5141	19.35216	21.31166
374.6665	19.23621	21.18967
374.8189	16.71694	18.40358
374.9713	16.21885	17.85095
375.1237	16.14142	17.76693
375.2761	17.30044	19.04289
375.4285	17.35659	19.1034
375.5809	17.80569	19.61254
375.7333	19.8146	21.84839
375.8857	21.52231	23.73851
376.0381	21.38734	23.58964
376.1905	19.49727	21.50495
376.3429	17.56091	19.37222
376.4953	16.19649	17.86779
376.6477	16.11698	17.77659
376.8001	16.92287	18.66546
376.9525	16.92287	18.66546
377.1049	16.4163	18.11159
377.2573	16.89231	18.6361
377.4097	18.35006	20.23961
377.5621	19.31229	21.29878
377.7145	19.85171	21.89424
377.8669	18.76816	20.70688
378.0193	17.15347	18.92159
378.1717	15.24645	16.81483
378.3241	14.69095	16.2019
378.4765	13.95788	15.39244
378.6289	12.53875	13.83508
378.7813	11.4179	12.59681
378.9337	11.21933	12.37609
379.0861	13.02145	14.36299
379.2385	15.03826	16.58679
379.3909	16.5332	18.24743
379.5433	15.22784	16.80042
379.6957	14.86949	16.40064
379.8481	16.29301	17.97319
380.0005	17.17654	18.94602
380.1529	17.90579	19.74959
380.3053	19.44869	21.45137
380.4577	20.75428	22.89468
380.6101	20.36863	22.47
380.7625	17.65291	19.47412
380.9149	16.79111	18.5241
381.0673	16.23066	17.91063
381.2197	15.9769	17.70141
381.3721	15.77991	17.57727
381.5245	16.09834	18.07144
381.6769	16.66634	18.80555
381.8293	16.81485	19.05891
381.9817	16.47294	18.69613
382.1341	15.72196	17.84521
382.2865	16.49442	18.72498
382.4389	18.39129	20.88446
382.5913	21.47862	24.37964
382.7437	24.0575	27.31549
382.8961	23.92855	27.16474
383.0485	21.78939	24.6862
383.2009	21.21832	24.00611
383.3533	22.79717	25.73637
383.5057	24.51222	27.6859
383.6581	24.63984	27.8165
383.8105	26.05022	29.41374
383.9629	24.71264	27.90738
384.1153	23.72182	26.78175
384.2677	21.14192	23.89413
384.4201	20.38837	23.07057
384.5725	19.93222	22.58405
384.7249	19.20264	21.77345
384.8773	20.15421	22.84904
385.0297	19.61463	22.23677
385.1821	19.45189	22.04951
385.3345	19.3799	21.97099
385.4869	19.03977	21.59493
385.6393	19.30355	21.92644
385.7917	20.13099	22.89058
385.9441	21.38649	24.32668
386.0965	20.49091	23.3045
386.2489	19.77001	22.50791
386.4013	18.96445	21.67077
386.5537	19.1121	21.88945
386.7061	18.67279	21.39894
386.8585	18.61602	21.33733
387.0109	19.07863	21.85276
387.1633	20.56277	23.55657
387.3157	19.71328	22.58397
387.4681	17.89411	20.49811
387.6205	17.56072	20.12204
387.7729	20.05818	22.98121
387.9253	24.17585	27.69779
388.0777	23.17754	26.55303
388.2301	22.22337	25.46916
388.3825	20.77519	23.8194
388.5349	21.29698	24.41267
388.6873	21.08152	24.1718
388.8397	19.30963	22.14352
388.9921	17.21392	19.73607
389.1445	16.01023	18.35756
389.2969	16.83305	19.29863
389.4493	17.62621	20.21428
389.6017	18.62054	21.35145
389.7541	20.00815	22.8661
389.9065	21.78429	24.79415
390.0589	22.84613	25.99143
390.2113	22.0169	25.0545
390.3637	21.24042	24.16579
390.5161	20.30659	23.10535
390.6685	19.5418	22.23494
390.8209	18.80311	21.39764
390.9733	17.73058	20.17634
391.1257	17.19811	19.56675
391.2781	16.43297	18.69802
391.4305	16.18085	18.40875
391.5829	17.04606	19.45854
391.7353	19.43449	22.23032
391.8877	23.3334	26.67736
392.0401	25.2851	28.89622
392.1925	25.48507	29.11817
392.3449	24.7651	28.29398
392.4973	24.01925	27.44504
392.6497	22.30979	25.49009
392.8021	18.61994	21.28051
392.9545	17.65151	20.16924
393.1069	17.10487	19.54221
393.2593	18.14433	20.68283
393.4117	18.78726	21.37751
393.5641	19.66242	22.38837
393.7165	20.16072	22.95324
393.8689	20.23456	23.07284
394.0213	20.73775	23.67733
394.1737	19.78236	22.60648
394.3261	21.04582	24.16801
394.4785	20.48913	23.54453
394.6309	22.97034	26.41671
394.7833	21.6666	24.94967
394.9357	21.40272	24.65532
395.0881	19.2887	22.22924
395.2405	16.72312	19.22992
395.3929	15.76627	18.12362
395.5453	16.91371	19.43933
395.6977	22.13003	25.4312
395.8501	25.28829	29.07101
396.0025	25.44185	29.23633
396.1549	23.2166	26.6792
396.3073	21.8978	25.16371
396.4597	19.94866	22.92493
396.6121	20.50167	23.56598
396.7645	20.30445	23.33417
396.9169	22.31044	25.64486
397.0693	21.12325	24.27364
397.2217	20.59937	23.67327
397.3741	20.03353	23.02713
397.5265	20.57736	23.65024
397.6789	20.77394	23.88349
397.8313	22.45679	25.80866
397.9837	24.7402	28.43941
398.1361	27.09418	31.142
398.2885	27.42264	31.51427
398.4409	26.48133	30.43843
398.5933	25.22345	28.99991
398.7457	24.71838	28.42551
398.8981	24.68232	28.385
399.0505	24.50946	28.18345
399.2029	24.45644	28.11939
399.3553	24.71354	28.41428
399.5077	24.14118	27.76209
399.6601	22.11999	25.44755
399.8125	20.2309	23.28269
399.9649	20.23845	23.28835
400.1173	20.1072	23.13968
400.2697	21.02837	24.20213
400.4221	21.87197	25.17131
400.5745	24.0797	27.73498
400.7269	25.23023	29.07578
400.8793	24.69727	28.47264
401.0317	24.18267	27.87679
401.1841	25.48176	29.37554
401.3365	26.41123	30.44185
401.4889	25.93733	29.89666
401.6413	23.34351	26.91199
401.7937	23.90275	27.54144
401.9461	23.92135	27.5736
402.0985	22.54998	25.98662
402.2509	20.06839	23.12818
402.4033	18.22205	20.92951
402.5557	19.62272	22.46053
402.7081	21.95738	25.07402
402.8605	26.44869	30.18684
403.0129	27.05241	30.87171
403.1653	24.98881	28.51625
403.3177	21.41278	24.42829
403.4701	21.58689	24.64835
403.6225	22.17938	25.43642
403.7749	21.67421	25.08512
403.9273	22.52655	26.01694
404.0797	22.75439	26.17234
404.2321	23.71805	27.27791
404.3845	22.14558	25.47462
404.5369	20.58204	23.6714
404.6893	19.55691	22.49934
404.8417	18.27425	21.0224
404.9941	18.38164	21.23396
405.1465	17.59624	20.35238
405.2989	18.45923	21.33383
405.4513	18.36235	21.18562
405.6037	18.74106	21.60888
405.7561	18.21039	21.00696
405.9085	20.39422	23.51425
406.0609	21.54405	24.84817
406.2133	22.34029	25.79
406.3657	22.27095	25.85389
406.5181	23.48266	27.58548
406.6705	27.00191	31.87494
406.8229	26.5882	31.39234
406.9753	24.70582	29.17443
407.1277	21.69904	25.61158
407.2801	23.22638	27.41809
407.4325	24.92212	29.41544
407.5849	26.44922	31.22443
407.7373	23.46183	27.70544
407.8897	22.52627	26.59445
408.0421	20.84926	24.62936
408.1945	22.88007	27.03901
408.3469	23.24399	27.48539
408.4993	23.3911	27.65934
408.6517	22.65278	26.78965
408.8041	21.93441	25.94648
408.9565	21.99691	26.01702
409.1089	20.57371	24.35364
409.2613	19.56285	23.16196
409.4137	20.23866	23.95948
409.5661	22.32763	26.44104
409.7185	24.42844	28.7909
409.8709	23.06706	26.83082
410.0233	22.91255	26.54264
410.1757	23.00199	26.69961
410.3281	24.18076	28.10951
410.4805	23.79856	27.6533
410.6329	21.71713	25.23609
410.7853	20.30235	23.5928
410.9377	18.45925	21.44442
411.0901	17.99991	20.90053
411.2425	17.58638	20.39255
411.3949	17.65639	20.4383
411.5473	18.41239	21.29462
411.6997	19.77901	22.82921
411.8521	20.84636	24.02575
412.0045	19.99711	23.04284
412.1569	17.53426	20.21039
412.3093	17.29223	19.93133
412.4617	19.65297	22.65173
412.6141	22.64603	26.1069
412.7665	24.05662	27.73945
412.9189	23.45328	27.0451
413.0713	21.47412	24.76144
413.2237	19.233	22.20337
413.3761	18.47916	21.35784
413.5285	19.99865	23.11368
413.6809	22.42134	25.91593
413.8333	23.92201	27.64814
413.9857	22.73734	26.28265
414.1381	20.12494	23.26362
414.2905	18.43988	21.3137
414.4429	17.98236	20.78274
414.5953	18.57226	21.4629
414.7477	19.07841	22.04819
414.9001	20.54085	23.76121
415.0525	22.31935	25.88804
415.2049	23.24162	26.99971
415.3573	22.73668	26.41628
415.5097	22.05761	25.64711
415.6621	23.03023	26.78768
415.8145	23.08731	26.8995
415.9669	22.30485	26.04224
416.1193	21.67684	25.31791
416.2717	21.97708	25.68065
416.4241	22.33571	26.09632
416.5765	21.94709	25.64309
416.7289	22.0164	25.72115
416.8813	22.86948	26.71087
417.0337	23.57458	27.53977
417.1861	24.20643	28.27584
417.3385	24.70809	28.86906
417.4909	23.37495	27.30779
417.6432	23.47742	27.42093
417.7956	21.6204	25.26161
417.9480	21.1074	24.65821
418.1004	19.19472	22.42699
418.2528	20.18913	23.58463
418.4052	20.74903	24.23425
418.5576	21.97744	25.67468
418.7100	20.6587	24.13152
418.8624	19.11752	22.3359
419.0148	18.06425	21.07682
419.1672	19.18415	22.17814
419.3196	20.52376	23.61935
419.4720	21.50614	24.73517
419.6244	20.65261	23.7551
419.7768	22.00865	25.30683
419.9292	21.77598	24.99488
420.0816	21.01912	24.10144
420.2340	19.90367	22.81999
420.3864	19.65862	22.54416
420.5388	19.98503	22.91446
420.6912	18.42883	21.12842
420.8436	20.26613	23.23562
420.9960	22.19351	25.44151
421.1484	22.25758	25.53011
421.3008	20.98923	24.06448
421.4532	19.3236	22.15413
421.6056	20.03905	22.98083
421.7580	20.74967	23.7876
421.9104	21.76398	24.96819
422.0628	21.66482	24.84234
422.2152	18.94963	21.72979
422.3676	18.84512	21.60363
422.5200	20.88787	23.94371
422.6724	24.64082	28.26986
422.8248	23.96879	27.48365
422.9772	21.58052	24.73836
423.1296	20.70328	23.73211
423.2820	21.96962	25.18371
423.4344	25.3921	29.11544
423.5868	24.13551	27.66768
423.7392	23.8864	27.39694
423.8916	21.81684	25.01788
424.0440	23.67818	27.1553
424.1964	23.57584	27.04238
424.3488	24.06767	27.59036
424.5012	24.65535	28.27523
424.6536	25.06317	28.74412
424.8060	25.268	28.97013
424.9584	22.91504	26.27281
425.1108	22.75876	26.08863
425.2632	20.68759	23.73261
425.4156	20.01471	22.94374
425.5680	20.7205	23.75186
425.7204	19.67945	22.5585
425.8728	21.53487	24.68537
426.0252	18.5509	21.27514
426.1776	19.82068	22.72056
426.3300	21.76889	24.95363
426.4824	23.92013	27.41958
426.6348	24.49207	28.07524
426.7872	20.1979	23.16805
426.9396	17.32119	19.85846
427.0920	17.92559	20.54806
427.2444	18.62134	21.34559
427.3968	22.71798	26.04219
427.5492	23.80247	27.30224
427.7016	23.13364	26.5227
427.8540	21.00117	24.08345
428.0064	21.03349	24.11809
428.1588	23.35795	26.77674
428.3112	25.21843	28.93034
428.4636	25.83377	29.61818
428.6160	25.46494	29.19594
428.7684	25.30467	29.00668
428.9208	25.6515	29.40729
429.0732	27.36059	31.39186
429.2256	28.45864	32.62867
429.3780	27.10877	31.07931
429.5304	24.63801	28.24305
429.6828	23.83563	27.32882
429.8352	21.46016	24.61381
429.9876	21.24223	24.34991
430.1400	20.10275	23.04373
430.2924	21.12692	24.21773
430.4448	19.44831	22.29576
430.5972	18.60723	21.33841
430.7496	15.77124	18.06413
430.9020	18.01273	20.63625
431.0544	19.98941	22.90686
431.2068	22.36761	25.62276
431.3592	21.9392	25.14655
431.5116	20.99445	24.05485
431.6640	24.13146	27.65566
431.8164	25.02959	28.68978
431.9688	25.61242	29.34068
432.1212	26.31804	30.16473
432.2736	26.93406	30.8591
432.4260	25.2399	28.91598
432.5784	22.16952	25.3931
432.7308	22.43307	25.69988
432.8832	24.46967	28.03433
433.0356	24.01316	27.50907
433.1880	20.9439	23.996
433.3404	19.13375	21.92131
433.4928	19.80559	22.69231
433.6452	22.74548	26.06473
433.7976	23.65634	27.09923
433.9500	21.85287	25.03211
434.1024	19.74302	22.61263
434.2548	20.34987	23.31637
434.4072	24.05383	27.57138
434.5596	24.18676	27.71144
434.7120	22.54247	25.82976
434.8644	20.50375	23.49463
435.0168	22.19006	25.42564
435.1692	23.37319	26.79589
435.3216	23.63869	27.11064
435.4740	22.78245	26.13908
435.6264	23.17819	26.59448
435.7788	24.37587	27.96698
435.9312	24.71976	28.3696
436.0836	24.03713	27.62178
436.2360	23.56884	27.14366
436.3884	23.68212	27.30428
436.5408	25.0639	28.89967
436.6932	23.84595	27.50055
436.8456	23.15103	26.69149
436.9980	22.19664	25.59295
437.1504	21.96546	25.32694
437.3028	21.51334	24.81041
437.4552	21.22227	24.47647
437.6076	21.91202	25.263
437.7600	23.08368	26.60964
437.9124	24.48482	28.20882
438.0648	24.91404	28.67999
438.2172	24.51548	28.2045
438.3696	23.16958	26.65457
438.5220	22.07636	25.40131
438.6744	20.32131	23.37938
438.8268	18.56259	21.35756
438.9792	18.73928	21.56102
439.1316	20.35111	23.4142
439.2840	22.68415	26.10172
439.4364	24.36154	28.03183
439.5888	24.56906	28.27061
439.7412	22.31866	25.67469
439.8936	19.52708	22.46372
440.0460	19.12964	22.00961
440.1984	21.95387	25.25217
440.3508	24.2863	27.94484
440.5032	24.63248	28.3428
440.6556	24.58014	28.27996
440.8080	25.83808	29.73678
440.9604	25.74253	29.62211
441.1128	23.91261	27.51867
441.2652	22.67177	26.08315
441.4176	23.45227	26.97787
441.5700	25.21753	29.012
441.7224	25.75183	29.62364
441.8748	25.72924	29.60822
442.0272	24.38316	28.0516
442.1796	24.74739	28.47108
442.3320	24.29356	27.95066
442.4844	22.57399	25.96862
442.6368	21.20352	24.40608
442.7892	21.72547	24.9953
442.9416	23.49403	27.02957
443.0940	23.78386	27.36097
443.2464	23.07238	26.53671
443.3988	23.50712	27.04476
443.5512	22.23041	25.57098
443.7036	22.63506	26.03237
443.8560	22.36	25.71603
444.0084	23.49305	27.01914
444.1608	22.10828	25.44132
444.3132	21.39781	24.61477
444.4656	19.6607	22.61963
444.6180	18.18462	20.91922
444.7704	19.94975	22.94485
444.9228	21.36013	24.56608
445.0752	22.03696	25.3445
445.2276	18.70906	21.51971
445.3800	18.01829	20.72005
445.5324	20.41517	23.44072
445.6848	24.12257	27.69952
445.8372	23.82057	27.34091
445.9896	23.85133	27.40897
446.1420	23.76756	27.37336
446.2944	23.88606	27.51367
446.4468	21.51373	24.78594
446.5992	19.23119	22.15469
446.7516	17.89285	20.61787
446.9040	17.37407	20.01914
447.0564	17.31315	19.94508
447.2088	18.79671	21.65659
447.3612	20.55161	23.67901
447.5136	21.80655	25.12131
447.6660	23.17148	26.6893
447.8184	24.03451	27.68683
447.9708	22.91805	26.40122
448.1232	21.71562	25.0069
448.2756	21.41707	24.6638
448.4280	20.33891	23.45709
448.5804	20.76224	23.9635
448.7328	22.06502	25.49166
448.8852	23.41127	27.07776
449.0376	23.69777	27.41132
449.1900	23.34635	27.01308
449.3424	23.89347	27.64244
449.4948	25.95547	30.03706
449.6472	25.31329	29.28062
449.7996	24.72412	28.61646
449.9520	22.8167	26.41355
450.1044	22.18945	25.67124
450.2568	21.79289	25.23322
450.4092	20.2149	23.39049
450.5616	20.77804	24.0302
450.7140	19.99832	23.1246
450.8664	19.82789	22.91632
451.0188	18.70998	21.62428
451.1712	20.98517	24.25408
451.3236	19.89907	23.00974
451.4760	21.97568	25.40666
451.6284	22.2409	25.70537
451.7808	23.88127	27.60537
451.9332	23.006	26.59016
452.0856	23.83578	27.56184
452.2380	23.88601	27.61705
452.3904	24.42656	28.23187
452.5428	21.99693	25.43086
452.6952	22.17661	25.63087
452.8476	22.29938	25.77328
453.0000	23.53695	27.20812
453.1524	23.35324	26.99078
453.3048	21.74408	25.13098
453.4572	21.14981	24.44414
453.6096	19.25763	22.25778
453.7620	19.38116	22.40396
453.9144	20.78943	24.03004
454.0668	24.21639	28.00395
454.2192	25.37769	29.33225
454.3716	24.04774	27.80513
454.5240	22.3797	25.87635
454.6764	21.71969	25.10424
454.8288	23.54201	27.21624
454.9812	24.58288	28.41301
455.1336	24.95098	28.84306
455.2860	24.80334	28.67056
455.4384	23.82059	27.53093
455.5908	22.28935	25.76118
455.7432	22.2236	25.68519
455.8956	23.43395	27.08706
456.0480	24.24479	28.03199
456.2004	23.38845	27.03351
456.3528	24.09365	27.8533
456.5052	25.64293	29.63713
456.6576	24.6096	28.44283
456.8100	23.1414	26.74594
456.9624	22.29118	25.7633
457.1148	24.42347	28.23365
457.2672	23.72172	27.444
457.4196	23.71922	27.45522
457.5720	23.30377	26.9762
457.7244	24.7237	28.6207
457.8768	24.67045	28.56615
458.0292	25.06972	29.02188
458.1816	25.19795	29.17034
458.3340	25.46169	29.48603
458.4864	24.60961	28.52426
458.6388	23.54131	27.28752
458.7912	22.37168	25.92523
458.9436	22.55804	26.14685
459.0960	22.44628	26.01839
459.2484	22.74544	26.35914
459.4008	22.36972	25.92402
459.5532	22.60389	26.1918
459.7056	23.51616	27.25784
459.8580	25.26124	29.28354
460.0104	26.16019	30.32213
460.1628	24.44488	28.33365
460.3152	22.05435	25.56176
460.4676	21.52611	24.95559
460.6200	23.7099	27.48662
460.7724	24.83586	28.77991
460.9248	24.79132	28.72488
461.0772	24.69335	28.62234
461.2296	25.96038	30.10732
461.3820	25.92146	30.05737
461.5344	24.80627	28.77658
461.6868	24.77268	28.71963
461.8392	25.6557	29.66486
461.9916	25.03474	28.92373
462.1440	23.76999	27.46155
462.2964	24.22409	27.9927
462.4488	25.4101	29.35838
462.6012	24.25037	28.01599
462.7536	21.09956	24.38191
462.9060	20.35382	23.54584
463.0584	22.58501	26.18994
463.2108	26.114	30.32465
463.3632	28.13485	32.67609
463.5156	28.69862	33.3424
463.6680	28.31637	32.90536
463.8204	28.33427	33.01148
463.9728	27.93448	32.81793
464.1252	27.26822	32.03977
464.2776	25.69083	29.81445
464.4300	24.50295	28.22899
464.5824	24.50706	28.10295
464.7348	26.66799	30.15646
464.8872	28.21095	31.69034
465.0396	28.44107	31.95541
465.1920	26.25052	29.49537
465.3444	23.98397	26.98247
465.4968	23.76436	26.78344
465.6492	23.07219	26.0728
465.8016	24.5107	27.89321
465.9540	24.68989	28.31336
466.1064	24.61763	28.68675
466.2588	23.39039	27.13004
466.4112	22.68722	25.99715
466.5636	22.23605	25.42129
466.7160	21.71796	24.83058
466.8684	19.63329	22.44527
467.0208	19.87136	22.7072
467.1732	19.87195	22.70359
467.3256	19.81096	22.63914
467.4780	18.36558	20.98486
467.6304	17.58832	20.10628
467.7828	18.58092	21.23345
467.9352	20.03532	22.89024
468.0876	20.30674	23.20591
468.2400	21.38766	24.43737
468.3924	22.64978	25.88366
468.5448	24.39551	27.87399
468.6972	25.47537	29.10547
468.8496	24.20395	27.66138
469.0020	23.72529	27.12931
469.1544	24.18436	27.67936
469.3068	25.97627	29.72927
469.4592	26.6096	30.45688
469.6116	26.77235	30.65156
469.7640	26.8114	30.68608
469.9164	26.34753	30.15999
470.0688	23.90654	27.36052
470.2212	23.65209	27.06738
470.3736	22.77606	26.07186
470.5260	23.36462	26.73991
470.6784	21.43737	24.53949
470.8308	21.4919	24.59657
470.9832	20.60795	23.58367
471.1356	20.75579	23.75287
471.2880	19.65624	22.49455
471.4404	22.79826	26.09026
471.5928	23.5084	26.90294
471.7452	26.08396	29.8504
471.8976	24.229	27.74361
472.0500	24.09331	27.57437
472.2024	22.38314	25.61519
472.3548	22.8735	26.20774
472.5072	23.83258	27.38008
472.6596	24.45182	28.10712
472.8120	24.14535	27.74722
472.9644	24.83962	28.54429
473.1168	24.53681	28.19631
473.2692	23.05392	26.50041
473.4216	20.75246	23.85541
473.5740	21.17459	24.33304
473.7264	21.76048	25.00591
473.8788	24.4157	28.06608
474.0312	25.26613	29.03469
474.1836	23.58472	27.11092
474.3360	21.25405	24.42412
474.4884	20.24418	23.26346
474.6408	20.77995	23.87914
474.7932	24.06896	27.65868
474.9456	26.60623	30.57436
475.0980	27.39384	31.47956
475.2504	24.90007	28.62319
475.4028	24.68829	28.3795
475.5552	23.81364	27.36559
475.7076	21.292	24.47729
475.8600	19.58388	22.50485
476.0124	19.13781	21.99551
476.1648	20.46433	23.51645
476.3172	17.87215	20.53819
476.4696	17.63093	20.26818
476.6220	19.48363	22.38948
476.7744	22.47862	25.83115
476.9268	25.83696	29.69672
477.0792	25.44049	29.30746
477.2316	24.46968	28.19233
477.3840	25.21659	29.04484
477.5364	25.31375	29.16205
477.6888	23.65294	27.25578
477.8412	21.27011	24.5036
477.9936	18.89348	21.77133
478.1460	20.72467	23.87483
478.2984	19.96568	23.00358
478.4508	21.33809	24.58113
478.6032	20.75292	23.90702
478.7556	22.7592	26.21823
478.9080	19.83595	22.85069
479.0604	20.14314	23.20469
479.2128	18.14132	20.90182
479.3652	19.81943	22.83174
479.5176	18.85371	21.72264
479.6700	17.70757	20.39549
479.8224	19.25238	22.17842
479.9748	19.40606	22.35184
480.1272	21.87795	25.20295
480.2796	22.11972	25.48561
480.4320	24.78758	28.5833
480.5844	23.78791	27.4602
480.7368	23.38875	27.01338
480.8892	21.02824	24.28041
481.0416	19.59839	22.62547
481.1940	19.66296	22.69801
481.3464	19.62638	22.66069
481.4988	20.84426	24.07096
481.6512	20.28403	23.41759
481.8036	19.71232	22.75997
481.9560	20.83407	24.05044
482.1084	19.8289	22.88782
482.2608	18.14761	20.94979
482.4132	14.93455	17.24105
482.5656	16.9989	19.64359
482.7180	17.9843	20.7658
482.8704	18.40303	21.2652
483.0228	17.69072	20.36848
483.1752	16.72438	19.04583
483.3276	16.78141	19.07655
483.4800	14.86191	16.88261
483.6324	15.9737	18.14255
483.7848	16.66549	18.93137
483.9372	17.61384	20.0036
484.0896	18.33267	20.82674
484.2420	17.61589	20.00779
484.3944	16.60149	18.85533
484.5468	16.0587	18.24193
484.6992	16.36728	18.59108
484.8516	17.9048	20.34402
485.0040	18.34001	20.82922
485.1564	18.40993	20.90809
485.3088	17.36339	19.72434
485.4612	16.58292	18.83647
485.6136	17.35834	19.72486
485.7660	16.73004	19.00295
485.9184	15.5204	17.62797
486.0708	14.80362	16.81523
486.2232	16.17059	18.3668
486.3756	18.55762	21.08492
486.5280	20.16289	22.90269
486.6804	20.15391	22.88914
486.8328	18.69546	21.23863
486.9852	16.53714	18.786
487.1376	14.88933	16.91467
487.2900	15.7159	17.85276
487.4424	18.23278	20.70907
487.5948	20.17368	22.9114
487.7472	20.04967	22.77088
487.8996	19.01888	21.60571
488.0520	18.52752	21.04727
488.2044	18.10056	20.55889
488.3568	17.62187	20.01687
488.5092	18.13863	20.60382
488.6616	19.3392	21.97035
488.8140	20.02589	22.75069
488.9664	18.77872	21.32915
489.1188	17.20627	19.54465
489.2712	16.34592	18.56777
489.4236	15.51299	17.62661
489.5760	15.6144	17.74374
489.7284	15.50173	17.6071
489.8808	15.72167	17.85935
490.0332	15.32153	17.40593
490.1856	15.36274	17.45395
490.3380	15.65956	17.79368
490.4904	15.97654	18.14639
490.6428	16.48181	18.72266
490.7952	17.43172	19.8033
490.9476	18.19532	20.67002
491.1000	17.04244	19.3614
491.2524	16.00497	18.17448
491.4048	15.54733	17.66021
491.5572	16.42198	18.65411
491.7096	15.88097	18.03767
491.8620	16.43972	18.67485
492.0144	17.22973	19.56612
492.1668	17.67009	20.0748
492.3192	17.66529	20.07079
492.4716	17.32259	19.67823
492.6240	19.7593	22.45125
492.7764	20.24087	22.98988
492.9288	18.8951	21.4623
493.0812	16.51717	18.76357
493.2336	15.38631	17.47737
493.3860	15.68634	17.82108
493.5384	14.24079	16.17277
493.6908	15.17215	17.23332
493.8432	15.71616	17.85302
493.9956	18.19703	20.66911
494.1480	18.88199	21.44871
494.3004	19.67076	22.33922
494.4528	19.00237	21.58448
494.6052	19.71697	22.40041
494.7576	19.86519	22.56059
494.9100	19.01844	21.60384
495.0624	19.22116	21.82853
495.2148	17.35151	19.7087
495.3672	19.15022	21.75378
495.5196	16.83047	19.11362
495.6720	18.4207	20.92186
495.8244	18.41571	20.91316
495.9768	20.20162	22.94587
496.1292	19.75974	22.4467
496.2816	17.89468	20.32505
496.4340	16.46983	18.70668
496.5864	14.94665	16.97663
496.7388	15.59433	17.71227
496.8912	15.56433	17.6782
497.0436	16.68046	18.94634
497.1960	17.76879	20.18503
497.3484	18.44844	20.95401
497.5008	19.64756	22.31688
497.6532	19.78515	22.47893
497.8056	20.67581	23.48474
497.9580	19.54197	22.20274
498.1104	19.1543	21.7565
498.2628	18.3211	20.8164
498.4152	17.2708	19.62241
498.5676	16.58955	18.84303
498.7200	15.71117	17.84772
498.8724	17.17183	19.49808
499.0248	17.70197	20.10587
499.1772	17.92327	20.35444
499.3296	20.02624	22.74611
499.4820	17.9836	20.42575
499.6344	18.91003	21.47494
499.7868	17.37007	19.72918
499.9392	20.44052	23.21665
500.0916	20.6294	23.43119
500.2440	20.90131	23.74003
500.3964	22.21703	25.23443
500.5488	23.72588	26.94796
500.7012	21.52304	24.4423
500.8536	18.36277	20.85688
501.0060	16.46666	18.70662
501.1584	18.84464	21.41781
501.3108	21.86722	24.90814
501.4632	23.34237	26.58877
501.6156	23.17895	26.4123
501.7680	19.5301	22.30899
501.9204	16.65459	19.10846
502.0728	14.74796	16.96149
502.2252	19.2832	22.17713
502.3776	20.11579	23.12551
502.5300	22.75155	26.15763
502.6824	20.78384	23.89184
502.8348	25.51669	29.34638
502.9872	25.27648	29.0642
503.1396	25.02154	28.76761
503.2920	20.60623	23.69508
503.4444	19.64006	22.58046
503.5968	18.86236	21.69337
503.7492	18.67447	21.46852
503.9016	18.86733	21.69915
504.0540	18.28666	21.03477
504.2064	19.86405	22.84173
504.3588	17.94501	20.64509
504.5112	19.47484	22.38875
504.6636	20.22274	23.2503
504.8160	23.48138	27.00121
504.9684	23.53703	27.06088
505.1208	22.01303	25.32087
505.2732	21.79061	25.0512
505.4256	22.53612	25.90998
505.5780	24.4463	28.1107
505.7304	24.69175	28.38854
505.8828	22.8267	26.24725
506.0352	19.39438	22.29808
506.1876	17.55162	20.18566
506.3400	16.29932	18.75158
506.4924	18.8434	21.66847
506.6448	21.9008	25.19765
506.7972	26.17311	30.10674
506.9496	25.6636	29.51574
507.1020	24.20743	27.84935
507.2544	23.57905	27.1186
507.4068	22.81013	26.2418
507.5592	22.3974	25.75961
507.7116	22.90172	26.33905
507.8640	22.40865	25.78377
508.0164	20.38851	23.44958
508.1688	16.82518	19.35048
508.3212	17.60863	20.25153
508.4736	19.69881	22.65542
508.6260	21.1235	24.29763
508.7784	21.94181	25.23543
508.9308	21.80109	25.08447
509.0832	23.01541	26.47096
509.2356	22.26808	25.61031
509.3880	21.47568	24.69898
509.5404	17.73234	20.38497
509.6928	15.56541	17.90582
509.8452	15.19319	17.46903
509.9976	18.11292	20.82463
510.1500	19.17377	22.04754
510.3024	19.60228	22.53574
510.4548	19.98975	22.99896
510.6072	19.86476	22.83774
510.7596	19.65227	22.62485
510.9120	17.24695	19.90607
511.0644	17.74329	20.48398
511.2168	18.06097	20.85921
511.3692	21.61823	24.96197
511.5216	23.18163	26.76999
511.6740	23.17104	26.75365
511.8264	21.47173	24.79516
511.9788	19.99642	23.09541
512.1312	19.46933	22.48409
512.2836	20.23693	23.36997
512.4360	19.92508	23.013
512.5884	19.17984	22.14982
512.7408	16.28563	18.80943
512.8932	16.24393	18.75927
513.0456	16.83012	19.43573
513.1980	19.67519	22.72762
513.3504	18.61891	21.49991
513.5028	18.76261	21.67268
513.6552	19.02925	21.97289
513.8076	20.61982	23.81133
513.9600	21.74886	25.11598
514.1124	21.4558	24.77099
514.2648	22.18213	25.61137
514.4172	22.38148	25.83719
514.5696	21.58803	24.92821
514.7220	21.54926	24.88548
514.8744	21.89762	25.28446
515.0268	25.24145	29.14845
515.1792	24.44828	28.23332
515.3316	23.26245	26.86735
515.4840	19.06091	22.0128
515.6364	19.62193	22.65976
515.7888	20.81935	24.03867
515.9412	22.812	26.33919
516.0936	23.59301	27.24814
516.2460	21.114	24.38383
516.3984	19.35879	22.3531
516.5508	16.81426	19.41952
516.7032	17.45999	20.16142
516.8556	19.04795	22.00172
517.0080	20.60294	23.79138
517.1604	21.29497	24.59392
517.3128	19.3387	22.33699
517.4652	17.35572	20.04139
517.6176	15.90152	18.36918
517.7700	18.57261	21.44468
517.9224	21.47299	24.79551
518.0748	23.12492	26.71822
518.2272	21.07288	24.35407
518.3796	21.94716	25.38452
518.5320	22.42122	25.92036
518.6844	23.50826	27.17408
518.8368	21.94382	25.375
518.9892	21.62631	25.00223
519.1416	21.36401	24.70153
519.2940	19.38216	22.40453
519.4464	19.56348	22.61072
519.5988	19.3597	22.38037
519.7512	19.69247	22.76188
519.9036	18.11374	20.93981
520.0560	17.20365	19.88526
520.2084	18.77154	21.70189
520.3608	19.82536	22.91878
520.5132	20.01857	23.13783
520.6656	19.63012	22.69539
520.8180	19.18969	22.1821
520.9704	19.06594	22.03817
521.1228	18.48997	21.37585
521.2752	17.56104	20.31189
521.4276	17.25114	19.96935
521.5800	19.27299	22.30746
521.7324	22.20302	25.72141
521.8848	23.67277	27.45712
522.0372	23.14487	26.85172
522.1896	23.79302	27.61206
522.3420	25.34647	29.40928
522.4944	24.66648	28.61843
522.6468	22.00954	25.53728
522.7992	18.90835	21.93903
522.9516	17.67076	20.50792
523.1040	16.43912	19.07274
523.2564	15.90145	18.45197
523.4088	16.52383	19.17444
523.5612	17.21918	19.97858
523.7136	17.72766	20.56879
523.8660	17.40051	20.18745
524.0184	16.99453	19.72131
524.1708	16.67803	19.34966
524.3232	16.89796	19.60107
524.4756	18.81513	21.82905
524.6280	20.56367	23.8572
524.7804	19.19963	22.29605
524.9328	17.13405	19.91412
525.0852	17.28851	19.97173
525.2376	18.94697	21.76073
525.3900	18.51973	21.24113
525.5424	16.07183	18.4357
525.6948	14.97806	17.18181
525.8472	14.51106	16.64339
525.9996	14.08359	16.15676
526.1520	13.8895	15.93264
526.3044	15.53691	17.82253
526.4568	18.09978	20.76491
526.6092	17.91519	20.55313
526.7616	17.57246	20.15994
526.9140	19.25685	22.08678
527.0664	21.46921	24.62642
527.2188	22.47827	25.78812
527.3712	20.8914	23.96545
527.5236	20.20172	23.17698
527.6760	19.07511	21.88074
527.8284	16.13635	18.51185
527.9808	13.79898	15.83051
528.1332	13.90227	15.94715
528.2856	15.3967	17.66381
528.4380	15.93191	18.27783
528.5904	16.05663	18.4243
528.7428	15.75665	18.07635
528.8952	15.47194	17.74426
529.0476	13.87377	15.91233
529.2000	13.5006	15.48715
529.3524	15.12194	17.3518
529.5048	17.20652	19.73916
529.6572	18.78786	21.55103
529.8096	19.06353	21.87057
529.9620	18.0412	20.696
530.1144	17.10952	19.62898
530.2668	16.59812	19.0421
530.4192	16.94009	19.43298
530.5716	17.69593	20.29987
530.7240	17.89751	20.55226
530.8764	18.68301	21.48954
531.0288	17.97874	20.68638
531.1812	15.95093	18.35132
531.3336	14.98178	17.24032
531.4860	15.17155	17.45868
531.6384	15.75288	18.13067
531.7908	14.60427	16.8085
531.9432	13.32093	15.3297
532.0956	15.40919	17.73171
532.2480	18.54056	21.33215
532.4004	20.864	24.00936
532.5528	20.77789	23.90739
532.7052	19.61823	22.57234
532.8576	19.19003	22.08154
533.0100	17.7202	20.38807
533.1624	16.65989	19.16913
533.3148	16.87331	19.41305
533.4672	18.8672	21.7132
533.6196	20.316	23.38122
533.7720	19.97672	22.98429
533.9244	19.01109	21.87845
534.0768	17.34189	19.95845
534.2292	15.16626	17.4536
534.3816	14.16917	16.2722
534.5340	14.38998	16.47013
534.6864	15.90945	18.20202
534.8388	16.35736	18.72305
534.9912	14.80426	16.96604
535.1436	13.24501	15.20625
535.2960	11.7283	13.48043
535.4484	11.98087	13.77407
535.6008	11.62077	13.35717
535.7532	11.1174	12.77895
535.9056	11.13392	12.79928
536.0580	11.71734	13.46491
536.2104	12.73966	14.63969
536.3628	14.02709	16.11914
536.5152	14.9594	17.19531
536.6676	15.77114	18.13038
536.8200	15.79322	18.15104
536.9724	14.93904	17.17064
537.1248	13.47698	15.48698
537.2772	12.75139	14.657
537.4296	13.17705	15.14827
537.5820	13.94207	16.02275
537.7344	14.92258	17.15143
537.8868	15.4588	17.76622
538.0392	14.61779	16.79894
538.1916	13.51357	15.53069
538.3440	12.9292	14.8575
538.4964	13.4363	15.44024
538.6488	13.18844	15.1554
538.8012	12.40422	14.25422
538.9536	12.52859	14.39715
539.1060	14.38627	16.53468
539.2584	16.70793	19.20481
539.4108	16.55304	19.02385
539.5632	15.17333	17.44007
539.7156	15.37875	17.67239
539.8680	16.56174	19.04128
540.0204	18.42335	21.19899
540.1728	18.99759	21.85974
540.3252	18.69987	21.516
540.4776	18.35264	21.11328
540.6300	18.84037	21.67352
540.7824	19.85931	22.84876
540.9348	18.86745	21.71208
541.0872	16.67538	19.19003
541.2396	16.95263	19.50338
541.3920	19.65819	22.62429
541.5444	21.66546	24.93521
541.6968	20.85406	23.99706
541.8492	18.92795	21.78218
542.0016	17.84794	20.53772
542.1540	19.7702	22.74941
542.3064	21.10423	24.28094
542.4588	20.06919	23.09387
542.6112	18.31828	21.08133
542.7636	16.2352	18.6828
542.9160	16.62661	19.13063
543.0684	16.9741	19.53005
543.2208	16.83718	19.37617
543.3732	16.02548	18.44049
543.5256	15.8109	18.19456
543.6780	16.29009	18.74345
543.8304	16.84281	19.37884
543.9828	16.54813	19.04417
544.1352	17.58139	20.23292
544.2876	19.78134	22.76327
544.4400	20.78239	23.9106
544.5924	21.12653	24.30942
544.7448	18.77408	21.60325
544.8972	19.05884	21.93316
545.0496	18.91851	21.77234
545.2020	18.78922	21.62354
545.3544	18.85977	21.70454
545.5068	16.92316	19.47625
545.6592	17.4626	20.09887
545.8116	13.71004	15.77621
545.9640	13.70859	15.77425
546.1164	13.53482	15.56716
546.2688	16.71477	19.22964
546.4212	18.4761	21.25995
546.5736	18.73837	21.55314
546.7260	17.68578	20.35484
546.8784	16.02651	18.46373
547.0308	17.73165	20.43183
547.1832	18.47578	21.28379
547.3356	20.81693	23.9818
547.4880	20.91178	24.09397
547.6404	20.45415	23.56284
547.7928	19.04268	21.93685
547.9452	16.57006	19.08784
548.0976	16.06787	18.50824
548.2500	16.76795	19.31887
548.4024	18.39799	21.1935
548.5548	19.50203	22.47499
548.7072	19.96214	22.99606
548.8596	20.4071	23.51032
549.0120	19.37562	22.32795
549.1644	18.64933	21.48372
549.3168	17.01275	19.59841
549.4692	17.59297	20.26681
549.6216	17.63046	20.31077
549.7740	19.15772	22.07318
549.9264	18.70583	21.54939
550.0788	18.86992	21.74083
550.2312	19.05693	21.95328
550.3836	20.03675	23.08201
550.5360	19.85283	22.87014
550.6884	19.09556	21.99719
550.8408	20.75241	23.90308
550.9932	20.70919	23.85802
551.1456	20.016	23.0664
551.2980	17.79997	20.50528
551.4504	19.93427	22.96395
551.6028	21.88996	25.21688
551.7552	22.13571	25.50093
551.9076	18.88769	21.76507
552.0600	16.33562	18.82107
552.2124	16.59316	19.1159
552.3648	18.88592	21.76249
552.5172	20.39588	23.49653
552.6696	18.63116	21.46913
552.8220	16.49892	19.00678
552.9744	14.73924	16.98223
553.1268	15.46153	17.8147
553.2792	15.66411	18.04571
553.4316	16.06472	18.51446
553.5840	17.0451	19.63567
553.7364	16.41311	18.908
553.8888	16.55837	19.07855
554.0412	16.19422	18.65548
554.1936	16.11158	18.56028
554.3460	15.58083	17.94886
554.4984	13.72571	15.81224
554.6508	15.00725	17.29334
554.8032	15.39531	17.73558
554.9556	15.72178	18.11677
555.1080	15.20767	17.51916
555.2604	14.44121	16.63876
555.4128	16.40695	18.90346
555.5652	15.94918	18.37319
555.7176	15.86137	18.27185
555.8700	14.5294	16.73509
556.0224	17.09095	19.70064
556.1748	20.19641	23.26593
556.3272	18.83935	21.70262
556.4796	17.48093	20.13774
556.6320	16.262	18.73384
556.7844	19.0133	21.90996
556.9368	17.65977	20.34387
557.0892	16.2544	18.7279
557.2416	13.63893	15.71496
557.3940	14.42496	16.61769
557.5464	15.59342	17.97811
557.6988	16.8084	19.3789
557.8512	15.64928	18.04257
558.0036	14.68448	16.93358
558.1560	14.40769	16.61112
558.3084	15.76126	18.17751
558.4608	17.1121	19.72906
558.6132	16.79622	19.36803
558.7656	17.38761	20.04996
558.9180	16.99455	19.59352
559.0704	15.575	17.95687
559.2228	12.47478	14.38254
559.3752	11.48555	13.24846
559.5276	12.68361	14.62338
559.6800	14.42175	16.62726
559.8324	15.21578	17.54835
559.9848	14.60281	16.83612
560.1372	14.20971	16.38803
560.2896	13.44292	15.50135
560.4420	15.63616	18.03609
560.5944	18.71696	21.58821
560.7468	19.75171	22.77624
560.8992	19.27666	22.23876
561.0516	16.45506	18.97209
561.2040	15.60074	17.99218
561.3564	13.32336	15.36711
561.5088	12.84757	14.81495
561.6612	12.82855	14.79973
561.8136	14.30861	16.49992
561.9660	14.94462	17.23358
562.1184	14.43009	16.63708
562.2708	15.12409	17.43701
562.4232	15.24827	17.58555
562.5756	14.70713	16.95668
562.7280	14.85145	17.12788
562.8804	14.06605	16.21757
563.0328	15.43979	17.80099
563.1852	15.02124	17.32168
563.3376	15.69465	18.09511
563.4900	14.15851	16.32861
563.6424	13.65152	15.73969
563.7948	13.31298	15.34893
563.9472	14.33843	16.53119
564.0996	13.39705	15.44585
564.2520	13.23279	15.26323
564.4044	13.22703	15.25509
564.5568	13.74977	15.8618
564.7092	13.98449	16.13836
564.8616	11.70544	13.50497
565.0140	10.89098	12.56295
565.1664	9.791095	11.29923
565.3188	11.10812	12.83457
565.4712	12.00269	13.88001
565.6236	14.82125	17.15357
565.7760	15.51577	17.99212
565.9284	14.8828	17.2699
566.0808	14.2758	16.57359
566.2332	13.86229	16.08786
566.3856	16.15447	18.74678
566.5380	15.53218	18.02464
566.6904	16.53326	19.18636
566.8428	15.11861	17.54708
566.9952	13.8446	16.06666
567.1476	13.34145	15.48236
567.3000	12.4136	14.40804
567.4524	12.41795	14.39333
567.6048	11.7976	13.63934
567.7572	13.73692	15.86787
567.9096	16.25085	18.76471
568.0620	16.51072	19.02749
568.2144	14.10569	16.24952
568.3668	11.04625	12.72838
568.5192	11.30517	13.02408
568.6716	11.63847	13.40733
568.8240	13.26388	15.19526
568.9764	12.82087	14.66629
569.1288	13.4667	15.4546
569.2812	14.76048	16.94853
569.4336	15.8083	18.15591
569.5860	16.11591	18.50048
569.7384	16.30493	18.67968
569.8908	15.40997	17.64208
570.0432	16.10123	18.42738
570.1956	15.26013	17.4659
570.3480	16.66559	19.07265
570.5004	17.27103	19.76492
570.6528	17.24173	19.73138
570.8052	15.54733	17.79232
570.9576	15.68507	17.95465
571.1100	15.62109	17.88095
571.2624	16.84832	19.28707
571.4148	15.68668	17.95553
571.5672	13.71716	15.70048
571.7196	11.96712	13.70204
571.8720	10.88227	12.4556
572.0244	11.12706	12.74028
572.1768	11.13973	12.75035
572.3292	11.56519	13.23517
572.4816	13.17472	15.08198
572.6340	15.26155	17.46691
572.7864	16.34842	18.71377
572.9388	14.80006	16.93876
573.0912	13.54218	15.50465
573.2436	15.0241	17.19604
573.3960	18.06608	20.67477
573.5484	19.87744	22.75049
573.7008	18.10135	20.71618
573.8532	18.01612	20.62074
574.0056	18.84941	21.57241
574.1580	18.36206	21.01349
574.3104	16.78678	19.22848
574.4628	14.32535	16.43314
574.6152	14.09989	16.19919
574.7676	13.54586	15.56692
574.9200	14.05265	16.15814
575.0724	15.35295	17.72436
575.2248	16.16523	18.80334
575.3772	16.47235	19.28383
575.5296	16.93881	19.86307
575.6820	17.92655	21.02604
575.8344	17.9471	21.04753
575.9868	17.79481	20.86911
576.1392	17.79481	20.87242
576.2916	17.7318	20.78158
576.4440	16.77561	19.57991
576.5964	15.81045	18.41065
576.7488	16.21521	18.87816
576.9012	17.18722	20.0098
577.0536	16.33802	18.9935
577.2060	15.30508	17.77647
577.3584	15.4671	17.95389
577.5108	15.92268	18.47979
577.6632	15.60391	18.11081
577.8156	13.96792	16.21036
577.9680	13.35292	15.49731
578.1204	13.29596	15.43045
578.2728	14.234	16.52172
578.4252	14.95244	17.35386
578.5776	15.04675	17.46131
578.7300	13.18731	15.30784
578.8824	12.9491	15.02954
579.0348	13.54356	15.72013
579.1872	14.22681	16.52031
579.3396	13.24901	15.38753
579.4920	13.90169	16.14902
579.6444	15.62	18.14334
579.7968	17.93971	20.84861
579.9492	18.94229	22.00804
580.1016	18.99138	22.06556
580.2540	18.71347	21.74385
580.4064	18.2258	21.17294
580.5588	17.82237	20.71277
580.7112	18.24902	21.20675
580.8636	17.72571	20.59733
581.0160	17.23272	20.02527
581.1684	17.42653	20.24576
581.3208	18.53485	21.53465
581.4732	19.94062	23.16822
581.6256	20.19422	23.46575
581.7780	20.14692	23.41066
581.9304	19.43772	22.58122
582.0828	17.96823	20.87749
582.2352	16.75828	19.4723
582.3876	16.12362	18.73518
582.5400	15.43561	17.93354
582.6924	15.47472	17.98043
582.8448	15.92063	18.49895
582.9972	15.75766	18.30866
583.1496	14.91352	17.33025
583.3020	14.17939	16.47408
583.4544	15.71949	18.26151
583.6068	17.74096	20.61448
583.7592	18.68556	21.73084
583.9116	18.93572	22.04247
584.0640	18.33028	21.33858
584.2164	17.89057	20.82015
584.3688	17.27049	20.10205
584.5212	16.21413	18.87534
584.6736	15.48674	18.02564
584.8260	15.44739	17.97691
584.9784	16.0367	18.66131
585.1308	16.27018	18.93379
585.2832	14.93685	17.38219
585.4356	13.20999	15.37441
585.5880	15.10019	17.58054
585.7404	18.83849	21.93963
585.8928	21.75992	25.34458
586.0452	21.26982	24.77556
586.1976	18.87005	21.98141
586.3500	17.3102	20.16874
586.5024	17.00961	19.81995
586.6548	18.06836	21.0454
586.8072	18.91089	22.00561
586.9596	18.84413	21.90889
587.1120	18.34979	21.33062
587.2644	18.11228	21.05279
587.4168	17.41425	20.243
587.5692	16.20154	18.83355
587.7216	13.96792	16.2356
587.8740	11.55844	13.43718
588.0264	9.113113	10.59514
588.1788	8.345852	9.700794
588.3312	9.757919	11.34305
588.4836	12.60609	14.66008
588.6360	14.77644	17.18668
588.7884	15.42216	17.93462
588.9408	16.043	18.6607
589.0932	16.44564	19.12845
589.2456	17.15748	19.952
589.3980	17.11676	19.90804
589.5504	17.25583	20.06725
589.7028	19.03733	22.14342
589.8552	19.94756	23.20702
590.0076	19.20627	22.33979
590.1600	17.12986	19.9245
590.3124	15.62913	18.1766
590.4648	15.4869	18.01397
590.6172	13.93243	16.20486
590.7696	13.02975	15.15584
590.9220	14.08538	16.3882
591.0744	16.4451	19.12628
591.2268	18.42006	21.407
591.3792	19.52267	22.67382
591.5316	19.4679	22.61314
591.6840	18.37722	21.3401
591.8364	16.01897	18.57279
591.9888	15.32927	17.74918
592.1412	16.83526	19.48869
592.2936	17.71412	20.50697
592.4460	17.83852	20.65491
592.5984	15.92217	18.42569
592.7508	15.11334	17.49034
592.9032	15.1275	17.51062
593.0556	16.70675	19.34174
593.2080	18.25866	21.13564
593.3604	19.26817	22.29986
593.5128	18.03358	20.8753
593.6652	17.24584	19.96248
593.8176	16.69623	19.32834
593.9700	18.2524	21.12701
594.1224	20.80946	24.08357
594.2748	20.88162	24.16821
594.4272	20.3928	23.60253
594.5796	18.91527	21.89571
594.7320	18.54556	21.46639
594.8844	18.59341	21.52575
595.0368	17.87915	20.69761
595.1892	18.48327	21.39557
595.3416	18.54013	21.46777
595.4940	18.17136	21.0338
595.6464	18.61843	21.55143
595.7988	17.62987	20.40365
595.9512	17.53198	20.29352
596.1036	15.85228	18.34946
596.2560	15.51927	17.96091
596.4084	15.19154	17.58269
596.5608	15.09075	17.46475
596.7132	14.98703	17.35065
596.8656	15.06983	17.45879
597.0180	16.50658	19.13153
597.1704	18.36941	21.29744
597.3228	20.43413	23.69012
597.4752	19.65552	22.79663
597.6276	18.5516	21.52017
597.7800	17.12771	19.87298
597.9324	16.97693	19.69777
598.0848	17.56989	20.38547
598.2372	17.59886	20.41964
598.3896	17.38052	20.16526
598.5420	17.38232	20.16724
598.6944	17.60881	20.43313
598.8468	18.02626	20.91607
598.9992	17.64093	20.46865
599.1516	16.99179	19.71195
599.3040	16.47558	19.11747
599.4564	16.86799	19.56065
599.6088	19.26807	22.32171
599.7612	21.04179	24.35875
599.9136	21.56884	24.96588
600.0660	20.19833	23.37922
600.2184	21.28064	24.60537
600.3708	22.4954	26.00241
600.5232	23.66635	27.35887
600.6756	21.18939	24.48989
600.8280	20.90832	24.17199
600.9804	23.05462	26.82631
601.1328	26.18256	31.4675
601.2852	26.36546	32.30205
601.4376	22.48895	26.18467
601.5900	20.80516	23.99349
601.7424	20.50087	23.63881
601.8948	21.60072	24.91084
602.0472	21.78548	25.11985
602.1996	21.52692	24.82184
602.3520	21.91753	25.27476
602.5044	21.30334	24.56637
602.6568	18.90711	21.80827
602.8092	17.23753	19.87365
602.9616	17.82593	20.55465
603.1140	20.64145	23.80303
603.2664	21.97119	25.33122
603.4188	21.48288	24.76824
603.5712	21.22113	24.46792
603.7236	21.49584	24.78587
603.8760	20.98061	24.18916
604.0284	20.6836	23.8499
604.1808	19.82469	22.86223
604.3332	20.5301	23.67482
604.4856	19.28126	22.2418
604.6380	20.5241	23.67204
604.7904	21.73662	25.06856
604.9428	22.12837	25.51391
605.0952	20.38042	23.5047
605.2476	18.11146	20.89116
605.4000	19.09072	22.0142
605.5524	21.00008	24.20708
605.7048	22.03446	25.38334
605.8572	21.2143	24.44967
606.0096	20.22753	23.43796
606.1620	21.04806	24.59593
606.3144	22.5303	26.45424
606.4668	22.01151	26.07443
606.6192	19.93734	23.73961
606.7716	17.92492	21.41444
606.9240	17.50171	21.1189
607.0764	18.33266	21.91667
607.2288	19.62702	22.87222
607.3812	20.31078	23.79185
607.5336	19.93197	23.31288
607.6860	19.57545	22.89785
607.8384	20.10755	23.52259
607.9908	21.18565	24.7838
608.1432	22.01845	25.78301
608.2956	21.85616	25.72506
608.4480	21.06917	24.7744
608.6004	18.54361	21.53673
608.7528	16.26237	18.89002
608.9052	15.37742	17.86393
609.0576	16.69678	19.39583
609.2100	18.91791	21.97791
609.3624	19.49315	22.64239
609.5148	19.97891	23.20825
609.6672	20.58088	23.90285
609.8196	20.99933	24.39197
609.9720	20.23061	23.50095
610.1244	18.58728	21.58921
610.2768	18.74025	21.76651
610.4292	18.92109	21.97306
610.5816	20.59419	23.9183
610.7340	21.86823	25.39798
610.8864	21.64149	25.13313
611.0388	20.44208	23.7393
611.1912	20.55587	23.88159
611.3436	21.95293	25.52048
611.4960	22.68469	26.45834
611.6484	20.77124	24.2296
611.8008	19.83796	23.05013
611.9532	20.15378	23.73618
612.1056	21.01079	25.00251
612.2580	20.73073	24.68414
612.4104	19.69706	23.41407
612.5628	20.13882	23.67863
612.7152	21.03843	24.76619
612.8676	21.15661	25.54283
613.0200	19.95777	24.0299
613.1724	20.11197	23.51031
613.3248	20.53106	23.77383
613.4772	20.36374	23.7415
613.6296	17.40761	20.55204
613.7820	15.82555	18.75362
613.9344	16.66453	19.74728
614.0868	19.79534	23.42489
614.2392	22.11136	25.91668
614.3916	22.15097	25.65978
614.5440	20.9842	24.28965
614.6964	20.55219	23.79182
614.8488	21.72222	25.14218
615.0012	22.88399	26.49679
615.1536	21.37648	24.85282
615.3060	19.48228	23.07515
615.4584	19.08243	23.03651
615.6108	21.24133	25.56702
615.7632	22.43244	26.91463
615.9156	23.40774	28.04817
616.0680	25.76046	30.59585
616.2204	27.93562	32.94882
616.3728	27.01214	31.82255
616.5252	23.06306	27.0379
616.6776	19.58708	22.95604
616.8300	19.08664	22.15154
616.9824	19.20053	22.28561
617.1348	18.88909	21.92548
617.2872	17.55866	20.3763
617.4396	17.28195	20.05946
617.5920	18.26269	21.19889
617.7444	19.34277	22.44989
617.8968	19.54078	22.68384
618.0492	19.13946	22.33567
618.2016	19.44537	22.7384
618.3540	20.25924	23.55156
618.5064	19.80122	23.02829
618.6588	19.1954	22.32675
618.8112	19.15852	22.28094
618.9636	20.78024	24.17074
619.1160	22.97918	26.73139
619.2684	24.65257	28.68005
619.4208	25.08782	29.22754
619.5732	25.59729	30.05588
619.7256	26.40396	31.06721
619.8780	26.81721	31.2188
620.0304	23.31968	27.00079
620.1828	20.07081	23.24085
620.3352	18.92636	21.91236
620.4876	18.93095	21.90857
620.6400	16.88286	19.53852
620.7924	14.30563	16.55845
620.9448	15.34585	17.76216
621.0972	18.22663	21.1
621.2496	19.93668	23.07538
621.4020	19.65303	22.74452
621.5544	19.81712	22.94448
621.7068	20.3559	23.73265
621.8592	21.02771	24.71039
622.0116	21.68054	25.30302
622.1640	22.91023	26.51967
622.3164	24.34363	28.2007
622.4688	23.94479	27.75978
622.6212	22.5253	26.08376
622.7736	21.36706	24.70167
622.9260	21.18715	24.4916
623.0784	21.17304	24.47099
623.2308	20.07986	23.27495
623.3832	20.22105	23.58908
623.5356	21.99567	25.86223
623.6880	22.30053	26.08269
623.8404	21.38481	24.69488
623.9928	20.11604	23.22642
624.1452	20.60478	23.79292
624.2976	20.35094	23.49957
624.4500	18.82534	21.73787
624.6024	17.20257	19.86365
624.7548	15.53696	17.94108
624.9072	15.23694	17.59448
625.0596	15.86567	18.31847
625.2120	16.37093	19.04868
625.3644	16.82204	19.71285
625.5168	16.31194	18.98232
625.6692	16.88752	19.51795
625.8216	17.48826	20.21547
625.9740	18.48905	21.37592
626.1264	19.93994	23.05521
626.2788	21.96627	25.4099
626.4312	22.46166	25.99893
626.5836	20.707	23.96608
626.7360	19.0474	22.02095
626.8884	19.66216	22.70968
627.0408	20.78586	24.00389
627.1932	19.13838	22.10135
627.3456	16.2242	18.736
627.4980	14.03867	16.21372
627.6504	13.36063	15.43675
627.8028	13.14461	15.19454
627.9552	13.76561	15.91727
628.1076	14.97619	17.32875
628.2600	17.83489	20.65022
628.4124	22.54243	26.07586
628.5648	25.60127	29.58897
628.7172	25.56908	29.55177
628.8696	22.83422	26.42389
629.0220	22.9642	26.63057
629.1744	23.99811	27.83969
629.3268	23.22364	26.94438
629.4792	20.70165	24.0136
629.6316	19.01719	22.0703
629.7840	20.98033	24.34289
629.9364	21.43765	25.20785
630.0888	20.86976	24.12296
630.2412	21.33336	24.65628
630.3936	22.68497	26.21843
630.5460	22.79582	26.34809
630.6984	21.01418	24.29794
630.8508	20.20467	23.38015
631.0032	20.11043	23.49306
631.1556	20.16048	23.84389
631.3080	20.58169	24.1097
631.4604	20.31224	23.70957
631.6128	19.75509	23.18471
631.7652	19.33528	23.28825
631.9176	20.02276	24.04389
632.0700	20.25106	23.90039
632.2224	21.51711	25.38817
632.3748	20.97941	24.74421
632.5272	20.83995	24.56724
632.6796	19.95833	23.55945
632.8320	21.23335	24.94569
632.9844	21.76482	25.06281
633.1368	20.70954	23.82245
633.2892	17.63333	20.2867
633.4416	15.73587	18.10661
633.5940	14.4049	16.57243
633.7464	16.35832	18.82127
633.8988	14.88449	17.1324
634.0512	17.67209	20.33148
634.2036	17.70426	20.37464
634.3560	20.10615	23.12909
634.5084	18.38734	21.16699
634.6608	19.56997	22.54344
634.8132	19.65879	22.64661
634.9656	20.37928	23.48375
635.1180	19.31029	22.2857
635.2704	19.02573	21.88194
635.4228	18.83215	21.63384
635.5752	21.30524	24.47451
635.7276	22.45589	26.00839
635.8800	21.18946	26.00725
636.0324	20.15394	26.14354
636.1848	19.19215	25.22241
636.3372	21.45253	28.35519
636.4896	19.60884	26.42413
636.6420	18.99637	26.70251
636.7944	18.57956	26.48628
636.9468	19.55585	26.46392
637.0992	21.42846	26.89651
637.2516	20.83871	24.95672
637.4040	21.25469	25.59121
637.5564	19.21401	23.428
637.7088	19.60213	23.9689
637.8612	19.68946	24.07379
638.0136	20.25471	24.58976
638.1660	18.16752	21.20786
638.3184	16.08559	18.53131
638.4708	16.38695	18.88227
638.6232	16.91406	19.48628
638.7756	17.23496	19.85439
638.9280	17.74199	20.44098
639.0804	20.21445	23.31671
639.2328	21.4934	25.29731
639.3852	19.84826	23.63559
639.5376	18.12131	21.23712
639.6900	18.52121	21.40443
639.8424	18.05795	20.81954
639.9948	17.83427	20.56397
640.1472	17.90384	20.64064
640.2996	20.26396	23.3618
640.4520	20.75993	23.93473
640.6044	18.11934	20.89452
640.7568	15.04905	17.35488
640.9092	16.05947	18.51452
641.0616	19.27167	22.21522
641.2140	22.15401	25.54056
641.3664	21.32533	24.59552
641.5188	18.70527	21.56721
641.6712	16.69477	19.24525
641.8236	15.30766	17.65033
641.9760	15.94023	18.37909
642.1284	17.26489	19.90764
642.2808	16.87875	19.46176
642.4332	15.65752	18.0553
642.5856	14.79814	17.0637
642.7380	16.78906	19.35659
642.8904	20.30985	23.41808
643.0428	24.07955	27.76389
643.1952	25.96254	29.94346
643.3476	26.1331	30.13886
643.5000	25.28355	29.15014
643.6524	25.59101	29.50763
643.8048	25.87709	29.84207
643.9572	24.56083	28.32238
644.1096	24.3204	28.0397
644.2620	22.79048	26.27929
644.4144	21.60083	24.93319
644.5668	19.82015	22.91397
644.7192	19.21226	22.14567
644.8716	21.06603	24.15088
645.0240	21.13301	24.23866
645.1764	20.41956	23.41509
645.3288	18.8874	21.66167
645.4812	18.98744	21.77909
645.6336	17.72226	20.31847
645.7860	18.66544	21.40494
645.9384	18.29855	20.97598
646.0908	18.99664	21.81576
646.2432	18.48708	22.0026
646.3956	16.55913	21.14204
646.5480	16.07463	21.13942
646.7004	16.52715	21.80736
646.8528	17.27621	22.79701
647.0052	18.1761	23.89707
647.1576	18.8736	23.98366
647.3100	20.57681	24.69376
647.4624	20.93241	24.33755
647.6148	21.41124	24.72684
647.7672	21.66461	25.02059
647.9196	21.59502	24.9404
648.0720	21.04769	24.3048
648.2244	19.79824	22.94985
648.3768	19.4092	22.96375
648.5292	19.35271	23.58362
648.6816	19.33569	23.34858
648.8340	20.08434	23.15345
648.9864	19.36269	22.27251
649.1388	18.36229	21.12296
649.2912	18.16862	20.90524
649.4436	19.53004	22.47546
649.5960	20.73	23.85315
649.7484	19.78889	22.77011
649.9008	17.31217	19.91846
650.0532	17.31236	19.91415
650.2056	18.05897	20.77626
650.3580	17.13587	19.71197
650.5104	15.85757	18.24071
650.6628	16.11247	18.53113
650.8152	17.15116	19.7394
650.9676	19.23668	22.13297
651.1200	19.49655	22.43526
651.2724	19.45671	22.39149
651.4248	18.8947	21.73477
651.5772	17.21103	19.79425
651.7296	16.18236	18.61119
651.8820	15.15912	17.44118
652.0344	14.74922	17.11502
652.1868	15.73115	18.21385
652.3392	17.17548	19.76945
652.4916	18.67246	21.48917
652.6440	19.86838	22.86474
652.7964	20.4634	23.55238
652.9488	21.20103	24.3973
653.1012	22.14643	25.48937
653.2536	21.31356	24.53511
653.4060	18.04913	20.79343
653.5584	15.38007	17.69458
653.7108	15.28669	17.585
653.8632	16.62589	19.12172
654.0156	15.75605	18.12089
654.1680	15.96739	18.36358
654.3204	18.08582	20.7984
654.4728	19.55489	22.48983
654.6252	18.89124	21.71966
654.7776	18.62491	21.47402
654.9300	19.90439	22.94429
655.0824	21.03979	24.19898
655.2348	21.08208	24.24332
655.3872	22.64683	26.05263
655.5396	21.13502	24.30401
655.6920	19.57189	22.50928
655.8444	17.32008	19.91494
655.9968	20.25943	23.3103
656.1492	21.13593	24.32825
656.3016	22.11858	25.45931
656.4540	21.42966	24.66634
656.6064	21.16858	24.40192
656.7588	22.04864	25.45705
656.9112	22.76107	26.2849
657.0636	23.75774	27.43587
657.2160	22.99875	26.55938
657.3684	22.84153	26.59494
657.5208	20.11795	23.33457
657.6732	17.57598	20.27582
657.8256	15.82108	18.22714
657.9780	15.87186	18.29083
658.1304	17.20969	19.82528
658.2828	18.35222	21.14146
658.4352	19.4719	22.43564
658.5876	20.35848	23.43479
658.7400	22.5979	25.98446
658.8924	24.21122	27.83845
659.0448	23.86346	27.43373
659.1972	22.34408	25.69695
659.3496	20.55641	23.65975
659.5020	19.71348	22.68854
659.6544	21.07525	24.25219
659.8068	23.01843	26.48529
659.9592	24.20276	27.85758
660.1116	21.81151	25.11823
660.2640	20.17854	23.22733
660.4164	21.47151	24.70784
660.5688	23.59015	27.14606
660.7212	24.46416	28.1601
660.8736	22.87918	26.33311
661.0260	22.6299	26.04573
661.1784	24.10188	27.7389
661.3308	24.89005	28.64259
661.4832	22.99079	26.45834
661.6356	20.24916	23.3053
661.7880	19.30449	22.22019
661.9404	26.21909	30.18584
662.0928	37.53942	43.23126
662.2452	48.25582	55.5799

