HOLE:	U1508C
EXPEDITION:	371
TOP:	580.9190
BOTTOM:	670.3777
DEPTH_WMSF	HSGR	HCGR	HFK	HTHO	HURA	HBHK
m	gAPI	gAPI	%	ppm	ppm	m3/m3
580.9190	15.95703	11.12079	0.256335	2.064433	0.5455919	-0.0004913487
581.0714	16.49289	12.14199	0.2921434	2.182171	0.5369095	-0.0004913487
581.2238	17.12429	12.52687	0.3170148	2.159947	0.5601895	-0.0004913487
581.3762	18.32252	13.57899	0.3376441	2.376465	0.5333509	-0.0004913487
581.5286	18.74417	13.81224	0.3429682	2.420072	0.5686936	-0.0004913487
581.6810	18.40691	12.83645	0.3098678	2.301039	0.6766639	-0.0004913487
581.8334	17.25698	14.07635	0.3092434	2.702188	0.3880322	-0.0004913487
581.9858	16.9019	14.09598	0.3072571	2.72011	0.3879133	-0.0004913487
582.1382	16.08031	13.54082	0.287632	2.657032	0.3861269	-0.0004913487
582.2906	15.28919	13.3196	0.2741426	2.665087	0.3260086	-0.0004913487
582.4430	13.98178	12.6112	0.2913848	2.33704	0.2247723	-0.0004913487
582.5954	14.49725	13.22005	0.3312373	2.298913	0.2330117	-0.0004913487
582.7478	15.16126	12.86177	0.3038453	2.34443	0.3414998	-0.0004913487
582.9002	15.93197	13.84579	0.3208858	2.560136	0.3126222	-0.0004913487
583.0526	16.85909	14.74349	0.329578	2.797044	0.3335553	-0.0004913487
583.2050	17.51896	15.62275	0.3486598	2.967212	0.3051476	-0.0004913487
583.3574	18.23504	16.94944	0.3956246	3.117577	0.2294337	-0.0004913487
583.5098	18.06832	16.56708	0.4109398	2.905339	0.2554989	-0.0004913487
583.6622	17.33341	16.56084	0.3934208	3.005914	0.1608258	-0.0004913487
583.8146	17.17316	16.82513	0.3984135	3.061416	0.08839418	-0.0004913487
583.9670	17.45736	17.01019	0.4044548	3.08538	0.09843221	-0.0004913487
584.1194	17.845	16.54895	0.3794436	3.083946	0.2083222	-0.0004913487
584.2718	17.2021	15.31559	0.3369476	2.937338	0.2872044	-0.0004913487
584.4242	16.13637	14.04715	0.3026547	2.731463	0.3344547	-0.0004913487
584.5766	15.53152	13.07038	0.2886011	2.500598	0.3838919	-0.0004913487
584.7290	15.43328	13.30571	0.2998282	2.510311	0.324097	-0.0004913487
584.8814	15.89295	13.73729	0.303915	2.624746	0.3183756	-0.0004913487
585.0338	16.25433	13.36377	0.3053734	2.496458	0.3846028	-0.0004913487
585.1862	16.53062	12.69796	0.315304	2.224865	0.492174	-0.0004913487
585.3386	17.05089	12.76395	0.3289969	2.165855	0.5262082	-0.0004913487
585.4910	17.20534	12.60999	0.3085866	2.235992	0.563292	-0.0004913487
585.6434	17.19918	13.35886	0.3037601	2.504337	0.4670932	-0.0004913487
585.7958	17.27923	14.18391	0.3080174	2.743915	0.3773925	-0.0004913487
585.9482	17.54444	14.2209	0.3308723	2.621968	0.3830042	-0.0004913487
586.1006	17.64391	15.30209	0.372858	2.722779	0.2735465	-0.0004913487
586.2530	16.96526	14.6646	0.3618272	2.582987	0.2853984	-0.0004913487
586.4054	16.19122	13.06126	0.3198071	2.314985	0.4034975	-0.0004913487
586.5578	16.10507	13.09213	0.3177129	2.337144	0.3525537	-0.0004913487
586.7102	16.00978	12.72139	0.3108716	2.258342	0.4631307	-0.0004913487
586.8626	17.15344	14.62503	0.3356663	2.723473	0.3242355	-0.0004913487
587.0150	17.08755	14.25315	0.3395785	2.581346	0.367712	-0.0004913487
587.1674	16.44937	13.24445	0.3412596	2.24812	0.4235985	-0.0004913487
587.3198	15.22099	11.77075	0.309146	1.963678	0.4788431	-0.0004913487
587.4722	14.84854	11.40617	0.3115399	1.832783	0.4826375	-0.0004913487
587.6246	15.45559	11.67862	0.3212537	1.86326	0.5100494	-0.0004913487
587.7770	15.91696	11.42758	0.3049507	1.878231	0.6057388	-0.0004913487
587.9294	15.97047	11.9697	0.3131739	2.003891	0.5574077	-0.0004913487
588.0818	15.09193	11.96787	0.3167973	1.982091	0.4510635	-0.0004913487
588.2342	14.80732	11.81881	0.319776	1.916867	0.4128082	-0.0004913487
588.3866	14.54068	11.43702	0.3142456	1.826809	0.4011343	-0.0004913487
588.5390	15.39012	11.95773	0.3217084	1.94986	0.4485913	-0.0004913487
588.6914	16.37491	13.38609	0.331882	2.347991	0.396122	-0.0004913487
588.8438	17.17771	14.01151	0.3322366	2.546244	0.3900868	-0.0004913487
588.9962	16.87885	13.32935	0.3163222	2.420619	0.4213944	-0.0004913487
589.1486	15.91152	12.26545	0.2846133	2.265114	0.4335601	-999.25
589.3010	15.4662	12.17933	0.285787	2.230541	0.3528283	-999.25
589.4534	14.92698	11.88434	0.2814389	2.161301	0.2971033	-999.25
589.6058	14.72396	11.03371	0.2521936	2.059689	0.3964088	-999.25
589.7582	14.47533	11.50486	0.2654679	2.132835	0.3332978	-999.25
589.9106	14.76495	11.76983	0.2677823	2.204038	0.3486657	-999.25
590.0630	15.49984	12.50291	0.2782522	2.37761	0.3456354	-999.25
590.2154	17.0199	12.7453	0.3139794	2.246121	0.5280647	-999.25
590.3678	17.45321	12.66796	0.3180103	2.19773	0.5701026	-999.25
590.5202	17.51342	12.49172	0.3195909	2.131992	0.6148362	-999.25
590.6726	16.36014	11.95082	0.2922889	2.118458	0.4836719	-999.25
590.8250	15.44367	10.80952	0.2757455	1.849578	0.5470002	-999.25
590.9774	15.35664	10.70287	0.2641752	1.883087	0.5454345	-999.25
591.1298	15.16761	10.30193	0.267082	1.7376	0.5512373	-999.25
591.2822	14.56818	10.84116	0.2949301	1.74736	0.3890437	-999.25
591.4346	15.30267	10.86957	0.287462	1.800156	0.5025885	-999.25
591.5870	15.28045	10.92676	0.2859776	1.827165	0.4571174	-999.25
591.7394	17.06564	13.19855	0.3482824	2.190382	0.4334535	-999.25
591.8918	17.05758	12.9915	0.3448254	2.144263	0.4363149	-999.25
592.0442	17.99771	13.64588	0.3684357	2.215729	0.4587978	-999.25
592.1966	18.23289	14.52419	0.4020179	2.300584	0.3867691	-999.25
592.3490	18.05776	14.52098	0.4274591	2.150632	0.4262549	-999.25
592.5014	18.63099	15.58879	0.4393401	2.423232	0.367668	-999.25
592.6538	18.8592	15.72066	0.4270856	2.537234	0.4072623	-999.25
592.8062	20.54529	16.79915	0.4643769	2.664506	0.4961731	-999.25
592.9586	21.41931	16.66899	0.4849842	2.502178	0.5903538	-999.25
593.1110	23.10499	18.32236	0.5276771	2.782054	0.5622106	-999.25
593.2634	21.69977	16.79802	0.4943246	2.488848	0.5989419	-999.25
593.4158	21.01566	14.99506	0.4771253	2.011831	0.6961364	-999.25
593.5682	20.5245	13.82405	0.4586463	1.744795	0.7784786	-999.25
593.7206	20.69147	13.842	0.4543966	1.775444	0.8187202	-999.25
593.8730	19.72713	12.99832	0.4137423	1.743078	0.8245447	-999.25
594.0254	18.66076	12.28663	0.3657585	1.795934	0.7590458	-999.25
594.1778	18.24016	11.46198	0.3461759	1.646332	0.8030202	-999.25
594.3302	18.78853	11.35211	0.3882606	1.364764	0.8842954	-999.25
594.4826	19.45689	11.77463	0.3910803	1.483636	0.9061212	-999.25
594.6350	19.52337	11.47549	0.376323	1.474147	0.9502799	-999.25
594.7874	17.52075	9.776236	0.3239497	1.236233	0.9210739	-999.25
594.9398	15.58418	8.705947	0.2761565	1.173054	0.8266972	-999.25
595.0922	16.04135	9.208482	0.2608233	1.423834	0.8548992	-999.25
595.2446	17.77516	10.91509	0.2677263	1.930277	0.8826591	-999.25
595.3970	19.67752	11.96111	0.2944135	2.109215	1.00697	-999.25
595.5494	19.31075	11.53373	0.2866894	2.017496	0.9977681	-999.25
595.7018	18.97361	10.12753	0.2621261	1.710689	1.127816	-999.25
595.8542	16.97809	8.585595	0.2395359	1.348845	1.068339	-999.25
596.0066	15.31242	7.706275	0.2089021	1.246413	0.9432907	-999.25
596.1590	14.17188	7.009344	0.1891429	1.138771	0.8947663	-999.25
596.3114	14.24993	7.309464	0.1912559	1.222585	0.8868994	-999.25
596.4638	14.94998	7.082474	0.1961203	1.121382	1.012371	-999.25
596.6162	15.90467	6.898854	0.1991027	1.045088	1.199929	-999.25
596.7686	16.6121	7.252999	0.2051041	1.123439	1.256797	-999.25
596.9210	16.87976	7.648455	0.2271326	1.1212	1.233032	-999.25
597.0734	17.01249	8.199022	0.2478406	1.176403	1.186622	-999.25
597.2258	18.07821	8.952666	0.2798863	1.230303	1.251351	-999.25
597.3782	19.11568	10.59636	0.3361242	1.427782	1.17049	-999.25
597.5306	19.46858	11.80864	0.3653365	1.645224	1.033824	-999.25
597.6830	18.16577	11.2284	0.3446697	1.580278	0.9493183	-999.25
597.8354	16.87917	10.18978	0.3205321	1.388786	0.9113544	-999.25
597.9878	16.74586	9.753141	0.3207348	1.24771	0.9196121	-999.25
598.1402	17.57978	10.59767	0.3443864	1.379881	0.8985882	-999.25
598.2926	18.79242	11.90402	0.3761795	1.612382	0.8466745	-999.25
598.4450	19.58124	12.26072	0.3959824	1.610793	0.8536333	-999.25
598.5974	20.04268	12.33045	0.4002354	1.608268	0.8933651	-999.25
598.7498	19.66864	12.50832	0.391853	1.714326	0.842729	-999.25
598.9022	18.73837	12.23232	0.3678066	1.766644	0.7588973	-999.25
599.0546	18.1935	11.56321	0.3346379	1.74642	0.7800385	-999.25
599.2070	18.20552	11.36833	0.3191471	1.774661	0.8526868	-999.25
599.3594	18.68303	12.25618	0.3252338	2.023541	0.8315591	-999.25
599.5118	18.71926	13.09234	0.3207031	2.318009	0.7579979	-999.25
599.6642	18.05637	12.91252	0.2958266	2.406006	0.7297938	-999.25
599.8166	17.6937	12.69744	0.2728625	2.471553	0.7289183	-999.25
599.9690	17.73259	13.11202	0.2678673	2.633729	0.7070546	-999.25
600.1214	18.65363	13.84634	0.2750131	2.827269	0.7711067	-999.25
600.2738	18.51527	13.90587	0.2655758	2.901675	0.7775995	-999.25
600.4262	18.65523	13.85587	0.2775584	2.815645	0.8041928	-999.25
600.5786	19.03227	13.84034	0.2881083	2.749019	0.8504305	-999.25
600.7310	19.93444	14.11708	0.2990038	2.773977	0.9367998	-999.25
600.8834	20.14872	14.12766	0.310265	2.711493	0.9379944	-999.25
601.0358	20.9785	14.53276	0.3359921	2.690748	0.99651	-999.25
601.1882	20.39946	13.63538	0.3306059	2.434697	1.061495	-999.25
601.3406	20.02556	13.95852	0.3464591	2.445395	0.9571049	-999.25
601.4930	17.78812	12.56588	0.3091923	2.217182	0.828471	-999.25
601.6454	17.04237	11.83874	0.3062317	2.00138	0.7889246	-999.25
601.7978	16.91676	12.47716	0.3340645	2.042947	0.6584417	-999.25
601.9502	17.51724	12.8621	0.3645641	1.987674	0.6452173	-999.25
602.1026	17.6791	12.90922	0.3471549	2.104553	0.6397962	-999.25
602.2550	17.52921	12.83202	0.3200561	2.238341	0.6084506	-999.25
602.4074	16.62126	12.05419	0.2896284	2.167174	0.5909369	-999.25
602.5598	17.69012	12.38273	0.2827398	2.31273	0.6957831	-999.25
602.7122	17.37998	12.22847	0.2734382	2.317736	0.6343567	-999.25
602.8646	17.59569	12.46508	0.255346	2.499444	0.5774899	-999.25
603.0170	17.51844	11.56214	0.2417571	2.289664	0.6941187	-999.25
603.1694	18.53584	11.83856	0.2595507	2.274055	0.7912953	-999.25
603.3218	19.92251	12.14688	0.2704751	2.308904	0.9572425	-999.25
603.4742	20.11091	10.82677	0.2160565	2.204466	1.193955	-999.25
603.6266	20.4566	11.12573	0.2098886	2.33634	1.248198	-999.25
603.7790	20.30334	11.20244	0.2213405	2.293863	1.227812	-999.25
603.9314	21.09184	11.60515	0.2421141	2.301297	1.275099	-999.25
604.0838	21.26651	12.34942	0.2710929	2.370158	1.198553	-999.25
604.2362	21.43206	12.73984	0.2926495	2.369095	1.172139	-999.25
604.3886	20.29947	11.79122	0.2632499	2.237288	1.205964	-999.25
604.5410	19.68117	12.52681	0.2961065	2.280788	1.090039	-999.25
604.6934	19.82612	13.51265	0.3169806	2.474556	1.000261	-999.25
604.8458	20.70711	14.38928	0.3337092	2.657613	1.043558	-999.25
604.9982	20.72708	14.1773	0.3289588	2.617536	1.085596	-999.25
605.1506	21.24904	14.84397	0.3824013	2.518412	1.045843	-999.25
605.3030	21.42772	15.13972	0.4133742	2.432142	1.010048	-999.25
605.4554	21.90156	15.08902	0.4262678	2.340693	1.081254	-999.25
605.6078	21.68857	15.22808	0.4436358	2.283621	1.029588	-999.25
605.7602	21.69822	15.07341	0.4360278	2.278569	1.070536	-999.25
605.9126	21.59746	15.43736	0.4512921	2.305836	0.9857075	-999.25
606.0650	21.8533	15.28745	0.4371693	2.340459	1.006887	-999.25
606.2174	21.64769	14.21204	0.4289121	2.044103	1.108162	-999.25
606.3698	21.79012	14.4993	0.4453312	2.040002	1.035249	-999.25
606.5222	20.86509	14.26432	0.4421119	1.983526	0.8967575	-999.25
606.6746	20.46543	15.52608	0.4660159	2.24794	0.6308088	-999.25
606.8270	20.3552	15.8143	0.4631395	2.357131	0.5757819	-999.25
606.9794	21.17056	16.53927	0.4718768	2.538304	0.5855166	-999.25
607.1318	21.10906	16.81937	0.4602619	2.695889	0.5352195	-999.25
607.2842	20.27484	16.03296	0.4252392	2.648825	0.5332742	-999.25
607.4366	20.25082	16.25812	0.4482108	2.58649	0.4807584	-999.25
607.5890	21.03279	16.29214	0.4507206	2.582732	0.5847558	-999.25
607.7414	21.46578	16.33635	0.4578381	2.555223	0.6417716	-999.25
607.8938	21.32368	15.88558	0.434975	2.54458	0.633254	-999.25
608.0462	21.07577	15.01193	0.4130811	2.392745	0.7069762	-999.25
608.1986	19.75334	13.16998	0.3662832	2.076379	0.7865942	-999.25
608.3510	18.61837	11.63127	0.329583	1.798059	0.8761235	-999.25
608.5034	17.7197	11.35358	0.3250437	1.735553	0.7969594	-999.25
608.6558	18.41068	12.25001	0.3403445	1.933043	0.7461616	-999.25
608.8082	18.88575	12.11779	0.3357776	1.917295	0.8131715	-999.25
608.9606	19.02201	11.7542	0.3328298	1.818011	0.8678619	-999.25
609.1130	19.20964	11.92371	0.3233554	1.927773	0.8761541	-999.25
609.2654	18.79705	12.14681	0.3211052	2.01242	0.792137	-999.25
609.4178	18.45566	12.73357	0.3319694	2.136825	0.662489	-999.25
609.5702	18.83462	13.26506	0.3420945	2.247845	0.6727667	-999.25
609.7226	18.92924	13.81707	0.344479	2.410772	0.6534875	-999.25
609.8750	18.70314	14.16571	0.3453736	2.517254	0.6256201	-999.25
610.0274	19.16611	14.17351	0.3458426	2.51701	0.6976464	-999.25
610.1798	20.70974	15.2443	0.3561006	2.800235	0.7708746	-999.25
610.3322	22.28515	16.19624	0.3662066	3.046335	0.8825408	-999.25
610.4846	22.09996	15.86678	0.3644524	2.951178	0.9083775	-999.25
610.6370	21.07891	15.4088	0.3612045	2.823553	0.8518506	-999.25
610.7894	20.86779	15.46621	0.3586687	2.856991	0.8132411	-999.25
610.9418	21.25032	15.89756	0.362978	2.970222	0.7934767	-999.25
611.0942	22.0785	16.1855	0.3800079	2.963002	0.8790119	-999.25
611.2466	22.55587	16.59198	0.3993142	2.980483	0.8797496	-999.25
611.3990	22.69277	16.60783	0.3900022	3.040315	0.8910988	-999.25
611.5514	23.0432	16.31318	0.3668251	3.081766	0.9443712	-999.25
611.7038	22.85372	16.86195	0.3668911	3.257375	0.7832713	-999.25
611.8562	22.35165	16.77726	0.3628247	3.254032	0.7207536	-999.25
612.0086	21.4362	15.88495	0.3496926	3.04476	0.6982646	-999.25
612.1610	20.53221	15.56524	0.349865	2.941115	0.6146092	-999.25
612.3134	19.84646	15.54734	0.3564389	2.896734	0.5108424	-999.25
612.4658	19.23152	14.71013	0.3423488	2.710775	0.5670909	-999.25
612.6182	18.18661	13.38018	0.3371017	2.315081	0.6330855	-999.25
612.7706	17.75375	13.02395	0.3248814	2.272347	0.6159158	-999.25
612.9230	17.51924	13.10321	0.3089599	2.390811	0.601007	-999.25
613.0754	17.81175	13.13612	0.3196764	2.338423	0.6178402	-999.25
613.2278	18.24719	13.74213	0.3631045	2.278244	0.5939461	-999.25
613.3802	18.52678	14.20293	0.3960882	2.232634	0.6093419	-999.25
613.5326	18.69678	14.09884	0.3989284	2.182515	0.6389843	-999.25
613.6850	19.13326	13.54177	0.4004443	1.995068	0.7941972	-999.25
613.8374	19.71983	14.05123	0.4116827	2.092505	0.8176244	-999.25
613.9898	20.97866	14.26731	0.3911435	2.28199	0.9940244	-999.25
614.1422	21.71354	15.30574	0.3977242	2.576218	0.9471869	-999.25
614.2946	21.69764	15.38763	0.3814736	2.697598	0.9186994	-999.25
614.4470	20.67072	14.84078	0.3626985	2.632273	0.8494789	-999.25
614.5994	19.45579	14.46085	0.3630486	2.508531	0.6927291	-999.25
614.7518	18.80116	13.53818	0.3491898	2.294046	0.7285693	-999.25
614.9042	20.02598	14.84414	0.385833	2.4981	0.6915093	-999.25
615.0566	20.02178	14.5901	0.3514837	2.617926	0.7422659	-999.25
615.2090	21.91368	16.90846	0.4220157	2.948205	0.7005604	-999.25
615.3614	21.80806	18.30174	0.4482136	3.241404	0.4681299	-999.25
615.5138	22.59377	19.43848	0.4696902	3.480066	0.41495	-999.25
615.6662	21.24613	18.22921	0.4568099	3.167964	0.4101393	-999.25
615.8186	21.38221	17.52555	0.4649625	2.894735	0.4756269	-999.25
615.9710	20.20837	16.92094	0.4415624	2.837881	0.364126	-999.25
616.1234	20.62002	17.57639	0.4696933	2.883236	0.3756796	-999.25
616.2758	19.75116	16.10899	0.4364414	2.607579	0.4701961	-999.25
616.4282	20.55228	16.88231	0.4393183	2.838539	0.4715423	-999.25
616.5806	20.76273	16.82019	0.41181	2.979589	0.5048956	-999.25
616.7330	20.81199	17.6758	0.4505557	3.026856	0.330658	-999.25
616.8854	19.80578	15.97243	0.3998622	2.777565	0.3901525	-999.25
617.0378	18.91488	14.02976	0.3421658	2.49272	0.5606238	-999.25
617.1902	18.46392	13.29005	0.3480867	2.22097	0.5964895	-999.25
617.3426	18.77424	13.80963	0.3529666	2.358858	0.5521345	-999.25
617.4950	17.64334	13.7252	0.323696	2.503165	0.4690306	-999.25
617.6474	17.05405	13.06466	0.3309619	2.248964	0.4845631	-999.25
617.7998	16.79724	13.27229	0.3193781	2.383333	0.4135401	-999.25
617.9522	17.82113	14.48881	0.345282	2.621534	0.3983978	-999.25
618.1046	19.01769	16.22747	0.3733626	3.01432	0.3402458	-999.25
618.2570	19.3862	15.87024	0.3680485	2.931	0.4511254	-999.25
618.4094	19.86518	15.17249	0.3634875	2.734128	0.6673845	-999.25
618.5618	19.50428	14.98365	0.3512367	2.745329	0.6660097	-999.25
618.7142	20.90635	16.25647	0.3905002	2.923359	0.6589084	-999.25
618.8666	22.30617	17.29169	0.3855685	3.283941	0.7582596	-999.25
619.0190	24.03185	18.28512	0.4261464	3.36471	0.800874	-999.25
619.1714	24.5586	18.54096	0.4688865	3.196475	0.8162745	-999.25
619.3238	25.17886	18.32121	0.4685748	3.127884	0.9770817	-999.25
619.4762	24.70436	17.17123	0.4408485	2.921652	1.043456	-999.25
619.6286	23.20392	15.21237	0.398005	2.544741	1.053801	-999.25
619.7810	20.10775	12.8554	0.3571083	2.028848	0.9162583	-999.25
619.9334	17.04371	11.5501	0.3316433	1.759624	0.693536	-999.25
620.0858	15.87499	10.61348	0.3058899	1.61025	0.6343842	-999.25
620.2382	15.18439	9.309884	0.2759759	1.367625	0.6936063	-999.25
620.3906	15.34777	9.526953	0.2824387	1.399323	0.6971033	-999.25
620.5430	14.86203	9.429379	0.2830304	1.364606	0.6298277	-999.25
620.6954	14.94392	9.527287	0.2749926	1.443095	0.658417	-999.25
620.8478	16.35115	10.20578	0.2817086	1.62132	0.7343481	-999.25
621.0002	17.71685	11.08376	0.3030486	1.777845	0.77903	-999.25
621.1526	19.83713	12.33529	0.3236318	2.058532	0.9037947	-999.25
621.3050	21.01098	13.46786	0.3430848	2.307601	0.9133613	-999.25
621.4574	20.86456	13.33559	0.3360129	2.306607	0.9286292	-999.25
621.6098	19.69296	11.79138	0.3015216	2.013676	0.9787312	-999.25
621.7622	19.3126	11.60165	0.2981098	1.972826	0.9772858	-999.25
621.9146	21.63695	14.69552	0.376611	2.504689	0.9136741	-999.25
622.0670	23.47424	16.75867	0.422469	2.897349	0.8993288	-999.25
622.2194	24.12777	16.54962	0.4124647	2.888932	1.015388	-999.25
622.3718	23.48762	16.51898	0.4131172	2.875266	0.9314365	-999.25
622.5242	22.77916	16.53985	0.4098232	2.901123	0.8672913	-999.25
622.6766	22.24271	16.23459	0.3951432	2.889142	0.8686332	-999.25
622.8290	22.51064	16.59203	0.4145286	2.890111	0.8951868	-999.25
622.9814	23.28685	17.25489	0.434169	2.987493	0.970248	-999.25
623.1338	23.0817	17.06086	0.4207619	3.003774	0.9837677	-999.25
623.2862	21.28401	16.29901	0.3955342	2.907279	0.8427828	-999.25
623.4386	19.53414	15.70281	0.3755686	2.833074	0.6784298	-999.25
623.5910	18.54194	14.22217	0.3403377	2.564843	0.716753	-999.25
623.7434	18.27002	13.02905	0.3151705	2.329848	0.8269189	-999.25
623.8958	17.58924	12.70385	0.3157341	2.222328	0.773265	-999.25
624.0482	16.76628	11.98037	0.3056936	2.049232	0.7511315	-999.25
624.2006	16.72768	11.04009	0.2796048	1.900643	0.8635341	-999.25
624.3530	17.08592	10.60955	0.2582032	1.887965	0.9796051	-999.25
624.5054	17.53964	10.93947	0.2598559	1.983977	0.9885118	-999.25
624.6578	16.84609	10.63235	0.2615283	1.87577	0.8972778	-999.25
624.8102	15.9227	9.952813	0.2614096	1.658732	0.8399535	-999.25
624.9626	15.82843	9.937098	0.2658723	1.627593	0.8233442	-999.25
625.1150	15.97062	10.135	0.2640305	1.70182	0.8237221	-999.25
625.2674	16.47219	10.86104	0.2708494	1.894566	0.8087167	-999.25
625.4198	17.44023	11.58513	0.2730737	2.113593	0.8307332	-999.25
625.5722	18.55313	12.12026	0.2708735	2.297946	0.8791499	-999.25
625.7246	19.37704	12.71832	0.2656746	2.520007	0.9291034	-999.25
625.8770	19.14629	12.55363	0.2597313	2.502012	0.9356523	-999.25
626.0294	18.4217	12.30537	0.2645179	2.394421	0.8625568	-999.25
626.1818	17.86667	11.95678	0.2581038	2.320275	0.8175232	-999.25
626.3342	17.4438	11.40791	0.2485499	2.200341	0.863304	-999.25
626.4866	17.29593	11.74961	0.2465865	2.321318	0.8543842	-999.25
626.6390	17.44707	12.34508	0.2420581	2.53861	0.8269542	-999.25
626.7914	17.61342	12.03778	0.2257898	2.535358	0.8743577	-999.25
626.9438	17.3016	11.42522	0.2123629	2.417674	0.9086583	-999.25
627.0962	16.68731	11.32865	0.2066071	2.420421	0.8600841	-999.25
627.2486	15.89319	11.29133	0.2013014	2.439566	0.7891362	-999.25
627.4010	15.91937	11.58412	0.2209184	2.418599	0.7310541	-999.25
627.5534	16.04148	11.62135	0.2325942	2.362203	0.7313645	-999.25
627.7058	15.84648	11.93802	0.2451737	2.390058	0.6706581	-999.25
627.8582	17.06426	13.22445	0.2916949	2.529934	0.6686084	-999.25
628.0106	19.82222	15.85383	0.3494012	3.034659	0.6769252	-999.25
628.1630	23.00305	18.06442	0.3847236	3.536252	0.8175059	-999.25
628.3154	25.05355	19.01974	0.4083659	3.704005	0.9781107	-999.25
628.4678	25.14686	19.45827	0.4383309	3.669131	0.9409073	-999.25
628.6202	24.50341	19.53581	0.445033	3.654782	0.828785	-999.25
628.7726	22.75311	17.95329	0.4299125	3.236222	0.772843	-999.25
628.9250	21.23256	16.16307	0.4111543	2.772368	0.7905954	-999.25
629.0774	19.66953	15.42001	0.3972385	2.615712	0.6762519	-999.25
629.2298	19.37489	16.04513	0.4033	2.780514	0.5451806	-999.25
629.3822	19.83086	16.26717	0.3857733	2.954236	0.5520582	-999.25
629.5346	20.58786	16.68565	0.3778892	3.134482	0.6071346	-999.25
629.6870	21.83232	17.95701	0.4069587	3.371697	0.5999916	-999.25
629.8394	23.03075	18.82009	0.4520245	3.384445	0.6127304	-999.25
629.9918	22.8582	18.56784	0.4498134	3.316574	0.6161788	-999.25
630.1442	21.32277	17.30148	0.4080154	3.155476	0.5831513	-999.25
630.2966	20.67182	16.45643	0.3961317	2.954297	0.6423612	-999.25
630.4490	21.63247	17.55106	0.4132266	3.205045	0.6305476	-999.25
630.6014	22.14778	17.81174	0.4062517	3.329417	0.6440039	-999.25
630.7538	21.21469	16.44529	0.3751084	3.073883	0.6831535	-999.25
630.9062	20.55996	15.30532	0.3698803	2.739234	0.738643	-999.25
631.0586	20.0589	15.44692	0.3799573	2.725644	0.6596476	-999.25
631.2110	19.20684	14.70149	0.3458982	2.686219	0.6355332	-999.25
631.3634	17.78013	13.58508	0.3162442	2.502097	0.5839218	-999.25
631.5158	17.0443	13.86131	0.3198684	2.569378	0.4131049	-999.25
631.6682	17.22055	14.67439	0.3427071	2.696195	0.3115722	-999.25
631.8206	17.5434	15.55386	0.3831333	2.741325	0.2094054	-999.25
631.9730	17.16391	14.65266	0.3613129	2.580201	0.2455468	-999.25
632.1254	17.92891	14.99416	0.382781	2.563864	0.2990246	-999.25
632.2778	18.65086	15.41798	0.4110639	2.534058	0.3620693	-999.25
632.4302	19.08861	14.69107	0.3670094	2.559004	0.5267848	-999.25
632.5826	18.41823	14.07497	0.3443339	2.494328	0.4982859	-999.25
632.7350	16.81218	13.10982	0.3277131	2.28234	0.4034777	-999.25
632.8874	17.03534	13.80889	0.3557267	2.342297	0.3612193	-999.25
633.0398	15.69179	12.55752	0.3291691	2.096769	0.3706003	-999.25
633.1922	17.00268	12.46789	0.3294676	2.066304	0.5820777	-999.25
633.3446	16.32887	11.29218	0.3242038	1.720394	0.6297095	-999.25
633.4970	16.87952	10.94958	0.3033226	1.73289	0.7648365	-999.25
633.6494	15.01919	9.921655	0.2591442	1.662133	0.657592	-999.25
633.8018	14.8379	9.498427	0.2460962	1.602926	0.7145501	-999.25
633.9542	15.18556	10.4411	0.2535803	1.861202	0.6361292	-999.25
634.1065	16.99313	12.40968	0.3159449	2.126937	0.6039888	-999.25
634.2589	17.93369	13.31455	0.3468365	2.236016	0.6634197	-999.25
634.4113	18.07007	12.33944	0.3516223	1.895556	0.8212899	-999.25
634.5637	17.8054	12.07711	0.3521551	1.808358	0.8039906	-999.25
634.7161	18.40482	12.62504	0.3361553	2.077605	0.82015	-999.25
634.8685	19.25583	14.28468	0.3622117	2.456843	0.738763	-999.25
635.0209	20.15482	14.62633	0.3460819	2.660773	0.841616	-999.25
635.1733	19.03163	13.27045	0.3019342	2.484832	0.8878322	-999.25
635.3257	19.9835	14.38056	0.3531899	2.540777	0.8455712	-999.25
635.4781	20.96121	15.06605	0.3595051	2.723717	0.9016996	-999.25
635.6305	21.84682	14.85067	0.3279396	2.839736	1.042221	-999.25
635.7829	21.00337	14.07124	0.3121742	2.682384	1.030434	-999.25
635.9353	19.36883	12.65767	0.2726265	2.46094	0.9530878	-999.25
636.0877	20.29925	14.10502	0.2931392	2.804808	0.860525	-999.25
636.2401	20.89892	14.94417	0.3027313	3.017716	0.835322	-999.25
636.3925	21.85084	15.79558	0.3317617	3.120789	0.8383565	-999.25
636.5449	21.31655	14.82952	0.3194314	2.88348	0.8903784	-999.25
636.6973	21.46825	15.79825	0.338225	3.083899	0.7680863	-999.25
636.8497	21.55532	16.79711	0.3842137	3.134627	0.6234702	-999.25
637.0021	21.59935	16.94816	0.3986878	3.098026	0.5874891	-999.25
637.1545	21.83862	17.76081	0.4391528	3.121339	0.4997859	-999.25
637.3069	21.11184	17.90187	0.4886259	2.876658	0.3889846	-999.25
637.4593	21.13092	18.2146	0.5057746	2.876343	0.361426	-999.25
637.6117	19.86703	17.76106	0.4701831	2.939255	0.2649437	-999.25
637.7641	18.58106	16.21948	0.4196729	2.740809	0.3196634	-999.25
637.9165	17.21108	13.81047	0.3692165	2.264108	0.4506449	-999.25
638.0689	17.44354	13.47445	0.3632382	2.191323	0.5196981	-999.25
638.2213	18.05648	13.90777	0.3808512	2.226993	0.5466765	-999.25
638.3737	17.52155	12.90919	0.3644479	2.003006	0.6131095	-999.25
638.5261	16.86978	11.98328	0.3349796	1.878817	0.646411	-999.25
638.6785	17.56156	12.88712	0.3463678	2.101811	0.6174483	-999.25
638.8309	19.1674	14.44379	0.3665342	2.482613	0.6272268	-999.25
638.9833	19.82577	15.12685	0.3701248	2.680461	0.6304508	-999.25
639.1357	19.18411	15.10937	0.369563	2.678121	0.5314233	-999.25
639.2881	18.33778	14.33946	0.3641099	2.463335	0.5122108	-999.25
639.4405	19.04249	15.17767	0.4008251	2.516988	0.4767511	-999.25
639.5929	19.9739	17.04094	0.4516523	2.816473	0.3495311	-999.25
639.7453	19.97764	17.67273	0.4766296	2.872693	0.2714758	-999.25
639.8977	18.58183	16.62615	0.4548867	2.664611	0.2114442	-999.25
640.0501	17.61796	16.26604	0.4272109	2.711221	0.1596972	-999.25
640.2025	17.71974	16.98916	0.4287205	2.934059	0.1368679	-999.25
640.3549	18.60006	16.99788	0.4464024	2.833261	0.2808572	-999.25
640.5073	19.25004	17.12071	0.4584141	2.802248	0.3104351	-999.25
640.6597	18.91757	16.27309	0.4243128	2.730277	0.3472805	-999.25
640.8121	17.75946	14.51954	0.3813024	2.420198	0.4421686	-999.25
640.9645	16.5743	13.04039	0.3406015	2.184509	0.4985853	-999.25
641.1169	16.05633	12.22069	0.315208	2.070502	0.5657726	-999.25
641.2693	16.17482	11.84586	0.3106596	1.977018	0.6647384	-999.25
641.4217	16.33881	12.17461	0.315581	2.053552	0.6624558	-999.25
641.5741	16.97759	12.76519	0.3236805	2.195382	0.6699832	-999.25
641.7265	16.77557	11.9677	0.3120579	2.007898	0.7208623	-999.25
641.8789	16.68204	11.35852	0.2924896	1.927293	0.7699586	-999.25
642.0313	16.54988	12.29947	0.3246106	2.040771	0.6247762	-999.25
642.1837	17.20692	12.66134	0.3208058	2.178997	0.6889404	-999.25
642.3361	18.64033	14.3802	0.3630487	2.482492	0.6826703	-999.25
642.4885	20.05421	16.29556	0.3856144	2.964112	0.5913858	-999.25
642.6409	20.91985	17.01045	0.3973832	3.124278	0.5829971	-999.25
642.7933	21.08012	16.73665	0.4013126	3.013545	0.6037274	-999.25
642.9457	21.11743	16.79419	0.4051332	3.009628	0.5901739	-999.25
643.0981	20.83952	16.18101	0.3811604	2.953494	0.6151803	-999.25
643.2505	21.00107	15.94052	0.3795375	2.885944	0.6845683	-999.25
643.4029	20.68056	16.05777	0.3973472	2.819237	0.6283091	-999.25
643.5553	20.47986	16.56424	0.4223472	2.835133	0.50502	-999.25
643.7077	21.30974	17.60983	0.4518102	2.997673	0.4801777	-999.25
643.8601	21.3481	17.7663	0.4611836	2.992947	0.4858002	-999.25
644.0125	20.71204	17.1406	0.4754128	2.709183	0.5143248	-999.25
644.1649	19.55575	15.7734	0.4395895	2.480799	0.5783772	-999.25
644.3173	19.4539	14.67182	0.4288421	2.190752	0.7378097	-999.25
644.4697	19.80064	15.47572	0.4481829	2.335129	0.6836826	-999.25
644.6221	19.77652	15.73323	0.4373846	2.480858	0.6580231	-999.25
644.7745	17.8966	13.56632	0.3805686	2.119154	0.6627759	-999.25
644.9269	17.09153	12.90738	0.3741473	1.945605	0.642788	-999.25
645.0793	16.0982	12.6335	0.3511218	1.992757	0.50802	-999.25
645.2317	16.23698	12.91251	0.3541495	2.064704	0.4812936	-999.25
645.3841	16.8709	12.93409	0.3548035	2.06805	0.5738407	-999.25
645.5365	17.93114	13.28868	0.3517732	2.199748	0.6741709	-999.25
645.6889	18.26749	13.71591	0.349671	2.349216	0.6580988	-999.25
645.8413	18.50479	13.93632	0.3603453	2.357558	0.6166641	-999.25
645.9937	18.99198	14.45111	0.3734765	2.445825	0.5732884	-999.25
646.1461	19.43894	15.19988	0.3758829	2.671799	0.5410088	-999.25
646.2985	19.69411	15.27426	0.365861	2.75437	0.5729575	-999.25
646.4509	19.47371	15.00248	0.3550661	2.730483	0.5624647	-999.25
646.6033	20.07418	15.65144	0.3839095	2.769628	0.5409504	-999.25
646.7557	19.65681	15.44975	0.3716894	2.77647	0.5267808	-999.25
646.9081	19.46025	14.49462	0.3488905	2.603704	0.6665748	-999.25
647.0605	18.19742	13.24251	0.301144	2.481647	0.6771537	-999.25
647.2129	18.65979	13.57547	0.3050748	2.565189	0.656873	-999.25
647.3653	19.10428	13.3016	0.3155112	2.416073	0.7188528	-999.25
647.5177	19.47854	13.43227	0.3225617	2.416473	0.705053	-999.25
647.6701	19.2959	13.53708	0.301978	2.570391	0.6861286	-999.25
647.8225	18.38072	12.69352	0.2844998	2.402248	0.725614	-999.25
647.9749	17.97662	12.31492	0.2744849	2.33948	0.7298463	-999.25
648.1273	17.35522	12.16122	0.2637604	2.352964	0.6788266	-999.25
648.2797	17.53848	12.60738	0.2548854	2.547845	0.6835468	-999.25
648.4321	17.7562	13.31207	0.2623245	2.730078	0.6484186	-999.25
648.5845	17.90278	14.05774	0.2840548	2.841786	0.55654	-999.25
648.7369	18.39563	14.73949	0.2975513	2.981202	0.51643	-999.25
648.8893	17.68681	14.46661	0.2954306	2.906152	0.475886	-999.25
649.0417	16.76968	13.84692	0.2849886	2.768712	0.4340605	-999.25
649.1941	16.33065	13.60435	0.2566952	2.85659	0.4060641	-999.25
649.3465	16.96358	13.82001	0.2601774	2.905276	0.4843926	-999.25
649.4989	17.65049	14.36145	0.2752556	2.990456	0.5061294	-999.25
649.6513	17.11266	14.95175	0.3058624	3.00044	0.2679765	-999.25
649.8037	15.97007	13.31632	0.2905251	2.566154	0.3449434	-999.25
649.9561	15.96639	13.29715	0.316045	2.410627	0.3224908	-999.25
650.1085	16.26021	13.98091	0.3602327	2.371043	0.2296314	-999.25
650.2609	15.76679	12.7284	0.3199622	2.205458	0.3078209	-999.25
650.4133	16.02449	12.70524	0.321369	2.189802	0.3742577	-999.25
650.5657	16.76027	12.72723	0.3382469	2.098039	0.5093519	-999.25
650.7181	17.7469	12.76206	0.3456084	2.06609	0.6691983	-999.25
650.8705	18.08331	12.30093	0.3513333	1.884808	0.7954485	-999.25
651.0229	17.45697	11.47493	0.3455042	1.654265	0.8374068	-999.25
651.1753	17.14336	11.40486	0.3433093	1.644674	0.8159351	-999.25
651.3277	17.35362	11.60143	0.3556965	1.635148	0.8185603	-999.25
651.4801	17.20824	11.70501	0.3592632	1.647459	0.7930352	-999.25
651.6325	17.97737	13.22697	0.3964009	1.917731	0.6986651	-999.25
651.7849	17.86098	13.16441	0.3931786	1.91655	0.7054686	-999.25
651.9373	17.92411	12.79416	0.3667215	1.952803	0.7521265	-999.25
652.0897	17.26675	13.33963	0.359207	2.171595	0.5998893	-999.25
652.2421	16.59119	12.97639	0.3307033	2.222062	0.5246289	-999.25
652.3945	17.20048	14.07148	0.3508276	2.455165	0.3944337	-999.25
652.5469	17.08178	14.70424	0.3639718	2.580972	0.2479325	-999.25
652.6993	18.066	16.66017	0.3989996	3.002665	0.131576	-999.25
652.8517	18.36799	17.34043	0.416992	3.115323	0.04558863	-999.25
653.0041	18.39338	17.44395	0.4233622	3.1112	0.01292425	-999.25
653.1565	16.94767	15.93572	0.3791314	2.886834	0.03630334	-999.25
653.3089	14.56992	13.34057	0.3121153	2.447587	0.06448846	-999.25
653.4613	12.58625	11.02084	0.2514132	2.059638	0.1118501	-999.25
653.6137	11.99144	10.00018	0.2168956	1.934664	0.1727878	-999.25
653.7661	12.60536	9.983582	0.221981	1.899597	0.2409759	-999.25
653.9185	13.78911	10.41962	0.2497927	1.876567	0.317393	-999.25
654.0709	14.80068	10.598	0.260053	1.873738	0.4005103	-999.25
654.2233	15.67951	10.65333	0.2536811	1.928836	0.5192621	-999.25
654.3757	17.10665	11.28334	0.2640747	2.069932	0.6210162	-999.25
654.5281	18.11993	11.96914	0.2758715	2.220613	0.650304	-999.25
654.6805	18.60463	12.57227	0.2785332	2.398249	0.6466763	-999.25
654.8329	18.42742	12.22574	0.2689445	2.343328	0.6612418	-999.25
654.9853	17.8219	11.60988	0.2666458	2.159428	0.6675702	-999.25
655.1377	17.61078	11.36709	0.2745136	2.035558	0.6703497	-999.25
655.2901	17.45598	12.00051	0.2901021	2.147247	0.5688233	-999.25
655.4425	17.58156	13.07373	0.3044071	2.407362	0.4600511	-999.25
655.5949	17.01349	12.69023	0.288877	2.375329	0.4478388	-999.25
655.7473	15.75888	12.38515	0.2783673	2.339025	0.3788854	-999.25
655.8997	15.95179	13.03713	0.2977548	2.434382	0.3456577	-999.25
656.0521	17.66981	14.33373	0.3318852	2.649999	0.4008081	-999.25
656.2045	19.09214	15.02572	0.3424763	2.809743	0.5366044	-999.25
656.3569	18.90066	14.4455	0.3424196	2.624188	0.614426	-999.25
656.5093	18.93211	14.73874	0.3738445	2.534211	0.5725452	-999.25
656.6617	19.56454	15.20925	0.3901887	2.589337	0.6056818	-999.25
656.8141	20.56179	15.88683	0.3909845	2.801846	0.6851929	-999.25
656.9665	21.30255	16.06422	0.3822047	2.910137	0.8154888	-999.25
657.1189	22.6796	16.87359	0.4096021	3.009141	0.9535477	-999.25
657.2713	23.00538	17.50131	0.4320153	3.079091	0.9494314	-999.25
657.4237	22.07394	16.69198	0.4148144	2.920468	0.9129084	-999.25
657.5761	20.92782	15.66942	0.3995238	2.682348	0.8530748	-999.25
657.7285	20.38581	15.4374	0.3958037	2.629792	0.7822117	-999.25
657.8809	20.03528	15.28508	0.4025191	2.54167	0.7158667	-999.25
658.0333	18.60613	14.03989	0.3467152	2.469334	0.6616865	-999.25
658.1857	17.40701	12.49778	0.266419	2.445232	0.719694	-999.25
658.3381	16.70053	11.85625	0.2399251	2.394728	0.704572	-999.25
658.4905	16.39822	11.95933	0.2626856	2.294488	0.60574	-999.25
658.6429	17.16232	12.39048	0.2887546	2.28	0.6141824	-999.25
658.7953	17.24433	11.88996	0.274014	2.205876	0.6692336	-999.25
658.9477	17.70282	12.37665	0.2772909	2.342621	0.6622228	-999.25
659.1001	16.92179	11.94111	0.2711518	2.238974	0.6363584	-999.25
659.2525	16.7665	11.87641	0.2531832	2.323413	0.65574	-999.25
659.4049	17.06164	11.90464	0.2470673	2.368259	0.7249503	-999.25
659.5573	18.03106	13.0811	0.2660438	2.63414	0.7203251	-999.25
659.7097	19.29969	14.83616	0.3059208	2.963076	0.6723743	-999.25
659.8621	19.97281	15.68906	0.3351575	3.065222	0.6923296	-999.25
660.0145	20.12324	15.82056	0.3358662	3.103204	0.7492242	-999.25
660.1669	19.49335	14.69435	0.2949771	2.981697	0.8414142	-999.25
660.3193	18.07227	13.42185	0.2765939	2.681578	0.7851998	-999.25
660.4717	17.76877	13.19827	0.2831992	2.571274	0.7613949	-999.25
660.6241	18.4465	12.91335	0.2826731	2.483067	0.8854431	-999.25
660.7765	18.90454	12.30993	0.2711926	2.356942	1.010143	-999.25
660.9289	17.81304	10.87125	0.2391618	2.083452	1.058427	-999.25
661.0813	16.28656	9.994226	0.2088539	1.979832	0.961642	-999.25
661.2337	16.20704	10.1171	0.2057422	2.037429	0.9120123	-999.25
661.3861	16.81591	10.31218	0.2142605	2.050079	0.9749181	-999.25
661.5385	17.52238	11.14985	0.2352077	2.195873	0.942526	-999.25
661.6909	17.88377	11.69381	0.2645649	2.198322	0.8695641	-999.25
661.8433	17.64335	12.08319	0.2804285	2.230224	0.7701524	-999.25
661.9957	17.62191	12.76276	0.2851165	2.420536	0.7243183	-999.25
662.1481	17.82833	13.2537	0.3002945	2.489015	0.7317138	-999.25
662.3005	18.77494	14.04733	0.3130883	2.668447	0.753773	-999.25
662.4529	19.59422	15.26925	0.3342223	2.936282	0.6681243	-999.25
662.6053	20.02192	16.58781	0.3873353	3.047873	0.5090676	-999.25
662.7577	19.3276	15.96115	0.3940588	2.807721	0.5076967	-999.25
662.9101	18.06314	14.01403	0.3536483	2.420362	0.6166495	-999.25
663.0625	16.9085	12.66184	0.3245094	2.15765	0.6139849	-999.25
663.2149	16.87885	12.06813	0.3205747	1.990439	0.6213803	-999.25
663.3673	16.92423	11.62716	0.3044044	1.943794	0.6089077	-999.25
663.5197	17.42033	11.68641	0.3095988	1.932358	0.5721512	-999.25
663.6721	17.00046	10.6742	0.2940381	1.699088	0.515987	-999.25
663.8245	15.43833	8.867051	0.2484637	1.386786	0.4296497	-999.25
663.9769	12.76862	7.029712	0.2088594	1.029851	0.2972058	-999.25
664.1293	10.86342	5.466996	0.1732592	0.7374868	0.2523998	-999.25
664.2817	10.22463	4.468456	0.1421658	0.5995297	0.2473143	-999.25
664.4341	10.2223	4.262628	0.1337064	0.5830771	0.1586646	-999.25
664.5865	10.21702	4.22153	0.1362983	0.5547025	0.03971443	-999.25
664.7389	10.21413	3.963936	0.1398555	0.4513158	-0.02410235	-999.25
664.8913	10.20748	3.918768	0.1432469	0.4169846	-0.05494143	-999.25
665.0437	10.17941	3.907991	0.1428523	0.415836	-0.05479008	-999.25
665.1961	10.14838	3.896081	0.1424162	0.4145668	-0.05462284	-999.25
665.3485	10.1268	3.887796	0.1421127	0.4136832	-0.05450643	-999.25
665.5009	10.12657	3.887709	0.1421088	0.4136719	-0.05450494	-999.25
665.6533	10.12624	3.887582	0.1421031	0.4136552	-0.05450273	-999.25
665.8057	10.12601	3.887494	0.1420985	0.4136417	-0.05450096	-999.25
665.9581	10.12614	3.88754	0.1420989	0.4136431	-0.05450115	-999.25
666.1105	10.12062	3.885422	0.1420208	0.4134155	-0.05447116	-999.25
666.2629	10.09619	3.876044	0.1416772	0.4124154	-0.05433938	-999.25
666.4153	10.05749	3.861185	0.1411333	0.4108322	-0.05413078	-999.25
666.5677	10.02503	3.848726	0.1406773	0.4095049	-0.0539559	-999.25
666.7201	10.01226	3.843822	0.1404977	0.4089819	-0.05388699	-999.25
666.8725	10.01289	3.844066	0.1405062	0.4090068	-0.05389027	-999.25
667.0249	10.01469	3.844754	0.140531	0.4090788	-0.05389976	-999.25
667.1773	10.02423	3.848417	0.1406647	0.409468	-0.05395103	-999.25
667.3297	10.04348	3.855807	0.1409343	0.4102528	-0.05405444	-999.25
667.4821	10.06064	3.862396	0.1411742	0.410951	-0.05414645	-999.25
667.6345	10.06926	3.865705	0.1412948	0.4113023	-0.05419273	-999.25
667.7869	10.07116	3.866436	0.1413213	0.4113794	-0.05420289	-999.25
667.9393	10.04192	3.855209	0.1409108	0.4101843	-0.05404542	-999.25
668.0917	9.977076	3.830314	0.1400006	0.4075348	-0.05369633	-999.25
668.2441	9.941328	3.816591	0.1394986	0.4060735	-0.05350379	-999.25
668.3965	9.941758	3.816756	0.139504	0.4060892	-0.05350586	-999.25
668.5489	9.977367	3.830426	0.140003	0.4075419	-0.05369727	-999.25
668.7013	9.981819	3.832136	0.1400649	0.4077219	-0.05372099	-999.25
668.8537	9.981627	3.832062	0.1400615	0.4077123	-0.05371971	-999.25
669.0061	9.981503	3.832014	0.1400598	0.4077072	-0.05371904	-999.25
669.1585	9.980247	3.831532	0.1400429	0.4076581	-0.05371257	-999.25
669.3109	9.97917	3.831119	0.1400279	0.4076143	-0.0537068	-999.25
669.4633	9.979296	3.831167	0.1400296	0.4076194	-0.05370747	-999.25
669.6157	9.980319	3.83156	0.140044	0.4076612	-0.05371299	-999.25
669.7681	9.981057	3.831844	0.1400544	0.4076914	-0.05371697	-999.25
669.9205	9.981164	3.831885	0.1400559	0.4076959	-0.05371756	-999.25
670.0729	9.98129	3.831933	0.1400577	0.407701	-0.05371823	-999.25
670.2253	9.98243	3.832371	0.1400737	0.4077475	-0.05372436	-999.25
670.3777	9.983569	3.832808	0.1400897	0.4077941	-0.0537305	-999.25

