HOLE:	U1508C
EXPEDITION:	371
TOP:	580.6142
BOTTOM:	698.2669
DEPTH_WMSF	RLA1	RLA2	RLA3	RLA4	RLA5	RM_HRLT	RT_HRLT
m	ohm.m	ohm.m	ohm.m	ohm.m	ohm.m	ohm.m	ohm.m
580.6142	3.456517	3.390322	3.40944	3.45112	3.635766	0.2856291	3.547699
580.7666	3.082221	2.989301	2.998325	3.030035	3.193233	0.2858943	3.087152
580.9190	3.073014	2.977205	2.987245	3.023041	3.182288	0.2852455	3.074075
581.0714	3.093904	3.000647	2.998232	3.03817	3.202184	0.2838789	3.094751
581.2238	3.065947	2.976094	2.989528	3.022898	3.190182	0.2841666	3.083639
581.3762	3.09142	2.993243	3.00254	3.044737	3.203804	0.2842455	3.095671
581.5286	3.067359	2.978843	2.989038	3.029094	3.19392	0.2846837	3.089833
581.6810	3.063359	2.981339	2.99091	3.028737	3.19686	0.2854948	3.095866
581.8334	3.110321	3.005469	3.007337	3.056862	3.216328	0.2878182	3.101342
581.9858	3.178067	3.07352	3.060811	3.13645	3.294667	0.2900572	3.178319
582.1382	3.475411	3.378623	3.394835	3.483456	3.651283	0.292515	3.555386
582.2906	3.446931	3.351651	3.388132	3.464607	3.635091	0.2963013	3.548964
582.4430	3.536136	3.46362	3.507827	3.55745	3.750777	0.297387	3.675064
582.5954	3.414593	3.308275	3.323828	3.361535	3.568371	0.2981589	3.446573
582.7478	3.218822	3.086381	3.091459	3.121218	3.31939	0.2994449	3.182843
582.9002	3.331059	3.200669	3.209516	3.243941	3.445939	0.298591	3.309159
583.0526	3.493722	3.401697	3.424308	3.463557	3.667469	0.2983692	3.559292
583.2050	3.477895	3.394341	3.422366	3.46641	3.660778	0.2992856	3.562518
583.3574	3.502407	3.412112	3.439325	3.482572	3.675054	0.2992412	3.570908
583.5098	3.362753	3.249447	3.268681	3.305119	3.504041	0.3002812	3.382099
583.6622	3.404658	3.27581	3.257138	3.320539	3.506686	0.2998901	3.373341
583.8146	3.484626	3.381484	3.396093	3.468529	3.635651	0.2983423	3.528037
583.9670	3.494068	3.395513	3.424316	3.495238	3.660302	0.298472	3.561666
584.1194	3.502962	3.397621	3.4309	3.493346	3.656186	0.2986389	3.552749
584.2718	3.492232	3.392178	3.419086	3.490897	3.653591	0.2990147	3.553334
584.4242	3.491931	3.392897	3.419659	3.485063	3.647813	0.2992461	3.546234
584.5766	3.481659	3.382239	3.408438	3.476097	3.637013	0.2994267	3.534442
584.7290	3.46783	3.37183	3.392422	3.463827	3.623914	0.2994888	3.521737
584.8814	3.466476	3.368658	3.384143	3.456828	3.615057	0.298956	3.508667
585.0338	3.406876	3.306182	3.312696	3.379085	3.529693	0.2989003	3.418018
585.1862	3.285725	3.179962	3.196829	3.232849	3.392824	0.2993472	3.279228
585.3386	3.204074	3.10549	3.092265	3.128017	3.272514	0.2989395	3.16668
585.4910	3.270635	3.149698	3.14398	3.178663	3.329158	0.2987818	3.219546
585.6434	3.269701	3.147635	3.148864	3.178396	3.334792	0.2988485	3.219203
585.7958	3.372859	3.248619	3.234779	3.272952	3.43179	0.2971528	3.317385
585.9482	3.140043	3.031096	3.022804	3.059482	3.214735	0.297768	3.105621
586.1006	3.123554	3.016232	3.009524	3.04791	3.204207	0.2978301	3.091717
586.2530	3.140113	3.030657	3.025438	3.064368	3.219629	0.296426	3.108418
586.4054	3.146143	3.030967	3.024796	3.070107	3.223433	0.296625	3.110996
586.5578	3.131735	3.022853	3.018498	3.062124	3.2203	0.2978869	3.104991
586.7102	3.284243	3.16466	3.159286	3.201673	3.362444	0.2981443	3.243169
586.8626	3.401783	3.289817	3.285386	3.351914	3.502606	0.2986358	3.387133
587.0150	3.465258	3.3642	3.373014	3.438577	3.586571	0.3000574	3.47511
587.1674	3.494761	3.38944	3.406076	3.467987	3.618307	0.3004217	3.505897
587.3198	3.487802	3.377069	3.390135	3.461089	3.611805	0.3006897	3.496465
587.4722	3.485118	3.383756	3.392455	3.461718	3.608517	0.3006552	3.497818
587.6246	3.495865	3.390196	3.403435	3.468798	3.620363	0.30044	3.507493
587.7770	3.459739	3.355912	3.365408	3.434789	3.583225	0.3003919	3.470865
587.9294	3.405422	3.299896	3.299125	3.375726	3.518664	0.300606	3.40758
588.0818	3.383949	3.283337	3.288229	3.352799	3.50181	0.3004868	3.391035
588.2342	3.381863	3.267356	3.287533	3.332125	3.484138	0.3008369	3.370923
588.3866	3.32078	3.216473	3.191923	3.224509	3.368031	0.3002979	3.265133
588.5390	3.505232	3.36687	3.367209	3.394394	3.549042	0.2987944	3.437494
588.6914	3.386425	3.258028	3.25049	3.280792	3.429955	0.2990697	3.323781
588.8438	3.374701	3.250971	3.242489	3.273702	3.424887	0.2989108	3.316024
588.9962	3.419284	3.292065	3.281842	3.306973	3.45505	0.2986419	3.353152
589.1486	3.424132	3.291775	3.288529	3.31185	3.460367	0.2986751	3.356908
589.3010	3.423435	3.29405	3.283414	3.317168	3.462182	0.2991765	3.359253
589.4534	3.105865	2.982949	2.976883	3.01058	3.138981	0.3000798	3.043731
589.6058	3.402727	3.289041	3.28703	3.334012	3.485709	0.2993962	3.371141
589.7582	3.457541	3.353528	3.363085	3.404549	3.573967	0.2990885	3.453443
589.9106	3.484301	3.374284	3.384807	3.423039	3.592348	0.2985541	3.468812
590.0630	3.551229	3.43077	3.429793	3.470681	3.644503	0.2956679	3.518238
590.2154	3.412134	3.298443	3.320799	3.376333	3.557504	0.2943673	3.443487
590.3678	3.157184	3.032146	3.032803	3.078866	3.259504	0.2936693	3.13094
590.5202	3.170534	3.043158	3.040275	3.094672	3.270814	0.2912021	3.144656
590.6726	3.168932	3.045627	3.041713	3.089261	3.265685	0.2914116	3.140374
590.8250	3.153744	3.03827	3.033967	3.084589	3.26016	0.2900088	3.138415
590.9774	3.147232	3.039232	3.036085	3.087839	3.264617	0.2895845	3.145458
591.1298	3.283494	3.169621	3.166666	3.227077	3.418458	0.2898279	3.295422
591.2822	3.338006	3.239407	3.22945	3.309146	3.509934	0.2900538	3.40592
591.4346	3.243466	3.144766	3.187762	3.273062	3.476861	0.292647	3.411023
591.5870	3.202462	3.126302	3.146038	3.211979	3.41475	0.2958375	3.341131
591.7394	3.164763	3.087561	3.098841	3.165212	3.364219	0.2962177	3.283241
591.8918	3.148582	3.077002	3.086886	3.154386	3.356112	0.2966554	3.278805
592.0442	3.145392	3.074709	3.09317	3.157161	3.364434	0.2968964	3.293153
592.1966	3.181742	3.095575	3.108513	3.169725	3.37056	0.2970227	3.281457
592.3490	3.171209	3.089939	3.104769	3.175858	3.372875	0.2973785	3.292129
592.5014	3.172557	3.091083	3.100149	3.172342	3.369679	0.2973281	3.286441
592.6538	3.156319	3.077136	3.094062	3.163055	3.365251	0.2959532	3.287549
592.8062	3.127431	3.038618	3.045191	3.113695	3.307086	0.2956268	3.212953
592.9586	2.706403	2.600957	2.594737	2.677325	2.809195	0.2958991	2.711715
593.1110	2.859034	2.793751	2.821	2.891936	3.026279	0.294143	2.972897
593.2634	2.768089	2.715544	2.747882	2.81549	2.947573	0.2930432	2.905763
593.4158	2.759635	2.714555	2.747497	2.810005	2.944999	0.2925793	2.906751
593.5682	2.757504	2.708145	2.741362	2.806937	2.940042	0.2918102	2.901746
593.7206	2.753582	2.699525	2.73856	2.799482	2.93371	0.2916557	2.894173
593.8730	2.711187	2.666306	2.698879	2.756542	2.891145	0.2914039	2.851573
594.0254	2.750458	2.705654	2.724962	2.792467	2.923192	0.2909765	2.876843
594.1778	2.7513	2.70504	2.725557	2.790566	2.921855	0.2904052	2.873614
594.3302	2.744654	2.694945	2.709217	2.774547	2.907308	0.290763	2.852779
594.4826	2.526525	2.449324	2.461022	2.505684	2.641163	0.2936285	2.562461
594.6350	2.677334	2.607589	2.618368	2.649572	2.814424	0.2931177	2.725041
594.7874	2.950272	2.867752	2.884088	2.943055	3.127557	0.2914943	3.046559
594.9398	2.940382	2.85806	2.873349	2.933622	3.123241	0.2930799	3.043262
595.0922	2.926147	2.843279	2.864564	2.925378	3.119334	0.2935611	3.042976
595.2446	2.928601	2.853946	2.869777	2.930279	3.127439	0.2934127	3.054674
595.3970	2.944719	2.860892	2.876873	2.937055	3.126302	0.2933434	3.044921
595.5494	2.951541	2.86604	2.877971	2.936416	3.125816	0.2930548	3.039587
595.7018	2.940041	2.857789	2.872606	2.932684	3.12144	0.2933386	3.043586
595.8542	2.826968	2.743697	2.790862	2.853206	3.053135	0.2948904	3.000512
596.0066	3.164125	3.08042	3.114149	3.164845	3.397547	0.2929803	3.319123
596.1590	3.080454	2.986467	3.002873	3.048329	3.25721	0.2924466	3.161344
596.3114	2.902806	2.789106	2.817403	2.844302	3.0335	0.294218	2.923558
596.4638	2.892276	2.78732	2.807464	2.843985	3.031434	0.2935743	2.924968
596.6162	2.899476	2.790828	2.81294	2.842168	3.032586	0.2944322	2.921309
596.7686	2.915648	2.798923	2.813842	2.848748	3.032102	0.2964019	2.916482
596.9210	2.920189	2.797597	2.812236	2.846863	3.032025	0.2984718	2.910217
597.0734	3.077992	2.953184	2.958633	2.985241	3.183786	0.298829	3.0506
597.2258	3.266573	3.14505	3.12952	3.182317	3.388136	0.2979159	3.251735
597.3782	3.249395	3.122171	3.127433	3.163893	3.371537	0.2980176	3.237192
597.5306	3.215734	3.087054	3.10104	3.129635	3.339196	0.2978341	3.20533
597.6830	3.22169	3.089849	3.103934	3.134485	3.342124	0.297981	3.208451
597.8354	3.152158	3.044978	3.053609	3.075652	3.271186	0.2987373	3.14304
597.9878	3.36058	3.234656	3.221752	3.238163	3.428908	0.2984266	3.3018
598.1402	3.38643	3.249547	3.240026	3.244562	3.435236	0.2989155	3.313911
598.2926	3.393822	3.257816	3.246199	3.253218	3.446387	0.2997528	3.322446
598.4450	3.398449	3.258119	3.25036	3.255614	3.447482	0.2998785	3.324649
598.5974	3.393637	3.252743	3.244964	3.250942	3.446555	0.2993241	3.320882
598.7498	3.378152	3.239189	3.229996	3.236524	3.431368	0.2992625	3.308069
598.9022	3.09814	2.973154	2.983602	3.000097	3.174173	0.3001398	3.054957
599.0546	3.37949	3.247447	3.187112	3.291601	3.419115	0.300933	3.311081
599.2070	3.269734	3.16327	3.207565	3.293346	3.40601	0.3009424	3.314803
599.3594	3.715987	3.681314	3.734414	3.766947	3.906475	0.3011061	3.847108
599.5118	3.752552	3.752918	3.798761	3.82718	3.97121	0.3011415	3.934031
599.6642	3.750741	3.756367	3.804594	3.828331	3.974723	0.3008432	3.94306
599.8166	3.766933	3.772762	3.819998	3.841248	3.985838	0.298934	3.952764
599.9690	3.746324	3.756333	3.802227	3.831234	3.976339	0.2978635	3.950413
600.1214	3.762246	3.766572	3.821717	3.840947	3.98381	0.3002702	3.949259
600.2738	3.814339	3.793381	3.836855	3.857039	3.994516	0.2907093	3.928095
600.4262	3.68378	3.737353	3.729522	3.748514	3.875536	0.2871724	3.873416
600.5786	2.603803	2.558228	2.535252	2.588613	2.681004	0.301165	2.608696
600.7310	2.940277	2.848652	2.872713	2.907779	3.027788	0.3057215	2.924062
600.8834	3.700049	3.507549	3.506013	3.520131	3.623141	0.3142016	3.560055
601.0358	3.620133	3.376815	3.391419	3.403583	3.509434	0.3378299	3.436117
601.1882	3.595165	3.363052	3.384366	3.399397	3.507832	0.3425775	3.432282
601.3406	3.556654	3.347628	3.3661	3.385133	3.494899	0.3369655	3.418307
601.4930	3.492775	3.315442	3.342694	3.358889	3.476387	0.3262121	3.390666
601.6454	3.457842	3.298983	3.335871	3.367301	3.493192	0.3133336	3.38881
601.7978	3.203277	3.064586	3.100863	3.139296	3.269518	0.3017617	3.162062
601.9502	3.010929	2.895167	2.923063	2.964744	3.095947	0.2933064	2.993399
602.1026	2.950411	2.831732	2.857183	2.900597	3.032852	0.290627	2.927977
602.2550	2.921973	2.792988	2.82018	2.864991	2.995341	0.2916793	2.884209
602.4074	3.314282	3.173645	3.18542	3.248697	3.418728	0.2916667	3.289756
602.5598	3.364769	3.260516	3.249508	3.282692	3.498935	0.2932927	3.367399
602.7122	3.364077	3.246164	3.240299	3.274025	3.503524	0.2954508	3.365911
602.8646	3.357186	3.247798	3.232517	3.26782	3.499509	0.2963335	3.362363
603.0170	3.356179	3.241059	3.234065	3.264093	3.495895	0.2964556	3.35819
603.1694	3.362206	3.238449	3.232567	3.26666	3.494214	0.2958539	3.354278
603.3218	3.327682	3.22714	3.21839	3.252282	3.484164	0.2948591	3.355819
603.4742	3.153486	3.042828	3.020891	3.064956	3.294142	0.2958064	3.163572
603.6266	3.050816	2.915842	2.898591	2.956161	3.189741	0.2962768	3.044757
603.7790	3.114012	2.987143	2.979099	3.025413	3.254889	0.2958399	3.119241
603.9314	3.104708	2.978496	2.976121	3.024348	3.249872	0.2971825	3.118461
604.0838	3.125014	3.005902	2.997594	3.061952	3.281482	0.2972336	3.153847
604.2362	3.440873	3.365889	3.349694	3.471683	3.658658	0.294668	3.589027
604.3886	3.263546	3.163779	3.189199	3.376209	3.53105	0.2935918	3.507277
604.5410	2.938076	2.866002	2.901558	3.027513	3.181331	0.2935123	3.157471
604.6934	2.918582	2.841177	2.879675	3.001583	3.152382	0.2932467	3.123202
604.8458	2.953609	2.861597	2.897754	3.02045	3.169093	0.2962987	3.124975
604.9982	2.950311	2.852748	2.888307	3.006696	3.15659	0.3004751	3.103108
605.1506	2.845184	2.732071	2.765922	2.871039	3.009499	0.2935587	2.932588
605.3030	3.137753	3.128963	3.176323	3.27352	3.427481	0.2839938	3.468842
605.4554	2.562063	2.695661	2.728036	2.803185	2.945543	0.2754807	3.113796
605.6078	2.546832	2.671271	2.69965	2.763419	2.896359	0.2685298	3.037136
605.7602	2.634846	2.706599	2.720919	2.782521	2.908428	0.270227	2.968002
605.9126	2.709979	2.734095	2.730966	2.783437	2.903028	0.285432	2.892204
606.0650	2.422966	2.414798	2.428207	2.500577	2.604588	0.2980783	2.591589
606.2174	2.908038	2.969691	3.000983	3.055568	3.211224	0.2978072	3.273096
606.3698	2.762394	2.778589	2.876522	2.948287	3.103792	0.2935669	3.203272
606.5222	2.597775	2.675347	2.763644	2.843365	3.000093	0.2855607	3.168014
606.6746	2.529692	2.648317	2.746098	2.8238	2.992466	0.2670797	3.226262
606.8270	2.506907	2.631442	2.727984	2.81147	2.98068	0.2653669	3.232822
606.9794	2.462949	2.571635	2.670179	2.760321	2.918379	0.268214	3.15063
607.1318	2.671699	2.750664	2.789751	2.846657	2.978335	0.2642669	3.053621
607.2842	2.969928	2.9932	3.039721	3.12017	3.263683	0.2672902	3.321735
607.4366	2.597147	2.520667	2.544476	2.610395	2.75113	0.2796886	2.680131
607.5890	2.859278	2.747409	2.771626	2.833757	2.991449	0.2851657	2.893924
607.7414	2.840105	2.741306	2.772368	2.836499	2.992444	0.2940373	2.912276
607.8938	3.051827	2.954626	2.987737	3.042521	3.221827	0.3001383	3.134315
608.0462	3.141586	3.089708	3.091894	3.134477	3.349041	0.2983777	3.276033
608.1986	2.942685	2.870492	2.901047	2.938259	3.165729	0.2934158	3.096416
608.3510	2.985607	2.91296	2.951279	2.987891	3.230311	0.290899	3.169967
608.5034	2.975449	2.899214	2.944621	2.97262	3.211917	0.2904283	3.149535
608.6558	2.983568	2.905584	2.945597	2.979503	3.215498	0.2909754	3.149547
608.8082	2.997426	2.92322	2.958137	2.994194	3.2309	0.2903968	3.15946
608.9606	3.210027	3.116245	3.157481	3.183647	3.446426	0.2924123	3.373315
609.1130	2.766448	2.665941	2.683751	2.708934	2.958678	0.2957209	2.843784
609.2654	3.387674	3.268293	3.266415	3.340328	3.614452	0.2949018	3.498683
609.4178	3.279454	3.16326	3.164833	3.264496	3.488554	0.2955317	3.384754
609.5702	3.327284	3.19931	3.25284	3.333986	3.535023	0.2958455	3.448413
609.7226	3.45722	3.364949	3.421753	3.517673	3.718211	0.2943625	3.669225
609.8750	3.483355	3.392515	3.441619	3.540052	3.73994	0.2934027	3.686458
610.0274	3.478474	3.390695	3.442512	3.539016	3.740898	0.2931921	3.69095
610.1798	3.471484	3.379491	3.434421	3.531928	3.733332	0.2934996	3.682245
610.3322	3.485255	3.398501	3.454971	3.552725	3.757591	0.2888692	3.710316
610.4846	3.581913	3.551672	3.573808	3.677859	3.861664	0.2729754	3.840624
610.6370	3.128214	3.157188	3.202838	3.304146	3.44419	0.2675972	3.515982
610.7894	2.663007	2.648206	2.673902	2.739979	2.852098	0.2727515	2.828815
610.9418	2.766388	2.711518	2.719828	2.751336	2.856714	0.2756244	2.780113
611.0942	2.845743	2.743967	2.744527	2.769178	2.871371	0.285187	2.794033
611.2466	3.230864	3.132154	3.096199	3.103923	3.2186	0.292932	3.155654
611.3990	3.002128	2.972683	2.966034	2.976462	3.075895	0.2965619	3.010077
611.5514	3.283936	3.193503	3.15438	3.155815	3.261058	0.297306	3.206111
611.7038	3.390934	3.274938	3.259437	3.282601	3.397359	0.2975509	3.319758
611.8562	3.431161	3.290053	3.272542	3.289834	3.401809	0.3013538	3.333436
612.0086	3.452236	3.292534	3.275112	3.287236	3.394316	0.3027686	3.33295
612.1610	3.440804	3.291115	3.267311	3.286345	3.399386	0.3076387	3.332973
612.3134	3.349724	3.181966	3.189785	3.215685	3.342862	0.3216718	3.249738
612.4658	3.897494	3.692232	3.688399	3.707453	3.875168	0.3275741	3.768111
612.6182	4.37208	4.124949	4.125286	4.148518	4.370742	0.3282552	4.218167
612.7706	4.179524	4.027879	4.050019	4.090411	4.328636	0.3304718	4.172072
612.9230	4.079532	3.99365	4.025428	4.067989	4.312771	0.316866	4.20441
613.0754	4.052283	3.982148	4.016311	4.064404	4.309013	0.3057482	4.221316
613.2278	4.015083	3.919936	3.962233	4.008261	4.257511	0.3077136	4.173025
613.3802	3.648253	3.483263	3.468174	3.554081	3.779169	0.311504	3.620006
613.5326	3.671875	3.525217	3.524721	3.645635	3.840681	0.309032	3.704809
613.6850	3.817564	3.691415	3.678642	3.81294	4.016195	0.3068153	3.896169
613.8374	3.797122	3.689193	3.68615	3.816909	4.033191	0.3023638	3.935399
613.9898	3.752382	3.662654	3.672085	3.796831	4.010115	0.2967303	3.937479
614.1422	3.556731	3.464625	3.481114	3.59699	3.79708	0.2943095	3.7229
614.2946	3.461829	3.395604	3.434561	3.509856	3.706818	0.2936878	3.653102
614.4470	3.435336	3.371274	3.416429	3.492691	3.681648	0.2878279	3.634376
614.5994	3.306909	3.249107	3.284516	3.36613	3.537644	0.2781719	3.492635
614.7518	2.841841	2.862734	2.867029	2.955635	3.071703	0.2717982	3.07741
614.9042	3.063108	3.076377	3.114365	3.172537	3.294952	0.2648019	3.302731
615.0566	3.013238	3.024205	3.072982	3.140959	3.254802	0.2591434	3.274491
615.2090	3.009717	3.003623	3.048781	3.120822	3.232829	0.2603503	3.234362
615.3614	3.071885	3.058949	3.104519	3.173316	3.282761	0.2619817	3.273018
615.5138	3.101525	3.073926	3.116523	3.179847	3.291114	0.2658111	3.263855
615.6662	3.086434	3.043993	3.093835	3.165508	3.278059	0.2713593	3.258447
615.8186	3.056658	3.122604	3.016454	3.057312	3.145807	0.2760353	3.123821
615.9710	2.77562	2.721067	2.71752	2.754904	2.852295	0.2775577	2.773489
616.1234	3.266116	3.163958	3.232537	3.273618	3.425278	0.2757145	3.345055
616.2758	3.240115	3.177094	3.252702	3.293784	3.450417	0.267728	3.411749
616.4282	3.202593	3.159727	3.246208	3.283477	3.44649	0.2642411	3.437178
616.5806	3.17256	3.141583	3.229163	3.272901	3.429943	0.26515	3.432707
616.7330	3.560298	3.602162	3.693768	3.734874	3.929882	0.2662013	4.003661
616.8854	3.402767	3.421343	3.468516	3.504912	3.71053	0.2671295	3.710961
617.0378	3.247514	3.162631	3.201233	3.256039	3.442103	0.2696289	3.368069
617.1902	3.113525	3.027098	3.053764	3.125134	3.29841	0.2673299	3.218795
617.3426	3.117296	3.025845	3.056507	3.123121	3.296844	0.2656312	3.214753
617.4950	3.11266	3.022445	3.041064	3.110973	3.285327	0.2694264	3.193096
617.6474	3.47851	3.398231	3.390449	3.521865	3.695127	0.273932	3.627337
617.7998	3.373665	3.26384	3.256642	3.355629	3.532534	0.2783863	3.415368
617.9522	3.805684	3.701089	3.731259	3.853413	4.055374	0.2792701	3.97692
618.1046	3.708227	3.618255	3.656878	3.773433	3.978255	0.2792172	3.921955
618.2570	3.465947	3.370702	3.407455	3.511318	3.69953	0.2795619	3.633561
618.4094	3.362342	3.261549	3.295445	3.406023	3.583998	0.282507	3.515702
618.5618	3.370549	3.261395	3.256267	3.364268	3.538368	0.2827269	3.424057
618.7142	3.777606	3.724679	3.744368	3.788395	3.985956	0.2862501	3.913053
618.8666	2.847501	2.718581	2.678388	2.678276	2.849202	0.2959366	2.750287
619.0190	3.758236	3.645053	3.572146	3.624903	3.833318	0.298236	3.690357
619.1714	3.810542	3.673552	3.601236	3.657051	3.85988	0.3005443	3.722616
619.3238	3.777365	3.660015	3.589793	3.642519	3.849775	0.3045147	3.707875
619.4762	3.760031	3.65158	3.576579	3.638473	3.843178	0.3006186	3.700652
619.6286	3.6703	3.570542	3.502069	3.563043	3.761178	0.2968137	3.625601
619.7810	3.307725	3.203003	3.148053	3.223469	3.382309	0.2943271	3.261889
619.9334	3.225991	3.121259	3.074768	3.150244	3.301647	0.292397	3.184874
620.0858	3.199342	3.092726	3.057037	3.129165	3.290474	0.2947682	3.169979
620.2382	3.479512	3.354034	3.360291	3.485075	3.668542	0.2951832	3.549782
620.3906	4.266261	4.162227	4.25077	4.345225	4.579216	0.286245	4.528152
620.5430	3.585509	3.498122	3.48564	3.584909	3.749428	0.2814467	3.662352
620.6954	2.804049	2.713059	2.709634	2.825119	2.942264	0.2767043	2.86406
620.8478	2.766785	2.673489	2.674798	2.782811	2.900361	0.2678002	2.818289
621.0002	2.75579	2.653202	2.654617	2.770638	2.887788	0.2631934	2.801642
621.1526	2.759596	2.653338	2.661351	2.765256	2.887465	0.2669872	2.799474
621.3050	2.384658	2.257523	2.240885	2.322678	2.409339	0.2769513	2.326592
621.4574	2.561486	2.412148	2.373657	2.440092	2.530115	0.2881525	2.462134
621.6098	2.866045	2.682095	2.636214	2.708918	2.806568	0.2972102	2.728481
621.7622	3.482886	3.336249	3.299057	3.409365	3.529075	0.3029355	3.421489
621.9146	3.680341	3.645863	3.689229	3.772776	3.897084	0.303727	3.879331
622.0670	2.888729	2.771656	2.746766	2.771816	2.848755	0.2990773	2.799262
622.2194	2.950707	2.840955	2.883116	2.916005	3.027522	0.2900266	2.938244
622.3718	2.887814	2.802921	2.851645	2.891584	3.005522	0.279681	2.929317
622.5242	2.878931	2.800673	2.847499	2.88675	3.00298	0.2764011	2.930698
622.6766	2.883887	2.805871	2.855257	2.894504	3.009862	0.2745978	2.940376
622.8290	2.882293	2.80301	2.852821	2.892233	3.011387	0.2753008	2.939209
622.9814	2.877881	2.799764	2.84733	2.886508	3.003916	0.2781236	2.935217
623.1338	2.498862	2.412614	2.432873	2.460104	2.552374	0.2835347	2.477214
623.2862	3.158509	3.099013	3.09908	3.156176	3.265592	0.2894585	3.189342
623.4386	3.304201	3.194438	3.262277	3.314174	3.473371	0.2900442	3.391013
623.5910	3.290146	3.201892	3.265872	3.311054	3.498225	0.2903258	3.432219
623.7434	3.282699	3.207218	3.268881	3.313938	3.495985	0.2906039	3.439743
623.8958	3.284936	3.240922	3.300959	3.349832	3.542944	0.2846036	3.516726
624.0482	3.443515	3.479648	3.517321	3.56979	3.775255	0.2811321	3.801514
624.2006	3.527733	3.562805	3.587049	3.637438	3.852054	0.2819007	3.862795
624.3530	3.573879	3.589194	3.609174	3.652909	3.870525	0.2849957	3.853942
624.5054	3.601255	3.60052	3.618706	3.665372	3.882028	0.2857452	3.845682
624.6578	3.716003	3.698234	3.664219	3.716605	3.921921	0.2816199	3.834089
624.8102	3.362083	3.303809	3.387134	3.459544	3.671325	0.2865989	3.679284
624.9626	3.354425	3.268316	3.239052	3.279551	3.520406	0.286262	3.382988
625.1150	3.881601	3.774704	3.784015	3.830288	4.106049	0.2816652	3.983886
625.2674	3.577845	3.518564	3.556155	3.606396	3.891921	0.2891988	3.837436
625.4198	3.574421	3.491927	3.500976	3.531353	3.800635	0.2895601	3.698545
625.5722	3.288107	3.156806	3.197065	3.224535	3.458494	0.2887098	3.334459
625.7246	3.212337	3.089493	3.111677	3.142303	3.364627	0.2868724	3.239051
625.8770	3.202744	3.080223	3.093502	3.126846	3.348436	0.2845965	3.21949
626.0294	3.175841	3.057204	3.071646	3.110443	3.330353	0.2846932	3.207438
626.1818	3.159315	3.048601	3.061763	3.098711	3.319677	0.2872313	3.200588
626.3342	3.199639	3.078719	3.077368	3.115065	3.341134	0.2897683	3.200939
626.4866	3.742762	3.612096	3.603462	3.684629	3.915056	0.2904186	3.777027
626.6390	3.713541	3.604078	3.593884	3.715265	3.925026	0.2933764	3.825552
626.7914	3.315979	3.215751	3.221908	3.344904	3.512119	0.2975643	3.426206
626.9438	3.39646	3.275534	3.30446	3.417492	3.582124	0.297116	3.481427
627.0962	3.752749	3.639521	3.709028	3.81426	3.990608	0.2959511	3.929785
627.2486	3.47145	3.39677	3.418084	3.489961	3.656781	0.2980755	3.575328
627.4010	3.468912	3.427255	3.444335	3.491056	3.672617	0.2982861	3.602609
627.5534	3.476904	3.420066	3.444844	3.491765	3.674068	0.2982961	3.597473
627.7058	3.481738	3.425718	3.440359	3.499372	3.674638	0.2994899	3.595904
627.8582	3.487479	3.430314	3.454304	3.496242	3.672997	0.3012028	3.590899
628.0106	3.495589	3.424372	3.446198	3.49476	3.670711	0.2989425	3.577925
628.1630	3.569627	3.517155	3.476225	3.511874	3.685255	0.2984432	3.593004
628.3154	2.743139	2.610935	2.599535	2.622063	2.777769	0.3025184	2.672869
628.4678	3.483492	3.453637	3.427831	3.491929	3.68551	0.2980796	3.600314
628.6202	3.683122	3.645878	3.623159	3.687972	3.887779	0.2966697	3.801378
628.7726	3.688623	3.64519	3.62586	3.689796	3.896001	0.3007153	3.805916
628.9250	3.671121	3.637627	3.616109	3.686004	3.891215	0.3013147	3.811268
629.0774	3.67661	3.640586	3.626629	3.68749	3.897593	0.297142	3.815399
629.2298	3.57138	3.491564	3.502747	3.555048	3.755845	0.2983162	3.672333
629.3822	3.005666	2.924051	2.921102	3.024655	3.193697	0.3011328	3.097783
629.5346	3.844696	3.721101	3.767622	3.879989	4.07313	0.3007365	3.982042
629.6870	3.896556	3.779647	3.819771	3.934283	4.13002	0.3037535	4.041084
629.8394	3.887275	3.773935	3.818088	3.931847	4.127851	0.30711	4.043712
629.9918	3.875126	3.765951	3.817656	3.927322	4.131896	0.305903	4.056692
630.1442	3.883691	3.777671	3.823505	3.938832	4.145525	0.2984563	4.074991
630.2966	3.665408	3.605447	3.71006	3.848567	4.052113	0.2879404	4.113317
630.4490	3.350847	3.359056	3.407478	3.496662	3.684696	0.2710127	3.729584
630.6014	2.384365	2.446136	2.467339	2.536381	2.689888	0.2553291	2.763245
630.7538	2.63193	2.683475	2.715191	2.79574	2.967411	0.2437721	3.047497
630.9062	2.662515	2.69913	2.735153	2.8097	2.982627	0.239623	3.047459
631.0586	2.677047	2.703893	2.732994	2.81481	2.979186	0.2449519	3.030728
631.2110	2.825594	2.868877	2.91383	3.003241	3.179653	0.2521471	3.267348
631.3634	3.321989	3.593101	3.636045	3.669108	3.883008	0.2591643	4.185407
631.5158	2.902457	2.953715	3.022597	3.035529	3.217588	0.2640673	3.280292
631.6682	3.040392	3.089248	3.16602	3.175395	3.371692	0.2703837	3.439417
631.8206	3.057361	3.100054	3.171754	3.183053	3.374319	0.2763714	3.429155
631.9730	3.047498	3.103044	3.179537	3.192516	3.387063	0.2760172	3.455244
632.1254	3.639571	3.745132	3.821928	3.839507	4.094431	0.2763762	4.220138
632.2778	2.903879	2.898493	2.947011	2.976184	3.168613	0.2888237	3.162126
632.4302	3.526776	3.570436	3.616852	3.660959	3.919115	0.302763	3.970246
632.5826	3.443766	3.466367	3.517353	3.560552	3.840813	0.3207049	3.876014
632.7350	4.027766	4.029227	4.073075	4.126284	4.450349	0.3373373	4.450349
632.8874	4.217217	4.188276	4.222806	4.318198	4.634126	0.3432264	4.619244
633.0398	4.187601	4.156528	4.191529	4.293293	4.606496	0.339752	4.593977
633.1922	4.198733	4.163696	4.202353	4.296112	4.61395	0.3367306	4.596763
633.3446	4.193533	4.160379	4.199877	4.29468	4.614042	0.3377629	4.601238
633.4970	4.192975	4.15852	4.198017	4.287883	4.61002	0.3396113	4.593266
633.6494	4.139975	4.148466	4.17873	4.278195	4.608258	0.3391089	4.634346
633.8018	4.053254	4.033663	4.084173	4.170687	4.502666	0.3373218	4.521349
633.9542	3.889388	3.879134	3.874536	3.970788	4.287735	0.3370089	4.269211
634.1065	3.893188	3.888865	3.875154	3.969384	4.268941	0.3236451	4.245653
634.2589	3.905751	3.877901	3.886477	4.018494	4.295266	0.3064646	4.280473
634.4113	3.493889	3.462426	3.452847	3.597217	3.779725	0.2950925	3.763578
634.5637	3.068204	3.006517	3.010098	3.12801	3.269577	0.2855578	3.21318
634.7161	3.099333	3.032078	3.033311	3.133702	3.268328	0.2779591	3.196486
634.8685	3.082984	3.021686	3.022394	3.131062	3.267002	0.2768609	3.205191
635.0209	3.060609	3.002464	3.00884	3.113187	3.254462	0.2785905	3.197602
635.1733	3.06368	3.006012	3.012058	3.107252	3.252366	0.2802743	3.189471
635.3257	3.489297	3.435179	3.414502	3.497972	3.65791	0.2787909	3.589669
635.4781	3.206182	3.332419	3.32091	3.409807	3.502703	0.2802001	3.594453
635.6305	3.409559	3.569352	3.655655	3.746109	3.82703	0.2908024	4.043371
635.7829	3.548064	3.614515	3.688612	3.777194	3.844942	0.3094045	3.922086
635.9353	3.487845	3.422632	3.51906	3.619102	3.674785	0.333753	3.645911
636.0877	3.767272	3.631417	3.536223	3.556139	3.618618	0.3511376	3.521456
636.2401	3.826024	3.52342	3.468933	3.454961	3.522972	0.3558117	3.292294
636.3925	3.494673	3.301615	3.264375	3.25172	3.338101	0.3496007	3.253086
636.5449	3.331518	3.244751	3.22917	3.22428	3.320575	0.3302988	3.267653
636.6973	3.17598	3.187245	3.197908	3.197706	3.306737	0.310374	3.26029
636.8497	3.084924	3.156559	3.174122	3.179571	3.292936	0.3013152	3.302965
637.0021	3.269422	3.324403	3.359746	3.361242	3.500154	0.3025081	3.48804
637.1545	3.923659	3.836471	3.905978	3.919887	4.109375	0.3060217	4.034625
637.3069	2.983322	2.886923	2.877161	2.909452	3.054062	0.3150918	2.95385
637.4593	2.945685	2.866405	2.85834	2.902007	3.049588	0.32072	2.944843
637.6117	4.063314	4.001589	4.014184	4.123018	4.322538	0.3162424	4.251525
637.7641	4.360083	4.32753	4.381927	4.444878	4.699821	0.3166605	4.66082
637.9165	4.40253	4.352532	4.440832	4.511242	4.764737	0.3221175	4.742677
638.0689	4.371612	4.321974	4.40721	4.477146	4.727031	0.3226046	4.706157
638.2213	4.361586	4.30953	4.398266	4.483384	4.732204	0.3226664	4.716921
638.3737	4.391593	4.3246	4.412322	4.491287	4.738234	0.3229581	4.704326
638.5261	4.40374	4.338859	4.422989	4.498438	4.747426	0.3222349	4.711041
638.6785	4.382929	4.324161	4.40252	4.48346	4.731171	0.3182177	4.698124
638.8309	4.239746	4.189985	4.238676	4.314514	4.557862	0.3099591	4.50724
638.9833	3.732533	3.652072	3.655664	3.698892	3.926505	0.3113576	3.81594
639.1357	4.097287	4.028831	3.993907	4.058969	4.277966	0.3119809	4.146901
639.2881	3.816104	3.748685	3.719071	3.791405	3.966786	0.3158635	3.859626
639.4405	3.52735	3.446567	3.438638	3.499281	3.66218	0.326182	3.554502
639.5929	3.572187	3.499378	3.503124	3.553624	3.725589	0.326878	3.619089
639.7453	3.616343	3.546731	3.554338	3.610966	3.777794	0.3237107	3.675666
639.8977	3.735884	3.662428	3.679168	3.741313	3.91655	0.3176399	3.815859
640.0501	3.766702	3.680752	3.713887	3.76413	3.93829	0.3153865	3.832116
640.2025	4.137666	4.091581	4.094551	4.149878	4.352632	0.313117	4.251354
640.3549	4.222131	4.184216	4.178936	4.230522	4.433671	0.3119903	4.335376
640.5073	4.22333	4.180925	4.180151	4.2257	4.433973	0.3129716	4.333993
640.6597	4.205226	4.176134	4.176214	4.220466	4.431976	0.3112043	4.3381
640.8121	4.21317	4.174578	4.173502	4.218581	4.432547	0.3123606	4.34892
640.9645	3.644738	3.598116	3.609056	3.698943	3.913788	0.3141924	3.848945
641.1169	3.954462	3.908266	3.926313	4.050911	4.225337	0.3131207	4.177406
641.2693	3.957473	3.93219	3.951548	4.060759	4.235066	0.3129469	4.204608
641.4217	3.95495	3.928266	3.957665	4.070539	4.257814	0.3124464	4.234735
641.5741	3.947326	3.924868	3.942802	4.058397	4.236882	0.311585	4.208628
641.7265	3.965941	3.936025	3.951923	4.07092	4.247177	0.3111976	4.209879
641.8789	4.03941	4.012642	4.038126	4.144365	4.33086	0.3101333	4.296424
642.0313	4.091633	4.05699	4.085957	4.193391	4.386052	0.3086213	4.347898
642.1837	4.077714	4.022978	4.051031	4.162611	4.354652	0.306035	4.300818
642.3361	3.847118	3.771867	3.799084	3.915703	4.090433	0.3035678	4.025737
642.4885	3.645359	3.550761	3.572174	3.644464	3.815961	0.3015332	3.717673
642.6409	3.372969	3.325246	3.324767	3.374582	3.553701	0.2997244	3.470227
642.7933	3.399046	3.334949	3.338018	3.396947	3.576051	0.2979598	3.485507
642.9457	3.401207	3.338756	3.339018	3.403097	3.588956	0.2971956	3.50039
643.0981	3.403084	3.33526	3.340598	3.398243	3.579908	0.2972326	3.487408
643.2505	3.387833	3.333179	3.331288	3.392305	3.572866	0.2973775	3.489529
643.4029	3.396506	3.337332	3.340497	3.392737	3.579113	0.2948907	3.486486
643.5553	3.506917	3.431081	3.412564	3.466841	3.658751	0.2912821	3.542222
643.7077	3.386275	3.342879	3.423915	3.494875	3.715125	0.2912809	3.716893
643.8601	3.606685	3.548146	3.51869	3.58327	3.822815	0.2900418	3.713871
644.0125	3.876357	3.808675	3.841983	3.937914	4.194693	0.2900757	4.15401
644.1649	3.769842	3.721614	3.711088	3.878411	4.105963	0.2963359	4.080287
644.3173	3.896324	3.785815	3.86668	4.033493	4.282822	0.2993302	4.283793
644.4697	3.801195	3.704035	3.79315	3.973133	4.225662	0.3024918	4.253257
644.6221	3.827084	3.749898	3.82704	4.001821	4.257408	0.3039039	4.28954
644.7745	3.873866	3.804979	3.875829	4.054141	4.316905	0.3030198	4.348193
644.9269	4.151079	4.15952	4.236864	4.402112	4.70398	0.3016167	4.811982
645.0793	4.210071	4.225729	4.283199	4.451791	4.725522	0.3009746	4.816361
645.2317	4.296647	4.33022	4.410753	4.587215	4.872288	0.3006247	5.012056
645.3841	4.294729	4.332135	4.419288	4.582282	4.874748	0.3002393	5.017325
645.5365	4.338929	4.354813	4.442324	4.608391	4.897236	0.2958629	5.012628
645.6889	4.480059	4.441497	4.517326	4.684134	4.976961	0.2931138	5.034614
645.8413	3.371829	3.410449	3.394211	3.511316	3.71573	0.2983387	3.751774
645.9937	3.239678	3.327498	3.314006	3.439213	3.60979	0.302419	3.685526
646.1461	3.59675	3.634637	3.583041	3.739776	3.879323	0.3025303	3.863053
646.2985	3.740154	3.69644	3.623076	3.775668	3.906152	0.3066641	3.801924
646.4509	3.811252	3.726903	3.639514	3.792115	3.916609	0.3110794	3.796787
646.6033	3.759398	3.70569	3.627338	3.782911	3.912776	0.3089953	3.815755
646.7557	3.737357	3.782874	3.758374	3.92522	4.067131	0.3110174	4.108729
646.9081	3.484684	3.481093	3.569661	3.669005	3.808464	0.3133786	3.855219
647.0605	4.226166	4.23645	4.343035	4.421141	4.601399	0.3108115	4.655948
647.2129	4.085274	4.169071	4.267126	4.326712	4.519116	0.3099992	4.64119
647.3653	3.98784	4.121072	4.230587	4.289726	4.499342	0.311953	4.692089
647.5177	3.961107	4.111974	4.225236	4.28253	4.489813	0.2988784	4.705091
647.6701	3.841374	3.971274	4.062296	4.117782	4.333937	0.2879292	4.516098
647.8225	3.163281	3.115544	3.160616	3.237983	3.4324	0.2810508	3.399512
647.9749	3.831089	3.835003	3.852839	3.96131	4.199574	0.270899	4.202392
648.1273	4.008991	4.041875	4.059393	4.17321	4.437626	0.2664073	4.477176
648.2797	4.029604	4.065647	4.07925	4.190374	4.455575	0.2733804	4.493762
648.4321	4.128494	4.188097	4.211439	4.324203	4.601278	0.2812377	4.670226
648.5845	3.935986	3.974504	3.983916	4.072005	4.319926	0.2906555	4.345097
648.7369	4.160009	4.20993	4.27982	4.364767	4.646799	0.2992671	4.728074
648.8893	4.447841	4.419046	4.508086	4.581958	4.904754	0.3044471	4.921232
649.0417	4.461803	4.439449	4.527229	4.605082	4.929158	0.3076788	4.953494
649.1941	4.457114	4.429383	4.51881	4.601284	4.931222	0.3090839	4.954207
649.3465	4.459595	4.431537	4.521735	4.601447	4.933181	0.3078146	4.954248
649.4989	4.425874	4.396129	4.445626	4.536358	4.844979	0.3081386	4.834003
649.6513	4.005662	3.941185	3.97249	4.078516	4.361675	0.3110239	4.316692
649.8037	4.393497	4.292655	4.261909	4.386794	4.657362	0.3093633	4.530148
649.9561	4.374921	4.274546	4.317995	4.394846	4.668352	0.3081215	4.576958
650.1085	4.130187	4.044301	4.087163	4.183579	4.433774	0.3106322	4.36346
650.2609	4.019926	4.006219	4.00456	4.085679	4.322188	0.3092444	4.271746
650.4133	3.994305	4.003636	3.983751	4.073841	4.297645	0.3080665	4.255793
650.5657	3.987944	4.003446	3.984416	4.063488	4.292949	0.3083853	4.252607
650.7181	3.992791	4.000984	3.985423	4.070543	4.29952	0.3041381	4.253579
650.8705	4.237778	4.210434	4.172416	4.236824	4.446052	0.2934182	4.339852
651.0229	3.936477	3.930365	4.000784	4.107509	4.32043	0.288735	4.377949
651.1753	2.84275	2.777322	2.771013	2.855644	3.00043	0.2912133	2.919218
651.3277	3.506222	3.450886	3.409261	3.502818	3.678394	0.2861563	3.56266
651.4801	4.721554	4.725721	4.714767	4.869198	5.104539	0.2876137	5.096343
651.6325	4.016738	3.954443	4.018995	4.126421	4.325223	0.2967276	4.299419
651.7849	4.061092	4.086607	4.110306	4.192059	4.394328	0.3034128	4.395988
651.9373	3.786543	3.760602	3.804126	3.872833	4.066647	0.3034857	4.039473
652.0897	3.704486	3.638828	3.705241	3.766954	3.966728	0.3029461	3.921149
652.2421	3.696288	3.630543	3.690877	3.755534	3.955139	0.3018311	3.904333
652.3945	3.772743	3.690689	3.7577	3.815538	4.011549	0.300352	3.939323
652.5469	4.231383	4.176843	4.22625	4.290282	4.520771	0.2951563	4.453269
652.6993	3.920626	3.84274	3.843283	3.927854	4.136732	0.2941277	4.045856
652.8517	3.437474	3.343151	3.339381	3.427824	3.611067	0.2946071	3.507424
653.0041	3.470376	3.385745	3.380023	3.469234	3.654815	0.2919236	3.558006
653.1565	3.823146	3.74831	3.719327	3.842277	4.047092	0.2919151	3.958347
653.3089	4.110338	4.024129	4.048138	4.218085	4.426734	0.292211	4.388813
653.4613	4.016009	3.966495	3.993811	4.15361	4.352811	0.2944061	4.335712
653.6137	4.042724	3.986008	4.019241	4.173603	4.372561	0.2970708	4.350883
653.7661	4.029683	3.988719	4.023831	4.163902	4.372355	0.2978779	4.360267
653.9185	4.023041	3.985129	4.019905	4.167033	4.376967	0.2981777	4.371828
654.0709	4.021998	3.974845	4.0173	4.160943	4.373443	0.2987331	4.363481
654.2233	4.027821	3.977148	4.015784	4.154888	4.363534	0.2985899	4.342629
654.3757	4.174798	4.132355	4.182604	4.307304	4.528633	0.2981118	4.513105
654.5281	3.688384	3.620325	3.628319	3.720048	3.949817	0.305228	3.884076
654.6805	3.309604	3.208322	3.188297	3.281443	3.485661	0.3122008	3.368047
654.8329	3.516256	3.420972	3.382061	3.482261	3.685082	0.3144826	3.559092
654.9853	3.578671	3.460684	3.425269	3.521986	3.721951	0.315094	3.588152
655.1377	3.460879	3.388836	3.358727	3.46093	3.668407	0.3084735	3.573181
655.2901	3.428765	3.376293	3.349935	3.451954	3.66141	0.3009277	3.589821
655.4425	3.391572	3.361083	3.338777	3.440817	3.64971	0.2946903	3.597878
655.5949	3.678297	3.652151	3.640339	3.74408	3.973438	0.2908287	3.933005
655.7473	3.424371	3.367613	3.414895	3.501794	3.700401	0.294585	3.667575
655.8997	4.115505	4.063049	4.130136	4.296778	4.50665	0.2986761	4.526928
656.0521	4.151008	4.103046	4.163311	4.338562	4.549033	0.3008108	4.571855
656.2045	4.16953	4.110219	4.169725	4.354388	4.5626	0.3015878	4.578532
656.3569	4.064132	3.974332	4.01355	4.20585	4.395562	0.2998567	4.379255
656.5093	3.410597	3.32206	3.384171	3.472668	3.664953	0.2997757	3.615055
656.6617	3.49842	3.511322	3.448509	3.50829	3.713908	0.2950429	3.623305
656.8141	3.989956	3.974727	3.953841	4.018719	4.269943	0.2889984	4.209573
656.9665	3.564396	3.538903	3.574854	3.62837	3.860227	0.290486	3.830811
657.1189	3.439766	3.425509	3.414205	3.474297	3.689349	0.2930595	3.636569
657.2713	3.462985	3.437354	3.420613	3.480466	3.687024	0.296791	3.615183
657.4237	3.579224	3.540874	3.526847	3.57196	3.796711	0.2960302	3.705096
657.5761	3.781809	3.734469	3.715224	3.76578	3.995452	0.2911648	3.897549
657.7285	3.071678	3.005289	2.98596	3.061723	3.269068	0.2969697	3.192874
657.8809	3.552003	3.507825	3.607464	3.68348	3.961241	0.2938309	3.98593
658.0333	3.882686	3.861701	3.981091	4.109546	4.378775	0.2894232	4.487873
658.1857	3.397977	3.324363	3.407944	3.495772	3.722666	0.2964838	3.718859
658.3381	3.383307	3.315383	3.398983	3.48732	3.713942	0.2957706	3.715113
658.4905	3.375398	3.306364	3.397185	3.485088	3.714307	0.2948115	3.723555
658.6429	3.38772	3.312581	3.399814	3.489676	3.716627	0.2960928	3.714177
658.7953	3.668006	3.574839	3.653143	3.7437	4.003115	0.2952536	3.964372
658.9477	4.012354	3.932671	3.978406	4.129075	4.39018	0.2943594	4.371115
659.1001	3.793791	3.725635	3.747138	3.893618	4.140124	0.295266	4.108455
659.2525	3.741021	3.664789	3.692665	3.826394	4.067555	0.293796	4.02948
659.4049	3.748542	3.675058	3.700383	3.835506	4.074206	0.2929429	4.036815
659.5573	3.709153	3.651182	3.681211	3.815762	4.065832	0.2947426	4.046154
659.7097	3.707767	3.665317	3.73568	3.869979	4.124424	0.2961343	4.155266
659.8621	3.740832	3.688637	3.676805	3.733387	3.992181	0.2970773	3.909528
660.0145	2.895005	2.813382	2.805561	2.866395	3.049943	0.3008187	2.956575
660.1669	2.856808	2.775772	2.770465	2.819697	3.005332	0.299951	2.909483
660.3193	2.842004	2.767167	2.756612	2.819963	3.001248	0.2973027	2.91157
660.4717	2.854498	2.771625	2.762915	2.820476	3.003263	0.2999471	2.906872
660.6241	3.039376	2.941101	2.943268	2.981859	3.179262	0.2998865	3.049822
660.7765	3.932072	3.820729	3.854545	3.876243	4.1293	0.297513	4.005394
660.9289	3.867732	3.833391	3.845643	3.889172	4.118159	0.2995494	4.042066
661.0813	3.878947	3.837884	3.844567	3.886117	4.113863	0.3009651	4.027912
661.2337	3.866561	3.82967	3.8278	3.869741	4.100141	0.301243	4.01519
661.3861	3.849527	3.827222	3.824887	3.869183	4.098291	0.3017145	4.025526
661.5385	3.979812	3.986227	3.97512	4.037134	4.255597	0.304321	4.198703
661.6909	3.538934	3.429873	3.449058	3.544492	3.742632	0.3081549	3.616837
661.8433	4.852477	4.728079	4.75139	4.810706	5.108927	0.3084299	4.954281
661.9957	5.083301	4.960366	5.02437	5.081296	5.39476	0.3092925	5.268318
662.1481	4.943576	4.827553	4.899755	4.955178	5.260149	0.3123682	5.148635
662.3005	4.731246	4.596272	4.646019	4.697602	4.985297	0.3128133	4.839324
662.4529	4.750149	4.628938	4.677724	4.724154	5.018658	0.3085633	4.876982
662.6053	4.470637	4.462545	4.442117	4.496678	4.779783	0.3019523	4.703722
662.7577	3.946309	3.802737	3.842865	3.893278	4.13541	0.2991035	4.009665
662.9101	3.211888	3.086957	3.06769	3.131059	3.311924	0.2958298	3.18111
663.0625	3.182547	3.065449	3.04195	3.109223	3.293272	0.2916923	3.163642
663.2149	3.183543	3.064772	3.044251	3.106124	3.288647	0.2946422	3.154787
663.3673	4.017699	3.880375	3.761754	3.825027	4.047472	0.2942041	3.930353
663.5197	4.444808	4.377003	4.390555	4.478206	4.70879	0.2935211	4.604275
663.6721	4.301911	4.168596	4.219342	4.272683	4.476653	0.2973032	4.34119
663.8245	4.294826	4.159222	4.21224	4.25687	4.461991	0.2974647	4.325478
663.9769	4.277812	4.154436	4.206523	4.249743	4.460473	0.2974753	4.327849
664.1293	4.28363	4.161252	4.210759	4.259523	4.467032	0.2967691	4.336735
664.2817	4.354703	4.252326	4.324718	4.373972	4.604704	0.2946455	4.513267
664.4341	4.238608	4.166533	4.144924	4.2512	4.44799	0.2927864	4.340499
664.5865	4.085629	3.99744	3.989108	4.067366	4.299177	0.2894933	4.178164
664.7389	4.119785	4.025828	4.022973	4.084076	4.321912	0.2860078	4.194743
664.8913	4.088076	4.011765	4.015438	4.076838	4.319298	0.2825176	4.207039
665.0437	4.06559	4.003373	4.004127	4.072648	4.312724	0.2825697	4.221835
665.1961	3.597548	3.519457	3.531576	3.581132	3.795162	0.28552	3.685356
665.3485	4.423522	4.398827	4.426624	4.515515	4.762277	0.2828459	4.71169
665.5009	4.1462	4.075962	4.113076	4.220377	4.445295	0.2853556	4.398384
665.6533	3.559197	3.455072	3.482575	3.565265	3.789892	0.2893555	3.697855
665.8057	3.597161	3.488954	3.505985	3.588853	3.808056	0.2864753	3.704048
665.9581	3.575849	3.477569	3.496453	3.581658	3.807006	0.2858668	3.715955
666.1105	3.581733	3.489369	3.511946	3.593932	3.81743	0.2869506	3.725437
666.2629	3.978813	3.878575	3.858842	3.946143	4.185188	0.282068	4.034374
666.4153	4.42351	4.339914	4.337066	4.451139	4.71751	0.2776509	4.632633
666.5677	3.737689	3.699719	3.691031	3.787993	4.011553	0.2779012	3.953366
666.7201	3.703037	3.665982	3.655531	3.748822	3.972143	0.2749596	3.910883
666.8725	3.702211	3.662141	3.651006	3.751667	3.971734	0.2736722	3.909512
667.0249	4.016326	3.96394	3.947343	4.032722	4.248407	0.273007	4.161109
667.1773	3.833978	3.769931	3.76277	3.864426	4.078485	0.2741117	3.996871
667.3297	3.909743	3.853055	3.892966	3.968916	4.218253	0.2751801	4.166746
667.4821	3.835133	3.778151	3.796066	3.878444	4.108336	0.2752753	4.042451
667.6345	3.778177	3.728827	3.741501	3.824658	4.054588	0.2761567	3.989805
667.7869	3.720694	3.6706	3.670435	3.757802	3.977413	0.2757503	3.908064
667.9393	3.685897	3.645575	3.651059	3.739436	3.960328	0.2712741	3.903034
668.0917	3.676451	3.638443	3.644722	3.735514	3.958342	0.2684362	3.905877
668.2441	3.701433	3.674722	3.688344	3.771981	4.000337	0.2662751	3.959363
668.3965	3.716162	3.687947	3.705634	3.800051	4.028052	0.2642324	3.99429
668.5489	3.724337	3.698771	3.719487	3.815747	4.051815	0.2660565	4.020541
668.7013	3.842726	3.813104	3.872019	3.940142	4.185703	0.2669093	4.163539
668.8537	3.884124	3.842033	3.870309	3.961217	4.18221	0.2677514	4.144008
669.0061	3.62943	3.529294	3.553985	3.641248	3.849034	0.2691837	3.7569
669.1585	3.631278	3.539689	3.568434	3.650472	3.871312	0.2691391	3.787462
669.3109	3.61613	3.527676	3.560198	3.64381	3.866203	0.2693416	3.789528
669.4633	3.614606	3.523179	3.555458	3.637143	3.85802	0.2695259	3.77666
669.6157	3.621527	3.529708	3.556815	3.644183	3.858218	0.2698417	3.77461
669.7681	3.647498	3.544276	3.570602	3.655202	3.875143	0.2708329	3.778277
669.9205	3.997262	3.904905	3.941174	4.031858	4.264693	0.2712473	4.177557
670.0729	4.070662	4.065678	4.078461	4.148032	4.371997	0.2717669	4.32911
670.2253	4.3862	4.387005	4.421515	4.504723	4.768587	0.2713606	4.758887
670.3777	4.368748	4.386795	4.428662	4.511341	4.777158	0.2719117	4.793938
670.5301	3.756961	3.737586	3.763456	3.828496	4.062176	0.2750929	4.02732
670.6825	3.996967	3.968676	3.98644	4.040781	4.296576	0.2763595	4.234583
670.8349	4.26056	4.292633	4.310225	4.364252	4.667377	0.2763091	4.661874
670.9873	4.285754	4.310701	4.328604	4.390335	4.688829	0.2781369	4.681743
671.1397	4.290328	4.316118	4.332045	4.396233	4.697419	0.2788396	4.690947
671.2921	4.278016	4.30609	4.328217	4.387551	4.690269	0.2791857	4.689256
671.4445	4.268093	4.298952	4.323877	4.37602	4.68545	0.2795598	4.685259
671.5969	4.124169	4.134519	4.16949	4.218381	4.484634	0.2805083	4.463367
671.7493	4.203448	4.183437	4.207175	4.28205	4.573496	0.2794825	4.527051
671.9017	4.744257	4.766636	4.786795	4.930402	5.265586	0.277263	5.304785
672.0541	4.657471	4.664322	4.672695	4.836656	5.149614	0.2768076	5.173011
672.2065	4.63215	4.632186	4.641949	4.803472	5.109786	0.2761513	5.128152
672.3589	4.607174	4.618941	4.629943	4.79142	5.102477	0.2776171	5.136029
672.5113	4.474529	4.428543	4.437168	4.522274	4.828794	0.2770909	4.770752
672.6637	4.779087	4.83214	4.769641	4.85815	5.116842	0.2745754	5.072055
672.8161	4.474463	4.476757	4.503143	4.616938	4.853239	0.27348	4.849778
672.9685	4.348969	4.330408	4.360129	4.464673	4.689734	0.2712222	4.662755
673.1209	4.334152	4.316446	4.343245	4.45437	4.677992	0.2690558	4.654976
673.2733	4.324995	4.31461	4.33288	4.447519	4.673234	0.2673286	4.652899
673.4257	4.054221	4.028443	4.074385	4.183899	4.398079	0.2671072	4.392813
673.5781	3.809601	3.780675	3.789457	3.901992	4.106771	0.2714181	4.073395
673.7305	3.81451	3.813407	3.762682	3.869907	4.064532	0.2687418	4.000937
673.8829	4.258903	4.337734	4.387739	4.488432	4.72556	0.2673299	4.833806
674.0353	3.758452	3.819031	3.845886	3.933932	4.126503	0.2701558	4.172872
674.1877	4.129734	4.214725	4.270797	4.31775	4.551246	0.2670138	4.624621
674.3401	4.236319	4.329144	4.398604	4.453498	4.697875	0.266341	4.796401
674.4925	4.569067	4.656355	4.696463	4.750651	5.002302	0.2660186	5.060985
674.6449	4.125778	4.114566	4.212748	4.214157	4.474365	0.267803	4.467104
674.7973	4.031089	4.04777	4.109316	4.082246	4.34839	0.2685757	4.315463
674.9497	4.281562	4.332759	4.392362	4.365057	4.662222	0.2667606	4.661242
675.1021	3.862897	3.850241	3.85076	3.858577	4.104114	0.2651357	4.009799
675.2545	4.745035	4.719328	4.669734	4.854408	5.133777	0.263982	5.10973
675.4069	3.79966	3.684802	3.705334	3.840615	4.069264	0.2640955	3.978318
675.5593	4.296783	4.207583	4.261582	4.430581	4.695908	0.2617733	4.673039
675.7117	4.351086	4.260287	4.314368	4.481172	4.746463	0.2621622	4.721316
675.8641	4.586818	4.503552	4.550635	4.737248	5.02531	0.2654418	5.012728
676.0165	4.870636	4.848527	4.887528	5.059061	5.361969	0.2646688	5.352131
676.1689	5.995897	6.124328	6.332314	6.46981	6.857566	0.2641155	7.217872
676.3213	5.032646	5.086856	5.214684	5.312694	5.650212	0.2672874	5.797943
676.4737	4.995123	5.061872	5.176296	5.272685	5.615147	0.2659825	5.763009
676.6261	5.007301	5.060926	5.181159	5.276336	5.612451	0.2653856	5.751012
676.7785	4.989989	5.048165	5.167843	5.270295	5.603308	0.2639545	5.749656
676.9309	4.99076	5.052363	5.173812	5.27167	5.610377	0.2609024	5.766273
677.0833	3.719819	3.686952	3.731513	3.77374	4.011569	0.2625465	3.964813
677.2357	3.925599	3.892996	3.821793	3.916868	4.118596	0.2629115	4.019487
677.3881	3.798196	3.799416	3.803941	3.927989	4.100744	0.2598924	4.088576
677.5405	3.875519	3.887856	3.911892	4.027123	4.211228	0.2600939	4.22279
677.6929	3.883528	3.8912	3.914083	4.026153	4.206376	0.2615327	4.211238
677.8453	3.873872	3.889337	3.910154	4.030097	4.217157	0.2635807	4.230162
677.9977	4.366522	4.370036	4.465452	4.544099	4.754367	0.2608344	4.776417
678.1501	4.566551	4.677824	4.746049	4.874877	5.106784	0.2597705	5.278513
678.3025	4.241229	4.285499	4.320283	4.456424	4.68535	0.2608424	4.751996
678.4549	4.261616	4.300817	4.34007	4.475575	4.702734	0.2584795	4.76993
678.6073	4.221194	4.262682	4.299326	4.439896	4.658998	0.2584312	4.726748
678.7597	4.232285	4.269693	4.311738	4.447033	4.667905	0.2580128	4.721145
678.9121	4.561096	4.519864	4.593241	4.713844	4.960785	0.2607429	4.98522
679.0645	4.495457	4.487294	4.325693	4.38118	4.639286	0.260476	4.480542
679.2169	5.63913	5.680377	5.740543	5.768801	6.156547	0.2558627	6.174724
679.3693	5.0751	5.079261	5.161788	5.230531	5.57023	0.2581978	5.622663
679.5217	3.820861	3.779258	3.783216	3.875922	4.132121	0.2605058	4.079115
679.6741	4.141806	4.044997	4.080685	4.173759	4.463757	0.2581843	4.37447
679.8265	4.340572	4.228915	4.264905	4.378055	4.683201	0.2565261	4.596056
679.9789	4.357236	4.23666	4.273645	4.388077	4.687261	0.257048	4.593151
680.1313	4.364637	4.247957	4.282477	4.393597	4.69614	0.257075	4.602771
680.2837	4.352164	4.245776	4.275447	4.392769	4.691337	0.2574905	4.604689
680.4361	4.39353	4.27355	4.295619	4.415308	4.716511	0.2562041	4.589849
680.5885	5.411361	5.32012	5.604026	5.7493	6.178914	0.2545488	6.388965
680.7409	4.700169	4.66868	4.849203	4.970223	5.225175	0.2561	5.341414
680.8933	4.134942	4.103123	4.106915	4.219602	4.416572	0.2577254	4.363077
681.0457	4.051723	4.001618	4.009363	4.123631	4.313419	0.2584409	4.246385
681.1981	4.037445	3.998654	4.001379	4.119399	4.312522	0.2578756	4.254353
681.3505	4.004181	3.969596	3.972578	4.080679	4.270061	0.2590797	4.215485
681.5029	3.899686	3.821321	3.807349	3.879714	4.063875	0.2590921	3.936207
681.6553	4.622311	4.593417	4.588596	4.710406	4.920206	0.2568002	4.855411
681.8077	4.692995	4.677363	4.679371	4.802536	5.016044	0.2556831	4.967267
681.9601	4.729859	4.713971	4.702484	4.830467	5.045315	0.2560296	4.9986
682.1125	4.266619	4.245918	4.324561	4.42974	4.627934	0.2571829	4.621354
682.2649	4.621428	4.634419	4.711542	4.73574	4.985242	0.2569459	4.968036
682.4173	4.968025	4.970923	5.024707	5.020207	5.336853	0.2570049	5.283187
682.5697	4.981457	4.986011	5.047636	5.039615	5.355506	0.2576916	5.311411
682.7221	4.991572	4.995272	5.048018	5.047382	5.365689	0.2578422	5.314408
682.8745	4.974086	4.980289	5.044291	5.043585	5.351017	0.2579127	5.309433
683.0269	4.978693	4.986768	5.053526	5.03851	5.366516	0.2570327	5.32422
683.1793	4.997069	4.991529	5.055964	5.045156	5.367503	0.2559682	5.318103
683.3317	4.386701	4.351184	4.4158	4.418849	4.702846	0.2577606	4.637498
683.4841	4.892695	4.867509	4.835314	4.924592	5.221819	0.2580198	5.130957
683.6365	4.890992	4.842305	4.890708	4.986435	5.309487	0.2577537	5.265055
683.7889	5.715246	5.770942	5.852671	5.972205	6.384253	0.2573657	6.484336
683.9413	6.947381	7.055267	7.140167	7.362154	7.844151	0.2561169	8.081559
684.0937	6.7592	6.828051	6.887687	7.128625	7.602459	0.2566538	7.785972
684.2461	6.717316	6.780522	6.853819	7.087381	7.560318	0.2568615	7.748306
684.3985	6.711081	6.791472	6.845743	7.084298	7.549092	0.2567708	7.737253
684.5509	6.722388	6.797469	6.86836	7.084166	7.562255	0.2555573	7.749752
684.7033	6.607787	6.68039	6.745749	6.979029	7.44872	0.255212	7.661534
684.8557	4.415361	4.356937	4.384101	4.503644	4.810694	0.2568549	4.74814
685.0081	4.858463	4.834356	4.815261	4.917384	5.228776	0.2562959	5.178527
685.1605	4.196349	4.207126	4.158654	4.254902	4.508096	0.2564508	4.44389
685.3129	4.184339	4.197342	4.151322	4.24063	4.500537	0.2564211	4.438157
685.4653	4.205876	4.225068	4.175895	4.268703	4.524729	0.2555131	4.45646
685.6177	4.796581	4.817621	4.870236	5.047867	5.264516	0.2544772	5.338975
685.7701	4.584482	4.590698	4.650891	4.836981	4.98733	0.2558871	5.052504
685.9225	4.418728	4.419048	4.497922	4.667987	4.808365	0.256835	4.870317
686.0749	4.418274	4.434031	4.515584	4.668918	4.822976	0.2567772	4.896043
686.2273	4.433779	4.436912	4.519977	4.678008	4.823224	0.2567901	4.884424
686.3797	4.424659	4.427857	4.508076	4.662306	4.812545	0.2573765	4.872621
686.5321	4.429075	4.434185	4.513174	4.678616	4.823383	0.2579902	4.887478
686.6845	4.818046	4.907605	4.985744	5.166673	5.350128	0.257825	5.521365
686.8369	4.528056	4.628607	4.718819	4.771822	4.933644	0.2565592	5.028899
686.9893	4.282113	4.379366	4.400457	4.483144	4.66018	0.2571899	4.729643
687.1417	3.730848	3.77154	3.77876	3.842743	4.006436	0.2591664	4.00114
687.2941	3.907542	3.950968	3.968225	4.015342	4.212904	0.2592153	4.201394
687.4465	3.937308	4.003029	4.028011	4.115697	4.345774	0.2593705	4.390255
687.5989	4.797588	4.987056	4.981809	5.108627	5.387293	0.2602226	5.561968
687.7513	4.844922	5.026037	5.039634	5.167181	5.450055	0.2622789	5.635525
687.9037	4.828229	5.008531	5.031766	5.163452	5.446384	0.26457	5.64359
688.0561	4.87156	5.046577	5.058393	5.177734	5.464907	0.2647605	5.631115
688.2085	5.192971	5.327302	5.515899	5.642149	6.006703	0.2667314	6.351202
688.3609	4.532434	4.615525	4.735798	4.815642	5.154748	0.2692422	5.317484
688.5133	5.297849	5.461267	5.575196	5.682264	6.063587	0.2686509	6.331961
688.6657	5.376695	5.538609	5.663349	5.796828	6.16407	0.2700839	6.459123
688.8181	5.399726	5.562311	5.685694	5.80367	6.190333	0.2705006	6.4718
688.9705	5.965831	6.208384	6.267167	6.420693	6.831592	0.2693532	7.160594
689.1229	4.875687	4.973001	5.034943	5.20598	5.539029	0.2725388	5.72537
689.2753	4.62632	4.665111	4.719946	4.854725	5.164681	0.27561	5.248246
689.4277	4.905282	5.050337	5.062598	5.173446	5.475497	0.2749211	5.600083
689.5801	5.407215	5.599692	5.60335	5.773009	6.084791	0.2744704	6.290857
689.7325	5.276134	5.481418	5.514527	5.678885	5.990242	0.2753175	6.249357
689.8849	4.838018	5.006028	5.045775	5.191459	5.479837	0.2763541	5.692524
690.0373	4.756867	4.920776	4.957265	5.10768	5.383236	0.2761001	5.588896
690.1897	4.752563	4.921028	4.948375	5.100167	5.374762	0.2750576	5.575685
690.3421	4.751373	4.915373	4.958965	5.099518	5.380335	0.2745261	5.59039
690.4945	4.225496	4.297216	4.332622	4.442338	4.674748	0.2752544	4.742302
690.6469	4.458973	4.569869	4.644425	4.737002	4.971555	0.2745173	5.10608
690.7993	4.775325	4.961119	4.969384	5.092082	5.341692	0.2729078	5.515756
690.9517	4.77941	4.980217	4.989717	5.101118	5.35199	0.272576	5.535944
691.1041	4.773073	4.972343	4.984546	5.097133	5.349775	0.2721827	5.535913
691.2565	4.567688	4.740913	4.780377	4.872336	5.094244	0.2742617	5.265701
691.4089	4.454828	4.593889	4.657341	4.767682	4.950018	0.2761239	5.09692
691.5613	5.45629	5.629224	5.64197	5.822476	6.066453	0.2747764	6.251158
691.7137	5.539428	5.655511	5.719985	5.900222	6.150879	0.2755692	6.326105
691.8661	5.539655	5.658214	5.725677	5.898681	6.155015	0.2766984	6.330904
692.0185	5.51956	5.641753	5.710826	5.891433	6.141796	0.2767183	6.328579
692.1709	5.512294	5.6417	5.713033	5.892512	6.1442	0.2764719	6.339796
692.3233	5.490746	5.631	5.696611	5.872966	6.127229	0.2761697	6.331076
692.4757	5.105884	5.189694	5.329117	5.46499	5.705733	0.2775893	5.920536
692.6281	5.412597	5.776057	5.651708	5.727196	6.05665	0.2786934	6.267459
692.7805	3.920063	3.969918	4.014825	4.088304	4.360862	0.2817878	4.407713
692.9329	4.428303	4.474826	4.487264	4.564628	4.856048	0.2823985	4.870144
693.0853	4.459198	4.506416	4.534042	4.614404	4.905012	0.2822673	4.933831
693.2377	4.454391	4.508121	4.530411	4.603032	4.89278	0.2832862	4.917726
693.3901	4.456251	4.50156	4.530114	4.597477	4.891771	0.2839931	4.911499
693.5425	4.640434	4.723763	4.743011	4.836312	5.152731	0.2841007	5.213026
693.6949	4.565584	4.736328	4.707849	4.820877	5.135133	0.2854967	5.264552
693.8473	4.696214	4.861537	4.895484	5.031397	5.335075	0.2873189	5.533888
693.9997	4.727281	4.903779	4.934683	5.078376	5.387809	0.2877822	5.603153
694.1521	4.776239	4.971709	5.013931	5.163419	5.470741	0.2874409	5.728033
694.3045	5.146289	5.413743	5.43343	5.570919	5.927431	0.286281	6.238151
694.4569	4.693145	4.909517	4.961586	5.052039	5.43417	0.2856437	5.693821
694.6093	4.783889	4.982605	5.045765	5.136998	5.520717	0.2850132	5.776709
694.7617	4.644513	4.82107	4.879739	4.968515	5.334865	0.2861966	5.556239
694.9141	4.545415	4.719436	4.775055	4.868184	5.229335	0.2877072	5.449681
695.0665	4.464395	4.628393	4.676083	4.771101	5.118263	0.2892829	5.318496
695.2189	4.429356	4.597102	4.644702	4.738127	5.087943	0.290919	5.292497
695.3713	4.394215	4.564712	4.614295	4.704526	5.047859	0.292494	5.25501
695.5237	4.38552	4.563597	4.608356	4.704309	5.019734	0.2938755	5.229591
695.6761	4.375411	4.555261	4.603869	4.699736	5.020903	0.2947449	5.238443
695.8285	4.393616	4.565292	4.609263	4.703019	5.02219	0.2952144	5.222401
695.9809	4.379407	4.558692	4.603002	4.694056	5.034489	0.2957942	5.245934
696.1333	4.362581	4.548617	4.59714	4.700645	5.030747	0.2961806	5.262741
696.2857	4.38048	4.556579	4.604418	4.700835	5.02845	0.2966336	5.242319
696.4381	4.375703	4.560321	4.60851	4.703079	5.031963	0.2972909	5.254726
696.5905	4.355706	4.542052	4.591351	4.692594	5.021239	0.2978043	5.253051
696.7429	4.372852	4.559322	4.600503	4.701514	5.027454	0.2982089	5.248869
696.8953	4.386031	4.566338	4.614935	4.71303	5.044086	0.2985385	5.265285
697.0477	4.37175	4.564414	4.614071	4.705238	5.036931	0.2989267	5.269519
697.2001	4.354419	4.555071	4.599862	4.695328	5.02841	0.2991556	5.268294
697.3525	4.359468	4.550838	4.606099	4.701582	5.03272	0.2992502	5.273166
697.5049	4.372656	4.562385	4.605493	4.707042	5.03182	0.2994604	5.260113
697.6573	4.386748	4.585214	4.62511	4.724433	5.048487	0.2994321	5.281414
697.8097	4.373279	4.571386	4.611315	4.712313	5.037118	0.2998734	5.271128
697.9621	4.360646	4.555778	4.60599	4.699464	5.025256	0.3007023	5.261243
698.1145	4.522184	4.74019	4.797596	4.899068	5.240387	0.3010269	5.516088
698.2669	4.523278	4.740841	4.798183	4.899485	5.240548	0.3017542	5.515461

