HOLE:	U1513D
EXPEDITION:	369
TOP:	175.1527
BOTTOM:	300.5779
DEPTH_WMSF	LCAL
m	in
175.1527	11.18055
175.3051	11.27756
175.4575	11.28227
175.6099	11.2888
175.7623	11.27762
175.9147	11.25429
176.0671	11.29999
176.2195	11.39898
176.3719	11.79974
176.5243	11.94564
176.6767	11.94014
176.8291	11.94947
176.9815	11.94575
177.1339	11.94947
177.2863	11.9644
177.4387	11.94948
177.5911	11.96066
177.7435	11.95694
177.8959	11.97746
178.0483	12.06516
178.2007	12.09875
178.3531	11.92354
178.5055	11.84129
178.6579	11.8375
178.8103	11.8263
178.9627	11.80393
179.1151	11.81416
179.2675	11.78898
179.4199	11.72086
179.5723	11.64351
179.7247	11.39729
179.8771	11.38959
180.0295	11.38585
180.1819	11.38959
180.3343	11.39331
180.4867	11.40824
180.6391	11.39332
180.7915	11.40358
180.9439	11.39333
181.0963	11.39891
181.2487	11.39705
181.4011	11.39705
181.5535	11.39425
181.7059	11.4679
181.8583	11.56216
182.0107	11.56129
182.1631	11.56875
182.3155	11.55756
182.4679	11.57247
182.6203	11.60233
182.7727	11.61821
182.9251	11.60982
183.0775	11.61354
183.2299	11.61354
183.3823	11.62847
183.5347	11.6322
183.6871	11.64619
183.8395	11.65833
183.9919	11.64341
184.1443	11.6602
184.2967	11.64342
184.4491	11.66205
184.6015	11.68352
184.7539	11.74791
184.9063	11.78613
185.0587	11.83372
185.2111	11.83376
185.3635	11.83749
185.5159	11.83004
185.6683	11.84495
185.8207	11.85615
185.9731	11.88601
186.1255	12.00547
186.2779	12.08935
186.4303	12.09131
186.5827	12.08945
186.7351	12.08011
186.8875	12.06893
187.0399	12.06612
187.1923	12.06145
187.3447	12.05772
187.4971	12.03349
187.6495	12.01295
187.8019	11.94578
187.9543	11.90283
188.1067	11.89348
188.2591	11.8823
188.4115	11.88415
188.5639	11.88229
188.7163	11.88229
188.8687	11.88881
189.0211	11.88602
189.1735	11.88415
189.3259	11.8599
189.4783	11.81889
189.6307	11.56714
189.7831	11.53145
189.9355	11.52023
190.0879	11.51649
190.2403	11.51649
190.3927	11.51556
190.5451	11.52769
190.6975	11.6434
190.8499	11.65086
191.0023	11.65087
191.1547	11.64714
191.3071	11.65553
191.4595	11.67324
191.6119	11.68445
191.7643	11.68353
191.9167	11.72177
192.0691	11.87949
192.2215	11.8711
192.3739	11.87482
192.5263	11.87482
192.6787	11.87109
192.8311	11.87016
192.9835	11.87482
193.1359	11.87109
193.2883	11.87949
193.4407	11.86737
193.5931	11.87481
193.7455	11.87016
193.8979	11.86736
194.0503	11.86549
194.2027	11.87108
194.3551	11.86736
194.5075	11.86549
194.6599	11.87109
194.8123	11.87109
194.9647	11.87016
195.1171	11.86363
195.2695	11.87015
195.4219	11.86363
195.5743	11.87108
195.7267	11.87016
195.8791	11.87482
196.0315	11.88231
196.1839	12.26163
196.3363	12.42711
196.4887	12.43471
196.6411	12.43471
196.7935	12.43471
196.9459	12.39742
197.0983	12.39738
197.2507	12.40485
197.4031	12.39739
197.5555	12.41603
197.7079	12.3974
197.8603	12.40858
198.0127	12.40112
198.1651	12.38807
198.3175	12.34516
198.4699	12.26678
198.6223	12.25555
198.7747	12.263
198.9271	12.25742
199.0795	12.25928
199.2319	12.26301
199.3843	12.2481
199.5367	12.26299
199.6891	12.25182
199.8415	12.25741
199.9939	12.21075
200.1463	12.17813
200.2987	12.17343
200.4511	12.23405
200.6035	12.22942
200.7559	12.23315
200.9083	12.22196
201.0607	12.25273
201.2131	12.26301
201.3655	12.25741
201.5179	12.25555
201.6703	12.25182
201.8227	12.26207
201.9751	12.28168
202.1275	12.29006
202.2799	12.28541
202.4323	12.28541
202.5847	12.28541
202.7371	12.28913
202.8895	12.28541
203.0419	12.28541
203.1943	12.28541
203.3467	12.29287
203.4991	12.28541
203.6515	12.29287
203.8039	12.31153
203.9563	12.30407
204.1087	12.31898
204.2611	12.30408
204.4135	12.38615
204.5659	12.41978
204.7183	12.43935
204.8707	12.42726
205.0231	12.42725
205.1755	12.4487
205.3279	12.51311
205.4803	12.64359
205.6327	12.66798
205.7851	12.65867
205.9375	12.668
206.0899	12.66613
206.2423	12.6624
206.3947	12.66333
206.5471	12.6512
206.6995	12.64374
206.8519	12.64001
207.0043	12.63627
207.1567	12.63254
207.3091	12.626
207.4615	12.60643
207.6139	12.56538
207.7663	12.54296
207.9187	12.55042
208.0711	12.54669
208.2235	12.55042
208.3759	12.55042
208.5283	12.54202
208.6807	12.53923
208.8331	12.47676
208.9855	12.33029
209.1379	12.2593
209.2903	12.26208
209.4427	12.25928
209.5951	12.25928
209.7475	12.25741
209.8999	12.25555
210.0523	12.25275
210.2047	12.25927
210.3571	12.25182
210.5095	12.25275
210.6619	12.25927
210.8143	12.25555
210.9667	12.25275
211.1191	12.25928
211.2715	12.25741
211.4239	12.24809
211.5763	12.25927
211.7287	12.25275
211.8811	12.25181
212.0335	12.263
212.1859	12.26208
212.3383	12.25928
212.4907	12.25741
212.6431	12.263
212.7955	12.25928
212.9479	12.24809
213.1003	12.25554
213.2527	12.25928
213.4051	12.25741
213.5575	12.25182
213.7099	12.25554
213.8623	12.26208
214.0147	12.25183
214.1671	12.27139
214.3195	12.25182
214.4719	12.25741
214.6243	12.28164
214.7767	12.31896
214.9291	12.37868
215.0815	12.50186
215.2339	12.54669
215.3863	12.55135
215.5387	12.53923
215.6911	12.52057
215.8435	12.51869
215.9959	12.51683
216.1483	12.52056
216.3007	12.51869
216.4531	12.51683
216.6055	12.50937
216.7579	12.50936
216.9103	12.47579
217.0627	12.43006
217.2151	12.42351
217.3675	12.43843
217.5199	12.43937
217.6723	12.43098
217.8247	12.43471
217.9771	12.43098
218.1295	12.42352
218.2819	12.32279
218.4343	12.13613
218.5867	11.87985
218.7391	11.82262
218.8915	11.81884
219.0439	11.83749
219.1963	11.8263
219.3487	11.83002
219.5011	11.81884
219.6535	11.82629
219.8059	11.82257
219.9583	11.82816
220.1107	11.81884
220.2631	11.81883
220.4155	11.82256
220.5679	11.83002
220.7203	11.84215
220.8727	11.81885
221.0251	11.82629
221.1775	11.81883
221.3299	11.83375
221.4823	11.81884
221.6347	11.82256
221.7871	11.8263
221.9395	11.8263
222.0919	11.81884
222.2443	11.82256
222.3967	11.81883
222.5491	11.82815
222.7015	11.82257
222.8539	11.82629
223.0063	11.82816
223.1587	11.81883
223.3111	11.81883
223.4635	11.81883
223.6159	11.83002
223.7683	11.81883
223.9207	11.83002
224.0731	11.82257
224.2255	11.82816
224.3779	11.81883
224.5303	11.82256
224.6827	11.81884
224.8351	11.83748
224.9875	11.84123
225.1399	11.87017
225.2923	12.06868
225.4447	12.22556
225.5971	12.22942
225.7495	12.22942
225.9019	12.23687
226.0543	12.22476
226.2067	12.21449
226.3591	12.1921
226.5115	12.19675
226.6639	12.18837
226.8163	12.20701
226.9687	12.1921
227.1211	12.20609
227.2735	12.18838
227.4259	12.17344
227.5783	12.17716
227.7307	12.12491
227.8831	11.85185
228.0355	11.71818
228.1879	11.71432
228.3403	11.70686
228.4927	11.71058
228.6451	11.71059
228.7975	11.71618
228.9499	11.70686
229.1023	11.71432
229.2547	11.70686
229.4071	11.70685
229.5595	11.70685
229.7119	11.71152
229.8643	11.71804
230.0167	11.70687
230.1691	11.71805
230.3215	11.70686
230.4739	11.71804
230.6263	11.72551
230.7787	11.71806
230.9311	11.70686
231.0835	11.71059
231.2359	11.71059
231.3883	11.71059
231.5407	11.70686
231.6931	11.71432
231.8455	11.71152
231.9979	11.7255
232.1503	11.72179
232.3027	11.76283
232.4551	11.7815
232.6075	11.77032
232.7599	11.78616
232.9123	11.77405
233.0647	11.7927
233.2171	11.77686
233.3695	11.77777
233.5219	11.77404
233.6743	11.78617
233.8267	11.77406
233.9791	11.7815
234.1315	11.77218
234.2839	11.78524
234.4363	12.0316
234.5887	12.0754
234.7411	12.08384
234.8935	12.08012
235.0459	12.07545
235.1983	12.07265
235.3507	12.08011
235.5031	12.07079
235.6555	12.08011
235.8079	12.07639
235.9603	12.08943
236.1127	12.08012
236.2651	12.08011
236.4175	12.06144
236.5699	11.97197
236.7223	11.94949
236.8747	11.92615
237.0271	11.93454
237.1795	11.91963
237.3319	11.9308
237.4843	11.80396
237.6367	11.80763
237.7891	11.75825
237.9415	11.75165
238.0939	11.53902
238.2463	11.50904
238.3987	11.49037
238.5511	11.52019
238.7035	11.53141
238.8559	11.54635
239.0083	11.54822
239.1607	11.53144
239.3131	11.53888
239.4655	11.53143
239.6179	11.53422
239.7703	11.55752
239.9227	11.56221
240.0751	11.55756
240.2275	11.56501
240.3799	11.55755
240.5323	11.56874
240.6847	11.56502
240.8371	11.56688
240.9895	11.56502
241.1419	11.56502
241.2943	11.56502
241.4467	11.56222
241.5991	11.56875
241.7515	11.56689
241.9039	11.57248
242.0563	11.57994
242.2087	11.64618
242.3611	11.62102
242.5135	11.74777
242.6659	11.77216
242.8183	11.77404
242.9707	11.70686
243.1231	11.66492
243.2755	11.66953
243.4279	11.66953
243.5803	11.67886
243.7327	11.718
243.8851	11.83271
244.0375	14.95964
244.1899	14.64076
244.3423	12.22942
244.4947	12.23315
244.6471	12.22569
244.7995	12.23315
244.9519	12.24341
245.1043	12.36737
245.2567	13.31102
245.4091	13.48348
245.5615	13.93141
245.7139	14.05355
245.8663	13.67059
246.0187	12.85703
246.1711	12.10273
246.3235	12.06145
246.4759	12.05772
246.6283	12.06145
246.7807	12.05679
246.9331	12.05772
247.0855	13.31772
247.2379	13.84795
247.3903	13.85682
247.5427	13.86056
247.6951	13.81583
247.8475	13.0402
247.9999	12.84916
248.1523	12.35088
248.3047	11.88601
248.4571	11.76765
248.6095	11.79268
248.7619	11.72182
248.9143	11.89348
249.0667	11.62322
249.2191	11.64711
249.3715	11.58745
249.5239	11.61353
249.6763	11.60981
249.8287	11.60981
249.9811	11.67415
250.1335	11.80759
250.2859	12.05408
250.4383	13.63196
250.5907	14.81888
250.7431	14.59971
250.8955	11.7537
251.0479	11.74419
251.2003	11.74418
251.3527	11.8561
251.5051	12.83018
251.6575	12.71482
251.8099	12.52822
251.9623	11.78575
252.1147	11.74792
252.2671	11.75353
252.4195	12.09837
252.5719	14.45959
252.7243	14.87471
252.8767	16.96219
253.0291	17.05927
253.1815	17.06778
253.3339	16.91764
253.4863	14.01418
253.6387	13.84401
253.7911	13.01415
253.9435	15.63172
254.0959	16.93206
254.2483	17.06686
254.4007	17.07245
254.5531	16.39927
254.7055	16.0219
254.8579	15.94802
255.0103	12.76364
255.1627	15.61963
255.3151	15.60742
255.4675	15.68578
255.6199	15.6858
255.7723	15.69698
255.9247	15.67275
256.0771	15.68952
256.2295	15.67833
256.3819	15.66342
256.5343	14.54083
256.6867	12.52895
256.8391	13.25581
256.9915	12.63709
257.1439	13.25995
257.2963	13.63265
257.4487	13.40523
257.6011	13.28405
257.7535	13.28947
257.9059	13.4797
258.0583	13.11603
258.2107	13.8419
258.3631	13.7897
258.5155	13.69454
258.6679	13.68886
258.8203	15.63334
258.9727	13.66909
259.1251	14.73296
259.2775	15.01003
259.4299	14.99901
259.5823	15.00086
259.7347	14.99155
259.8871	14.98687
260.0395	14.79005
260.1919	14.15545
260.3443	15.2608
260.4967	15.93904
260.6491	13.81679
260.8015	13.14864
260.9539	13.81115
261.1063	15.93381
261.2587	16.96452
261.4111	16.981
261.5635	16.97728
261.7159	16.74238
261.8683	15.78541
262.0207	14.1411
262.1731	14.68919
262.3255	13.1924
262.4779	12.44282
262.6303	12.35264
262.7827	12.36939
262.9351	13.38515
263.0875	15.32929
263.2399	16.82892
263.3923	14.5927
263.5447	13.3883
263.6971	13.38186
263.8495	13.1963
264.0019	12.92378
264.1543	13.95107
264.3067	14.41987
264.4591	16.57229
264.6115	16.68981
264.7639	15.73818
264.9163	12.98342
265.0687	14.1785
265.2211	14.05846
265.3735	16.75264
265.5259	16.20814
265.6783	14.24721
265.8307	13.12608
265.9831	13.49463
266.1355	14.88887
266.2879	15.42012
266.4403	16.05943
266.5927	16.18963
266.7451	14.096
266.8975	13.89536
267.0499	16.63486
267.2023	17.06659
267.3547	17.06313
267.5071	17.07245
267.6595	17.07059
267.8119	17.06313
267.9643	17.07245
268.1167	17.05193
268.2691	17.07057
268.4215	16.74148
268.5739	16.11537
268.7263	15.40222
268.8787	15.38348
269.0311	15.61465
269.1835	17.0622
269.3359	17.05846
269.4883	16.57777
269.6407	15.34007
269.7931	14.22721
269.9455	14.06219
270.0979	14.2898
270.2503	14.29633
270.4027	14.2749
270.5551	13.50637
270.7075	12.81741
270.8599	13.50128
271.0123	14.60222
271.1647	16.39942
271.3171	14.96581
271.4695	16.50328
271.6219	17.05783
271.7743	17.07058
271.9267	16.79076
272.0791	16.37728
272.2315	16.13029
272.3839	16.13744
272.5363	16.3305
272.6887	16.40244
272.8411	14.83695
272.9935	16.52016
273.1459	16.2123
273.2983	17.07034
273.4507	17.06312
273.6031	17.0594
273.7555	17.07804
273.9079	17.0538
274.0603	17.07059
274.2127	17.05941
274.3651	17.06312
274.5175	17.05939
274.6699	16.76457
274.8223	16.04234
274.9747	16.31259
275.1271	17.0589
275.2795	17.06685
275.4319	17.05846
275.5843	17.06312
275.7367	17.05846
275.8891	17.06685
276.0415	17.06686
276.1939	17.05381
276.3463	17.05939
276.4987	17.06312
276.6511	15.4724
276.8035	15.19722
276.9559	13.18334
277.1083	15.17681
277.2607	17.07001
277.4131	17.05566
277.5655	17.05379
277.7179	17.06312
277.8703	17.05566
278.0227	17.05566
278.1751	17.06778
278.3275	16.92515
278.4799	14.39108
278.6323	14.75631
278.7847	13.57111
278.9371	13.16766
279.0895	14.84854
279.2419	16.74525
279.3943	17.07246
279.5467	17.06314
279.6991	17.06312
279.8515	17.06312
280.0039	17.01647
280.1563	13.71557
280.3087	14.16248
280.4611	13.60613
280.6135	13.98739
280.7659	14.02847
280.9183	13.79735
281.0707	14.56922
281.2231	15.25259
281.3755	17.06779
281.5279	17.05195
281.6803	17.06311
281.8327	17.07245
281.9851	17.05939
282.1375	17.05939
282.2899	17.06312
282.4423	17.06313
282.5947	17.06686
282.7471	14.83146
282.8995	14.29784
283.0519	17.06118
283.2043	16.7273
283.3567	17.07059
283.5091	17.05195
283.6615	17.05845
283.8139	17.05193
283.9663	17.06685
284.1187	17.04915
284.2711	17.06311
284.4235	17.05939
284.5759	17.06312
284.7283	15.31507
284.8807	15.31254
285.0331	15.77039
285.1855	17.06641
285.3379	17.06686
285.4903	17.07245
285.6427	17.0594
285.7951	17.06685
285.9475	17.05846
286.0999	17.06312
286.2523	17.05567
286.4047	17.04913
286.5571	16.77578
286.7095	14.75933
286.8619	14.07779
287.0143	13.51011
287.1667	14.1776
287.3191	15.82391
287.4715	16.12494
287.6239	16.07403
287.7763	14.70851
287.9287	13.24671
288.0811	13.24841
288.2335	13.24096
288.3859	13.44705
288.5383	14.00973
288.6907	13.60361
288.8431	14.3282
288.9955	16.42332
289.1479	17.05916
289.3003	17.06312
289.4527	17.05847
289.6051	17.05566
289.7575	16.92881
289.9099	15.43496
290.0623	14.63429
290.2147	15.74443
290.3671	16.95507
290.5195	17.06683
290.6719	17.06686
290.8243	17.0594
290.9767	17.07711
291.1291	17.05194
291.2815	17.06312
291.4339	17.05846
291.5863	17.06312
291.7387	17.05566
291.8911	17.05846
292.0435	17.06312
292.1959	17.0594
292.3483	16.73206
292.5007	14.40984
292.6531	14.58442
292.8055	16.24942
292.9579	15.86525
293.1103	17.05894
293.2627	17.05379
293.4151	17.06684
293.5675	17.07059
293.7199	17.06313
293.8723	17.06686
294.0247	17.0594
294.1771	17.05846
294.3295	16.48867
294.4819	14.44711
294.6343	14.40372
294.7867	14.49127
294.9391	16.22198
295.0915	17.0628
295.2439	17.05939
295.3963	17.06685
295.5487	17.06313
295.7011	17.07711
295.8535	17.06686
296.0059	17.06313
296.1583	17.06312
296.3107	16.37304
296.4631	13.32763
296.6155	15.49063
296.7679	14.03764
296.9203	16.27383
297.0727	17.05908
297.2251	17.06779
297.3775	17.05567
297.5299	17.06312
297.6823	17.0538
297.8347	17.06312
297.9871	15.50133
298.1395	13.68325
298.2919	13.4753
298.4443	13.68134
298.5967	14.4831
298.7491	15.93795
298.9015	15.95826
299.0539	15.95082
299.2063	15.95734
299.3587	15.95828
299.5111	15.93217
299.6635	15.83609
299.8159	15.76419
299.9683	15.67473
300.1207	14.5075
300.2731	12.55264
300.4255	13.97586
300.5779	12.26609

