HOLE:	U1513D
EXPEDITION:	369
TOP:	153.5119
BOTTOM:	299.9683
DEPTH_WMSF	RHOM	DRH	PEFL	NRHB
m	g/cm3	g/cm3	barns/e-	g/cm3
153.5119	2.826382	0.2797075	14.83059	2.826382
153.6643	1.950898	-0.0003400565	11.13472	1.950898
153.8167	1.664745	0.01184429	9.799148	1.664745
153.9691	1.485011	-0.006186682	9.085844	1.047057
154.1215	1.503843	0.03145906	9.152821	1.503627
154.2739	1.510919	0.03670073	9.465425	1.510919
154.4263	1.518444	0.04670212	9.526926	1.518444
154.5787	1.532613	0.05611145	9.909166	1.532613
154.7311	1.52321	0.05064909	9.895904	1.52321
154.8835	1.53336	0.05737506	9.96663	1.53336
155.0359	1.539455	0.05692716	9.677172	1.539455
155.1883	1.552588	0.06145064	9.821577	1.552588
155.3407	1.544862	0.05172261	9.78488	1.544862
155.4931	1.536634	0.05350724	9.786382	1.536634
155.6455	1.520794	0.04345473	9.529886	1.520794
155.7979	1.523783	0.04978939	9.125257	1.523783
155.9503	1.527764	0.05054208	9.065429	1.527764
156.1027	1.53768	0.05944232	8.769179	1.53768
156.2551	1.547981	0.06343992	9.071424	1.547981
156.4075	1.545235	0.06992596	9.310601	1.545235
156.5599	1.52983	0.06083054	9.581537	1.52983
156.7123	1.526878	0.05710289	9.708865	1.526878
156.8647	1.533208	0.05271056	9.506618	1.533208
157.0171	1.559173	0.05932734	9.673343	1.559173
157.1695	1.552722	0.05661364	9.350608	1.552722
157.3219	1.572158	0.07086647	9.227989	1.572158
157.4743	1.574502	0.07685103	8.901559	1.574502
157.6267	1.588871	0.08607458	8.718354	1.588871
157.7791	1.591185	0.08972957	8.499149	1.591185
157.9315	1.593962	0.09273513	8.641741	1.593962
158.0839	1.578597	0.08278235	8.845047	1.578597
158.2363	1.557301	0.07322957	9.122907	1.557301
158.3887	1.550334	0.06987403	9.022386	1.550334
158.5411	1.571404	0.06895074	8.686122	1.571404
158.6935	1.596539	0.07200132	8.234162	1.596539
158.8459	1.633209	0.08631671	8.464067	1.633209
158.9983	1.622251	0.09310602	8.702612	1.622251
159.1507	1.618898	0.09717618	8.864689	1.618898
159.3031	1.613001	0.1009326	8.550492	1.613001
159.4555	1.616469	0.1019027	8.701666	1.616469
159.6079	1.604203	0.09787449	8.578562	1.604203
159.7603	1.598843	0.09278669	8.550443	1.598843
159.9127	1.587722	0.08805444	8.381208	1.587722
160.0651	1.596529	0.08979482	8.434022	1.596529
160.2175	1.602016	0.09380468	8.53402	1.602016
160.3699	1.604199	0.08951758	8.31686	1.604199
160.5223	1.637719	0.101704	8.52685	1.637719
160.6747	1.620396	0.09467864	8.292087	1.620396
160.8271	1.659351	0.1041759	8.139302	1.659351
160.9795	1.66989	0.112979	7.757813	1.66989
161.1319	1.72007	0.1324424	7.49628	1.72007
161.2843	1.751747	0.1466776	7.204159	1.751747
161.4367	1.814251	0.1690777	7.1711	1.814251
161.5891	1.841413	0.1786777	7.67281	1.841413
161.7415	1.788235	0.1653818	8.021382	1.788235
161.8939	1.747069	0.1630942	7.999101	1.747069
162.0463	1.71277	0.1527958	7.289598	1.71277
162.1987	1.753803	0.1635735	7.093406	1.753803
162.3511	1.764664	0.1581881	6.983739	1.764664
162.5035	1.799612	0.1701402	7.243557	1.799612
162.6559	1.799218	0.161631	7.072937	1.799218
162.8083	1.800592	0.1627035	6.720942	1.800592
162.9607	1.826055	0.1673007	6.804247	1.826055
163.1131	1.835373	0.1727031	6.64801	1.835373
163.2655	1.872234	0.1745133	6.239147	1.872234
163.4179	1.8931	0.1774574	5.925426	1.8931
163.5703	1.910017	0.1782627	5.864254	1.910017
163.7227	1.90416	0.169249	6.174672	1.90416
163.8751	1.902031	0.1582829	5.805173	1.902031
164.0275	1.914303	0.1616525	5.539937	1.914303
164.1799	1.941943	0.1685791	5.436729	1.941943
164.3323	1.941136	0.1662422	5.871905	1.941136
164.4847	1.918452	0.1581255	6.385992	1.918452
164.6371	1.904447	0.1567769	6.335602	1.904447
164.7895	1.913721	0.148526	5.989735	1.913721
164.9419	1.94925	0.1496656	5.789113	1.94925
165.0943	1.944919	0.1396486	5.809761	1.944919
165.2467	1.941746	0.1307954	5.958269	1.941746
165.3991	1.909308	0.1260471	5.788798	1.909308
165.5515	1.920924	0.12603	5.93871	1.920924
165.7039	1.87455	0.1179483	5.626242	1.87455
165.8563	1.898809	0.1240601	5.537556	1.898809
166.0087	1.863598	0.1326151	5.17987	1.863598
166.1611	1.860929	0.1373149	5.412914	1.860929
166.3135	1.866835	0.1537469	5.428034	1.866835
166.4659	1.883	0.1498508	5.587498	1.883
166.6183	1.927072	0.1595468	5.669137	1.927072
166.7707	1.924071	0.1473132	6.062902	1.924071
166.9231	1.894476	0.1368204	6.21773	1.894476
167.0755	1.861364	0.1190742	5.985827	1.861364
167.2279	1.876169	0.1260714	5.495017	1.876169
167.3803	1.897989	0.1254211	5.31613	1.897989
167.5327	1.903226	0.1389083	5.314837	1.903226
167.6851	1.875222	0.1223251	5.318134	1.875222
167.8375	1.842515	0.1110518	5.369618	1.842515
167.9899	1.839906	0.09363286	5.417644	1.839906
168.1423	1.832051	0.1018915	5.658014	1.832051
168.2947	1.836573	0.09071275	5.407003	1.836573
168.4471	1.842221	0.08788209	5.617478	1.842221
168.5995	1.845363	0.08225813	5.839146	1.845363
168.7519	1.846358	0.09637964	6.487366	1.846358
168.9043	1.804893	0.07419463	6.100548	1.804893
169.0567	1.804349	0.06081954	5.796625	1.804349
169.2091	1.833406	0.0782425	5.504195	1.833406
169.3615	1.850256	0.09016874	5.507276	1.850256
169.5139	1.840246	0.08586754	5.534011	1.840246
169.6663	1.83862	0.09528069	5.373993	1.83862
169.8187	1.844281	0.09915242	5.226538	1.844281
169.9711	1.845024	0.08923368	5.38373	1.845024
170.1235	1.839244	0.09001914	5.436738	1.839244
170.2759	1.819095	0.08684872	5.756179	1.819095
170.4283	1.782794	0.08392133	5.483423	1.782794
170.5807	1.810295	0.09303984	5.462999	1.810295
170.7331	1.832734	0.09969965	5.357975	1.832734
170.8855	1.860641	0.1083458	5.344242	1.860641
171.0379	1.88388	0.1136995	5.260428	1.88388
171.1903	1.89186	0.1106822	5.152172	1.89186
171.3427	1.901206	0.1173902	5.138571	1.901206
171.4951	1.86686	0.1021626	5.281158	1.86686
171.6475	1.837922	0.09058797	5.347083	1.837922
171.7999	1.834931	0.08939644	5.500678	1.834931
171.9523	1.831919	0.08842546	5.445704	1.831919
172.1047	1.839985	0.09155421	5.434634	1.839985
172.2571	1.846925	0.09551866	5.357008	1.846925
172.4095	1.842827	0.08968138	5.456753	1.842827
172.5619	1.83089	0.0959873	5.228096	1.83089
172.7143	1.834866	0.08554451	5.552706	1.834866
172.8667	1.815642	0.08578382	5.225138	1.815642
173.0191	1.858826	0.0981834	5.438756	1.858826
173.1715	1.828173	0.09605616	5.037865	1.828173
173.3239	1.838058	0.08626092	5.245918	1.838058
173.4763	1.832023	0.09544043	5.313815	1.832023
173.6287	1.825331	0.09286304	5.507977	1.825331
173.7811	1.804523	0.1061216	5.962066	1.804523
173.9335	1.771222	0.1173479	6.072309	1.771222
174.0859	1.789673	0.136958	5.955818	1.789673
174.2383	1.816287	0.1501079	5.55709	1.816287
174.3907	1.871744	0.1543053	5.365941	1.871744
174.5431	1.85965	0.1280948	5.33938	1.85965
174.6955	1.858726	0.1056595	5.657813	1.858726
174.8479	1.835352	0.07504398	5.869232	1.835352
175.0003	1.814317	0.05400891	6.108688	1.814317
175.1527	1.806652	0.04799438	5.723159	1.806652
175.3051	1.787596	0.03624813	5.384098	1.787596
175.4575	1.783264	0.01477826	5.085552	1.783264
175.6099	1.796004	0.01240043	4.790738	1.796004
175.7623	1.812198	0.01225807	4.740781	1.812198
175.9147	1.823781	0.009726551	4.805895	1.823781
176.0671	1.834875	0.01374821	4.897414	1.834875
176.2195	1.840896	0.01361617	4.997791	1.840896
176.3719	1.836962	0.01190421	4.875371	1.836962
176.5243	1.836597	0.007042537	4.883952	1.836597
176.6767	1.83607	0.005088287	4.778669	1.83607
176.8291	1.831889	0.001833542	4.857307	1.831889
176.9815	1.830062	0.003983142	4.947268	1.830062
177.1339	1.8326	0.006532866	5.207345	1.8326
177.2863	1.831511	0.006724405	5.223784	1.831511
177.4387	1.832795	0.006716636	5.242798	1.832795
177.5911	1.827809	0.006129189	5.173281	1.827809
177.7435	1.824776	0.004134201	5.005711	1.824776
177.8959	1.822079	0.00303632	4.653565	1.822079
178.0483	1.815473	0.001808998	4.413672	1.815473
178.2007	1.811622	0.00233595	4.468129	1.811622
178.3531	1.807056	0.004315259	4.363235	1.807056
178.5055	1.806436	0.0035237	4.486399	1.806436
178.6579	1.798274	0.002141686	4.524577	1.798274
178.8103	1.793042	0.001063716	4.798369	1.793042
178.9627	1.783919	-0.002928575	4.589431	1.785063
179.1151	1.784915	-0.004539832	4.464428	1.783387
179.2675	1.790035	-0.002999066	4.433702	1.794113
179.4199	1.804263	-0.0002045043	4.476703	1.804264
179.5723	1.820511	0.003309134	4.466038	1.820511
179.7247	1.830342	0.005523894	4.582314	1.830342
179.8771	1.81721	0.005010467	4.705497	1.81721
180.0295	1.806263	0.004557699	4.790089	1.806263
180.1819	1.808797	0.007989041	4.628005	1.808797
180.3343	1.83391	0.01641097	4.667425	1.83391
180.4867	1.839812	0.02277643	4.65631	1.839812
180.6391	1.827917	0.01821904	4.754157	1.827917
180.7915	1.811142	0.0147178	4.793234	1.811142
180.9439	1.799682	0.008053401	4.703409	1.799682
181.0963	1.796342	0.004512277	4.792733	1.796342
181.2487	1.800669	0.004371772	4.728115	1.800669
181.4011	1.820508	0.009460963	4.860518	1.820508
181.5535	1.809393	0.009013155	4.78334	1.809393
181.7059	1.793652	0.007171879	4.715401	1.793652
181.8583	1.777575	0.007345386	4.668537	1.777575
182.0107	1.784658	0.00937576	4.620895	1.784658
182.1631	1.788039	0.006356704	4.379357	1.788039
182.3155	1.786112	0.006792345	4.124123	1.786112
182.4679	1.781285	0.006230724	4.047819	1.781285
182.6203	1.772144	0.004888572	4.052512	1.772144
182.7727	1.768065	0.003189388	4.112186	1.768065
182.9251	1.768573	0.003087007	4.15053	1.768573
183.0775	1.7724	0.003197544	4.249941	1.7724
183.2299	1.784457	0.003567297	4.38676	1.784457
183.3823	1.786062	0.004248934	4.427379	1.786062
183.5347	1.786776	0.00217047	4.537445	1.786776
183.6871	1.775845	-0.001553436	4.655666	1.775845
183.8395	1.774182	-0.00243076	4.651368	1.774182
183.9919	1.770006	-0.004087357	4.814324	1.774298
184.1443	1.765379	-0.006369949	4.602483	1.74946
184.2967	1.766913	-0.00490624	4.497882	1.772288
184.4491	1.772328	-0.003061599	4.313278	1.772829
184.6015	1.766054	-0.002018262	4.320414	1.766054
184.7539	1.763597	0.001260205	4.266712	1.763597
184.9063	1.757994	0.003778537	4.170383	1.757994
185.0587	1.764959	0.007496149	4.076675	1.764959
185.2111	1.775749	0.0155434	4.01752	1.775749
185.3635	1.77894	0.01742981	3.944564	1.77894
185.5159	1.780364	0.01645436	3.909935	1.780364
185.6683	1.783951	0.02007487	4.057977	1.783951
185.8207	1.7917	0.02258922	4.186204	1.7917
185.9731	1.796415	0.01674196	4.36432	1.796415
186.1255	1.804104	0.01588605	4.328921	1.804104
186.2779	1.804129	0.01288067	4.393191	1.804129
186.4303	1.793738	0.009151784	4.368774	1.793738
186.5827	1.792613	0.009201344	4.386232	1.792613
186.7351	1.790846	0.01033524	4.405537	1.790846
186.8875	1.789616	0.01105407	4.431785	1.789616
187.0399	1.788436	0.01127363	4.472161	1.788436
187.1923	1.786208	0.01032464	4.36295	1.786208
187.3447	1.792911	0.009688121	4.422464	1.792911
187.4971	1.795907	0.007806782	4.513407	1.795907
187.6495	1.807033	0.006178538	4.700692	1.807033
187.8019	1.812292	0.00390036	4.809252	1.812292
187.9543	1.808926	-0.0003965051	4.836163	1.808926
188.1067	1.801759	-0.003968159	4.918448	1.785274
188.2591	1.796975	0.00372949	4.814744	1.796956
188.4115	1.802855	0.008153044	4.841467	1.802855
188.5639	1.809958	0.01799631	4.8707	1.809958
188.7163	1.822944	0.03010099	4.955475	1.822944
188.8687	1.82747	0.03658345	4.764581	1.82747
189.0211	1.809288	0.01688408	4.620948	1.809288
189.1735	1.804725	0.01103267	4.624415	1.804725
189.3259	1.799964	0.0119411	4.779187	1.799964
189.4783	1.796036	0.008719181	5.007542	1.796036
189.6307	1.799293	0.01000307	5.062496	1.799293
189.7831	1.809072	0.01291161	5.127747	1.809072
189.9355	1.812168	0.0157698	4.914572	1.812168
190.0879	1.808554	0.008635487	4.823428	1.808554
190.2403	1.812516	0.008338806	4.81927	1.812516
190.3927	1.814658	0.009911385	4.818322	1.814658
190.5451	1.802431	0.008502485	4.836051	1.802431
190.6975	1.801872	0.007409676	4.621486	1.801872
190.8499	1.804308	0.005726072	4.437745	1.804308
191.0023	1.808583	0.0132648	4.384595	1.808583
191.1547	1.810334	0.01378592	4.396678	1.810334
191.3071	1.824565	0.02328549	4.628645	1.824565
191.4595	1.860824	0.03640867	4.690653	1.860824
191.6119	1.861536	0.04530569	4.667823	1.861536
191.7643	1.828	0.02045321	4.533942	1.828
191.9167	1.809004	0.007648539	4.583787	1.809004
192.0691	1.815509	0.006770187	4.652578	1.815509
192.2215	1.819013	0.00681429	4.723613	1.819013
192.3739	1.810957	-0.0003365441	4.650282	1.810957
192.5263	1.813677	-0.0008768182	4.494584	1.813019
192.6787	1.819406	0.0002304562	4.428172	1.819406
192.8311	1.827028	0.002271783	4.439199	1.827028
192.9835	1.822699	0.001439371	4.518431	1.822699
193.1359	1.818898	0.001707135	4.59997	1.818898
193.2883	1.820782	0.002571894	4.568194	1.820782
193.4407	1.825005	0.001965952	4.705882	1.825005
193.5931	1.829457	0.0000468	4.689945	1.829457
193.7455	1.834938	0.000873532	4.622963	1.834938
193.8979	1.83805	0.0004505584	4.512993	1.83805
194.0503	1.840591	0.002437463	4.683547	1.840591
194.2027	1.837656	0.004694161	4.91549	1.837656
194.3551	1.834694	0.005674198	5.12907	1.834694
194.5075	1.831879	0.005013965	5.034958	1.831879
194.6599	1.834126	0.005833775	4.902864	1.834126
194.8123	1.83342	0.005900871	4.681209	1.83342
194.9647	1.834135	0.009130582	4.521677	1.834135
195.1171	1.838746	0.01466215	4.582542	1.838746
195.2695	1.840502	0.01835869	4.689994	1.840502
195.4219	1.849091	0.02784826	4.846108	1.849091
195.5743	1.848434	0.02889577	4.745923	1.848434
195.7267	1.854032	0.027457	4.641425	1.854032
195.8791	1.839145	0.03192421	4.495097	1.839145
196.0315	1.813601	0.02388016	4.296948	1.813601
196.1839	1.778565	0.01258609	4.214272	1.778565
196.3363	1.781526	0.01136272	4.15144	1.781526
196.4887	1.777446	0.00827674	4.229275	1.777446
196.6411	1.774427	0.006132544	4.402829	1.774427
196.7935	1.767545	0.003790979	4.632854	1.767545
196.9459	1.76447	0.004103269	4.876225	1.76447
197.0983	1.760651	0.003836239	4.781027	1.760651
197.2507	1.760899	0.0033669	4.704791	1.760899
197.4031	1.761497	0.005142624	4.582157	1.761497
197.5555	1.767321	0.008093514	4.445168	1.767321
197.7079	1.773664	0.007737096	4.432645	1.773664
197.8603	1.782618	0.00898917	4.406339	1.782618
198.0127	1.806462	0.008309835	4.628939	1.806462
198.1651	1.838291	0.00845711	4.692383	1.838291
198.3175	1.867978	0.008745837	4.762267	1.867978
198.4699	1.873603	0.008391506	4.892963	1.873603
198.6223	1.867154	0.008377297	4.909396	1.867154
198.7747	1.865751	0.008014255	5.087468	1.865751
198.9271	1.868605	0.008325852	5.071821	1.868605
199.0795	1.868455	0.01019087	5.128683	1.868455
199.2319	1.871451	0.01285729	5.012197	1.871451
199.3843	1.870159	0.0111647	4.927014	1.870159
199.5367	1.885277	0.01729119	4.735122	1.885277
199.6891	1.886649	0.01191004	4.732432	1.886649
199.8415	1.883122	0.008595837	4.569211	1.883122
199.9939	1.864925	0.00679696	4.394302	1.864925
200.1463	1.845833	0.0003925928	4.354517	1.845089
200.2987	1.827511	-0.004150594	4.426362	1.828732
200.4511	1.822648	-0.001364397	4.50426	1.820326
200.6035	1.824738	-0.001302569	4.375591	1.820944
200.7559	1.834611	0.00111613	4.240225	1.834606
200.9083	1.846076	0.002218608	4.164547	1.846076
201.0607	1.84425	0.0004848052	4.059895	1.84425
201.2131	1.843686	-0.0008606532	4.062313	1.845876
201.3655	1.845027	-0.000485678	4.09991	1.844705
201.5179	1.843921	-0.001161607	4.178699	1.845795
201.6703	1.839134	-0.001628536	4.242755	1.837157
201.8227	1.834959	-0.0007064651	4.382254	1.834958
201.9751	1.827155	0.0003815978	4.144359	1.827155
202.1275	1.826716	0.00141938	3.963358	1.826716
202.2799	1.827373	0.003807327	3.905785	1.827373
202.4323	1.825562	0.005441779	4.116432	1.825562
202.5847	1.820469	0.004086773	4.29433	1.820469
202.7371	1.814868	0.001584191	4.256151	1.814868
202.8895	1.818966	0.003275205	4.14926	1.818966
203.0419	1.817473	0.001529284	4.114302	1.817473
203.1943	1.815306	0.0004005938	4.094453	1.815306
203.3467	1.813352	-0.0005517923	4.231753	1.813352
203.4991	1.809947	-0.0002839713	4.250581	1.809947
203.6515	1.80401	-0.003101969	4.189368	1.805451
203.8039	1.803109	-0.002338621	4.231063	1.801646
203.9563	1.803403	-0.001622025	4.120688	1.803403
204.1087	1.790954	-0.001780925	4.125588	1.790954
204.2611	1.779568	0.003879811	3.976428	1.779568
204.4135	1.767378	0.008037396	4.052589	1.767378
204.5659	1.774663	0.018592	3.960438	1.774663
204.7183	1.784751	0.02857757	3.877826	1.784751
204.8707	1.80864	0.04672923	3.910739	1.80864
205.0231	1.809418	0.0482166	4.053322	1.809418
205.1755	1.810283	0.03660628	4.321989	1.810283
205.3279	1.808362	0.02070367	4.348577	1.808362
205.4803	1.821756	0.01335651	4.437226	1.821756
205.6327	1.82314	0.008388548	4.345406	1.82314
205.7851	1.823083	0.005141045	4.198495	1.823083
205.9375	1.821435	0.002932468	4.122047	1.821435
206.0899	1.820323	0.005577977	4.079622	1.820323
206.2423	1.809836	0.005011237	4.105221	1.809836
206.3947	1.807011	0.006100706	4.111057	1.807011
206.5471	1.807985	0.007400629	4.242302	1.807985
206.6995	1.808339	0.009163762	4.282732	1.808339
206.8519	1.810623	0.008513668	4.433372	1.810623
207.0043	1.81281	0.008495592	4.280104	1.81281
207.1567	1.820516	0.008990118	4.370071	1.820516
207.3091	1.812288	0.006941221	4.171337	1.812288
207.4615	1.803561	0.00392413	4.225597	1.803561
207.6139	1.797457	0.003391507	4.005786	1.797457
207.7663	1.795457	0.002011357	4.104821	1.795457
207.9187	1.794905	0.0009257848	4.146714	1.794905
208.0711	1.800521	0.003430271	4.238383	1.800521
208.2235	1.807367	0.005901101	4.165963	1.807367
208.3759	1.809942	0.004490083	4.043602	1.809942
208.5283	1.806478	0.003125607	4.078209	1.806478
208.6807	1.793272	0.0008742045	4.100511	1.793272
208.8331	1.796009	0.0000272	4.144534	1.796009
208.9855	1.79365	-0.0013713	4.082001	1.79365
209.1379	1.792122	0.001457758	4.005213	1.792122
209.2903	1.788583	0.0005058418	4.147508	1.788583
209.4427	1.799967	0.001575154	4.192536	1.799967
209.5951	1.822299	0.005201541	4.311551	1.822299
209.7475	1.813983	0.001525363	4.190008	1.813983
209.8999	1.798946	-0.004515525	4.275368	1.7958
210.0523	1.798489	-0.006128498	4.224256	1.817335
210.2047	1.807387	-0.00340062	4.202201	1.808773
210.3571	1.809108	-0.002090414	4.152023	1.811453
210.5095	1.790619	-0.002479629	4.079504	1.790619
210.6619	1.785199	-0.003670759	4.164072	1.780921
210.8143	1.792301	-0.002900447	4.268732	1.792297
210.9667	1.81256	0.0001359027	4.379545	1.81256
211.1191	1.819558	0.0005915117	4.371184	1.819558
211.2715	1.814575	-0.0020456	4.43206	1.814207
211.4239	1.815394	-0.001655933	4.597531	1.815393
211.5763	1.823396	-0.0004204101	4.523589	1.823396
211.7287	1.830378	0.0007747276	4.325759	1.830378
211.8811	1.830224	0.001617691	4.184214	1.830224
212.0335	1.826915	0.002353539	4.212689	1.826915
212.1859	1.826247	0.003352613	4.126291	1.826247
212.3383	1.831273	0.004532283	4.140755	1.831273
212.4907	1.837042	0.004251193	4.101073	1.837042
212.6431	1.835118	0.002233809	4.154113	1.835118
212.7955	1.830358	0.001191691	3.945459	1.830358
212.9479	1.819722	-0.0007711719	3.925102	1.819722
213.1003	1.812478	0.0000458	3.96979	1.812478
213.2527	1.812294	0.001193385	4.123454	1.812294
213.4051	1.815344	0.002525519	4.251976	1.815344
213.5575	1.821131	0.001815851	4.164345	1.821131
213.7099	1.830058	0.001821635	4.107919	1.830058
213.8623	1.832869	0.00170462	4.093095	1.832869
214.0147	1.831818	0.002801047	4.107322	1.831818
214.1671	1.820613	-0.0000853	4.035145	1.820613
214.3195	1.814955	0.0005113952	3.879187	1.814955
214.4719	1.815544	0.003480861	3.924021	1.815544
214.6243	1.812806	0.003339432	4.06903	1.812806
214.7767	1.802384	0.007684095	3.905138	1.802384
214.9291	1.78779	0.008797974	3.820047	1.78779
215.0815	1.780738	0.009627593	3.744183	1.780738
215.2339	1.78759	0.009192796	3.869188	1.78759
215.3863	1.789685	0.01152167	3.937474	1.789685
215.5387	1.7789	0.007533451	3.969026	1.7789
215.6911	1.765265	0.005688101	3.974435	1.765265
215.8435	1.766591	0.006598922	3.941058	1.766591
215.9959	1.77102	0.008102194	3.91151	1.77102
216.1483	1.77239	0.008701114	4.017901	1.77239
216.3007	1.768954	0.007552565	4.022443	1.768954
216.4531	1.775908	0.00713969	4.240272	1.775908
216.6055	1.798711	0.007480888	4.376253	1.798711
216.7579	1.831077	0.008589956	4.540782	1.831077
216.9103	1.839762	0.007674041	4.334694	1.839762
217.0627	1.837667	0.005813568	4.090168	1.837667
217.2151	1.828415	0.00310672	4.122622	1.828415
217.3675	1.83404	0.00454808	4.297605	1.83404
217.5199	1.84487	0.006008584	4.484959	1.84487
217.6723	1.853323	0.008346437	4.611701	1.853323
217.8247	1.854057	0.009253945	4.601655	1.854057
217.9771	1.846873	0.006906575	4.669683	1.846873
218.1295	1.836056	0.005539808	4.448097	1.836056
218.2819	1.830074	0.004332054	4.354064	1.830074
218.4343	1.833632	0.004453738	4.393346	1.833632
218.5867	1.842678	0.004849488	4.653636	1.842678
218.7391	1.85189	0.007349179	4.783059	1.85189
218.8915	1.846773	0.005172704	4.715879	1.846773
219.0439	1.845237	0.004170857	4.555223	1.845237
219.1963	1.851206	0.006424792	4.502614	1.851206
219.3487	1.852035	0.005667659	4.520489	1.852035
219.5011	1.849937	0.004462499	4.613071	1.849937
219.6535	1.839982	0.001595255	4.580137	1.839982
219.8059	1.838843	0.003092203	4.609938	1.838843
219.9583	1.827189	0.0002523313	4.570991	1.827189
220.1107	1.815277	-0.0002245226	4.571828	1.815277
220.2631	1.80485	0.0001103774	4.685755	1.80485
220.4155	1.798335	0.0008553093	4.693213	1.798335
220.5679	1.805333	0.001492791	4.687414	1.805333
220.7203	1.815303	0.003268923	4.598444	1.815303
220.8727	1.831707	0.006192383	4.546569	1.831707
221.0251	1.830618	0.004682525	4.558691	1.830618
221.1775	1.813249	0.001592835	4.371079	1.813249
221.3299	1.803821	0.0002732067	4.390241	1.803821
221.4823	1.804816	0.002191417	4.392308	1.804816
221.6347	1.812953	0.003576882	4.522675	1.812953
221.7871	1.818084	0.004866019	4.544016	1.818084
221.9395	1.81317	0.00397883	4.635927	1.81317
222.0919	1.812245	0.004663322	4.667443	1.812245
222.2443	1.809959	0.004564372	4.61969	1.809959
222.3967	1.816543	0.006101082	4.598541	1.816543
222.5491	1.821955	0.007800245	4.582683	1.821955
222.7015	1.818047	0.006650508	4.614568	1.818047
222.8539	1.815865	0.005591443	4.597729	1.815865
223.0063	1.812784	0.004734618	4.624517	1.812784
223.1587	1.813719	0.004290801	4.528142	1.813719
223.3111	1.815048	0.003500009	4.467637	1.815048
223.4635	1.814889	0.0007858261	4.290825	1.814889
223.6159	1.820996	0.001705149	4.213406	1.820996
223.7683	1.852066	0.005989589	4.059619	1.852066
223.9207	1.926721	0.04609741	4.100761	1.926721
224.0731	2.013987	0.1009896	4.005729	2.013987
224.2255	2.071662	0.1509341	4.036964	2.071662
224.3779	2.134723	0.2160142	3.983724	2.134723
224.5303	2.195784	0.2724752	4.126657	2.195784
224.6827	2.189418	0.2670981	4.127502	2.189418
224.8351	2.175931	0.2544185	4.220136	2.175931
224.9875	2.053129	0.1984901	4.285327	2.053129
225.1399	1.942867	0.1346161	4.286286	1.942867
225.2923	1.861196	0.08933222	4.201698	1.861196
225.4447	1.846277	0.06092366	4.212609	1.846277
225.5971	1.818725	0.03110882	4.145979	1.818725
225.7495	1.781722	0.009920194	3.931891	1.781722
225.9019	1.771702	0.007699656	3.911218	1.771702
226.0543	1.777189	0.006757347	3.981632	1.777189
226.2067	1.801496	0.007714523	4.381523	1.801496
226.3591	1.814127	0.008066526	4.368011	1.814127
226.5115	1.814811	0.007693958	4.316228	1.814811
226.6639	1.816486	0.007594292	4.239664	1.816486
226.8163	1.81801	0.008005967	4.283739	1.81801
226.9687	1.819282	0.007677613	4.255081	1.819282
227.1211	1.817433	0.006996565	4.28364	1.817433
227.2735	1.817444	0.00699723	4.232242	1.817444
227.4259	1.820536	0.007105037	4.19334	1.820536
227.5783	1.792591	0.005298494	4.141404	1.792591
227.7307	1.804498	0.005675144	4.100609	1.804498
227.8831	1.79683	0.004703597	4.231396	1.79683
228.0355	1.820225	0.007543136	4.219157	1.820225
228.1879	1.809112	0.00758231	4.261975	1.809112
228.3403	1.810152	0.008342835	4.17414	1.810152
228.4927	1.813651	0.01103836	4.038487	1.813651
228.6451	1.815256	0.01176165	4.003986	1.815256
228.7975	1.820063	0.01542183	4.138512	1.820063
228.9499	1.821028	0.01648336	4.289449	1.821028
229.1023	1.813434	0.013056	4.359314	1.813434
229.2547	1.803057	0.01206252	4.272059	1.803057
229.4071	1.796201	0.0121352	4.214385	1.796201
229.5595	1.78112	0.007525187	4.123637	1.78112
229.7119	1.778332	0.005845501	3.88613	1.778332
229.8643	1.777531	0.005269001	3.700793	1.777531
230.0167	1.782436	0.006230849	3.531584	1.782436
230.1691	1.781297	0.005915397	3.631228	1.781297
230.3215	1.781301	0.007459445	3.58476	1.781301
230.4739	1.782151	0.008349496	3.768916	1.782151
230.6263	1.785239	0.008192314	3.872264	1.785239
230.7787	1.784332	0.00746836	4.046376	1.784332
230.9311	1.782155	0.006922891	4.030451	1.782155
231.0835	1.775175	0.005494724	3.999077	1.775175
231.2359	1.777635	0.004358492	4.101073	1.777635
231.3883	1.781417	0.006326089	4.172764	1.781417
231.5407	1.781989	0.003522848	4.331246	1.781989
231.6931	1.774819	0.001404391	4.227916	1.774819
231.8455	1.763169	-0.001316647	4.224625	1.763169
231.9979	1.763941	-0.001015439	4.086761	1.763941
232.1503	1.768102	-0.0007041545	4.331255	1.768102
232.3027	1.781629	0.006060593	4.37074	1.781629
232.4551	1.78105	0.005445663	4.445369	1.78105
232.6075	1.774572	0.003072887	4.270431	1.774572
232.7599	1.777933	0.004197789	4.272221	1.777933
232.9123	1.778656	0.00486732	4.241248	1.778656
233.0647	1.777438	0.003116906	4.142192	1.777438
233.2171	1.773498	0.002339218	4.00607	1.773498
233.3695	1.768915	0.001650189	4.016105	1.768915
233.5219	1.768266	0.001693407	4.025137	1.768266
233.6743	1.766393	0.0002599077	4.007657	1.766393
233.8267	1.768459	0.001513383	3.686948	1.768459
233.9791	1.753946	0.003231264	3.630097	1.753946
234.1315	1.733523	0.005144263	3.278851	1.733523
234.2839	1.719522	0.004290652	3.435362	1.719522
234.4363	1.73152	0.007024935	3.568864	1.73152
234.5887	1.748675	0.008515519	4.080116	1.748675
234.7411	1.755401	0.008256404	4.104927	1.755401
234.8935	1.754273	0.007310205	3.995579	1.754273
235.0459	1.758217	0.007521589	4.077869	1.758217
235.1983	1.753122	0.007346242	4.121522	1.753122
235.3507	1.74843	0.007742901	4.040021	1.74843
235.5031	1.739059	0.008298899	3.829557	1.739059
235.6555	1.738521	0.008838519	3.74758	1.738521
235.8079	1.737384	0.009111748	3.893815	1.737384
235.9603	1.736911	0.007431867	3.933736	1.736911
236.1127	1.735775	0.006950105	3.917769	1.735775
236.2651	1.741889	0.006815506	3.898332	1.741889
236.4175	1.759056	0.007414559	3.964681	1.759056
236.5699	1.782248	0.007408506	4.210773	1.782248
236.7223	1.803584	0.007596511	4.254751	1.803584
236.8747	1.80847	0.007733867	4.464067	1.80847
237.0271	1.812072	0.006792365	4.220304	1.812072
237.1795	1.804225	0.00432274	4.114978	1.804225
237.3319	1.77787	0.002042735	4.068484	1.77787
237.4843	1.748022	0.0008865179	4.027148	1.748022
237.6367	1.742542	0.001174227	4.113598	1.742542
237.7891	1.769773	0.005307763	4.039727	1.769773
237.9415	1.799907	0.01012548	4.386358	1.799907
238.0939	1.810045	0.009604637	4.503782	1.810045
238.2463	1.811221	0.007338812	4.633422	1.811221
238.3987	1.812201	0.005906701	4.53472	1.812201
238.5511	1.813222	0.006623124	4.583441	1.813222
238.7035	1.808772	0.005472437	4.504189	1.808772
238.8559	1.809431	0.006896185	4.447266	1.809431
239.0083	1.816001	0.007206758	4.433708	1.816001
239.1607	1.815952	0.007827986	4.354457	1.815952
239.3131	1.826814	0.007242774	4.380938	1.826814
239.4655	1.821226	0.006829203	4.314718	1.821226
239.6179	1.823513	0.006574208	4.597661	1.823513
239.7703	1.80906	0.005840556	4.65711	1.80906
239.9227	1.79994	0.004593274	4.815597	1.79994
240.0751	1.805719	0.004914907	4.782811	1.805719
240.2275	1.814718	0.00593692	5.046264	1.814718
240.3799	1.815041	0.007690877	5.000503	1.815041
240.5323	1.802501	0.007542404	4.85851	1.802501
240.6847	1.789511	0.007701428	4.712506	1.789511
240.8371	1.790806	0.009828527	4.775507	1.790806
240.9895	1.795543	0.01496715	5.012471	1.795543
241.1419	1.79568	0.01725597	5.014618	1.79568
241.2943	1.796511	0.01803447	4.998509	1.796511
241.4467	1.792951	0.01210189	4.87887	1.792951
241.5991	1.797519	0.01495338	4.804306	1.797519
241.7515	1.790883	0.009286576	4.787539	1.790883
241.9039	1.740697	0.008609083	4.51368	1.740697
242.0563	1.714205	0.008752507	4.481421	1.714205
242.2087	1.687524	0.006799422	3.943495	1.687524
242.3611	1.685796	0.009941665	3.723878	1.685796
242.5135	1.678494	0.0177101	3.691495	1.678494
242.6659	1.677002	0.01761457	3.918001	1.677002
242.8183	1.702489	0.02318588	4.174054	1.702489
242.9707	1.719926	0.02212762	4.062127	1.719926
243.1231	1.70955	0.008854142	4.065334	1.70955
243.2755	1.706922	0.002665482	4.056182	1.706922
243.4279	1.702076	0.00103645	3.91937	1.702076
243.5803	1.693074	0.00460925	3.730973	1.693074
243.7327	1.576513	0.004377022	3.540668	1.576513
243.8851	1.491565	-0.0002198017	3.525077	1.491565
244.0375	1.484805	0.003924898	3.52558	1.484805
244.1899	1.565776	0.01662227	3.648774	1.565776
244.3423	1.639344	0.02207724	3.675151	1.639344
244.4947	1.625104	0.009848827	3.620803	1.625104
244.6471	1.620432	0.004961659	3.419367	1.620432
244.7995	1.620515	0.005919747	3.245574	1.620515
244.9519	1.610946	0.02190999	3.27146	1.610946
245.1043	1.53257	0.01729681	3.380985	1.53257
245.2567	1.460053	0.01674855	3.390246	1.460053
245.4091	1.412219	0.01407894	3.401925	1.412219
245.5615	1.458659	0.02335761	3.449444	1.458659
245.7139	1.523277	0.01622641	3.758984	1.523277
245.8663	1.644419	0.0228754	3.942003	1.644419
246.0187	1.706957	0.02596499	4.018214	1.706957
246.1711	1.742876	0.0243045	3.836055	1.742876
246.3235	1.717335	0.008582755	3.856045	1.717335
246.4759	1.704918	0.00762187	3.792869	1.704918
246.6283	1.670081	0.01419889	3.64916	1.670081
246.7807	1.658829	0.01325777	3.360049	1.658829
246.9331	1.666858	0.01743613	3.157068	1.666858
247.0855	1.708047	0.02733546	3.11636	1.708047
247.2379	1.710894	0.01874652	3.094856	1.710894
247.3903	1.700087	0.006189566	3.209742	1.700087
247.5427	1.694773	0.005580706	3.19944	1.694773
247.6951	1.688583	0.005622501	3.319367	1.688583
247.8475	1.673354	0.01250934	3.267134	1.673354
247.9999	1.672248	0.01834761	3.345589	1.672248
248.1523	1.693608	0.01971272	3.365881	1.693608
248.3047	1.726186	0.02256135	3.519941	1.726186
248.4571	1.725881	0.02501687	3.604732	1.725881
248.6095	1.676842	0.01416168	3.612493	1.676842
248.7619	1.660979	0.01159308	3.656101	1.660979
248.9143	1.673739	0.02324279	3.644312	1.673739
249.0667	1.696023	0.02681896	3.625772	1.696023
249.2191	1.682163	0.02971032	3.49962	1.682163
249.3715	1.668297	0.02975147	3.45091	1.668297
249.5239	1.650456	0.03266773	3.439748	1.650456
249.6763	1.668425	0.03217958	3.492578	1.668425
249.8287	1.697943	0.05083537	3.621779	1.697943
249.9811	1.660836	0.05488604	3.687154	1.660836
250.1335	1.516635	0.03744834	3.503119	1.516635
250.2859	1.488292	0.03929598	3.505984	1.488292
250.4383	1.528789	0.03543634	3.629391	1.528789
250.5907	1.689167	0.03389622	4.574413	1.689167
250.7431	1.774491	0.02089364	4.76026	1.774491
250.8955	1.795733	0.01513467	4.387152	1.795733
251.0479	1.688811	0.008813289	4.241583	1.688811
251.2003	1.520116	0.007983509	3.717378	1.520116
251.3527	1.438876	0.006260976	3.475967	1.438876
251.5051	1.400999	0.01806187	3.38123	1.400999
251.6575	1.485543	0.05089357	3.675041	1.485543
251.8099	1.558426	0.06006375	4.221051	1.558426
251.9623	1.695433	0.06020582	4.058995	1.695433
252.1147	1.709486	0.06076373	3.992199	1.709486
252.2671	1.624368	0.04501494	3.509643	1.624368
252.4195	1.533414	0.01559636	3.317506	1.533414
252.5719	1.578796	0.01350288	3.346246	1.578796
252.7243	1.665685	0.02825528	3.7401	1.665685
252.8767	1.7287	0.03397533	3.762756	1.7287
253.0291	1.706748	0.01131458	3.246675	1.706748
253.1815	1.631938	-0.0005811189	2.927885	1.631938
253.3339	1.57473	-0.002731426	3.036081	1.57473
253.4863	1.555435	0.005134521	3.268119	1.555435
253.6387	1.476752	0.01487703	3.41508	1.476752
253.7911	1.423121	0.0215245	3.206257	1.423121
253.9435	1.366908	0.02408445	3.044459	1.366908
254.0959	1.38892	0.02544035	3.051678	1.38892
254.2483	1.3972	0.03077137	3.192431	1.3972
254.4007	1.370206	0.02584877	3.330682	1.370206
254.5531	1.370639	0.03009429	3.381881	1.370639
254.7055	1.39276	0.02769635	3.206057	1.39276
254.8579	1.438776	0.02613053	3.212519	1.438776
255.0103	1.528964	0.02080363	3.262611	1.528964
255.1627	1.606804	0.01955293	3.720712	1.606804
255.3151	1.705045	0.02891456	3.819046	1.705045
255.4675	1.701308	0.02764611	3.696067	1.701308
255.6199	1.707926	0.03555275	3.595198	1.707926
255.7723	1.725259	0.05302489	3.583512	1.725259
255.9247	1.733093	0.06144276	3.638636	1.733093
256.0771	1.734923	0.06367261	3.644907	1.734923
256.2295	1.713491	0.0466849	3.600687	1.713491
256.3819	1.713414	0.02472757	3.389449	1.713414
256.5343	1.664763	0.01754411	3.34872	1.664763
256.6867	1.695366	0.0146441	3.385443	1.695366
256.8391	1.654794	0.008313742	3.525498	1.654794
256.9915	1.692679	0.01127742	3.593425	1.692679
257.1439	1.654271	0.007317054	3.48149	1.654271
257.2963	1.651663	-0.003312398	3.482963	1.651663
257.4487	1.647141	-0.006423676	3.285736	1.647141
257.6011	1.631299	-0.01530957	3.459498	1.634993
257.7535	1.622768	0.005809322	3.628694	1.622772
257.9059	1.604867	0.03328485	3.953376	1.604867
258.0583	1.602196	0.07074893	3.931332	1.602196
258.2107	1.620746	0.103611	3.724739	1.620746
258.3631	1.627797	0.1325927	3.459148	1.627797
258.5155	1.605785	0.112202	3.325264	1.605785
258.6679	1.53736	0.09564184	3.416249	1.53736
258.8203	1.513555	0.0796016	3.505022	1.513555
258.9727	1.470309	0.06995857	3.612761	1.470309
259.1251	1.478266	0.07055568	3.597424	1.478266
259.2775	1.489854	0.09250452	3.630391	1.489854
259.4299	1.488645	0.0918183	3.623666	1.488645
259.5823	1.49402	0.09591988	3.624367	1.49402
259.7347	1.496651	0.09421439	3.462945	1.496651
259.8871	1.503248	0.07915851	3.28147	1.503248
260.0395	1.466011	0.05971117	2.994015	1.466011
260.1919	1.452038	0.06437039	2.931074	1.452038
260.3443	1.429377	0.0554474	2.943799	1.429377
260.4967	1.417016	0.05098381	2.87218	1.417016
260.6491	1.431141	0.0518246	2.843042	1.431141
260.8015	1.476091	0.05997742	2.716421	1.476091
260.9539	1.580827	0.06380638	2.954345	1.580827
261.1063	1.690468	0.08608028	3.177614	1.690468
261.2587	1.719984	0.09480128	3.068852	1.719984
261.4111	1.719077	0.09471646	3.045463	1.719077
261.5635	1.690124	0.09031779	3.060864	1.690124
261.7159	1.682654	0.0867899	3.226359	1.682654
261.8683	1.617427	0.07033905	3.264567	1.617427
262.0207	1.632463	0.05943033	3.159216	1.632463
262.1731	1.626525	0.06826788	3.179992	1.626525
262.3255	1.671083	0.08134379	3.241175	1.671083
262.4779	1.655366	0.08385944	3.196615	1.655366
262.6303	1.65844	0.09188226	3.156952	1.65844
262.7827	1.663881	0.1024968	3.041596	1.663881
262.9351	1.658177	0.08909321	2.94369	1.658177
263.0875	1.684851	0.08753245	2.796387	1.684851
263.2399	1.701816	0.08859977	2.633428	1.701816
263.3923	1.703374	0.087791	2.57485	1.703374
263.5447	1.710634	0.08971224	2.673065	1.710634
263.6971	1.73617	0.1020646	2.861378	1.73617
263.8495	1.74775	0.1035845	2.868348	1.74775
264.0019	1.716788	0.08949783	2.582849	1.716788
264.1543	1.686647	0.06795689	2.387236	1.686647
264.3067	1.652791	0.05207745	2.270416	1.652791
264.4591	1.646887	0.05301995	2.456305	1.646887
264.6115	1.586224	0.0434379	2.629807	1.586224
264.7639	1.579221	0.04279478	3.085052	1.579221
264.9163	1.540427	0.04486533	3.207223	1.540427
265.0687	1.474259	0.05336712	3.278418	1.474259
265.2211	1.385974	0.04608369	3.263893	1.385974
265.3735	1.384547	0.04925082	3.481015	1.384547
265.5259	1.460145	0.06464581	3.577472	1.460145
265.6783	1.535871	0.08082715	3.679576	1.535871
265.8307	1.520896	0.06631778	3.474509	1.520896
265.9831	1.45425	0.05652157	2.962042	1.45425
266.1355	1.394367	0.04945933	2.593315	1.394367
266.2879	1.421827	0.0426659	2.349795	1.421827
266.4403	1.491823	0.04009146	2.66042	1.491823
266.5927	1.610862	0.06224851	2.981512	1.610862
266.7451	1.608113	0.06941409	3.147875	1.608113
266.8975	1.559065	0.05947237	3.233711	1.559065
267.0499	1.490828	0.05882867	2.924937	1.490828
267.2023	1.443134	0.07495417	2.535484	1.443134
267.3547	1.438346	0.08661334	2.182972	1.438346
267.5071	1.457856	0.08867165	2.059866	1.457856
267.6595	1.494185	0.1005585	2.074855	1.494185
267.8119	1.491417	0.1072088	2.237458	1.491417
267.9643	1.460723	0.1026014	2.587815	1.460723
268.1167	1.462833	0.09722171	2.978431	1.462833
268.2691	1.481006	0.1012745	2.935753	1.481006
268.4215	1.519934	0.1068798	2.66327	1.519934
268.5739	1.50961	0.09396738	2.649215	1.50961
268.7263	1.506478	0.08103579	2.754714	1.506478
268.8787	1.445646	0.06566552	2.787588	1.445646
269.0311	1.387672	0.05190628	2.753209	1.387672
269.1835	1.355962	0.04357282	2.795489	1.355962
269.3359	1.38818	0.04319924	2.726672	1.38818
269.4883	1.402772	0.04255567	2.472206	1.402772
269.6407	1.419417	0.05420175	2.322711	1.419417
269.7931	1.416317	0.06049522	2.261449	1.416317
269.9455	1.436861	0.07017476	2.276022	1.436861
270.0979	1.447729	0.0756039	2.255236	1.447729
270.2503	1.450412	0.08479887	2.196804	1.450412
270.4027	1.459012	0.08707638	2.19473	1.459012
270.5551	1.452403	0.07896779	2.298503	1.452403
270.7075	1.489509	0.07564616	2.503442	1.489509
270.8599	1.457313	0.06850355	2.502991	1.457313
271.0123	1.42127	0.0540812	2.466411	1.42127
271.1647	1.391482	0.05358018	2.53318	1.391482
271.3171	1.43405	0.07242503	2.779987	1.43405
271.4695	1.482929	0.08900886	2.898407	1.482929
271.6219	1.517368	0.1096852	2.682893	1.517368
271.7743	1.542392	0.1297562	2.618656	1.542392
271.9267	1.564293	0.1374417	2.779156	1.564293
272.0791	1.57241	0.1251439	3.113081	1.57241
272.2315	1.580957	0.1239806	3.119464	1.580957
272.3839	1.555902	0.1119513	2.855128	1.555902
272.5363	1.488327	0.09047963	2.660313	1.488327
272.6887	1.420308	0.07465128	2.431606	1.420308
272.8411	1.375169	0.0710255	2.332716	1.375169
272.9935	1.33218	0.05498978	2.371328	1.33218
273.1459	1.330433	0.04698147	2.548884	1.330433
273.2983	1.341059	0.04178185	2.745601	1.341059
273.4507	1.363716	0.03721282	2.796092	1.363716
273.6031	1.374998	0.03552351	2.919509	1.374998
273.7555	1.38614	0.04075531	3.011146	1.38614
273.9079	1.386224	0.03838434	3.025261	1.386224
274.0603	1.391736	0.04184241	2.852908	1.391736
274.2127	1.396501	0.03773645	2.711877	1.396501
274.3651	1.376567	0.02840808	2.357365	1.376567
274.5175	1.342577	0.02514244	2.305154	1.342577
274.6699	1.341338	0.03846398	2.170564	1.341338
274.8223	1.360419	0.03856788	2.361491	1.360419
274.9747	1.441375	0.06115047	2.413275	1.441375
275.1271	1.507359	0.08898844	2.636039	1.507359
275.2795	1.543739	0.10753	2.654219	1.543739
275.4319	1.536614	0.1011882	2.718058	1.536614
275.5843	1.550524	0.1185864	2.572772	1.550524
275.7367	1.550951	0.1150419	2.582563	1.550951
275.8891	1.539137	0.1065786	2.509176	1.539137
276.0415	1.533261	0.1005402	2.474982	1.533261
276.1939	1.51976	0.09373995	2.216658	1.51976
276.3463	1.487964	0.07471752	2.201457	1.487964
276.4987	1.501412	0.07069956	2.2399	1.501412
276.6511	1.473373	0.06223739	2.481932	1.473373
276.8035	1.445962	0.05317543	2.403384	1.445962
276.9559	1.443529	0.06445918	2.407545	1.443529
277.1083	1.489255	0.08465805	2.322655	1.489255
277.2607	1.550545	0.1073488	2.351435	1.550545
277.4131	1.567278	0.122059	2.252796	1.567278
277.5655	1.587316	0.1410321	2.247456	1.587316
277.7179	1.588511	0.1437254	2.288212	1.588511
277.8703	1.582667	0.1432372	2.345943	1.582667
278.0227	1.547566	0.1274419	2.479639	1.547566
278.1751	1.463554	0.1006958	2.65448	1.463554
278.3275	1.397309	0.07760037	2.747238	1.397309
278.4799	1.405167	0.06392922	2.53812	1.405167
278.6323	1.429013	0.04782642	2.260492	1.429013
278.7847	1.464044	0.04614625	2.022892	1.464044
278.9371	1.430027	0.04461439	1.962896	1.430027
279.0895	1.414501	0.04132999	1.902641	1.414501
279.2419	1.39802	0.03511444	1.947393	1.39802
279.3943	1.391057	0.03121808	1.987163	1.391057
279.5467	1.378739	0.01942381	1.918266	1.378739
279.6991	1.380099	0.0179455	1.964134	1.380099
279.8515	1.372596	0.01453052	2.037055	1.372596
280.0039	1.338636	0.02188295	2.044714	1.338636
280.1563	1.345086	0.04030047	1.943886	1.345086
280.3087	1.362198	0.0429728	1.750708	1.362198
280.4611	1.424268	0.04147899	1.756373	1.424268
280.6135	1.460346	0.04583787	1.84656	1.460346
280.7659	1.451955	0.04647568	1.990895	1.451955
280.9183	1.429349	0.04221877	2.110158	1.429349
281.0707	1.403015	0.04713698	2.119699	1.403015
281.2231	1.405839	0.06515823	2.110223	1.405839
281.3755	1.398597	0.07746113	2.009183	1.398597
281.5279	1.391708	0.07337708	2.025779	1.391708
281.6803	1.386038	0.07154334	2.075534	1.386038
281.8327	1.393455	0.08130018	2.27226	1.393455
281.9851	1.374915	0.07615317	2.46535	1.374915
282.1375	1.372649	0.06388964	2.504322	1.372649
282.2899	1.398602	0.06388414	2.419861	1.398602
282.4423	1.43096	0.058957	2.307645	1.43096
282.5947	1.430508	0.04952702	2.253469	1.430508
282.7471	1.408879	0.04577419	2.144708	1.408879
282.8995	1.405871	0.04499326	2.207928	1.405871
283.0519	1.396617	0.04527098	2.473953	1.396617
283.2043	1.406594	0.06151752	2.86025	1.406594
283.3567	1.403347	0.07810603	2.986562	1.403347
283.5091	1.405373	0.09125713	3.023422	1.405373
283.6615	1.428524	0.1159508	2.996041	1.428524
283.8139	1.442676	0.1302855	3.06281	1.442676
283.9663	1.440078	0.127463	2.994976	1.440078
284.1187	1.443166	0.1254021	2.776183	1.443166
284.2711	1.443769	0.1105674	2.407515	1.443769
284.4235	1.456402	0.1005244	2.208314	1.456402
284.5759	1.468621	0.09399339	2.230126	1.468621
284.7283	1.43691	0.07891802	2.084327	1.43691
284.8807	1.421866	0.07609779	1.942363	1.421866
285.0331	1.432687	0.07054376	1.802598	1.432687
285.1855	1.463372	0.05739164	1.844139	1.463372
285.3379	1.486053	0.04026953	1.85709	1.486053
285.4903	1.483721	0.032763	1.83174	1.483721
285.6427	1.467642	0.01321417	1.758078	1.467642
285.7951	1.467775	0.02321343	1.650633	1.467775
285.9475	1.470446	0.04267428	1.564913	1.470446
286.0999	1.45861	0.05558195	1.572831	1.45861
286.2523	1.470363	0.06698557	1.841452	1.470363
286.4047	1.506822	0.08675718	2.064701	1.506822
286.5571	1.494201	0.08080808	2.340685	1.494201
286.7095	1.522703	0.08234041	2.244421	1.522703
286.8619	1.560836	0.09641201	2.201138	1.560836
287.0143	1.65599	0.1204496	2.115129	1.65599
287.1667	1.664401	0.1181255	2.202987	1.664401
287.3191	1.669439	0.1193257	2.271995	1.669439
287.4715	1.66086	0.1207712	2.325891	1.66086
287.6239	1.650907	0.1247329	2.260355	1.650907
287.7763	1.640184	0.1295455	2.275301	1.640184
287.9287	1.648787	0.1456387	2.34401	1.648787
288.0811	1.666312	0.1661575	2.299821	1.666312
288.2335	1.649692	0.1563046	2.375664	1.649692
288.3859	1.624504	0.1365563	2.298297	1.624504
288.5383	1.576714	0.110049	2.261878	1.576714
288.6907	1.565731	0.07511856	2.094131	1.565731
288.8431	1.586215	0.04820114	2.012294	1.586215
288.9955	1.661873	0.05042096	2.075431	1.661873
289.1479	1.685871	0.04712022	2.153643	1.685871
289.3003	1.670966	0.03687683	2.148106	1.670966
289.4527	1.663481	0.04060895	2.125318	1.663481
289.6051	1.623416	0.04686918	2.303784	1.623416
289.7575	1.561346	0.05309661	2.25966	1.561346
289.9099	1.49182	0.06402609	2.183804	1.49182
290.0623	1.421411	0.06816155	2.053728	1.421411
290.2147	1.387467	0.07375752	2.007826	1.387467
290.3671	1.381446	0.0729844	2.019002	1.381446
290.5195	1.389257	0.06111901	1.965402	1.389257
290.6719	1.386341	0.04582416	1.987114	1.386341
290.8243	1.392485	0.04103548	1.996474	1.392485
290.9767	1.410203	0.04067542	2.091537	1.410203
291.1291	1.431419	0.0386557	2.182751	1.431419
291.2815	1.444545	0.04026705	2.21747	1.444545
291.4339	1.441714	0.03316499	2.249044	1.441714
291.5863	1.440664	0.03404835	2.262015	1.440664
291.7387	1.439083	0.03278344	2.254744	1.439083
291.8911	1.440228	0.03249104	2.223058	1.440228
292.0435	1.456025	0.04305816	2.141799	1.456025
292.1959	1.483322	0.06948102	2.167492	1.483322
292.3483	1.533014	0.06638711	2.251223	1.533014
292.5007	1.567258	0.07385056	2.064881	1.567258
292.6531	1.549652	0.07748461	1.8732	1.549652
292.8055	1.516153	0.07044969	1.647291	1.516153
292.9579	1.498214	0.05729698	1.623121	1.498214
293.1103	1.569186	0.08220209	1.638433	1.569186
293.2627	1.570916	0.08891787	1.643048	1.570916
293.4151	1.575475	0.09588899	1.600057	1.575475
293.5675	1.583129	0.1037542	1.566389	1.583129
293.7199	1.595715	0.1139135	1.53725	1.595715
293.8723	1.599937	0.114609	1.689647	1.599937
294.0247	1.596788	0.1192731	2.051318	1.596788
294.1771	1.590446	0.1221982	2.207714	1.590446
294.3295	1.582399	0.1150123	2.144896	1.582399
294.4819	1.554243	0.09783153	1.99144	1.554243
294.6343	1.482146	0.07955842	1.973913	1.482146
294.7867	1.349076	0.05283445	1.947182	1.349076
294.9391	1.236406	0.02773082	1.873878	1.236406
295.0915	1.181348	0.01883363	1.882678	1.181348
295.2439	1.167982	0.013951	1.886945	1.167982
295.3963	1.168866	0.01007631	1.908971	1.168866
295.5487	1.171169	0.008259414	1.978342	1.171169
295.7011	1.20149	0.009532322	1.989089	1.20149
295.8535	1.256773	0.02061105	1.999455	1.256773
296.0059	1.305138	0.02549387	1.941387	1.305138
296.1583	1.326223	0.02996559	2.065545	1.326223
296.3107	1.352708	0.0384586	2.209814	1.352708
296.4631	1.382527	0.05173423	2.23934	1.382527
296.6155	1.400909	0.053919	2.079156	1.400909
296.7679	1.417103	0.05893764	1.93293	1.417103
296.9203	1.44021	0.07378948	1.826825	1.44021
297.0727	1.471887	0.08777667	1.834376	1.471887
297.2251	1.484753	0.09831654	1.842099	1.484753
297.3775	1.496706	0.09988809	1.885629	1.496706
297.5299	1.473095	0.09719286	1.973026	1.473095
297.6823	1.444059	0.08702616	2.080317	1.444059
297.8347	1.434606	0.07866969	2.196903	1.434606
297.9871	1.425159	0.06937489	2.227736	1.425159
298.1395	1.433855	0.06830123	2.27718	1.433855
298.2919	1.434528	0.07640667	2.34473	1.434528
298.4443	1.462621	0.08888334	2.398061	1.462621
298.5967	1.472029	0.09797949	2.384556	1.472029
298.7491	1.474449	0.1018898	2.392538	1.474449
298.9015	1.47744	0.1076274	2.418878	1.47744
299.0539	1.474357	0.1047156	2.423884	1.474357
299.2063	1.465266	0.09461278	2.395689	1.465266
299.3587	1.464063	0.09312382	2.372423	1.464063
299.5111	1.469095	0.09575506	2.362437	1.469095
299.6635	1.475571	0.1017211	2.391592	1.475571
299.8159	1.477227	0.1033828	2.318701	1.477227
299.9683	1.482915	0.09987421	2.153129	1.482915
