HOLE:	U1354C
EXPEDITION:	317
TOP:	109.0384
BOTTOM:	379.8532
DEPTH_WMSF	IDPH	IMPH	SFLU
m	ohm.m	ohm.m	ohm.m
109.0384	1950.0000	1950.0000	0.0942
109.1908	1950.0000	1950.0000	0.2536
109.3432	1950.0000	1950.0000	1.3487
109.4956	0.3745	1950.0000	0.6410
109.6480	0.3552	2.6387	0.7119
109.8004	0.3957	0.9921	0.6406
109.9528	0.4354	0.6290	0.6298
110.1052	0.5283	0.5341	0.7029
110.2576	0.8299	0.5555	0.6922
110.4100	0.9349	0.6705	0.7429
110.5624	0.9635	0.8967	0.7318
110.7148	1.0069	1.2141	0.7009
110.8672	1.0859	1.4368	0.7402
111.0196	1.0569	1.3986	0.7082
111.1720	1.0454	1.2590	0.7692
111.3244	1.0314	1.1732	0.9582
111.4768	1.0206	1.1692	0.9360
111.6292	1.0330	1.2289	0.8983
111.7816	1.0569	1.2958	0.7324
111.9340	1.0962	1.3056	0.7577
112.0864	1.0949	1.2526	0.7197
112.2388	1.0828	1.1793	0.6597
112.3912	1.0854	1.1226	0.6352
112.5436	1.0667	1.1007	0.6547
112.6960	1.0225	1.1120	0.6708
112.8484	0.9876	1.1364	0.6597
113.0008	0.9763	1.1494	0.6689
113.1532	0.9685	1.1374	0.6380
113.3056	0.9725	1.1034	0.6361
113.4580	0.9815	1.0663	0.6356
113.6104	0.9942	1.0474	0.6201
113.7628	1.0073	1.0564	0.6285
113.9152	1.0204	1.0902	0.6287
114.0676	1.0369	1.1400	0.6387
114.2200	1.0596	1.1949	0.6897
114.3724	1.0792	1.2444	0.7216
114.5248	1.0931	1.2843	0.7337
114.6772	1.1482	1.3174	0.7451
114.8296	1.2166	1.3492	0.7602
114.9820	1.2257	1.3861	0.8202
115.1344	1.2757	1.4341	0.9157
115.2868	1.3384	1.4931	0.9146
115.4392	1.3433	1.5477	0.9394
115.5916	1.3428	1.5683	0.9777
115.7440	1.2709	1.5312	0.9943
115.8964	1.2504	1.4416	0.9891
116.0488	1.2207	1.3300	0.8772
116.2012	1.1891	1.2303	0.6629
116.3536	1.1859	1.1657	0.6665
116.5060	1.1815	1.1461	0.6516
116.6584	1.1691	1.1716	0.8037
116.8108	1.1755	1.2348	0.8423
116.9632	1.1802	1.3188	0.9157
117.1156	1.2738	1.3973	0.9232
117.2680	1.3604	1.4478	0.9133
117.4204	1.3677	1.4662	0.9038
117.5728	1.3642	1.4604	0.9091
117.7252	1.3536	1.4404	0.9008
117.8776	1.3195	1.4119	0.9167
118.0300	1.3181	1.3707	0.8067
118.1824	1.2952	1.3128	0.6725
118.3348	1.2371	1.2468	0.7018
118.4872	1.2096	1.1869	0.7000
118.6396	1.1949	1.1412	0.6409
118.7920	1.1520	1.1093	0.6015
118.9444	1.1295	1.0846	0.6020
119.0968	1.1199	1.0615	0.5821
119.2492	1.1109	1.0432	0.5493
119.4016	1.0896	1.0341	0.5688
119.5540	1.0662	1.0292	0.5532
119.7064	1.0382	1.0176	0.5729
119.8588	1.0361	0.9942	0.5497
120.0112	1.0300	0.9641	0.5388
120.1636	1.0401	0.9397	0.5337
120.3160	1.0489	0.9346	0.5140
120.4684	1.0519	0.9554	0.5759
120.6208	1.0535	0.9979	0.5554
120.7732	1.0662	1.0503	0.6239
120.9256	1.0614	1.0951	0.6174
121.0780	1.0738	1.1155	0.6066
121.2304	1.1002	1.1094	0.6354
121.3828	1.1302	1.0966	0.6174
121.5352	1.1734	1.1064	0.5997
121.6876	1.2287	1.1633	0.8830
121.8400	1.2789	1.2788	0.7394
121.9924	1.2893	1.4372	0.8263
122.1448	1.3070	1.5755	0.9594
122.2972	1.3295	1.6107	1.1473
122.4496	1.3310	1.5299	0.8728
122.6020	1.3069	1.3979	0.8808
122.7544	1.3147	1.2740	0.6990
122.9068	1.2544	1.1827	0.7167
123.0592	1.1948	1.1297	0.6603
123.2116	1.1636	1.1132	0.6150
123.3640	1.1530	1.1250	0.6163
123.5164	1.1434	1.1505	0.6609
123.6688	1.1274	1.1714	0.6634
123.8212	1.1306	1.1747	0.6671
123.9736	1.1318	1.1624	0.6520
124.1260	1.1401	1.1472	0.6439
124.2784	1.1456	1.1392	0.6430
124.4308	1.1475	1.1405	0.6366
124.5832	1.1452	1.1476	0.6612
124.7356	1.1467	1.1566	0.6450
124.8880	1.1494	1.1658	0.6463
125.0404	1.1576	1.1766	0.6532
125.1928	1.1645	1.1900	0.6983
125.3452	1.1737	1.2041	0.7143
125.4976	1.1773	1.2177	0.6917
125.6500	1.1804	1.2316	0.7154
125.8024	1.2050	1.2463	0.7121
125.9548	1.2170	1.2611	0.7321
126.1072	1.2197	1.2749	0.7486
126.2596	1.2261	1.2866	0.7663
126.4120	1.2266	1.2954	0.7744
126.5644	1.2247	1.2993	0.7454
126.7168	1.2254	1.2945	0.8019
126.8692	1.2289	1.2795	0.7571
127.0216	1.2288	1.2593	0.7741
127.1740	1.2274	1.2426	0.7509
127.3264	1.2189	1.2350	0.7551
127.4788	1.2142	1.2361	0.7646
127.6312	1.2112	1.2405	0.7827
127.7836	1.2088	1.2437	0.7219
127.9360	1.2022	1.2443	0.7225
128.0884	1.1972	1.2423	0.7212
128.2408	1.1960	1.2364	0.7320
128.3932	1.1973	1.2261	0.7310
128.5456	1.2001	1.2140	0.7244
128.6980	1.2039	1.2060	0.7104
128.8504	1.2112	1.2086	0.7365
129.0028	1.2133	1.2231	0.7758
129.1552	1.2233	1.2433	0.7527
129.3076	1.2314	1.2602	0.7870
129.4600	1.2400	1.2682	0.8193
129.6124	1.2592	1.2680	0.8077
129.7648	1.2892	1.2670	0.8070
129.9172	1.3030	1.2766	0.7998
130.0696	1.4106	1.3105	0.7733
130.2220	1.4599	1.3809	0.7822
130.3744	1.5471	1.4957	0.8182
130.5268	1.5821	1.6461	1.1942
130.6792	1.6072	1.7894	1.6987
130.8316	1.6048	1.8555	1.3681
130.9840	1.6030	1.7996	1.1065
131.1364	1.4732	1.6467	0.9629
131.2888	1.3858	1.4628	0.8223
131.4412	1.4760	1.3027	0.7629
131.5936	1.2546	1.1909	0.6709
131.7460	1.2312	1.1302	0.6234
131.8984	1.1849	1.1124	0.6505
132.0508	1.1655	1.1233	0.6923
132.2032	1.1294	1.1451	0.7098
132.3556	1.1209	1.1619	0.6705
132.5080	1.1159	1.1658	0.6974
132.6604	1.1302	1.1582	0.7065
132.8128	1.1247	1.1466	0.7003
132.9652	1.1302	1.1380	0.6892
133.1176	1.1289	1.1356	0.7011
133.2700	1.1356	1.1396	0.6926
133.4224	1.1486	1.1514	0.7305
133.5748	1.1873	1.1729	0.7507
133.7272	1.2018	1.2043	0.7161
133.8796	1.2190	1.2461	0.7896
134.0320	1.2796	1.2990	0.8281
134.1844	1.3024	1.3578	0.8520
134.3368	1.3047	1.4072	0.8703
134.4892	1.2920	1.4254	0.9344
134.6416	1.2597	1.3963	0.9343
134.7940	1.2728	1.3280	0.8997
134.9464	1.2100	1.2482	0.7414
135.0988	1.1730	1.1807	0.6595
135.2512	1.1868	1.1331	0.6871
135.4036	1.1275	1.1048	0.6776
135.5560	1.0939	1.0932	0.6860
135.7084	1.1069	1.0933	0.6956
135.8608	1.0870	1.0982	0.6777
136.0132	1.0878	1.1032	0.7002
136.1656	1.0841	1.1061	0.7019
136.3180	1.0939	1.1063	0.6739
136.4704	1.0924	1.1053	0.6769
136.6228	1.0877	1.1051	0.6553
136.7752	1.0834	1.1059	0.6766
136.9276	1.0798	1.1055	0.6818
137.0800	1.0780	1.1026	0.6761
137.2324	1.0756	1.0979	0.6756
137.3848	1.0742	1.0926	0.6712
137.5372	1.0714	1.0875	0.6675
137.6896	1.0649	1.0829	0.6725
137.8420	1.0614	1.0779	0.6722
137.9944	1.0576	1.0722	0.6618
138.1468	1.0565	1.0668	0.6514
138.2992	1.0576	1.0635	0.6472
138.4516	1.0576	1.0631	0.6500
138.6040	1.0550	1.0635	0.6627
138.7564	1.0483	1.0610	0.6697
138.9088	1.0416	1.0525	0.6591
139.0612	1.0370	1.0381	0.6481
139.2136	1.0384	1.0211	0.6287
139.3660	1.0558	1.0076	0.6134
139.5184	1.0656	1.0049	0.5822
139.6708	1.0644	1.0185	0.6065
139.8232	1.0628	1.0447	0.6035
139.9756	1.0364	1.0664	0.6594
140.1280	1.0490	1.0630	0.6519
140.2804	1.0354	1.0313	0.6610
140.4328	1.0259	0.9894	0.5495
140.5852	1.0243	0.9596	0.5692
140.7376	1.0347	0.9560	0.5851
140.8900	1.0630	0.9836	0.5927
141.0424	1.0535	1.0372	0.5455
141.1948	1.0632	1.1017	0.6349
141.3472	1.0516	1.1539	0.6985
141.4996	1.0541	1.1711	0.6918
141.6520	1.0563	1.1500	0.7046
141.8044	1.0794	1.1100	0.7030
141.9568	1.0795	1.0712	0.6316
142.1092	1.0886	1.0441	0.7052
142.2616	1.0960	1.0361	0.7221
142.4140	1.0975	1.0513	0.6121
142.5664	1.0988	1.0861	0.6164
142.7188	1.0952	1.1283	0.6532
142.8712	1.0936	1.1615	0.6466
143.0236	1.0904	1.1724	0.7032
143.1760	1.0905	1.1601	0.7121
143.3284	1.0990	1.1364	0.6832
143.4808	1.1190	1.1141	0.6881
143.6332	1.1171	1.1005	0.6580
143.7856	1.1087	1.0954	0.6550
143.9380	1.1008	1.0918	0.6569
144.0904	1.0812	1.0811	0.6814
144.2428	1.0670	1.0615	0.6661
144.3952	1.0668	1.0394	0.5944
144.5476	1.0564	1.0226	0.5889
144.7000	1.0475	1.0140	0.6029
144.8524	1.0493	1.0137	0.5917
145.0048	1.0541	1.0235	0.5880
145.1572	1.0685	1.0468	0.5948
145.3096	1.0737	1.0841	0.5949
145.4620	1.0816	1.1274	0.6626
145.6144	1.0950	1.1607	0.7247
145.7668	1.1250	1.1720	0.7004
145.9192	1.1383	1.1663	0.7000
146.0716	1.1641	1.1612	0.7076
146.2240	1.1935	1.1695	0.7172
146.3764	1.2001	1.1930	0.7258
146.5288	1.2012	1.2232	0.7812
146.6812	1.2056	1.2467	0.7628
146.8336	1.2140	1.2543	0.7764
146.9860	1.2122	1.2467	0.7267
147.1384	1.2056	1.2292	0.7046
147.2908	1.1733	1.2063	0.7136
147.4432	1.1730	1.1796	0.7233
147.5956	1.1351	1.1483	0.7000
147.7480	1.1264	1.1137	0.6442
147.9004	1.1242	1.0828	0.6458
148.0528	1.1184	1.0647	0.6268
148.2052	1.1201	1.0658	0.6388
148.3576	1.1224	1.0887	0.6263
148.5100	1.1478	1.1299	0.6358
148.6624	1.1628	1.1805	0.6772
148.8148	1.1985	1.2328	0.6661
148.9672	1.2454	1.2841	0.8095
149.1196	1.2924	1.3323	0.8514
149.2720	1.2959	1.3733	0.7944
149.4244	1.3525	1.4048	0.9455
149.5768	1.4072	1.4242	0.9012
149.7292	1.4075	1.4340	0.8914
149.8816	1.4312	1.4419	0.8886
150.0340	1.4215	1.4516	0.8995
150.1864	1.4301	1.4606	0.9005
150.3388	1.4396	1.4719	0.9272
150.4912	1.5105	1.4927	0.8326
150.6436	1.5409	1.5255	0.8729
150.7960	1.5477	1.5734	0.8546
150.9484	1.6169	1.6445	1.0735
151.1008	1.6177	1.7351	1.0897
151.2532	1.6095	1.8089	1.1281
151.4056	1.5350	1.8053	1.0853
151.5580	1.5091	1.6958	0.9855
151.7104	1.4627	1.5234	0.9586
151.8628	1.3102	1.3582	0.7359
152.0152	1.2660	1.2383	0.6540
152.1676	1.2080	1.1639	0.6652
152.3200	1.1473	1.1206	0.6553
152.4724	1.0870	1.0967	0.6464
152.6248	1.0774	1.0848	0.6604
152.7772	1.0593	1.0784	0.7014
152.9296	1.0518	1.0739	0.6954
153.0820	1.0466	1.0708	0.6930
153.2344	1.0421	1.0670	0.6859
153.3868	1.0340	1.0610	0.6576
153.5392	1.0325	1.0543	0.6559
153.6916	1.0279	1.0489	0.6523
153.8440	1.0232	1.0442	0.6433
153.9964	1.0154	1.0403	0.6510
154.1488	1.0109	1.0376	0.6610
154.3012	1.0094	1.0349	0.6596
154.4536	1.0070	1.0319	0.6738
154.6060	1.0067	1.0291	0.6562
154.7584	1.0077	1.0273	0.6500
154.9108	1.0101	1.0271	0.6571
155.0632	1.0121	1.0297	0.6467
155.2156	1.0142	1.0346	0.6590
155.3680	1.0233	1.0408	0.6520
155.5204	1.0267	1.0473	0.6557
155.6728	1.0364	1.0535	0.6651
155.8252	1.0386	1.0595	0.6480
155.9776	1.0407	1.0651	0.6512
156.1300	1.0428	1.0696	0.6431
156.2824	1.0448	1.0721	0.6645
156.4348	1.0465	1.0724	0.6583
156.5872	1.0488	1.0717	0.6622
156.7396	1.0504	1.0714	0.6494
156.8920	1.0504	1.0724	0.6707
157.0444	1.0497	1.0740	0.6718
157.1968	1.0509	1.0747	0.6564
157.3492	1.0518	1.0740	0.6554
157.5016	1.0526	1.0727	0.6549
157.6540	1.0542	1.0717	0.6362
157.8064	1.0553	1.0713	0.6412
157.9588	1.0538	1.0706	0.6581
158.1112	1.0472	1.0681	0.6505
158.2636	1.0420	1.0621	0.6634
158.4160	1.0356	1.0508	0.6492
158.5684	1.0242	1.0321	0.6439
158.7208	1.0197	1.0083	0.6232
158.8732	1.0254	0.9883	0.5745
159.0256	1.0273	0.9833	0.5526
159.1780	1.0292	0.9993	0.5626
159.3304	1.0321	1.0324	0.5825
159.4828	1.0347	1.0687	0.6210
159.6352	1.0522	1.0948	0.6385
159.7876	1.0961	1.1096	0.6435
159.9400	1.1186	1.1228	0.6539
160.0924	1.1275	1.1424	0.6772
160.2448	1.1313	1.1663	0.6929
160.3972	1.1353	1.1827	0.7642
160.5496	1.1170	1.1784	0.7188
160.7020	1.1112	1.1494	0.6619
160.8544	1.1095	1.1055	0.6378
161.0068	1.1023	1.0622	0.6124
161.1592	1.0813	1.0325	0.6197
161.3116	1.0718	1.0223	0.5927
161.4640	1.0698	1.0300	0.6163
161.6164	1.0723	1.0487	0.6234
161.7688	1.0750	1.0709	0.6190
161.9212	1.0815	1.0902	0.6121
162.0736	1.0932	1.1006	0.6306
162.2260	1.0870	1.0983	0.6253
162.3784	1.0888	1.0853	0.6301
162.5308	1.0927	1.0694	0.6407
162.6832	1.1039	1.0605	0.6117
162.8356	1.1100	1.0668	0.5979
162.9880	1.1135	1.0892	0.6335
163.1404	1.1155	1.1207	0.6692
163.2928	1.1205	1.1496	0.6888
163.4452	1.1284	1.1671	0.7012
163.5976	1.1594	1.1730	0.6858
163.7500	1.2123	1.1770	0.7266
163.9024	1.2318	1.1908	0.7194
164.0548	1.2358	1.2220	0.7149
164.2072	1.2506	1.2688	0.7287
164.3596	1.2370	1.3143	0.7136
164.5120	1.2163	1.3285	0.7914
164.6644	1.1994	1.2917	0.7235
164.8168	1.1878	1.2181	0.6463
164.9692	1.1892	1.1446	0.6518
165.1216	1.1928	1.1029	0.6104
165.2740	1.1998	1.1077	0.6317
165.4264	1.2274	1.1588	0.6466
165.5788	1.3060	1.2489	0.6904
165.7312	1.3351	1.3676	0.8659
165.8836	1.3701	1.4976	1.0540
166.0360	1.4623	1.6117	1.0955
166.1884	1.5548	1.6886	1.0507
166.3408	1.6654	1.7291	1.1186
166.4932	1.7270	1.7515	1.1145
166.6456	1.7589	1.7791	1.1070
166.7980	1.7816	1.8223	1.1379
166.9504	1.8038	1.8683	1.1399
167.1028	1.8609	1.9039	1.1672
167.2552	1.9148	1.9420	1.1504
167.4076	1.9541	2.0072	1.2435
167.5600	2.0313	2.1106	1.2818
167.7124	2.0731	2.2399	1.3032
167.8648	2.0919	2.3587	1.4147
168.0172	2.1673	2.4301	1.4411
168.1696	2.2393	2.4547	1.3969
168.3220	2.2551	2.4548	1.3781
168.4744	2.2164	2.4363	1.4101
168.6268	2.0810	2.3897	1.3943
168.7792	1.9594	2.2930	1.3928
168.9316	1.8322	2.1186	1.3620
169.0840	1.6425	1.8773	1.1255
169.2364	1.5048	1.6239	0.9435
169.3888	1.4064	1.4082	0.7311
169.5412	1.2880	1.2521	0.6773
169.6936	1.1624	1.1538	0.6892
169.8460	1.0873	1.0972	0.6870
169.9984	1.0376	1.0639	0.6955
170.1508	1.0248	1.0424	0.6496
170.3032	1.0209	1.0278	0.6502
170.4556	1.0277	1.0208	0.6412
170.6080	1.0566	1.0282	0.6735
170.7604	1.0846	1.0588	0.6950
170.9128	1.1060	1.1151	0.8002
171.0652	1.1608	1.1898	0.8080
171.2176	1.2028	1.2663	0.8398
171.3700	1.2267	1.3249	0.8612
171.5224	1.2798	1.3556	0.8067
171.6748	1.3316	1.3665	0.8188
171.8272	1.3635	1.3745	0.8233
171.9796	1.3974	1.3917	0.8360
172.1320	1.4258	1.4209	0.8632
172.2844	1.4427	1.4583	0.8974
172.4368	1.4560	1.4973	0.8887
172.5892	1.4635	1.5307	0.9450
172.7416	1.4608	1.5510	0.9531
172.8940	1.3952	1.5460	0.9434
173.0464	1.3585	1.5035	0.8446
173.1988	1.3402	1.4262	0.8553
173.3512	1.3001	1.3352	0.8070
173.5036	1.2241	1.2512	0.7758
173.6560	1.1758	1.1837	0.6714
173.8084	1.1374	1.1336	0.6689
173.9608	1.1143	1.1003	0.7069
174.1132	1.1069	1.0841	0.7007
174.2656	1.1049	1.0866	0.6702
174.4180	1.1081	1.1062	0.7320
174.5704	1.1216	1.1360	0.7561
174.7228	1.1352	1.1664	0.7284
174.8752	1.1412	1.1890	0.7349
175.0276	1.1505	1.1986	0.7317
175.1800	1.1558	1.1953	0.7168
175.3324	1.1574	1.1851	0.7103
175.4848	1.1576	1.1745	0.7032
175.6372	1.1567	1.1676	0.7159
175.7896	1.1572	1.1661	0.7112
175.9420	1.1597	1.1695	0.7072
176.0944	1.1596	1.1756	0.7251
176.2468	1.1574	1.1827	0.7144
176.3992	1.1444	1.1884	0.7204
176.5516	1.1201	1.1869	0.7345
176.7040	1.1139	1.1712	0.7238
176.8564	1.1104	1.1408	0.6765
177.0088	1.0974	1.1045	0.6450
177.1612	1.0686	1.0738	0.6507
177.3136	1.0546	1.0554	0.6486
177.4660	1.0436	1.0482	0.6736
177.6184	1.0347	1.0456	0.6639
177.7708	1.0456	1.0430	0.6741
177.9232	1.0463	1.0426	0.6351
178.0756	1.0491	1.0499	0.6636
178.2280	1.0627	1.0672	0.6880
178.3804	1.0772	1.0910	0.7034
178.5328	1.0864	1.1145	0.7018
178.6852	1.0927	1.1305	0.6871
178.8376	1.1069	1.1371	0.6850
178.9900	1.1103	1.1373	0.6843
179.1424	1.1075	1.1338	0.6733
179.2948	1.0943	1.1265	0.6872
179.4472	1.0818	1.1155	0.6872
179.5996	1.0790	1.1027	0.6798
179.7520	1.0719	1.0894	0.6800
179.9044	1.0608	1.0773	0.6620
180.0568	1.0539	1.0676	0.6406
180.2092	1.0468	1.0605	0.6243
180.3616	1.0438	1.0566	0.6357
180.5140	1.0452	1.0571	0.6456
180.6664	1.0515	1.0627	0.6545
180.8188	1.0570	1.0731	0.6539
180.9712	1.0637	1.0870	0.6842
181.1236	1.0792	1.1032	0.6944
181.2760	1.0922	1.1197	0.7044
181.4284	1.0973	1.1342	0.6909
181.5808	1.1025	1.1441	0.7059
181.7332	1.1031	1.1478	0.7060
181.8856	1.1013	1.1445	0.7010
182.0380	1.0962	1.1350	0.6775
182.1904	1.0849	1.1218	0.6735
182.3428	1.0718	1.1073	0.6552
182.4952	1.0585	1.0913	0.6547
182.6476	1.0469	1.0738	0.6571
182.8000	1.0352	1.0558	0.6452
182.9524	1.0260	1.0399	0.6376
183.1048	1.0201	1.0292	0.6361
183.2572	1.0177	1.0255	0.6375
183.4096	1.0172	1.0273	0.6447
183.5620	1.0220	1.0322	0.6494
183.7144	1.0379	1.0400	0.6620
183.8668	1.0507	1.0536	0.6817
184.0192	1.0667	1.0760	0.6829
184.1716	1.0934	1.1055	0.6833
184.3240	1.1418	1.1383	0.7211
184.4764	1.2057	1.1768	0.7187
184.6288	1.2693	1.2342	0.7381
184.7812	1.3423	1.3293	0.7632
184.9336	1.4283	1.4787	0.8524
185.0860	1.5590	1.6881	0.9741
185.2384	1.7761	1.9418	1.2721
185.3908	1.9976	2.2006	1.4321
185.5432	2.0586	2.4177	1.4834
185.6956	2.1027	2.5533	1.5735
185.8480	2.2828	2.5945	1.6015
186.0004	2.3728	2.5699	1.5404
186.1528	2.3692	2.5177	1.4644
186.3052	2.3557	2.4536	1.4130
186.4576	2.2895	2.3833	1.4051
186.6100	2.2306	2.3151	1.4223
186.7624	2.2205	2.2607	1.3803
186.9148	2.2220	2.2371	1.2501
187.0672	2.2273	2.2572	1.2707
187.2196	2.2250	2.3166	1.3032
187.3720	2.2132	2.3941	1.4404
187.5244	2.2237	2.4596	1.5689
187.6768	2.2677	2.4895	1.5624
187.8292	2.3148	2.4875	1.5130
187.9816	2.3392	2.4802	1.4921
188.1340	2.3721	2.4879	1.5250
188.2864	2.3721	2.5153	1.5033
188.4388	2.3718	2.5549	1.4802
188.5912	2.3729	2.5881	1.4742
188.7436	2.3749	2.5982	1.4863
188.8960	2.3699	2.5844	1.5299
189.0484	2.3352	2.5515	1.4622
189.2008	2.2969	2.4998	1.4129
189.3532	2.2535	2.4322	1.4141
189.5056	2.2263	2.3557	1.3965
189.6580	2.1836	2.2819	1.3987
189.8104	2.1282	2.2286	1.3028
189.9628	2.1024	2.2062	1.2543
190.1152	2.0883	2.2078	1.2987
190.2676	2.0352	2.2180	1.3794
190.4200	1.9674	2.2211	1.3878
190.5724	1.9507	2.2000	1.3632
190.7248	1.9377	2.1482	1.2596
190.8772	1.9099	2.0791	1.1899
191.0296	1.8740	2.0109	1.2300
191.1820	1.8389	1.9535	1.1754
191.3344	1.7873	1.9107	1.1807
191.4868	1.7508	1.8807	1.1608
191.6392	1.7319	1.8555	1.1462
191.7916	1.7077	1.8300	1.1762
191.9440	1.6898	1.8058	1.1290
192.0964	1.6822	1.7858	1.1127
192.2488	1.6781	1.7732	1.1096
192.4012	1.6748	1.7732	1.1171
192.5536	1.6751	1.7873	1.1749
192.7060	1.6760	1.8097	1.1981
192.8584	1.6763	1.8333	1.2345
193.0108	1.6866	1.8536	1.1811
193.1632	1.6879	1.8656	1.1429
193.3156	1.6761	1.8646	1.1104
193.4680	1.6594	1.8503	1.0921
193.6204	1.6364	1.8259	1.0999
193.7728	1.6102	1.7942	1.1168
193.9252	1.5906	1.7590	1.0610
194.0776	1.5660	1.7249	1.0537
194.2300	1.5283	1.6921	1.0499
194.3824	1.3989	1.6502	1.0362
194.5348	1.3089	1.5811	1.0451
194.6872	1.2733	1.4770	0.9413
194.8396	1.2224	1.3560	0.8455
194.9920	1.1808	1.2482	0.7419
195.1444	1.1425	1.1713	0.7142
195.2968	1.0656	1.1245	0.7156
195.4492	1.0221	1.0974	0.7564
195.6016	1.0165	1.0802	0.7142
195.7540	1.0138	1.0696	0.6866
195.9064	1.0248	1.0704	0.6850
196.0588	1.0659	1.0897	0.6705
196.2112	1.0780	1.1293	0.7328
196.3636	1.0768	1.1801	0.8671
196.5160	1.0777	1.2231	0.8897
196.6684	1.0828	1.2381	0.8767
196.8208	1.0844	1.2187	0.8441
196.9732	1.0887	1.1790	0.6734
197.1256	1.0654	1.1393	0.6891
197.2780	1.0439	1.1100	0.6917
197.4304	1.0337	1.0913	0.7120
197.5828	1.0239	1.0796	0.7128
197.7352	1.0167	1.0721	0.6672
197.8876	1.0288	1.0704	0.6447
198.0400	1.0426	1.0807	0.6453
198.1924	1.0523	1.1072	0.7093
198.3448	1.0657	1.1453	0.6940
198.4972	1.0802	1.1839	0.7166
198.6496	1.1165	1.2147	0.7674
198.8020	1.1605	1.2389	0.8337
198.9544	1.1790	1.2642	0.8415
199.1068	1.2034	1.2952	0.8762
199.2592	1.2170	1.3277	0.8906
199.4116	1.2308	1.3512	0.8903
199.5640	1.2292	1.3576	0.8730
199.7164	1.2174	1.3457	0.7828
199.8688	1.2083	1.3190	0.7766
200.0212	1.1903	1.2838	0.7574
200.1736	1.1761	1.2482	0.7521
200.3260	1.1536	1.2186	0.7546
200.4784	1.1318	1.1969	0.8225
200.6308	1.1159	1.1809	0.8003
200.7832	1.1048	1.1667	0.7783
200.9356	1.1021	1.1510	0.7015
201.0880	1.1090	1.1356	0.6820
201.2404	1.1295	1.1278	0.6760
201.3928	1.1480	1.1361	0.6915
201.5452	1.1543	1.1642	0.7756
201.6976	1.1636	1.2075	0.8267
201.8500	1.1823	1.2518	0.8440
202.0024	1.2033	1.2796	0.8268
202.1548	1.2159	1.2836	0.7846
202.3072	1.2267	1.2713	0.7075
202.4596	1.2400	1.2559	0.7141
202.6120	1.2603	1.2495	0.7062
202.7644	1.2889	1.2631	0.7714
202.9168	1.3252	1.3044	0.9007
203.0692	1.3532	1.3730	0.9382
203.2216	1.3899	1.4585	0.9495
203.3740	1.4673	1.5442	1.0017
203.5264	1.5711	1.6185	1.0076
203.6788	1.5969	1.6799	1.0205
203.8312	1.5992	1.7273	1.1102
203.9836	1.5798	1.7468	1.1535
204.1360	1.5425	1.7150	1.1161
204.2884	1.5005	1.6281	1.0489
204.4408	1.4809	1.5156	0.8792
204.5932	1.4639	1.4161	0.8223
204.7456	1.4639	1.3566	0.7888
204.8980	1.4620	1.3509	0.7813
205.0504	1.4546	1.4005	0.7916
205.2028	1.4518	1.4888	0.9685
205.3552	1.4625	1.5807	1.0780
205.5076	1.4880	1.6351	1.1123
205.6600	1.5128	1.6301	1.0175
205.8124	1.5046	1.5775	0.9594
205.9648	1.4662	1.5071	0.9427
206.1172	1.4011	1.4395	0.8360
206.2696	1.3516	1.3782	0.8075
206.4220	1.3038	1.3209	0.7213
206.5744	1.2628	1.2679	0.7014
206.7268	1.2246	1.2227	0.6969
206.8792	1.1897	1.1892	0.7301
207.0316	1.1646	1.1683	0.7037
207.1840	1.1556	1.1569	0.7326
207.3364	1.1510	1.1506	0.7292
207.4888	1.1494	1.1470	0.7195
207.6412	1.1557	1.1468	0.7014
207.7936	1.1596	1.1522	0.7158
207.9460	1.1643	1.1642	0.7086
208.0984	1.1731	1.1809	0.7026
208.2508	1.1757	1.1980	0.7274
208.4032	1.1779	1.2096	0.7379
208.5556	1.1820	1.2116	0.7392
208.7080	1.1833	1.2041	0.7264
208.8604	1.1770	1.1903	0.6896
209.0128	1.1632	1.1744	0.6783
209.1652	1.1553	1.1600	0.6817
209.3176	1.1526	1.1493	0.6824
209.4700	1.1453	1.1421	0.6954
209.6224	1.1348	1.1372	0.6651
209.7748	1.1357	1.1343	0.6505
209.9272	1.1375	1.1344	0.6531
210.0796	1.1386	1.1385	0.6843
210.2320	1.1401	1.1465	0.6829
210.3844	1.1428	1.1558	0.6859
210.5368	1.1477	1.1635	0.7059
210.6892	1.1529	1.1678	0.6963
210.8416	1.1574	1.1691	0.6993
210.9940	1.1606	1.1689	0.6942
211.1464	1.1610	1.1680	0.6968
211.2988	1.1610	1.1670	0.6889
211.4512	1.1613	1.1659	0.6869
211.6036	1.1627	1.1650	0.6945
211.7560	1.1632	1.1651	0.6893
211.9084	1.1648	1.1664	0.6970
212.0608	1.1641	1.1683	0.6989
212.2132	1.1636	1.1696	0.7020
212.3656	1.1638	1.1696	0.6962
212.5180	1.1635	1.1683	0.6993
212.6704	1.1602	1.1663	0.6903
212.8228	1.1612	1.1647	0.7082
212.9752	1.1624	1.1645	0.6764
213.1276	1.1662	1.1660	0.7111
213.2800	1.1753	1.1700	0.6940
213.4324	1.1890	1.1777	0.7041
213.5848	1.1975	1.1900	0.7116
213.7372	1.2009	1.2054	0.7147
213.8896	1.2047	1.2201	0.7415
214.0420	1.2066	1.2290	0.7506
214.1944	1.2055	1.2278	0.7360
214.3468	1.2045	1.2172	0.7111
214.4992	1.2012	1.2012	0.6915
214.6516	1.1929	1.1852	0.6972
214.8040	1.1803	1.1728	0.6920
214.9564	1.1731	1.1663	0.6959
215.1088	1.1711	1.1660	0.6736
215.2612	1.1694	1.1699	0.6808
215.4136	1.1679	1.1759	0.6880
215.5660	1.1655	1.1813	0.7070
215.7184	1.1642	1.1835	0.7024
215.8708	1.1630	1.1812	0.7120
216.0232	1.1617	1.1753	0.7194
216.1756	1.1619	1.1684	0.6961
216.3280	1.1622	1.1635	0.6856
216.4804	1.1617	1.1629	0.6894
216.6328	1.1618	1.1664	0.6954
216.7852	1.1629	1.1722	0.6987
216.9376	1.1652	1.1785	0.7001
217.0900	1.1691	1.1840	0.7002
217.2424	1.1716	1.1881	0.7040
217.3948	1.1738	1.1905	0.7061
217.5472	1.1748	1.1912	0.6985
217.6996	1.1744	1.1905	0.7034
217.8520	1.1730	1.1890	0.6898
218.0044	1.1697	1.1869	0.6956
218.1568	1.1643	1.1837	0.6962
218.3092	1.1585	1.1787	0.6923
218.4616	1.1559	1.1721	0.6945
218.6140	1.1530	1.1653	0.6847
218.7664	1.1474	1.1597	0.6875
218.9188	1.1437	1.1562	0.6947
219.0712	1.1431	1.1549	0.6802
219.2236	1.1437	1.1554	0.6842
219.3760	1.1481	1.1576	0.6975
219.5284	1.1518	1.1619	0.6889
219.6808	1.1564	1.1684	0.6856
219.8332	1.1638	1.1765	0.6960
219.9856	1.1681	1.1850	0.6987
220.1380	1.1681	1.1924	0.7050
220.2904	1.1709	1.1964	0.7095
220.4428	1.1684	1.1955	0.7093
220.5952	1.1672	1.1898	0.7066
220.7476	1.1693	1.1818	0.6862
220.9000	1.1726	1.1743	0.6971
221.0524	1.1844	1.1697	0.6890
221.2048	1.1982	1.1729	0.6981
221.3572	1.2128	1.1904	0.7242
221.5096	1.2477	1.2252	0.7762
221.6620	1.2956	1.2745	0.7863
221.8144	1.3259	1.3330	0.8314
221.9668	1.3653	1.3960	0.8926
222.1192	1.4679	1.4632	0.9260
222.2716	1.5530	1.5412	0.8960
222.4240	1.6033	1.6361	0.9659
222.5764	1.6918	1.7418	1.0511
222.7288	1.7936	1.8458	1.0788
222.8812	1.8606	1.9455	1.0816
223.0336	1.9139	2.0467	1.2295
223.1860	2.0129	2.1518	1.4255
223.3384	2.0504	2.2524	1.3999
223.4908	2.0554	2.3175	1.4517
223.6432	2.0572	2.3070	1.3599
223.7956	2.0572	2.2272	1.2958
223.9480	2.0213	2.1282	1.3011
224.1004	2.0026	2.0481	1.1825
224.2528	1.9387	1.9975	1.1622
224.4052	1.8776	1.9732	1.1401
224.5576	1.8634	1.9651	1.1851
224.7100	1.8498	1.9630	1.1429
224.8624	1.8482	1.9655	1.1628
225.0148	1.8593	1.9734	1.1621
225.1672	1.8624	1.9823	1.1785
225.3196	1.8583	1.9865	1.1929
225.4720	1.8547	1.9822	1.2042
225.6244	1.8519	1.9678	1.2369
225.7768	1.8527	1.9481	1.2104
225.9292	1.8565	1.9326	1.1398
226.0816	1.8473	1.9264	1.1467
226.2340	1.8327	1.9278	1.1559
226.3864	1.8215	1.9322	1.1831
226.5388	1.8216	1.9351	1.1855
226.6912	1.8254	1.9352	1.1490
226.8436	1.8315	1.9371	1.1723
226.9960	1.8487	1.9483	1.1872
227.1484	1.8838	1.9751	1.2345
227.3008	1.9138	2.0204	1.2375
227.4532	1.9316	2.0794	1.2728
227.6056	1.9455	2.1383	1.3027
227.7580	1.9749	2.1805	1.2958
227.9104	2.0333	2.2022	1.3154
228.0628	2.0928	2.2180	1.2990
228.2152	2.1118	2.2455	1.3100
228.3676	2.1269	2.2922	1.3234
228.5200	2.1690	2.3542	1.3439
228.6724	2.1732	2.4102	1.3676
228.8248	2.1203	2.4151	1.5000
228.9772	2.0274	2.3338	1.4865
229.1296	1.9841	2.1803	1.4130
229.2820	1.9123	1.9984	1.3562
229.4344	1.8002	1.8246	1.0956
229.5868	1.6572	1.6791	0.9345
229.7392	1.6081	1.5683	0.8442
229.8916	1.5815	1.4931	0.8126
230.0440	1.5536	1.4555	0.8098
230.1964	1.5288	1.4574	0.8178
230.3488	1.5560	1.4982	0.8845
230.5012	1.6325	1.5777	1.0326
230.6536	1.6718	1.6941	1.0446
230.8060	1.6932	1.8325	1.1136
230.9584	1.7373	1.9531	1.2030
231.1108	1.7796	2.0084	1.3565
231.2632	1.7974	1.9837	1.2758
231.4156	1.7994	1.9104	1.0814
231.5680	1.7782	1.8338	1.0098
231.7204	1.7650	1.7840	1.0147
231.8728	1.7349	1.7677	0.9914
232.0252	1.6933	1.7704	1.0335
232.1776	1.6559	1.7696	1.0774
232.3300	1.6609	1.7534	1.0383
232.4824	1.6721	1.7287	0.9916
232.6348	1.6822	1.7131	0.9866
232.7872	1.6700	1.7183	1.0020
232.9396	1.6188	1.7325	1.0471
233.0920	1.5521	1.7180	1.1677
233.2444	1.4882	1.6421	0.9351
233.3968	1.4043	1.5141	0.8473
233.5492	1.3287	1.3739	0.7675
233.7016	1.2553	1.2552	0.6668
233.8540	1.1722	1.1697	0.6166
234.0064	1.1051	1.1125	0.6035
234.1588	1.0822	1.0745	0.5940
234.3112	1.0580	1.0494	0.5821
234.4636	1.0250	1.0331	0.5911
234.6160	1.0131	1.0224	0.6201
234.7684	1.0103	1.0158	0.6092
234.9208	1.0104	1.0136	0.6092
235.0732	1.0119	1.0158	0.6009
235.2256	1.0142	1.0217	0.6096
235.3780	1.0161	1.0298	0.6180
235.5304	1.0194	1.0383	0.6252
235.6828	1.0266	1.0456	0.6366
235.8352	1.0340	1.0513	0.6293
235.9876	1.0386	1.0554	0.6314
236.1400	1.0468	1.0588	0.6299
236.2924	1.0554	1.0631	0.6268
236.4448	1.0587	1.0695	0.6302
236.5972	1.0610	1.0773	0.6523
236.7496	1.0639	1.0842	0.6516
236.9020	1.0656	1.0877	0.6510
237.0544	1.0664	1.0864	0.6369
237.2068	1.0656	1.0810	0.6182
237.3592	1.0594	1.0737	0.6315
237.5116	1.0548	1.0666	0.6168
237.6640	1.0513	1.0604	0.6147
237.8164	1.0456	1.0555	0.6206
237.9688	1.0417	1.0519	0.6145
238.1212	1.0394	1.0496	0.6194
238.2736	1.0364	1.0482	0.6125
238.4260	1.0324	1.0474	0.6115
238.5784	1.0291	1.0463	0.6143
238.7308	1.0274	1.0437	0.6186
238.8832	1.0248	1.0395	0.6128
239.0356	1.0217	1.0343	0.6058
239.1880	1.0202	1.0294	0.5989
239.3404	1.0197	1.0263	0.6013
239.4928	1.0193	1.0255	0.5974
239.6452	1.0186	1.0266	0.5997
239.7976	1.0198	1.0288	0.6058
239.9500	1.0207	1.0313	0.6062
240.1024	1.0217	1.0337	0.6094
240.2548	1.0223	1.0355	0.6058
240.4072	1.0234	1.0362	0.6022
240.5596	1.0241	1.0351	0.6125
240.7120	1.0236	1.0323	0.6072
240.8644	1.0227	1.0284	0.6019
241.0168	1.0214	1.0246	0.5866
241.1692	1.0191	1.0217	0.5320
241.3216	1.0171	1.0198	0.6758
241.4740	1.0159	1.0179	0.6210
241.6264	1.0143	1.0155	0.5966
241.7788	1.0139	1.0128	0.5957
241.9312	1.0157	1.0107	0.5921
242.0836	1.0181	1.0099	0.5974
242.2360	1.0311	1.0117	0.6071
242.3884	1.0455	1.0193	0.6089
242.5408	1.0651	1.0366	0.5979
242.6932	1.1215	1.0660	0.6344
242.8456	1.2002	1.1099	0.6035
242.9980	1.2407	1.1723	0.6874
243.1504	1.2793	1.2560	0.8235
243.3028	1.3211	1.3557	0.8208
243.4552	1.3544	1.4487	0.9748
243.6076	1.3860	1.4948	0.8463
243.7600	1.3885	1.4686	0.7798
243.9124	1.3811	1.3932	0.7346
244.0648	1.3804	1.3129	0.7167
244.2172	1.3747	1.2560	0.6970
244.3696	1.3686	1.2344	0.6757
244.5220	1.4001	1.2545	0.7249
244.6744	1.4251	1.3194	0.8188
244.8268	1.4655	1.4258	0.9060
244.9792	1.5355	1.5559	0.9160
245.1316	1.5919	1.6725	0.9166
245.2840	1.6538	1.7375	1.0194
245.4364	1.7233	1.7488	1.0037
245.5888	1.7370	1.7339	0.9396
245.7412	1.7334	1.7112	1.0812
245.8936	1.6987	1.6809	1.0326
246.0460	1.6225	1.6387	0.9718
246.1984	1.5879	1.5828	0.9780
246.3508	1.5718	1.5159	0.8593
246.5032	1.5043	1.4474	0.7516
246.6556	1.4297	1.3870	0.7751
246.8080	1.3811	1.3386	0.7332
246.9604	1.3482	1.3025	0.6862
247.1128	1.3257	1.2779	0.6991
247.2652	1.3144	1.2609	0.6978
247.4176	1.2778	1.2466	0.6765
247.5700	1.2333	1.2311	0.7336
247.7224	1.2161	1.2115	0.7231
247.8748	1.2118	1.1879	0.7078
248.0272	1.1965	1.1647	0.6334
248.1796	1.1621	1.1465	0.6880
248.3320	1.1545	1.1346	0.6448
248.4844	1.1587	1.1298	0.6426
248.6368	1.1701	1.1310	0.6423
248.7892	1.1936	1.1360	0.6318
248.9416	1.2218	1.1519	0.6466
249.0940	1.3050	1.1971	0.7284
249.2464	1.4376	1.2920	0.8845
249.3988	1.5451	1.4483	0.9109
249.5512	1.5922	1.6542	0.9731
249.7036	1.6461	1.8519	1.0583
249.8560	1.8172	1.9672	1.0501
250.0084	1.9125	1.9869	0.9773
250.1608	1.9056	1.9451	1.1485
250.3132	1.8639	1.8670	1.1154
250.4656	1.8353	1.7742	1.0417
250.6180	1.7690	1.6859	1.0464
250.7704	1.6234	1.6047	0.8229
250.9228	1.4795	1.5216	0.7987
251.0752	1.4368	1.4286	0.7211
251.2276	1.4041	1.3291	0.6193
251.3800	1.3074	1.2406	0.6895
251.5324	1.2220	1.1785	0.6666
251.6848	1.1843	1.1434	0.6155
251.8372	1.1716	1.1259	0.6106
251.9896	1.1573	1.1163	0.6184
252.1420	1.1412	1.1092	0.6544
252.2944	1.1239	1.1030	0.5226
252.4468	1.1131	1.0981	0.5973
252.5992	1.1075	1.0936	0.6315
252.7516	1.1052	1.0880	0.6651
252.9040	1.1036	1.0819	0.5803
253.0564	1.1025	1.0773	0.6882
253.2088	1.1008	1.0756	0.5551
253.3612	1.0983	1.0769	0.5240
253.5136	1.0966	1.0799	0.6030
253.6660	1.0968	1.0828	0.6394
253.8184	1.0979	1.0836	0.6981
253.9708	1.0998	1.0818	0.5551
254.1232	1.1065	1.0792	0.6749
254.2756	1.1219	1.0802	0.6470
254.4280	1.1416	1.0887	0.6220
254.5804	1.1537	1.1057	0.6151
254.7328	1.1659	1.1300	0.6188
254.8852	1.2037	1.1609	0.6532
255.0376	1.2638	1.2003	0.7647
255.1900	1.3077	1.2517	0.7767
255.3424	1.3314	1.3140	0.7644
255.4948	1.3441	1.3756	0.8293
255.6472	1.3531	1.4176	0.7945
255.7996	1.3592	1.4256	0.9080
255.9520	1.3508	1.4005	0.7567
256.1044	1.3461	1.3584	0.7696
256.2568	1.3463	1.3191	0.7202
256.4092	1.3462	1.2956	0.7812
256.5616	1.3456	1.2921	0.7693
256.7140	1.3495	1.3062	0.7456
256.8664	1.3607	1.3305	0.8289
257.0188	1.3757	1.3560	0.8513
257.1712	1.3776	1.3745	0.7713
257.3236	1.3750	1.3795	0.7511
257.4760	1.3567	1.3668	0.8914
257.6284	1.3269	1.3371	0.7849
257.7808	1.3060	1.2969	0.7488
257.9332	1.2982	1.2555	0.6250
258.0856	1.2871	1.2224	0.7024
258.2380	1.2679	1.2040	0.7251
258.3904	1.2512	1.2007	0.5614
258.5428	1.2457	1.2082	0.6556
258.6952	1.2446	1.2196	0.7190
258.8476	1.2472	1.2288	0.8256
259.0000	1.2595	1.2330	0.6497
259.1524	1.2675	1.2336	0.6828
259.3048	1.2762	1.2352	0.7625
259.4572	1.2930	1.2411	0.6400
259.6096	1.3071	1.2521	0.8019
259.7620	1.3256	1.2688	0.7475
259.9144	1.3479	1.2920	0.7163
260.0668	1.3614	1.3212	0.7773
260.2192	1.3700	1.3529	0.8627
260.3716	1.3611	1.3782	0.8090
260.5240	1.3469	1.3845	0.7882
260.6764	1.3281	1.3634	0.7553
260.8288	1.2817	1.3172	0.7625
260.9812	1.2367	1.2574	0.6180
261.1336	1.2116	1.1975	0.6672
261.2860	1.1809	1.1484	0.6149
261.4384	1.1509	1.1159	0.6931
261.5908	1.1430	1.1019	0.6602
261.7432	1.1446	1.1070	0.6040
261.8956	1.1684	1.1311	0.7012
262.0480	1.1983	1.1718	0.6730
262.2004	1.2019	1.2232	0.6576
262.3528	1.2275	1.2761	0.7360
262.5052	1.2584	1.3186	0.8141
262.6576	1.2618	1.3380	0.8564
262.8100	1.2611	1.3268	0.7270
262.9624	1.2478	1.2894	0.7455
263.1148	1.1977	1.2399	0.6917
263.2672	1.1676	1.1912	0.6050
263.4196	1.1608	1.1492	0.5579
263.5720	1.1286	1.1152	0.6211
263.7244	1.0934	1.0892	0.6293
263.8768	1.0773	1.0711	0.5815
264.0292	1.0593	1.0606	0.7630
264.1816	1.0492	1.0555	0.6402
264.3340	1.0466	1.0522	0.4912
264.4864	1.0460	1.0497	0.6310
264.6388	1.0471	1.0491	0.6983
264.7912	1.0568	1.0517	0.5215
264.9436	1.0711	1.0591	0.5513
265.0960	1.0804	1.0731	0.7454
265.2484	1.0964	1.0926	0.7332
265.4008	1.1096	1.1133	0.5476
265.5532	1.1153	1.1309	0.5746
265.7056	1.1361	1.1430	0.6417
265.8580	1.1542	1.1493	0.7175
266.0104	1.1599	1.1510	0.6584
266.1628	1.1618	1.1484	0.7061
266.3152	1.1627	1.1414	0.7060
266.4676	1.1608	1.1319	0.6751
266.6200	1.1518	1.1221	0.6656
266.7724	1.1430	1.1124	0.6011
266.9248	1.1404	1.1027	0.5922
267.0772	1.1359	1.0939	0.5968
267.2296	1.1309	1.0874	0.6235
267.3820	1.1336	1.0850	0.6149
267.5344	1.1371	1.0881	0.6460
267.6868	1.1400	1.0961	0.6366
267.8392	1.1430	1.1063	0.6493
267.9916	1.1493	1.1159	0.5809
268.1440	1.1545	1.1227	0.6630
268.2964	1.1590	1.1261	0.6703
268.4488	1.1632	1.1273	0.6281
268.6012	1.1678	1.1281	0.6501
268.7536	1.1715	1.1298	0.6836
268.9060	1.1773	1.1336	0.6796
269.0584	1.1802	1.1403	0.6754
269.2108	1.1812	1.1486	0.6950
269.3632	1.1824	1.1557	0.6963
269.5156	1.1847	1.1593	0.6918
269.6680	1.1861	1.1585	0.6978
269.8204	1.1830	1.1537	0.6636
269.9728	1.1742	1.1458	0.6960
270.1252	1.1711	1.1362	0.6081
270.2776	1.1678	1.1265	0.6424
270.4300	1.1628	1.1189	0.6192
270.5824	1.1549	1.1146	0.6764
270.7348	1.1449	1.1122	0.5853
270.8872	1.1408	1.1090	0.6236
271.0396	1.1384	1.1034	0.6341
271.1920	1.1298	1.0952	0.6420
271.3444	1.1261	1.0864	0.6663
271.4968	1.1253	1.0792	0.6074
271.6492	1.1252	1.0757	0.5778
271.8016	1.1275	1.0759	0.6585
271.9540	1.1310	1.0796	0.5904
272.1064	1.1355	1.0875	0.6768
272.2588	1.1427	1.1001	0.5861
272.4112	1.1455	1.1161	0.6354
272.5636	1.1448	1.1315	0.6159
272.7160	1.1437	1.1400	0.6686
272.8684	1.1370	1.1380	0.6612
273.0208	1.1316	1.1278	0.5992
273.1732	1.1293	1.1157	0.6116
273.3256	1.1215	1.1067	0.6594
273.4780	1.1069	1.1028	0.5898
273.6304	1.0953	1.1024	0.6099
273.7828	1.0821	1.1020	0.6530
273.9352	1.0671	1.0987	0.6436
274.0876	1.0591	1.0922	0.6197
274.2400	1.0528	1.0828	0.6383
274.3924	1.0389	1.0714	0.6606
274.5448	1.0210	1.0590	0.5676
274.6972	1.0116	1.0467	0.6067
274.8496	1.0087	1.0356	0.5780
275.0020	0.9990	1.0273	0.6008
275.1544	0.9940	1.0231	0.6391
275.3068	0.9932	1.0227	0.5837
275.4592	0.9944	1.0254	0.7081
275.6116	0.9969	1.0301	0.6327
275.7640	1.0009	1.0354	0.6312
275.9164	1.0073	1.0406	0.6456
276.0688	1.0222	1.0477	0.5246
276.2212	1.0401	1.0599	0.5891
276.3736	1.0585	1.0801	0.6546
276.5260	1.0702	1.1070	0.6821
276.6784	1.0815	1.1351	0.6161
276.8308	1.0941	1.1585	0.7081
276.9832	1.1177	1.1753	0.6958
277.1356	1.1418	1.1874	0.6696
277.2880	1.1501	1.1958	0.6842
277.4404	1.1523	1.1990	0.6923
277.5928	1.1531	1.1949	0.7017
277.7452	1.1524	1.1835	0.7074
277.8976	1.1510	1.1680	0.6949
278.0500	1.1523	1.1530	0.6488
278.2024	1.1567	1.1423	0.7516
278.3548	1.1586	1.1391	0.6739
278.5072	1.1603	1.1447	0.6887
278.6596	1.1626	1.1575	0.6267
278.8120	1.1620	1.1710	0.6246
278.9644	1.1625	1.1773	0.6688
279.1168	1.1619	1.1724	0.6970
279.2692	1.1593	1.1590	0.6934
279.4216	1.1547	1.1428	0.6819
279.5740	1.1463	1.1282	0.6562
279.7264	1.1212	1.1155	0.6270
279.8788	1.1076	1.1031	0.6581
280.0312	1.1039	1.0915	0.6073
280.1836	1.1005	1.0835	0.6411
280.3360	1.0984	1.0818	0.5251
280.4884	1.0977	1.0864	0.6486
280.6408	1.0972	1.0953	0.5726
280.7932	1.0966	1.1050	0.6963
280.9456	1.0977	1.1120	0.6418
281.0980	1.1032	1.1150	0.6766
281.2504	1.1048	1.1146	0.6283
281.4028	1.1037	1.1130	0.6537
281.5552	1.0999	1.1117	0.6835
281.7076	1.0934	1.1107	0.6792
281.8600	1.0866	1.1087	0.6980
282.0124	1.0814	1.1049	0.6370
282.1648	1.0749	1.0998	0.6368
282.3172	1.0737	1.0953	0.7041
282.4696	1.0748	1.0935	0.6106
282.6220	1.0776	1.0965	0.6364
282.7744	1.0917	1.1059	0.6800
282.9268	1.1030	1.1224	0.7299
283.0792	1.1100	1.1452	0.6824
283.2316	1.1206	1.1701	0.8365
283.3840	1.1306	1.1903	0.7225
283.5364	1.1400	1.2000	0.6961
283.6888	1.1524	1.1985	0.8076
283.8412	1.1619	1.1912	0.5945
283.9936	1.1705	1.1854	0.7319
284.1460	1.1749	1.1857	0.7134
284.2984	1.1723	1.1914	0.7820
284.4508	1.1700	1.1974	0.6838
284.6032	1.1654	1.1975	0.6935
284.7556	1.1534	1.1883	0.6829
284.9080	1.1408	1.1688	0.7440
285.0604	1.1365	1.1398	0.7088
285.2128	1.1087	1.1046	0.6339
285.3652	1.0579	1.0685	0.5471
285.5176	1.0442	1.0370	0.6015
285.6700	1.0393	1.0137	0.5346
285.8224	1.0259	0.9995	0.4611
285.9748	1.0082	0.9922	0.4747
286.1272	1.0033	0.9891	0.5772
286.2796	1.0026	0.9891	0.5958
286.4320	1.0043	0.9915	0.5799
286.5844	1.0037	0.9945	0.6168
286.7368	1.0038	0.9968	0.6373
286.8892	1.0049	0.9976	0.5800
287.0416	1.0046	0.9968	0.5871
287.1940	1.0051	0.9950	0.6094
287.3464	1.0063	0.9940	0.5728
287.4988	1.0071	0.9945	0.6007
287.6512	1.0073	0.9960	0.6387
287.8036	1.0080	0.9980	0.5932
287.9560	1.0091	0.9995	0.5828
288.1084	1.0125	1.0001	0.6137
288.2608	1.0145	1.0004	0.5817
288.4132	1.0153	1.0010	0.5967
288.5656	1.0166	1.0021	0.5987
288.7180	1.0189	1.0033	0.5740
288.8704	1.0211	1.0045	0.6054
289.0228	1.0220	1.0060	0.6520
289.1752	1.0241	1.0083	0.6033
289.3276	1.0239	1.0113	0.6447
289.4800	1.0237	1.0138	0.6533
289.6324	1.0238	1.0146	0.5949
289.7848	1.0247	1.0135	0.5888
289.9372	1.0237	1.0115	0.6192
290.0896	1.0234	1.0096	0.5798
290.2420	1.0227	1.0080	0.7138
290.3944	1.0214	1.0066	0.6418
290.5468	1.0204	1.0052	0.5880
290.6992	1.0208	1.0040	0.5975
290.8516	1.0214	1.0037	0.4623
291.0040	1.0229	1.0045	0.5959
291.1564	1.0242	1.0058	0.5870
291.3088	1.0256	1.0068	0.4641
291.4612	1.0295	1.0075	0.6602
291.6136	1.0373	1.0089	0.7063
291.7660	1.0424	1.0127	0.5571
291.9184	1.0478	1.0199	0.6760
292.0708	1.0543	1.0298	0.7154
292.2232	1.0607	1.0401	0.5674
292.3756	1.0661	1.0489	0.6375
292.5280	1.0711	1.0555	0.5191
292.6804	1.0788	1.0606	0.5373
292.8328	1.0912	1.0662	0.6073
292.9852	1.1009	1.0743	0.6272
293.1376	1.1079	1.0853	0.5508
293.2900	1.1149	1.0981	0.6176
293.4424	1.1252	1.1105	0.6935
293.5948	1.1356	1.1202	0.5395
293.7472	1.1406	1.1269	0.7183
293.8996	1.1478	1.1321	0.6689
294.0520	1.1541	1.1372	0.6381
294.2044	1.1521	1.1405	0.6900
294.3568	1.1451	1.1386	0.6672
294.5092	1.1334	1.1294	0.6501
294.6616	1.1261	1.1144	0.6207
294.8140	1.1200	1.0975	0.5226
294.9664	1.1074	1.0820	0.5040
295.1188	1.0866	1.0689	0.6252
295.2712	1.0728	1.0574	0.6955
295.4236	1.0659	1.0473	0.6381
295.5760	1.0607	1.0397	0.6171
295.7284	1.0582	1.0356	0.4884
295.8808	1.0553	1.0351	0.5855
296.0332	1.0489	1.0362	0.7368
296.1856	1.0414	1.0362	0.7121
296.3380	1.0388	1.0327	0.6291
296.4904	1.0384	1.0257	0.4693
296.6428	1.0369	1.0180	0.6200
296.7952	1.0378	1.0134	0.6573
296.9476	1.0352	1.0136	0.6744
297.1000	1.0343	1.0178	0.6532
297.2524	1.0326	1.0228	0.7048
297.4048	1.0330	1.0254	0.5562
297.5572	1.0375	1.0247	0.6884
297.7096	1.0447	1.0227	0.6288
297.8620	1.0497	1.0219	0.6285
298.0144	1.0534	1.0240	0.5813
298.1668	1.0605	1.0292	0.7243
298.3192	1.0704	1.0380	0.6576
298.4716	1.0779	1.0518	0.5713
298.6240	1.0883	1.0710	0.6003
298.7764	1.1020	1.0938	0.6498
298.9288	1.1068	1.1157	0.5936
299.0812	1.1074	1.1315	0.6802
299.2336	1.1066	1.1386	0.6895
299.3860	1.0960	1.1375	0.6093
299.5384	1.0878	1.1296	0.6867
299.6908	1.0843	1.1166	0.6497
299.8432	1.0714	1.1012	0.6314
299.9956	1.0629	1.0873	0.6377
300.1480	1.0601	1.0787	0.6349
300.3004	1.0580	1.0774	0.6453
300.4528	1.0597	1.0829	0.6600
300.6052	1.0670	1.0927	0.6455
300.7576	1.0794	1.1042	0.6554
300.9100	1.1006	1.1160	0.6581
301.0624	1.1145	1.1274	0.6689
301.2148	1.1222	1.1392	0.6818
301.3672	1.1355	1.1524	0.6989
301.5196	1.1650	1.1680	0.7342
301.6720	1.1840	1.1856	0.6730
301.8244	1.1884	1.2025	0.6810
301.9768	1.1889	1.2147	0.6522
302.1292	1.1862	1.2196	0.6685
302.2816	1.1759	1.2154	0.7228
302.4340	1.1474	1.1996	0.6359
302.5864	1.1161	1.1709	0.6376
302.7388	1.1006	1.1339	0.6385
302.8912	1.0929	1.0978	0.6364
303.0436	1.0829	1.0720	0.6346
303.1960	1.0716	1.0611	0.6229
303.3484	1.0658	1.0631	0.6340
303.5008	1.0612	1.0709	0.6559
303.6532	1.0597	1.0776	0.6281
303.8056	1.0638	1.0800	0.6671
303.9580	1.0656	1.0786	0.6262
304.1104	1.0684	1.0766	0.6168
304.2628	1.0744	1.0772	0.6263
304.4152	1.0780	1.0813	0.6359
304.5676	1.0829	1.0877	0.6303
304.7200	1.0867	1.0955	0.6400
304.8724	1.0919	1.1032	0.6384
305.0248	1.0981	1.1094	0.6405
305.1772	1.1047	1.1136	0.6808
305.3296	1.1087	1.1155	0.5925
305.4820	1.1116	1.1158	0.6758
305.6344	1.1120	1.1153	0.6265
305.7868	1.1089	1.1136	0.6009
305.9392	1.1063	1.1086	0.6602
306.0916	1.1010	1.0997	0.6216
306.2440	1.0948	1.0877	0.6191
306.3964	1.0882	1.0748	0.6258
306.5488	1.0767	1.0628	0.5766
306.7012	1.0638	1.0526	0.5825
306.8536	1.0573	1.0440	0.6147
307.0060	1.0522	1.0371	0.5711
307.1584	1.0483	1.0321	0.5811
307.3108	1.0438	1.0286	0.5113
307.4632	1.0415	1.0261	0.4967
307.6156	1.0410	1.0243	0.5387
307.7680	1.0408	1.0238	0.6979
307.9204	1.0414	1.0250	0.6667
308.0728	1.0421	1.0275	0.4885
308.2252	1.0426	1.0306	0.5950
308.3776	1.0430	1.0330	0.6882
308.5300	1.0448	1.0337	0.4817
308.6824	1.0491	1.0326	0.6486
308.8348	1.0518	1.0314	0.5103
308.9872	1.0549	1.0322	0.6583
309.1396	1.0613	1.0367	0.5938
309.2920	1.0638	1.0443	0.7090
309.4444	1.0658	1.0525	0.5361
309.5968	1.0691	1.0585	0.5762
309.7492	1.0716	1.0607	0.7423
309.9016	1.0722	1.0593	0.6276
310.0540	1.0723	1.0552	0.4746
310.2064	1.0694	1.0499	0.5670
310.3588	1.0691	1.0451	0.6507
310.5112	1.0682	1.0423	0.5795
310.6636	1.0680	1.0421	0.7124
310.8160	1.0695	1.0446	0.5865
310.9684	1.0720	1.0497	0.6094
311.1208	1.0772	1.0570	0.6464
311.2732	1.0818	1.0664	0.6261
311.4256	1.0829	1.0771	0.6108
311.5780	1.0845	1.0873	0.7372
311.7304	1.0822	1.0945	0.6528
311.8828	1.0809	1.0969	0.5943
312.0352	1.0776	1.0934	0.6060
312.1876	1.0742	1.0852	0.5766
312.3400	1.0730	1.0756	0.5802
312.4924	1.0720	1.0690	0.6206
312.6448	1.0686	1.0681	0.6316
312.7972	1.0655	1.0726	0.6345
312.9496	1.0641	1.0795	0.6616
313.1020	1.0638	1.0848	0.6658
313.2544	1.0640	1.0863	0.6609
313.4068	1.0643	1.0840	0.6323
313.5592	1.0646	1.0801	0.6469
313.7116	1.0653	1.0765	0.6356
313.8640	1.0673	1.0745	0.6398
314.0164	1.0697	1.0751	0.6325
314.1688	1.0748	1.0787	0.6343
314.3212	1.0783	1.0845	0.6278
314.4736	1.0800	1.0907	0.6440
314.6260	1.0818	1.0943	0.7083
314.7784	1.0842	1.0934	0.7262
314.9308	1.0849	1.0885	0.6287
315.0832	1.0860	1.0820	0.6194
315.2356	1.0847	1.0764	0.6913
315.3880	1.0816	1.0729	0.6812
315.5404	1.0813	1.0717	0.6832
315.6928	1.0798	1.0718	0.6526
315.8452	1.0776	1.0726	0.5172
315.9976	1.0770	1.0733	0.5605
316.1500	1.0768	1.0731	0.7404
316.3024	1.0763	1.0715	0.7202
316.4548	1.0765	1.0686	0.6127
316.6072	1.0780	1.0657	0.7417
316.7596	1.0818	1.0642	0.5915
316.9120	1.0882	1.0652	0.6389
317.0644	1.0926	1.0690	0.5361
317.2168	1.0962	1.0750	0.5547
317.3692	1.1018	1.0822	0.6570
317.5216	1.1088	1.0895	0.5652
317.6740	1.1125	1.0962	0.5609
317.8264	1.1156	1.1016	0.7076
317.9788	1.1196	1.1052	0.6104
318.1312	1.1203	1.1069	0.6378
318.2836	1.1190	1.1071	0.6371
318.4360	1.1170	1.1067	0.7092
318.5884	1.1151	1.1064	0.6095
318.7408	1.1131	1.1065	0.5341
318.8932	1.1071	1.1063	0.5496
319.0456	1.0999	1.1040	0.6568
319.1980	1.0920	1.0980	0.6893
319.3504	1.0831	1.0875	0.7797
319.5028	1.0787	1.0742	0.6600
319.6552	1.0740	1.0611	0.7364
319.8076	1.0690	1.0509	0.6137
319.9600	1.0615	1.0449	0.6358
320.1124	1.0552	1.0421	0.6605
320.2648	1.0513	1.0414	0.6125
320.4172	1.0500	1.0416	0.6889
320.5696	1.0499	1.0427	0.5850
320.7220	1.0500	1.0443	0.5460
320.8744	1.0512	1.0458	0.5332
321.0268	1.0552	1.0473	0.5447
321.1792	1.0592	1.0493	0.6702
321.3316	1.0638	1.0526	0.6614
321.4840	1.0727	1.0579	0.5827
321.6364	1.0872	1.0653	0.6499
321.7888	1.0999	1.0751	0.6123
321.9412	1.1021	1.0878	0.5990
322.0936	1.1102	1.1035	0.7050
322.2460	1.1266	1.1202	0.7051
322.3984	1.1329	1.1339	0.6912
322.5508	1.1352	1.1406	0.6309
322.7032	1.1375	1.1394	0.6619
322.8556	1.1390	1.1327	0.5686
323.0080	1.1387	1.1246	0.6182
323.1604	1.1373	1.1182	0.6085
323.3128	1.1352	1.1148	0.5931
323.4652	1.1338	1.1142	0.6394
323.6176	1.1323	1.1150	0.6530
323.7700	1.1310	1.1159	0.7392
323.9224	1.1320	1.1159	0.7599
324.0748	1.1311	1.1144	0.5782
324.2272	1.1289	1.1116	0.5687
324.3796	1.1258	1.1074	0.6673
324.5320	1.1128	1.1009	0.6499
324.6844	1.0952	1.0908	0.7067
324.8368	1.0924	1.0770	0.6312
324.9892	1.0877	1.0620	0.5664
325.1416	1.0783	1.0491	0.5730
325.2940	1.0742	1.0415	0.7035
325.4464	1.0728	1.0402	0.7113
325.5988	1.0698	1.0443	0.6004
325.7512	1.0683	1.0511	0.6804
325.9036	1.0683	1.0577	0.5235
326.0560	1.0676	1.0622	0.5934
326.2084	1.0670	1.0640	0.7040
326.3608	1.0644	1.0636	0.6760
326.5132	1.0612	1.0619	0.6642
326.6656	1.0578	1.0601	0.6717
326.8180	1.0552	1.0592	0.6098
326.9704	1.0530	1.0600	0.6264
327.1228	1.0496	1.0625	0.6172
327.2752	1.0479	1.0653	0.6475
327.4276	1.0443	1.0672	0.6392
327.5800	1.0418	1.0680	0.6288
327.7324	1.0402	1.0682	0.6277
327.8848	1.0387	1.0681	0.6233
328.0372	1.0352	1.0678	0.6298
328.1896	1.0247	1.0667	0.6386
328.3420	1.0194	1.0632	0.6682
328.4944	1.0163	1.0554	0.6183
328.6468	1.0109	1.0432	0.6166
328.7992	1.0063	1.0286	0.6114
328.9516	1.0041	1.0162	0.6145
329.1040	1.0022	1.0106	0.6010
329.2564	1.0026	1.0133	0.5965
329.4088	1.0029	1.0218	0.5954
329.5612	1.0030	1.0308	0.6076
329.7136	1.0041	1.0363	0.5995
329.8660	1.0094	1.0370	0.6008
330.0184	1.0134	1.0346	0.6126
330.1708	1.0153	1.0323	0.6050
330.3232	1.0211	1.0317	0.6316
330.4756	1.0278	1.0328	0.5729
330.6280	1.0319	1.0350	0.5631
330.7804	1.0339	1.0371	0.6007
330.9328	1.0369	1.0386	0.5957
331.0852	1.0416	1.0395	0.7428
331.2376	1.0490	1.0403	0.6502
331.3900	1.0529	1.0415	0.5530
331.5424	1.0554	1.0431	0.5822
331.6948	1.0575	1.0450	0.5078
331.8472	1.0603	1.0467	0.6501
331.9996	1.0634	1.0481	0.6240
332.1520	1.0696	1.0501	0.6131
332.3044	1.0810	1.0552	0.5861
332.4568	1.0920	1.0650	0.6577
332.6092	1.0970	1.0794	0.6708
332.7616	1.1028	1.0952	0.7232
332.9140	1.1068	1.1079	0.5840
333.0664	1.1127	1.1147	0.6102
333.2188	1.1143	1.1151	0.6813
333.3712	1.1144	1.1107	0.6586
333.5236	1.1101	1.1035	0.7435
333.6760	1.1047	1.0953	0.6708
333.8284	1.1030	1.0883	0.7177
333.9808	1.1014	1.0847	0.6188
334.1332	1.1012	1.0862	0.6282
334.2856	1.1061	1.0935	0.6386
334.4380	1.1102	1.1060	0.6424
334.5904	1.1135	1.1213	0.7667
334.7428	1.1179	1.1356	0.7216
334.8952	1.1199	1.1449	0.7998
335.0476	1.1203	1.1466	0.6253
335.2000	1.1209	1.1404	0.6318
335.3524	1.1162	1.1285	0.6420
335.5048	1.1056	1.1141	0.6215
335.6572	1.0982	1.1003	0.6063
335.8096	1.0944	1.0891	0.7414
335.9620	1.0888	1.0811	0.6567
336.1144	1.0835	1.0752	0.6874
336.2668	1.0770	1.0700	0.5353
336.4192	1.0690	1.0643	0.5882
336.5716	1.0634	1.0584	0.6505
336.7240	1.0629	1.0536	0.6591
336.8764	1.0637	1.0515	0.6695
337.0288	1.0654	1.0523	0.6165
337.1812	1.0758	1.0558	0.6105
337.3336	1.0959	1.0643	0.6117
337.4860	1.0979	1.0811	0.6410
337.6384	1.1039	1.1059	0.6630
337.7908	1.1197	1.1331	0.6447
337.9432	1.1314	1.1547	0.6448
338.0956	1.1457	1.1672	0.6926
338.2480	1.1726	1.1744	0.6773
338.4004	1.1866	1.1828	0.6799
338.5528	1.1887	1.1944	0.6643
338.7052	1.1894	1.2069	0.6929
338.8576	1.1950	1.2166	0.6700
339.0100	1.1865	1.2201	0.6990
339.1624	1.1851	1.2130	0.7256
339.3148	1.1777	1.1933	0.6818
339.4672	1.1581	1.1654	0.6581
339.6196	1.1404	1.1381	0.6296
339.7720	1.1337	1.1181	0.6361
339.9244	1.1286	1.1068	0.6402
340.0768	1.1256	1.1017	0.6214
340.2292	1.1267	1.1008	0.6554
340.3816	1.1283	1.1048	0.6166
340.5340	1.1272	1.1139	0.7813
340.6864	1.1264	1.1243	0.6834
340.8388	1.1271	1.1304	0.5921
340.9912	1.1317	1.1288	0.7582
341.1436	1.1372	1.1226	0.6586
341.2960	1.1468	1.1203	0.6143
341.4484	1.1507	1.1293	0.6298
341.6008	1.1498	1.1503	0.6497
341.7532	1.1481	1.1768	0.7012
341.9056	1.1468	1.1992	0.7742
342.0580	1.1448	1.2097	0.8451
342.2104	1.1382	1.2045	0.7233
342.3628	1.1209	1.1845	0.6788
342.5152	1.0988	1.1547	0.6705
342.6676	1.0797	1.1221	0.6561
342.8200	1.0651	1.0934	0.6433
342.9724	1.0398	1.0726	0.6180
343.1248	1.0241	1.0602	0.6261
343.2772	1.0207	1.0549	0.6289
343.4296	1.0182	1.0553	0.6289
343.5820	1.0170	1.0602	0.6326
343.7344	1.0235	1.0677	0.6352
343.8868	1.0334	1.0762	0.6499
344.0392	1.0446	1.0855	0.6410
344.1916	1.0516	1.0952	0.6412
344.3440	1.0565	1.1041	0.6734
344.4964	1.0602	1.1104	0.6660
344.6488	1.0679	1.1129	0.6579
344.8012	1.0734	1.1115	0.6535
344.9536	1.0745	1.1075	0.6440
345.1060	1.0738	1.1026	0.6415
345.2584	1.0701	1.0978	0.6532
345.4108	1.0668	1.0933	0.6595
345.5632	1.0611	1.0882	0.6337
345.7156	1.0554	1.0811	0.6335
345.8680	1.0524	1.0724	0.6335
346.0204	1.0510	1.0641	0.6289
346.1728	1.0501	1.0586	0.6138
346.3252	1.0485	1.0569	0.6294
346.4776	1.0478	1.0582	0.6282
346.6300	1.0496	1.0606	0.6390
346.7824	1.0510	1.0630	0.6206
346.9348	1.0520	1.0651	0.6175
347.0872	1.0529	1.0671	0.6255
347.2396	1.0543	1.0689	0.6203
347.3920	1.0536	1.0704	0.6199
347.5444	1.0531	1.0715	0.6253
347.6968	1.0529	1.0723	0.6376
347.8492	1.0524	1.0729	0.6321
348.0016	1.0515	1.0730	0.6247
348.1540	1.0507	1.0725	0.6498
348.3064	1.0495	1.0711	0.6212
348.4588	1.0477	1.0688	0.6291
348.6112	1.0462	1.0661	0.6278
348.7636	1.0431	1.0635	0.6176
348.9160	1.0391	1.0611	0.6208
349.0684	1.0365	1.0582	0.6368
349.2208	1.0335	1.0542	0.6154
349.3732	1.0297	1.0494	0.6106
349.5256	1.0260	1.0448	0.6119
349.6780	1.0204	1.0417	0.6042
349.8304	1.0150	1.0401	0.6052
349.9828	1.0114	1.0392	0.6055
350.1352	1.0044	1.0379	0.6071
350.2876	0.9965	1.0354	0.6078
350.4400	0.9920	1.0312	0.6074
350.5924	0.9862	1.0256	0.6072
350.7448	0.9798	1.0192	0.6056
350.8972	0.9741	1.0130	0.6057
351.0496	0.9644	1.0075	0.5983
351.2020	0.9576	1.0026	0.5949
351.3544	0.9534	0.9979	0.5956
351.5068	0.9468	0.9933	0.5948
351.6592	0.9429	0.9892	0.5974
351.8116	0.9422	0.9866	0.5914
351.9640	0.9425	0.9860	0.5928
352.1164	0.9454	0.9873	0.5978
352.2688	0.9527	0.9905	0.5945
352.4212	0.9580	0.9957	0.5839
352.5736	0.9613	1.0028	0.6041
352.7260	0.9704	1.0111	0.5995
352.8784	0.9776	1.0192	0.6139
353.0308	0.9829	1.0258	0.6076
353.1832	0.9913	1.0308	0.6065
353.3356	0.9970	1.0347	0.6112
353.4880	0.9993	1.0378	0.6243
353.6404	1.0006	1.0399	0.6161
353.7928	1.0020	1.0403	0.6169
353.9452	1.0025	1.0391	0.6197
354.0976	1.0033	1.0367	0.6042
354.2500	1.0045	1.0339	0.6092
354.4024	1.0058	1.0316	0.6286
354.5548	1.0064	1.0305	0.6102
354.7072	1.0072	1.0310	0.6052
354.8596	1.0104	1.0336	0.6156
355.0120	1.0144	1.0383	0.5963
355.1644	1.0151	1.0446	0.6123
355.3168	1.0157	1.0512	0.6188
355.4692	1.0158	1.0563	0.6232
355.6216	1.0138	1.0587	0.6028
355.7740	1.0130	1.0574	0.6292
355.9264	1.0114	1.0527	0.6269
356.0788	1.0111	1.0460	0.6298
356.2312	1.0132	1.0399	0.6313
356.3836	1.0185	1.0375	0.6297
356.5360	1.0270	1.0410	0.6300
356.6884	1.0306	1.0505	0.6381
356.8408	1.0368	1.0642	0.6492
356.9932	1.0513	1.0799	0.6659
357.1456	1.0585	1.0953	0.6644
357.2980	1.0645	1.1084	0.6699
357.4504	1.0707	1.1176	0.6684
357.6028	1.0768	1.1215	0.6673
357.7552	1.0814	1.1205	0.6733
357.9076	1.0849	1.1175	0.6902
358.0600	1.0869	1.1157	0.6745
358.2124	1.0883	1.1170	0.6395
358.3648	1.0895	1.1208	0.6841
358.5172	1.0917	1.1257	0.6607
358.6696	1.0974	1.1305	0.6709
358.8220	1.1015	1.1352	0.6735
358.9744	1.1013	1.1398	0.6651
359.1268	1.0971	1.1437	0.6842
359.2792	1.0923	1.1450	0.6906
359.4316	1.0877	1.1418	0.6667
359.5840	1.0832	1.1339	0.6627
359.7364	1.0774	1.1232	0.6314
359.8888	1.0636	1.1121	0.6023
360.0412	1.0470	1.1019	0.6592
360.1936	1.0381	1.0918	0.6675
360.3460	1.0270	1.0804	0.6506
360.4984	1.0143	1.0667	0.6523
360.6508	1.0019	1.0518	0.6236
360.8032	0.9925	1.0382	0.6066
360.9556	0.9890	1.0279	0.6129
361.1080	0.9828	1.0216	0.6178
361.2604	0.9766	1.0194	0.6427
361.4128	0.9763	1.0209	0.6154
361.5652	0.9766	1.0253	0.6314
361.7176	0.9784	1.0314	0.6433
361.8700	0.9807	1.0371	0.6449
362.0224	0.9816	1.0401	0.6251
362.1748	0.9830	1.0391	0.6340
362.3272	0.9822	1.0351	0.6145
362.4796	0.9814	1.0301	0.6193
362.6320	0.9801	1.0258	0.6077
362.7844	0.9778	1.0230	0.6267
362.9368	0.9743	1.0217	0.6171
363.0892	0.9728	1.0214	0.6178
363.2416	0.9715	1.0217	0.6192
363.3940	0.9701	1.0224	0.6321
363.5464	0.9684	1.0235	0.6207
363.6988	0.9652	1.0242	0.6322
363.8512	0.9570	1.0228	0.6388
364.0036	0.9490	1.0184	0.6273
364.1560	0.9470	1.0112	0.6252
364.3084	0.9455	1.0028	0.6245
364.4608	0.9435	0.9963	0.6063
364.6132	0.9422	0.9941	0.6058
364.7656	0.9423	0.9975	0.6178
364.9180	0.9436	1.0055	0.6502
365.0704	0.9498	1.0155	0.6453
365.2228	0.9577	1.0247	0.6407
365.3752	0.9631	1.0321	0.6345
365.5276	0.9728	1.0397	0.6377
365.6800	0.9846	1.0502	0.6384
365.8324	0.9891	1.0640	0.6714
365.9848	0.9907	1.0776	0.6814
366.1372	0.9893	1.0862	0.6786
366.2896	0.9816	1.0860	0.6893
366.4420	0.9766	1.0763	0.6632
366.5944	0.9720	1.0576	0.6588
366.7468	0.9531	1.0328	0.6434
366.8992	0.9383	1.0065	0.6514
367.0516	0.9324	0.9853	0.6142
367.2040	0.9282	0.9750	0.6203
367.3564	0.9243	0.9775	0.6336
367.5088	0.9278	0.9900	0.6054
367.6612	0.9317	1.0068	0.6393
367.8136	0.9365	1.0223	0.6454
367.9660	0.9558	1.0333	0.6624
368.1184	0.9821	1.0406	0.6895
368.2708	0.9954	1.0475	0.6532
368.4232	1.0072	1.0569	0.6901
368.5756	1.0271	1.0696	0.7146
368.7280	1.0456	1.0844	0.7142
368.8804	1.0547	1.0987	0.6616
369.0328	1.0607	1.1105	0.7143
369.1852	1.0656	1.1198	0.6725
369.3376	1.0678	1.1272	0.6799
369.4900	1.0674	1.1327	0.7061
369.6424	1.0621	1.1351	0.7077
369.7948	1.0554	1.1342	0.7054
369.9472	1.0515	1.1302	0.7269
370.0996	1.0472	1.1231	0.7104
370.2520	1.0312	1.1136	0.7277
370.4044	1.0157	1.1013	0.6966
370.5568	1.0082	1.0852	0.7045
370.7092	0.9997	1.0661	0.6897
370.8616	0.9945	1.0476	0.6870
371.0140	0.9851	1.0338	0.6897
371.1664	0.9819	1.0274	0.6871
371.3188	0.9823	1.0288	0.6648
371.4712	0.9836	1.0352	0.6861
371.6236	0.9878	1.0429	0.7048
371.7760	0.9969	1.0496	0.6920
371.9284	1.0065	1.0554	0.7194
372.0808	1.0165	1.0611	0.6882
372.2332	1.0253	1.0675	0.7258
372.3856	1.0290	1.0743	0.7178
372.5380	1.0322	1.0801	0.7120
372.6904	1.0358	1.0834	0.7219
372.8428	1.0380	1.0841	0.7075
372.9952	1.0393	1.0826	0.7085
373.1476	1.0409	1.0799	0.7084
373.3000	1.0423	1.0773	0.7006
373.4524	1.0431	1.0758	0.6990
373.6048	1.0439	1.0758	0.7135
373.7572	1.0449	1.0767	0.6937
373.9096	1.0460	1.0779	0.6929
374.0620	1.0486	1.0791	0.6945
374.2144	1.0507	1.0804	0.6934
374.3668	1.0530	1.0823	0.7017
374.5192	1.0542	1.0849	0.6753
374.6716	1.0559	1.0874	0.6994
374.8240	1.0546	1.0881	0.7041
374.9764	1.0523	1.0852	0.6977
375.1288	1.0506	1.0780	0.7013
375.2812	1.0478	1.0680	0.7141
375.4336	1.0430	1.0586	0.6898
375.5860	1.0360	1.0532	0.6845
375.7384	1.0312	1.0529	0.6782
375.8908	1.0265	1.0563	0.6554
376.0432	1.0185	1.0607	0.6853
376.1956	1.0151	1.0645	0.6616
376.3480	1.0147	1.0683	0.6747
376.5004	1.0144	1.0733	0.6606
376.6528	1.0159	1.0792	0.6991
376.8052	1.0194	1.0838	0.7283
376.9576	1.0223	1.0846	0.6889
377.1100	1.0235	1.0811	0.7454
377.2624	1.0257	1.0753	0.7081
377.4148	1.0298	1.0703	0.7096
377.5672	1.0290	1.0679	0.7290
377.7196	1.0270	1.0673	0.6860
377.8720	1.0234	1.0661	0.7036
378.0244	1.0167	1.0615	0.7330
378.1768	1.0094	1.0529	0.6925
378.3292	1.0056	1.0424	0.6679
378.4816	1.0021	1.0341	0.6914
378.6340	0.9957	1.0306	0.6552
378.7864	0.9872	1.0319	0.6723
378.9388	0.9854	1.0360	0.6995
379.0912	0.9827	1.0396	0.6765
379.2436	0.9798	1.0406	0.6772
379.3960	0.9792	1.0399	0.6437
379.5484	0.9813	1.0404	0.6514
379.7008	0.9837	1.0443	0.6529
379.8532	0.9839	1.0510	0.6725
