HOLE:	U1354C
EXPEDITION:	323
TOP:		295.0477
BOTTOM:		363.1705
DEPTH_WMSF	DTCO	DT1	DT2	VCO	VS1	VS2
m	us/ft	us/ft	us/ft	km/s	km/s	km/s
295.0477	159.25191	542.81580	735.45453	1.9139	0.5615	0.4144
295.2001	159.25191	542.81580	735.45453	1.9139	0.5615	0.4144
295.3525	159.25191	542.81580	704.54547	1.9139	0.5615	0.4326
295.5049	159.25191	542.81580	706.36365	1.9139	0.5615	0.4315
295.6573	159.47751	552.08813	701.81818	1.9112	0.5521	0.4343
295.8097	159.56866	554.90338	703.63635	1.9101	0.5493	0.4332
295.9621	159.54642	553.65204	700.00000	1.9104	0.5505	0.4354
296.1145	160.22050	551.73303	700.00000	1.9024	0.5524	0.4354
296.2669	160.67729	564.89349	700.00000	1.8970	0.5396	0.4354
296.4193	160.68529	549.26538	701.81818	1.8969	0.5549	0.4343
296.5717	160.58310	546.16382	736.36365	1.8981	0.5581	0.4139
296.7241	160.43063	582.92780	740.00000	1.8999	0.5229	0.4119
296.8765	159.67149	553.55774	741.81818	1.9089	0.5506	0.4109
297.0289	159.59929	542.95599	700.00000	1.9098	0.5614	0.4354
297.1813	159.64130	510.52255	714.54547	1.9093	0.5970	0.4266
297.3337	159.92720	503.92844	729.09088	1.9059	0.6048	0.4181
297.4861	159.80933	502.17484	743.63635	1.9073	0.6070	0.4099
297.6385	160.38213	511.36551	741.81818	1.9005	0.5961	0.4109
297.7909	161.08325	522.92969	770.00000	1.8922	0.5829	0.3958
297.9433	160.44122	530.96436	808.18182	1.8998	0.5740	0.3771
298.0957	158.81195	539.42609	850.00000	1.9193	0.5650	0.3586
298.2481	157.28729	547.88782	881.81818	1.9379	0.5563	0.3456
298.4005	155.47989	559.50464	851.81818	1.9604	0.5448	0.3578
298.5529	154.40616	591.86267	808.18182	1.9740	0.5150	0.3771
298.7053	153.83052	673.40149	736.36365	1.9814	0.4526	0.4139
298.8577	153.76447	670.54541	738.18182	1.9823	0.4546	0.4129
299.0101	154.90402	670.52545	738.18182	1.9677	0.4546	0.4129
299.1625	156.22807	696.66583	740.00000	1.9510	0.4375	0.4119
299.3149	157.86816	744.67902	810.00000	1.9307	0.4093	0.3763
299.4673	158.41818	750.27100	815.45453	1.9240	0.4063	0.3738
299.6197	158.85086	719.73273	843.63635	1.9188	0.4235	0.3613
299.7721	159.41360	714.96942	813.63635	1.9120	0.4263	0.3746
299.9245	159.17404	657.43280	810.00000	1.9149	0.4636	0.3763
300.0769	158.99146	742.71820	778.18182	1.9171	0.4104	0.3917
300.2293	158.51291	682.25696	741.81818	1.9229	0.4468	0.4109
300.3817	157.78786	640.62488	731.81818	1.9317	0.4758	0.4165
300.5341	156.86943	644.42194	664.54547	1.9430	0.4730	0.4587
300.6865	154.91217	628.07996	736.36365	1.9676	0.4853	0.4139
300.8389	152.83444	626.23364	703.63635	1.9943	0.4867	0.4332
300.9913	151.76695	621.93628	740.00000	2.0083	0.4901	0.4119
301.1437	150.88364	639.47968	591.81818	2.0201	0.4766	0.5150
301.2961	149.55013	612.13995	560.00000	2.0381	0.4979	0.5443
301.4485	148.38518	549.26776	530.00000	2.0541	0.5549	0.5751
301.6009	149.10315	457.96472	521.81818	2.0442	0.6656	0.5841
301.7533	149.26924	454.11108	500.90909	2.0419	0.6712	0.6085
301.9057	149.51118	451.15350	480.00000	2.0386	0.6756	0.6350
302.0581	151.31392	409.61316	521.81818	2.0144	0.7441	0.5841
302.2105	154.01901	440.84448	588.18182	1.9790	0.6914	0.5182
302.3629	154.82805	453.80316	694.54547	1.9686	0.6717	0.4388
302.5153	156.25005	466.78073	780.00000	1.9507	0.6530	0.3908
302.6677	157.19148	519.76306	743.63635	1.9390	0.5864	0.4099
302.8201	158.03558	586.65784	771.81818	1.9287	0.5196	0.3949
302.9725	158.22002	589.10217	810.00000	1.9264	0.5174	0.3763
303.1249	158.46524	633.80792	745.45453	1.9235	0.4809	0.4089
303.2773	157.91812	638.58118	780.00000	1.9301	0.4773	0.3908
303.4297	157.38223	617.61591	770.00000	1.9367	0.4935	0.3958
303.5821	157.00201	628.04492	740.00000	1.9414	0.4853	0.4119
303.7345	156.29004	618.57996	706.36365	1.9502	0.4927	0.4315
303.8869	156.28125	640.08875	770.00000	1.9503	0.4762	0.3958
304.0393	155.97372	638.76575	778.18182	1.9542	0.4772	0.3917
304.1917	155.84146	619.46503	780.00000	1.9558	0.4920	0.3908
304.3441	155.19783	612.64551	804.54547	1.9639	0.4975	0.3788
304.4965	154.66191	618.74530	776.36365	1.9708	0.4926	0.3926
304.6489	153.74142	631.51605	811.81818	1.9825	0.4826	0.3755
304.8013	154.03972	618.65137	810.00000	1.9787	0.4927	0.3763
304.9537	153.54893	579.94489	810.00000	1.9850	0.5256	0.3763
305.1061	152.97237	603.57825	814.54547	1.9925	0.5050	0.3742
305.2585	152.21072	550.92444	845.45453	2.0025	0.5533	0.3605
305.4109	152.90685	548.13000	821.81818	1.9934	0.5561	0.3709
305.5633	152.07278	541.57294	805.45453	2.0043	0.5628	0.3784
305.7157	153.75200	578.71478	744.09088	1.9824	0.5267	0.4096
305.8681	154.90306	591.55560	682.72729	1.9677	0.5153	0.4464
306.0205	156.54315	606.85992	621.36365	1.9471	0.5023	0.4905
306.1729	156.83966	610.12994	560.00000	1.9434	0.4996	0.5443
306.3253	157.37515	620.54663	560.00000	1.9368	0.4912	0.5443
306.4777	157.57906	595.69250	591.81818	1.9343	0.5117	0.5150
306.6301	158.23357	596.79340	770.00000	1.9263	0.5107	0.3958
306.7825	158.33394	598.10748	770.00000	1.9250	0.5096	0.3958
306.9349	158.35144	619.35834	773.63635	1.9248	0.4921	0.3940
307.0873	158.29936	619.63049	770.00000	1.9255	0.4919	0.3958
307.2397	157.93349	606.02600	738.18182	1.9299	0.5029	0.4129
307.3921	157.89420	594.62726	698.18182	1.9304	0.5126	0.4366
307.5445	157.92567	593.72668	671.81818	1.9300	0.5134	0.4537
307.6969	158.22424	560.12592	800.00000	1.9264	0.5442	0.3810
307.8493	158.15799	545.21844	734.54547	1.9272	0.5590	0.4150
308.0017	158.16998	549.05475	773.63635	1.9270	0.5551	0.3940
308.1541	158.39433	541.06427	743.63635	1.9243	0.5633	0.4099
308.3065	158.52219	562.55121	770.00000	1.9228	0.5418	0.3958
308.4589	158.58356	562.96722	770.00000	1.9220	0.5414	0.3958
308.6113	158.38664	557.02747	771.81818	1.9244	0.5472	0.3949
308.7637	158.07863	555.54376	773.63635	1.9282	0.5487	0.3940
308.9161	157.66945	555.60394	740.00000	1.9332	0.5486	0.4119
309.0685	157.29468	559.08228	736.36365	1.9378	0.5452	0.4139
309.2209	156.29755	550.62018	701.81818	1.9501	0.5536	0.4343
309.3733	156.69551	560.38281	670.00000	1.9452	0.5439	0.4549
309.5257	157.08276	543.84253	698.18182	1.9404	0.5605	0.4366
309.6781	157.37025	563.09521	700.00000	1.9368	0.5413	0.4354
309.8305	157.82848	562.88086	670.00000	1.9312	0.5415	0.4549
309.9829	158.03461	581.59644	671.81818	1.9287	0.5241	0.4537
310.1353	157.84009	566.61743	665.45453	1.9311	0.5379	0.4580
310.2877	157.74097	586.03351	700.00000	1.9323	0.5201	0.4354
310.4401	157.32005	584.01245	630.00000	1.9375	0.5219	0.4838
310.5925	156.35545	571.71240	551.81818	1.9494	0.5331	0.5524
310.7449	156.16194	530.09045	483.63635	1.9518	0.5750	0.6302
310.8973	155.86884	508.75375	523.63635	1.9555	0.5991	0.5821
311.0497	155.66351	510.62973	558.18182	1.9581	0.5969	0.5461
311.2021	155.43271	492.14270	556.36365	1.9610	0.6193	0.5478
311.3545	155.24597	469.75809	544.54547	1.9633	0.6488	0.5597
311.5069	155.97131	499.30823	590.00000	1.9542	0.6104	0.5166
311.6593	156.25371	520.24664	598.18182	1.9507	0.5859	0.5095
311.8117	156.25307	518.39276	630.00000	1.9507	0.5880	0.4838
311.9641	156.57796	529.85822	700.00000	1.9466	0.5752	0.4354
312.1165	157.14282	543.75244	741.81818	1.9396	0.5605	0.4109
312.2689	157.38680	556.90179	800.00000	1.9366	0.5473	0.3810
312.4213	156.89206	616.29498	776.36365	1.9427	0.4946	0.3926
312.5737	156.49983	592.53784	743.63635	1.9476	0.5144	0.4099
312.7261	156.21199	596.91223	741.81818	1.9512	0.5106	0.4109
312.8785	155.96294	581.61401	736.36365	1.9543	0.5241	0.4139
313.0309	155.89442	563.25140	740.00000	1.9552	0.5411	0.4119
313.1833	155.92320	578.55908	771.81818	1.9548	0.5268	0.3949
313.3357	155.82692	574.67432	738.18182	1.9560	0.5304	0.4129
313.4881	155.41692	596.76520	706.36365	1.9612	0.5108	0.4315
313.6405	155.22484	626.64697	778.18182	1.9636	0.4864	0.3917
313.7929	155.13277	597.96405	816.36365	1.9648	0.5097	0.3734
313.9453	154.64482	627.65546	841.81818	1.9710	0.4856	0.3621
314.0977	153.82100	610.06549	803.63635	1.9815	0.4996	0.3793
314.2501	153.75684	571.65918	810.00000	1.9824	0.5332	0.3763
314.4025	153.79210	600.29291	808.18182	1.9819	0.5078	0.3771
314.5549	153.66023	585.70551	773.63635	1.9836	0.5204	0.3940
314.7073	153.62889	559.85547	810.00000	1.9840	0.5444	0.3763
314.8597	153.69016	577.68201	708.18182	1.9832	0.5276	0.4304
315.0121	153.99803	583.90601	744.54547	1.9792	0.5220	0.4094
315.1645	154.11688	571.04150	770.00000	1.9777	0.5338	0.3958
315.3169	154.22276	554.25647	770.00000	1.9764	0.5499	0.3958
315.4693	154.20203	559.24091	736.36365	1.9766	0.5450	0.4139
315.6217	154.15968	550.03906	770.00000	1.9772	0.5541	0.3958
315.7741	154.00635	541.59088	744.54547	1.9791	0.5628	0.4094
315.9265	153.94691	533.16528	773.63635	1.9799	0.5717	0.3940
316.0789	155.24576	542.03876	770.00000	1.9633	0.5623	0.3958
316.2313	155.39293	552.97131	743.63635	1.9615	0.5512	0.4099
316.3837	155.80472	562.51392	770.00000	1.9563	0.5419	0.3958
316.5361	156.39722	570.06836	770.00000	1.9489	0.5347	0.3958
316.6885	156.51857	564.13702	773.63635	1.9474	0.5403	0.3940
316.8409	156.75572	611.86127	770.00000	1.9444	0.4982	0.3958
316.9933	155.83392	605.97833	781.81818	1.9559	0.5030	0.3899
317.1457	156.00255	602.26776	774.54547	1.9538	0.5061	0.3935
317.2981	156.00291	618.50031	738.18182	1.9538	0.4928	0.4129
317.4505	156.07501	602.08478	700.00000	1.9529	0.5062	0.4354
317.6029	156.15694	579.17462	636.36365	1.9519	0.5263	0.4790
317.7553	156.00024	556.86523	626.36365	1.9538	0.5473	0.4866
317.9077	155.68965	548.76459	600.00000	1.9577	0.5554	0.5080
318.0601	155.43619	541.34637	630.00000	1.9609	0.5630	0.4838
318.2125	154.54498	523.06122	631.81818	1.9722	0.5827	0.4824
318.3649	153.93175	516.08765	596.36365	1.9801	0.5906	0.5111
318.5173	153.92761	518.62500	631.81818	1.9802	0.5877	0.4824
318.6697	153.68159	512.92621	660.00000	1.9833	0.5942	0.4618
318.8221	153.63095	525.78406	666.36365	1.9840	0.5797	0.4574
318.9745	154.29578	520.86182	664.54547	1.9754	0.5852	0.4587
319.1269	154.35765	524.59760	743.63635	1.9746	0.5810	0.4099
319.2793	155.17325	529.18927	770.00000	1.9643	0.5760	0.3958
319.4317	155.21782	586.61932	770.00000	1.9637	0.5196	0.3958
319.5841	155.91191	565.17377	741.81818	1.9550	0.5393	0.4109
319.7365	156.19881	582.68903	741.81818	1.9514	0.5231	0.4109
319.8889	156.25500	580.88226	740.00000	1.9507	0.5247	0.4119
320.0413	156.16913	606.58411	700.00000	1.9517	0.5025	0.4354
320.1937	156.14973	575.81537	703.63635	1.9520	0.5293	0.4332
320.3461	156.19740	574.49158	733.63635	1.9514	0.5306	0.4155
320.4985	156.36003	581.67230	731.81818	1.9493	0.5240	0.4165
320.6509	156.49400	566.71661	706.36365	1.9477	0.5378	0.4315
320.8033	156.51375	577.82220	703.63635	1.9474	0.5275	0.4332
320.9557	156.41092	581.27063	700.00000	1.9487	0.5244	0.4354
321.1081	156.39064	589.19067	703.63635	1.9490	0.5173	0.4332
321.2605	156.22023	594.93970	700.00000	1.9511	0.5123	0.4354
321.4129	156.12238	591.59296	708.18182	1.9523	0.5152	0.4304
321.5653	155.29541	593.50446	738.18182	1.9627	0.5136	0.4129
321.7177	153.77112	581.46527	740.00000	1.9822	0.5242	0.4119
321.8701	152.38623	579.19159	770.00000	2.0002	0.5263	0.3958
322.0225	151.86519	573.33746	770.00000	2.0070	0.5316	0.3958
322.1749	151.52829	570.48938	700.00000	2.0115	0.5343	0.4354
322.3273	151.21066	545.89294	708.18182	2.0157	0.5584	0.4304
322.4797	151.49545	531.21191	700.00000	2.0119	0.5738	0.4354
322.6321	151.82507	530.80566	703.63635	2.0076	0.5742	0.4332
322.7845	152.03333	543.67487	733.63635	2.0048	0.5606	0.4155
322.9369	152.53250	570.23199	770.00000	1.9983	0.5345	0.3958
323.0893	152.60622	579.64087	800.00000	1.9973	0.5258	0.3810
323.2417	152.29045	615.22168	780.00000	2.0014	0.4954	0.3908
323.3941	152.23749	613.06738	840.00000	2.0021	0.4972	0.3629
323.5465	152.31419	589.00531	801.81818	2.0011	0.5175	0.3801
323.6989	152.16724	612.31818	731.81818	2.0031	0.4978	0.4165
323.8513	152.75333	599.26202	666.36365	1.9954	0.5086	0.4574
324.0037	152.90431	551.89539	668.18182	1.9934	0.5523	0.4562
324.1561	153.58354	522.55750	700.00000	1.9846	0.5833	0.4354
324.3085	154.12334	516.92383	701.81818	1.9776	0.5896	0.4343
324.4609	154.45898	526.73065	673.63635	1.9733	0.5787	0.4525
324.6133	155.71873	529.96368	673.63635	1.9574	0.5751	0.4525
324.7657	157.22163	557.25842	660.00000	1.9387	0.5470	0.4618
324.9181	158.36865	549.51904	666.36365	1.9246	0.5547	0.4574
325.0705	157.88698	556.66937	698.18182	1.9305	0.5475	0.4366
325.2229	157.65967	546.28986	700.00000	1.9333	0.5579	0.4354
325.3753	157.34203	541.21887	663.63635	1.9372	0.5632	0.4593
325.5277	156.28130	532.89075	636.36365	1.9503	0.5720	0.4790
325.6801	155.99147	521.55859	630.00000	1.9540	0.5844	0.4838
325.8325	155.81332	502.01233	633.63635	1.9562	0.6072	0.4810
325.9849	155.85732	506.71759	630.00000	1.9556	0.6015	0.4838
326.1373	154.84601	514.33020	670.00000	1.9684	0.5926	0.4549
326.2897	155.61671	528.21637	700.00000	1.9587	0.5770	0.4354
326.4421	155.10417	536.03906	700.00000	1.9651	0.5686	0.4354
326.5945	154.80649	534.16980	700.00000	1.9689	0.5706	0.4354
326.7469	154.63734	535.98840	706.36365	1.9711	0.5687	0.4315
326.8993	154.78972	506.36050	706.36365	1.9691	0.6019	0.4315
327.0517	155.66583	516.76337	700.00000	1.9580	0.5898	0.4354
327.2041	156.21375	532.91150	708.18182	1.9512	0.5720	0.4304
327.3565	156.17073	538.49023	778.18182	1.9517	0.5660	0.3917
327.5089	156.40765	545.11188	800.00000	1.9488	0.5592	0.3810
327.6613	156.48386	530.72925	786.81818	1.9478	0.5743	0.3874
327.8137	155.98755	531.60516	773.63635	1.9540	0.5734	0.3940
327.9661	155.83359	535.85455	775.45453	1.9559	0.5688	0.3931
328.1185	154.89954	550.95184	844.54547	1.9677	0.5532	0.3609
328.2709	155.37634	563.68121	736.36365	1.9617	0.5407	0.4139
328.4233	155.08191	527.67950	711.81818	1.9654	0.5776	0.4282
328.5757	155.64497	534.11688	703.63635	1.9583	0.5707	0.4332
328.7281	156.21797	591.89868	738.18182	1.9511	0.5150	0.4129
328.8805	156.62231	583.92950	770.00000	1.9461	0.5220	0.3958
329.0329	156.62592	583.68774	743.63635	1.9460	0.5222	0.4099
329.1853	156.57039	569.88629	743.63635	1.9467	0.5348	0.4099
329.3377	156.04893	560.62573	770.00000	1.9532	0.5437	0.3958
329.4901	155.68867	572.75720	771.81818	1.9578	0.5322	0.3949
329.6425	155.53314	566.45514	770.00000	1.9597	0.5381	0.3958
329.7949	155.60368	579.64679	770.00000	1.9588	0.5258	0.3958
329.9473	155.67308	567.25653	776.36365	1.9579	0.5373	0.3926
330.0997	155.86763	610.39325	843.63635	1.9555	0.4994	0.3613
330.2521	155.61761	613.20709	815.45453	1.9586	0.4971	0.3738
330.4045	155.59792	615.84418	846.36365	1.9589	0.4949	0.3601
330.5569	155.47131	634.71460	816.36365	1.9605	0.4802	0.3734
330.7093	155.27599	629.66541	813.63635	1.9630	0.4841	0.3746
330.8617	155.15213	641.96600	810.00000	1.9645	0.4748	0.3763
331.0141	155.11356	590.96637	810.00000	1.9650	0.5158	0.3763
331.1665	155.21909	587.73077	736.36365	1.9637	0.5186	0.4139
331.3189	155.15776	583.13751	700.00000	1.9645	0.5227	0.4354
331.4713	155.19087	588.26459	700.00000	1.9640	0.5181	0.4354
331.6237	155.12923	588.85571	668.18182	1.9648	0.5176	0.4562
331.7761	154.80728	595.23230	670.00000	1.9689	0.5121	0.4549
331.9285	154.30020	582.97571	635.45453	1.9754	0.5228	0.4797
332.0809	154.15225	581.85718	630.00000	1.9773	0.5238	0.4838
332.2333	153.86871	582.34375	631.81818	1.9809	0.5234	0.4824
332.3857	153.08214	564.19086	591.81818	1.9911	0.5402	0.5150
332.5381	151.73053	564.54980	590.00000	2.0088	0.5399	0.5166
332.6905	151.23499	560.07483	520.00000	2.0154	0.5442	0.5862
332.8429	151.06401	538.37244	490.00000	2.0177	0.5662	0.6220
332.9953	151.52808	523.80182	480.00000	2.0115	0.5819	0.6350
333.1477	151.82469	481.79245	450.00000	2.0076	0.6326	0.6773
333.3001	152.23747	484.30383	413.63635	2.0021	0.6294	0.7369
333.4525	152.95488	475.29868	455.45456	1.9927	0.6413	0.6692
333.6049	154.41548	501.57022	510.00000	1.9739	0.6077	0.5976
333.7573	154.05203	533.55017	700.00000	1.9786	0.5713	0.4354
333.9097	153.35701	539.09717	752.72729	1.9875	0.5654	0.4049
334.0621	152.76031	612.10992	805.45453	1.9953	0.4979	0.3784
334.2145	150.20451	573.53723	858.18182	2.0292	0.5314	0.3552
334.3669	148.52858	554.49402	801.13635	2.0521	0.5497	0.3805
334.5193	148.10898	526.17004	744.09094	2.0579	0.5793	0.4096
334.6717	148.06528	523.04938	687.04547	2.0586	0.5827	0.4436
334.8241	148.77693	500.14581	630.00000	2.0487	0.6094	0.4838
334.9765	150.44252	518.12836	558.18182	2.0260	0.5883	0.5461
335.1289	150.39975	524.99371	596.36365	2.0266	0.5806	0.5111
335.2813	150.62094	524.41321	634.54547	2.0236	0.5812	0.4803
335.4337	151.79282	522.28949	666.36365	2.0080	0.5836	0.4574
335.5861	152.81760	541.20105	675.45453	1.9945	0.5632	0.4513
335.7385	153.65666	538.09424	775.45453	1.9836	0.5664	0.3931
335.8909	154.05403	538.72217	780.00000	1.9785	0.5658	0.3908
336.0433	154.20767	535.49036	770.00000	1.9766	0.5692	0.3958
336.1957	155.20512	535.71631	778.18182	1.9639	0.5690	0.3917
336.3481	156.11543	569.45575	814.54547	1.9524	0.5352	0.3742
336.5005	156.85977	533.80188	811.81818	1.9431	0.5710	0.3755
336.6529	157.20244	615.28326	816.36365	1.9389	0.4954	0.3734
336.8053	157.56099	623.07080	845.45453	1.9345	0.4892	0.3605
336.9577	157.68767	576.40686	843.63635	1.9329	0.5288	0.3613
337.1101	156.98492	575.50336	770.00000	1.9416	0.5296	0.3958
337.2625	156.44525	585.07288	736.36365	1.9483	0.5210	0.4139
337.4149	152.59962	558.68085	770.00000	1.9974	0.5456	0.3958
337.5673	155.09671	547.10510	738.18182	1.9652	0.5571	0.4129
337.7197	151.29929	535.52936	770.00000	2.0146	0.5692	0.3958
337.8721	150.02718	530.91138	706.36365	2.0316	0.5741	0.4315
338.0245	149.03403	526.29340	660.00000	2.0452	0.5791	0.4618
338.1769	146.94820	521.67542	628.18182	2.0742	0.5843	0.4852
338.3293	145.98134	517.05743	605.45453	2.0879	0.5895	0.5034
338.4817	144.21973	485.97113	495.45456	2.1134	0.6272	0.6152
338.6341	143.09097	454.88486	445.45456	2.1301	0.6701	0.6842
338.7865	143.48323	423.79855	448.18182	2.1243	0.7192	0.6801
338.9389	145.76498	406.11502	410.00000	2.0910	0.7505	0.7434
339.0913	146.46318	404.97629	383.63635	2.0811	0.7526	0.7945
339.2437	146.57469	404.50952	456.36365	2.0795	0.7535	0.6679
339.3961	148.95073	413.22388	523.63635	2.0463	0.7376	0.5821
339.5485	151.92648	484.46121	633.63635	2.0062	0.6292	0.4810
339.7009	152.25327	513.05481	770.00000	2.0019	0.5941	0.3958
339.8533	152.16187	523.79529	848.18182	2.0031	0.5819	0.3594
340.0057	151.85498	515.40582	880.00000	2.0072	0.5914	0.3464
340.1581	150.74593	546.32245	775.45453	2.0219	0.5579	0.3931
340.3105	148.92740	521.41779	840.00000	2.0466	0.5846	0.3629
340.4629	149.63007	496.51315	778.18182	2.0370	0.6139	0.3917
340.6153	150.61432	476.91885	770.00000	2.0237	0.6391	0.3958
340.7677	152.95872	477.17310	800.00000	1.9927	0.6388	0.3810
340.9201	153.18250	476.46353	700.00000	1.9898	0.6397	0.4354
341.0725	153.27713	480.93527	731.81818	1.9886	0.6338	0.4165
341.2249	152.46005	513.93494	776.36365	1.9992	0.5931	0.3926
341.3773	157.29463	528.53882	781.81818	1.9378	0.5767	0.3899
341.5297	138.54137	487.78571	701.81818	2.2001	0.6249	0.4343
341.6821	137.51968	465.11670	601.81818	2.2164	0.6553	0.5065
341.8345	138.88635	468.08856	560.00000	2.1946	0.6512	0.5443
341.9869	139.63799	466.06586	481.81818	2.1828	0.6540	0.6326
342.1393	139.98102	469.13492	520.00000	2.1774	0.6497	0.5862
342.2917	147.24713	495.20551	551.81818	2.0700	0.6155	0.5524
342.4441	153.98892	459.49371	558.18182	1.9794	0.6633	0.5461
342.5965	154.24712	549.29211	663.63635	1.9760	0.5549	0.4593
342.7489	154.44711	565.25439	700.00000	1.9735	0.5392	0.4354
342.9013	155.13025	614.42438	701.81818	1.9648	0.4961	0.4343
343.0537	154.57806	612.62775	733.63635	1.9718	0.4975	0.4155
343.2061	154.24814	550.70435	705.45453	1.9760	0.5535	0.4321
343.3585	153.02621	579.79388	664.54547	1.9918	0.5257	0.4587
343.5109	151.40114	545.02515	626.36365	2.0132	0.5592	0.4866
343.6633	151.22472	534.69238	593.63635	2.0155	0.5700	0.5134
343.8157	150.69588	550.62177	625.45453	2.0226	0.5536	0.4873
343.9681	149.67296	502.35916	624.54547	2.0364	0.6067	0.4880
344.1205	149.57495	516.30280	554.54547	2.0378	0.5904	0.5496
344.2729	149.54723	510.80042	574.54547	2.0382	0.5967	0.5305
344.4253	149.19167	484.64664	563.63635	2.0430	0.6289	0.5408
344.5777	149.57861	478.05374	590.00000	2.0377	0.6376	0.5166
344.7301	150.90741	440.13406	600.00000	2.0198	0.6925	0.5080
344.8825	151.10403	461.55829	630.00000	2.0172	0.6604	0.4838
345.0349	151.46028	453.91287	663.63635	2.0124	0.6715	0.4593
345.1873	151.97276	461.40643	667.72729	2.0056	0.6606	0.4565
345.3397	152.67818	517.57806	671.81818	1.9964	0.5889	0.4537
345.4921	153.13716	511.32535	698.18182	1.9904	0.5961	0.4366
345.6445	153.61041	547.45868	700.00000	1.9842	0.5568	0.4354
345.7969	153.69328	557.29968	706.36365	1.9832	0.5469	0.4315
345.9493	153.61803	566.37225	706.36365	1.9841	0.5382	0.4315
346.1017	153.43246	567.09662	736.36365	1.9865	0.5375	0.4139
346.2541	153.25793	565.54510	736.36365	1.9888	0.5389	0.4139
346.4065	153.05067	570.02454	731.81818	1.9915	0.5347	0.4165
346.5589	152.87956	570.43536	733.63635	1.9937	0.5343	0.4155
346.7113	152.66478	565.29053	734.54547	1.9965	0.5392	0.4150
346.8637	152.76082	532.01819	736.36365	1.9953	0.5729	0.4139
347.0161	152.84990	528.91895	736.36365	1.9941	0.5763	0.4139
347.1685	153.78450	524.02985	741.81818	1.9820	0.5816	0.4109
347.3209	153.56914	512.44037	770.00000	1.9848	0.5948	0.3958
347.4733	153.59962	531.43634	741.81818	1.9844	0.5735	0.4109
347.6257	153.51358	530.25580	743.63635	1.9855	0.5748	0.4099
347.7781	153.57524	524.61853	741.81818	1.9847	0.5810	0.4109
347.9305	153.61128	525.19952	770.00000	1.9842	0.5804	0.3958
348.0829	153.16191	533.92188	776.36365	1.9901	0.5709	0.3926
348.2353	153.50826	534.21484	781.81818	1.9856	0.5706	0.3899
348.3877	154.07950	548.26508	778.18182	1.9782	0.5559	0.3917
348.5401	153.43530	575.65710	774.54547	1.9865	0.5295	0.3935
348.6925	154.32309	579.65887	770.00000	1.9751	0.5258	0.3958
348.8449	153.74113	543.85138	773.63635	1.9826	0.5604	0.3940
348.9973	153.98221	542.00830	780.00000	1.9794	0.5624	0.3908
349.1497	154.86278	533.65253	806.36365	1.9682	0.5712	0.3780
349.3021	155.06851	552.59967	806.36365	1.9656	0.5516	0.3780
349.4545	155.05814	550.58014	803.63635	1.9657	0.5536	0.3793
349.6069	155.44182	568.18054	778.18182	1.9609	0.5364	0.3917
349.7593	156.31569	596.05542	780.00000	1.9499	0.5114	0.3908
349.9117	155.79863	599.15710	806.36365	1.9564	0.5087	0.3780
350.0641	155.87579	597.11304	808.18182	1.9554	0.5105	0.3771
350.2165	155.93498	609.87231	778.18182	1.9547	0.4998	0.3917
350.3689	155.96979	617.27063	801.81818	1.9542	0.4938	0.3801
350.5213	156.12753	609.98938	806.36365	1.9523	0.4997	0.3780
350.6737	157.35657	604.75360	810.00000	1.9370	0.5040	0.3763
350.8261	157.17026	571.67950	814.54547	1.9393	0.5332	0.3742
350.9785	157.25327	599.68231	815.45453	1.9383	0.5083	0.3738
351.1309	157.40233	564.46533	813.63635	1.9364	0.5400	0.3746
351.2833	157.36749	564.37085	810.00000	1.9369	0.5401	0.3763
351.4357	156.41331	561.45898	811.81818	1.9487	0.5429	0.3755
351.5881	156.47578	547.14288	811.81818	1.9479	0.5571	0.3755
351.7405	155.96074	549.34894	810.00000	1.9543	0.5548	0.3763
351.8929	155.89069	550.24884	808.18182	1.9552	0.5539	0.3771
352.0453	155.67874	557.05219	810.00000	1.9579	0.5472	0.3763
352.1977	155.43524	566.40247	810.00000	1.9609	0.5381	0.3763
352.3501	155.65471	577.55225	813.63635	1.9582	0.5277	0.3746
352.5025	155.61240	559.88690	813.63635	1.9587	0.5444	0.3746
352.6549	155.67432	547.62756	813.63635	1.9579	0.5566	0.3746
352.8073	155.90202	496.90186	814.54547	1.9551	0.6134	0.3742
352.9597	156.23676	501.95276	843.63635	1.9509	0.6072	0.3613
353.1121	156.44514	493.61499	845.45453	1.9483	0.6175	0.3605
353.2645	156.77791	502.23547	880.00000	1.9442	0.6069	0.3464
353.4169	156.92380	510.28665	881.81818	1.9423	0.5973	0.3456
353.5693	157.25508	524.45148	888.18182	1.9383	0.5812	0.3432
353.7217	157.44606	526.48859	811.81818	1.9359	0.5789	0.3755
353.8741	157.41315	557.24731	840.00000	1.9363	0.5470	0.3629
354.0265	156.51138	623.65399	881.81818	1.9475	0.4887	0.3456
354.1789	154.95950	588.11469	880.00000	1.9670	0.5183	0.3464
354.3313	154.51352	581.73846	886.36365	1.9726	0.5239	0.3439
354.4837	154.05872	617.67377	890.00000	1.9785	0.4935	0.3425
354.6361	153.93335	608.77924	853.63635	1.9801	0.5007	0.3571
354.7885	153.82358	565.99072	881.81818	1.9815	0.5385	0.3456
354.9409	153.73196	585.08527	883.63635	1.9827	0.5209	0.3449
355.0933	154.04633	568.03619	886.36365	1.9786	0.5366	0.3439
355.2457	154.64911	549.64166	921.81818	1.9709	0.5545	0.3307
355.3981	154.65247	557.00470	921.81818	1.9709	0.5472	0.3307
355.5505	155.59326	557.28857	915.45453	1.9590	0.5469	0.3329
355.7029	156.85141	580.39014	913.63635	1.9432	0.5252	0.3336
355.8553	156.89381	583.17499	881.81818	1.9427	0.5227	0.3456
356.0077	156.93747	603.64990	846.36365	1.9422	0.5049	0.3601
356.1601	156.06367	636.44452	813.63635	1.9530	0.4789	0.3746
356.3125	155.02219	641.70654	840.00000	1.9662	0.4750	0.3629
356.4649	154.25415	629.30792	811.81818	1.9760	0.4843	0.3755
356.6173	150.71031	605.12286	800.00000	2.0224	0.5037	0.3810
356.7697	150.10658	613.17163	741.81818	2.0306	0.4971	0.4109
356.9221	149.68582	614.49670	671.81818	2.0363	0.4960	0.4537
357.0745	149.27805	593.20416	630.00000	2.0418	0.5138	0.4838
357.2269	151.36436	580.71307	593.63635	2.0137	0.5249	0.5134
357.3793	151.52162	579.91180	590.00000	2.0116	0.5256	0.5166
357.5317	151.84729	584.84979	598.18182	2.0073	0.5212	0.5095
357.6841	152.02571	492.27606	630.00000	2.0049	0.6192	0.4838
357.8365	151.67751	508.60428	663.63635	2.0095	0.5993	0.4593
357.9889	150.88660	526.15155	696.36365	2.0201	0.5793	0.4377
358.1413	148.96558	493.01321	733.63635	2.0461	0.6182	0.4155
358.2937	148.78529	497.28278	703.63635	2.0486	0.6129	0.4332
358.4461	148.71727	499.19049	700.00000	2.0495	0.6106	0.4354
358.5985	148.74313	489.41452	703.63635	2.0492	0.6228	0.4332
358.7509	147.91562	431.53729	710.00000	2.0606	0.7063	0.4293
358.9033	148.44318	421.88751	701.81818	2.0533	0.7225	0.4343
359.0557	148.72427	421.45203	666.36365	2.0494	0.7232	0.4574
359.2081	149.99132	423.99609	668.18182	2.0321	0.7189	0.4562
359.3605	150.62952	439.25562	738.18182	2.0235	0.6939	0.4129
359.5129	150.87039	463.73285	785.45453	2.0203	0.6573	0.3881
359.6653	150.99318	459.48956	843.63635	2.0186	0.6633	0.3613
359.8177	151.16780	452.91055	811.81818	2.0163	0.6730	0.3755
359.9701	156.47873	501.20743	816.36365	1.9479	0.6081	0.3734
360.1225	156.41013	494.60580	801.81818	1.9487	0.6162	0.3801
360.2749	156.50160	518.47528	843.63635	1.9476	0.5879	0.3613
360.4273	156.41833	467.06955	840.00000	1.9486	0.6526	0.3629
360.5797	156.29678	487.17419	843.63635	1.9501	0.6256	0.3613
360.7321	156.16626	486.86560	843.63635	1.9518	0.6260	0.3613
360.8845	155.83408	492.88684	770.00000	1.9559	0.6184	0.3958
361.0369	155.43631	655.38574	814.54547	1.9609	0.4651	0.3742
361.1893	155.33708	731.63171	768.18182	1.9622	0.4166	0.3968
361.3417	155.25372	733.32092	771.81818	1.9632	0.4156	0.3949
361.4941	155.21909	737.98254	768.18182	1.9637	0.4130	0.3968
361.6465	155.30263	738.27557	771.81818	1.9626	0.4129	0.3949
361.7989	155.79553	743.58746	738.18182	1.9564	0.4099	0.4129
361.9513	155.79553	743.58746	738.18182	1.9564	0.4099	0.4129
362.1037	155.79553	743.58746	738.18182	1.9564	0.4099	0.4129
362.2561	155.79553	743.58746	738.18182	1.9564	0.4099	0.4129
362.4085	155.79553	743.58746	738.18182	1.9564	0.4099	0.4129
362.5609	155.79553	743.58746	738.18182	1.9564	0.4099	0.4129
362.7133	155.79553	743.58746	738.18182	1.9564	0.4099	0.4129
362.8657	155.79553	743.58746	738.18182	1.9564	0.4099	0.4129
363.0181	155.79553	743.58746	738.18182	1.9564	0.4099	0.4129
363.1705	155.79553	743.58746	738.18182	1.9564	0.4099	0.4129
