HOLE:	U1354C
EXPEDITION:	317
TOP:	317.0644
BOTTOM:	382.9012
DEPTH_WMSF	TENS	CS	ETIM	DF
m	lbf	m/h	s	lbf
317.0644	1860.0000	285.5976	832.8965	1421.2891
317.2168	1860.0000	285.5976	832.8965	1421.2891
317.3692	1860.0000	285.5976	832.8965	1421.2891
317.5216	1860.0000	285.5976	832.8965	1421.2891
317.6740	1860.0000	285.5976	832.8965	1421.2891
317.8264	1853.9982	285.5976	831.6121	1412.9916
317.9788	1834.4397	285.5976	829.6957	1398.7206
318.1312	1775.9849	284.5947	827.7798	1388.6471
318.2836	1697.6929	282.8779	825.8627	1384.4675
318.4360	1799.2548	282.4428	823.9454	1404.1566
318.5884	1892.2269	282.7462	822.0178	1434.7417
318.7408	1872.3051	283.4406	820.0844	1415.1520
318.8932	1839.9912	283.7688	818.1512	1407.0099
319.0456	1823.7775	283.5760	816.2285	1400.1288
319.1980	1839.1021	284.0384	814.3010	1403.4773
319.3504	1849.1282	284.5686	812.3776	1403.5688
319.5028	1837.4666	283.3612	810.4502	1412.0742
319.6552	1839.0012	282.3620	808.5267	1404.6331
319.8076	1844.0000	282.0585	806.5999	1401.2039
319.9600	1816.6914	281.7550	804.6665	1393.2861
320.1124	1839.3737	281.0842	802.7225	1399.4492
320.2648	1849.8463	280.9032	800.7830	1411.6815
320.4172	1836.0299	281.2067	798.8410	1412.1342
320.5696	1841.6678	282.2293	796.9011	1411.8182
320.7220	1837.6329	283.0328	794.9673	1413.4421
320.8744	1854.2502	283.3364	793.0436	1412.1127
321.0268	1861.1918	282.9364	791.1184	1419.0334
321.1792	1828.2294	282.5496	789.1851	1415.6310
321.3316	1819.2308	282.8961	787.2509	1402.6313
321.4840	1811.7661	283.5031	785.3168	1392.9664
321.6364	1806.7201	284.2809	783.3832	1401.0826
321.7888	1819.2219	284.6832	781.4598	1402.9219
321.9412	1792.4771	284.1791	779.5434	1387.7451
322.0936	1821.7898	283.2686	777.6260	1401.6010
322.2460	1873.9705	282.5235	775.7000	1426.4883
322.3984	1851.5377	282.5731	773.7676	1413.7136
322.5508	1836.0116	282.6916	771.8345	1402.5972
322.7032	1863.6663	282.8726	769.9005	1404.6201
322.8556	1860.4495	283.4796	767.9670	1402.2606
323.0080	1857.6826	284.0866	766.0336	1404.3160
323.1604	1853.3522	283.7480	764.1087	1399.1895
323.3128	1830.8971	282.8466	762.1915	1389.9410
323.4652	1817.8439	282.0845	760.2573	1380.2832
323.6176	1825.6481	281.4814	758.3236	1392.1277
323.7700	1852.0000	281.3304	756.3983	1409.9131
323.9224	1870.9229	281.6326	754.4566	1404.2677
324.0748	1853.9543	281.3409	752.5151	1405.5374
324.2272	1794.3617	281.1662	750.5652	1377.0642
324.3796	1801.5338	281.6352	748.6226	1371.8259
324.5320	1825.4218	282.2187	746.6902	1399.0121
324.6844	1805.8463	282.9990	744.7559	1384.6997
324.8368	1815.1112	282.8726	742.8315	1389.8868
324.9892	1829.9187	282.8336	740.9066	1410.7075
325.1416	1845.4613	283.0185	738.9744	1419.8669
325.2940	1830.1385	282.8544	737.0396	1411.4651
325.4464	1821.5784	282.8544	735.1148	1399.0204
325.5988	1833.2296	283.1280	733.1805	1400.2417
325.7512	1827.1115	282.5157	731.2468	1404.5017
325.9036	1819.7129	281.7329	729.3127	1401.3352
326.0560	1827.3330	282.3777	727.3780	1407.7434
326.2084	1839.8293	283.6021	725.4445	1419.0392
326.3608	1832.7894	283.8156	723.5253	1409.9043
326.5132	1881.6527	281.9869	721.6039	1425.0073
326.6656	1911.3749	282.0181	719.6614	1441.8591
326.8180	1875.7406	283.5605	717.7286	1426.1829
326.9704	1815.5646	284.8629	715.7958	1405.9392
327.1228	1841.2393	283.6933	713.8769	1412.3696
327.2752	1869.8206	281.9999	711.9567	1407.9167
327.4276	1875.0126	281.3929	710.0194	1406.1438
327.5800	1861.7783	281.2653	708.0892	1405.7990
327.7324	1826.5583	281.6352	706.1461	1410.4652
327.8848	1813.6937	281.6352	704.2057	1413.5496
328.0372	1833.6316	282.2149	702.2611	1400.9294
328.1896	1801.1964	283.6177	700.3274	1386.1583
328.3420	1793.0569	284.0383	698.3936	1381.0377
328.4944	1819.8726	283.6880	696.4661	1402.6021
328.6468	1783.0176	284.0736	694.5435	1418.3734
328.7992	1794.1227	283.5266	692.6162	1424.1064
328.9516	1844.4895	282.9821	690.6921	1410.3729
329.1040	1822.6687	284.0893	688.7567	1403.3015
329.2564	1831.3810	284.4721	686.8225	1398.4401
329.4088	1797.6052	283.3437	684.8956	1385.9355
329.5612	1800.4269	281.9400	682.9731	1388.4156
329.7136	1826.0000	282.1432	681.0455	1399.0111
329.8660	1832.5364	282.8504	679.1175	1393.7416
330.0184	1819.1902	283.8600	677.1769	1383.8461
330.1708	1849.9474	284.3901	675.2559	1389.8741
330.3232	1836.8967	283.4797	673.3297	1395.9663
330.4756	1832.2639	283.4250	671.4064	1380.0737
330.6280	1819.7689	284.5894	669.4775	1388.7467
330.7804	1841.0686	284.2859	667.5554	1410.8839
330.9328	1832.5673	283.8913	665.6270	1412.4745
331.0852	1783.8331	283.0146	663.7092	1406.1577
331.2376	1815.6658	281.7629	661.7870	1396.7959
331.3900	1867.5615	281.1557	659.8527	1404.5367
331.5424	1864.9241	280.8928	657.9149	1412.7301
331.6948	1873.0558	281.3304	655.9689	1414.3373
331.8472	1852.2648	281.3304	654.0306	1403.9971
331.9996	1833.1555	281.5766	652.0859	1392.2079
332.1520	1810.0084	282.4063	650.1523	1371.9443
332.3044	1832.9163	282.8544	648.2232	1397.6641
332.4568	1835.2058	282.9326	646.2979	1404.7715
332.6092	1851.9386	283.2361	644.3560	1388.0701
332.7616	1837.6921	283.6151	642.4339	1398.9471
332.9140	1859.9490	283.7766	640.5013	1413.4911
333.0664	1864.8036	283.0732	638.5685	1425.4573
333.2188	1866.6423	283.4822	636.6375	1442.2188
333.3712	1875.3103	282.4090	634.7172	1441.1730
333.5236	1835.0718	282.0781	632.7843	1402.9052
333.6760	1830.0066	282.4818	630.8513	1419.7898
333.8284	1899.1539	282.2448	628.9212	1432.2914
333.9808	1868.2217	282.3751	626.9999	1405.1180
334.1332	1861.1412	283.0459	625.0662	1401.4070
334.2856	1873.4103	283.7688	623.1321	1413.8604
334.4380	1866.7673	283.7688	621.1987	1424.4645
334.5904	1841.2745	283.4692	619.2725	1401.3630
334.7428	1866.3828	282.3034	617.3624	1403.5953
334.8952	1858.4702	282.2630	615.4161	1402.1346
335.0476	1901.3828	281.0816	613.4957	1425.3098
335.2000	1867.3330	281.4945	611.5495	1392.9858
335.3524	1845.8247	282.2982	609.6133	1403.2317
335.5048	1853.0317	282.4454	607.6662	1416.4043
335.6572	1891.8334	281.7876	605.7328	1447.8330
335.8096	1899.4403	280.9761	603.7992	1451.8580
335.9620	1922.7599	281.0582	601.8624	1425.8298
336.1144	1802.8389	283.3236	599.9177	1402.2821
336.2668	1757.0868	288.3183	598.0009	1392.6268
336.4192	1876.1279	299.3546	596.0806	1409.7125
336.5716	1862.8234	283.5499	594.1487	1406.8151
336.7240	1814.7780	284.0319	592.2173	1383.5575
336.8764	1829.7073	283.6881	590.2988	1385.7451
337.0288	1856.6931	283.0810	588.3663	1403.0950
337.1812	1850.0353	282.7767	586.4458	1399.7577
337.3336	1687.1605	284.2690	584.5020	1328.5734
337.4860	1782.7302	283.5695	582.5944	1332.6469
337.6384	1778.4423	284.3445	580.6483	1346.5128
337.7908	1815.6954	284.1713	578.7307	1396.9064
337.9432	1752.3408	285.2379	576.8002	1367.1123
338.0956	1678.4288	287.1572	574.8821	1314.8859
338.2480	1863.7751	284.5398	572.9508	1420.9874
338.4004	1931.7816	282.9951	571.0323	1447.3770
338.5528	1952.3882	281.3565	569.1009	1461.7156
338.7052	1872.7043	281.5857	567.1821	1406.9629
338.8576	1890.9996	281.0256	565.2330	1403.4054
339.0100	1877.9110	281.0035	563.2979	1422.9316
339.1624	1862.2166	280.6999	561.3489	1415.3995
339.3148	1837.2938	280.4943	559.4142	1397.0177
339.4672	1827.5383	281.7081	557.4493	1381.0081
339.6196	1835.6106	282.8714	555.5154	1396.1475
339.7720	1829.2562	283.1436	553.5829	1397.9353
339.9244	1836.9641	282.8401	551.6657	1400.2434
340.0768	1895.3433	282.5625	549.7347	1405.7610
340.2292	1857.8845	282.9013	547.8161	1400.1504
340.3816	1855.2386	284.0840	545.8669	1395.9879
340.5340	1861.4318	284.3875	543.9499	1394.3773
340.6864	1842.7943	284.6597	542.0009	1398.4111
340.8388	1834.5732	283.7298	540.1016	1420.2443
340.9912	1816.8007	281.9295	538.1682	1405.6371
341.1436	1921.0082	281.3188	536.2662	1445.9592
341.2960	1997.6970	280.4447	534.3317	1456.2966
341.4484	1847.0000	283.7688	532.3885	1393.5601
341.6008	1773.0000	284.0736	530.4460	1397.4706
341.7532	1884.0000	283.7688	528.5210	1422.7111
341.9056	1832.0000	284.6832	526.5795	1413.4680
342.0580	1854.0000	284.0736	524.6535	1406.3580
342.2104	1848.0000	282.5496	522.7290	1403.8695
342.3628	1829.0000	282.5496	520.7900	1394.9821
342.5152	1880.0000	281.6352	518.8485	1406.0026
342.6676	1768.0000	281.6352	516.9060	1386.4501
342.8200	1836.0000	281.3304	514.9645	1407.7800
342.9724	1871.0000	281.6352	513.0235	1382.1841
343.1248	1847.0000	282.2448	511.0820	1408.4911
343.2772	1816.0000	282.5496	509.1230	1349.8335
343.4296	1852.0000	282.2448	507.1810	1387.8721
343.5820	1892.0000	282.8544	505.2400	1412.0460
343.7344	1897.0000	282.5496	503.2820	1422.7111
343.8868	1768.0000	284.3784	501.3570	1335.6135
344.0392	1882.0000	282.8544	499.4320	1397.1150
344.1916	1875.0000	282.8544	497.4885	1394.2710
344.3440	1871.0000	283.7688	495.5640	1386.8055
344.4964	1832.0000	283.1592	493.6055	1397.8260
344.6488	1806.0000	284.0736	491.6805	1362.2760
344.8012	1880.0000	281.9400	489.7390	1415.6011
344.9536	1898.0000	281.6352	487.8145	1412.0460
345.1060	1857.0000	283.1592	485.8535	1401.0255
345.2584	1861.0000	282.5496	483.9105	1414.8900
345.4108	1867.0000	282.2448	481.9715	1410.6240
345.5632	1852.0000	283.1592	480.0460	1379.3401
345.7156	1806.0000	284.6832	478.0860	1389.2941
345.8680	1888.0000	284.0736	476.1620	1407.4246
346.0204	1834.0000	283.1592	474.2380	1415.6011
346.1728	1771.0000	282.8544	472.3130	1367.2531
346.3252	1834.0000	280.7208	470.3705	1390.0050
346.4776	1815.0000	280.4160	468.4295	1375.4296
346.6300	1852.0000	281.3304	466.4535	1396.7595
346.7824	1862.0000	280.7208	464.5130	1400.6700
346.9348	1748.0000	283.7688	462.5535	1363.3425
347.0872	1853.0000	282.8544	460.6275	1364.0536
347.2396	1836.0000	283.4640	458.7025	1364.4091
347.3920	1921.0000	282.8544	456.7440	1420.9336
347.5444	1894.0000	283.1592	454.8025	1400.6700
347.6968	1803.0000	283.7688	452.8615	1365.4756
347.8492	1899.0000	283.1592	450.9195	1426.6216
348.0016	1880.0000	284.0736	448.9945	1383.6061
348.1540	1861.0000	284.3784	447.0705	1397.1150
348.3064	1861.0000	282.5496	445.1290	1388.2275
348.4588	1874.0000	282.2448	443.2015	1412.0460
348.6112	1871.0000	282.2448	441.2435	1406.3580
348.7636	1877.0000	282.2448	439.3175	1405.2915
348.9160	1899.0000	282.8544	437.3590	1417.7340
349.0684	1851.0000	283.4640	435.4340	1402.4475
349.2208	1892.0000	283.7688	433.4755	1411.6906
349.3732	1854.0000	283.4640	431.5500	1401.0255
349.5256	1871.0000	283.1592	429.6085	1422.7111
349.6780	1844.0000	282.5496	427.6830	1401.0255
349.8304	1839.0000	281.9400	425.7415	1393.9155
349.9828	1871.0000	281.6352	423.8000	1408.1355
350.1352	1880.0000	281.3304	421.8580	1403.5140
350.2876	1857.0000	281.0256	419.9170	1399.9591
350.4400	1886.0000	281.3304	417.9585	1407.4246
350.5924	1835.0000	281.9400	416.0170	1398.8926
350.7448	1867.0000	282.8544	414.0595	1398.8926
350.8972	1829.0000	283.7688	412.1185	1396.0486
351.0496	1923.0000	281.6352	410.1755	1408.4911
351.2020	1912.0000	283.4640	408.2500	1457.5500
351.3544	1877.0000	284.3784	406.3100	1381.1176
351.5068	1702.0000	287.4264	404.3855	1330.2810
351.6592	1956.0000	283.1592	402.4585	1431.5985
351.8116	1958.0000	281.9400	400.5495	1468.2151
351.9640	1857.0000	285.9024	398.5750	1411.6906
352.1164	1762.0000	285.2928	396.6675	1393.9155
352.2688	1846.0000	282.8544	394.7425	1465.0155
352.4212	1900.0000	282.5496	392.8175	1433.0205
352.5736	1923.0000	282.8544	390.8755	1431.5985
352.7260	1783.0000	284.6832	388.9505	1383.9615
352.8784	1803.0000	284.6832	387.0085	1386.4501
353.0308	1825.0000	284.6832	385.1010	1417.7340
353.1832	1740.0000	287.4264	383.1610	1399.6035
353.3356	1840.0000	285.2928	381.2510	1360.8540
353.4880	1835.0000	284.3784	379.3080	1366.1865
353.6404	1904.0000	283.7688	377.4010	1436.2201
353.7928	1762.0000	284.3784	375.4610	1368.3196
353.9452	1643.0000	287.4264	373.5180	1330.9921
354.0976	1873.0000	281.3304	371.5935	1381.4730
354.2500	1826.0000	282.8544	369.6530	1401.0255
354.4024	1858.0000	283.7688	367.7110	1390.7161
354.5548	1862.0000	283.4640	365.7695	1404.2251
354.7072	1718.0000	319.4304	363.8290	1331.7030
354.8596	1851.0000	283.4640	361.9035	1390.3606
355.0120	1914.0000	284.3784	359.9620	1402.0920
355.1644	1879.0000	289.2552	358.0370	1394.9821
355.3168	1964.0000	284.3784	356.0955	1434.0870
355.4692	1901.0000	285.2928	354.1710	1405.6471
355.6216	1897.0000	284.3784	352.2455	1398.5371
355.7740	1899.0000	283.4640	350.3210	1411.3351
355.9264	1888.0000	282.5496	348.3795	1407.0691
356.0788	1857.0000	282.8544	346.4555	1404.2251
356.2312	1926.0000	283.1592	344.4975	1422.3556
356.3836	1840.0000	284.0736	342.5720	1401.7366
356.5360	1877.0000	284.3784	340.6300	1399.6035
356.6884	1871.0000	283.7688	338.7045	1408.8466
356.8408	1843.0000	284.9880	336.7810	1394.9821
356.9932	1775.0000	285.2928	334.8565	1408.8466
357.1456	1779.0000	284.0736	332.9135	1346.9895
357.2980	1733.0000	284.3784	330.9880	1370.0970
357.4504	1834.0000	284.3784	329.0640	1379.6956
357.6028	1747.0000	283.7688	327.1405	1391.7826
357.7552	1750.0000	282.5496	325.1985	1374.3630
357.9076	1929.0000	280.7208	323.2725	1419.8671
358.0600	1888.0000	281.3304	321.3150	1403.8695
358.2124	1877.0000	283.1592	319.3740	1396.4041
358.3648	1912.0000	283.1592	317.4495	1413.8236
358.5172	1818.0000	283.4640	315.4905	1400.6700
358.6696	1914.0000	283.1592	313.5485	1410.2686
358.8220	1899.0000	283.4640	311.6245	1405.2915
358.9744	1897.0000	284.0736	309.6825	1396.4041
359.1268	1912.0000	284.3784	307.7565	1407.4246
359.2792	1887.0000	284.6832	305.8155	1393.9155
359.4316	1903.0000	284.6832	303.9070	1404.5806
359.5840	1875.0000	284.0736	301.9645	1401.7366
359.7364	1868.0000	282.8544	300.0405	1411.6906
359.8888	1881.0000	282.8544	298.0995	1406.3580
360.0412	1856.0000	283.1592	296.1750	1400.6700
360.1936	1846.0000	283.4640	294.2170	1391.7826
360.3460	1858.0000	284.0736	292.2920	1406.0026
360.4984	1851.0000	284.9880	290.3505	1404.2251
360.6508	1879.0000	284.9880	288.4435	1419.1560
360.8032	1833.0000	286.2072	286.5005	1397.1150
360.9556	1738.0000	287.4264	284.5935	1400.6700
361.1080	1864.0000	282.8544	282.6680	1406.3580
361.2604	1855.0000	283.4640	280.7245	1372.2301
361.4128	1945.0000	282.2448	278.7830	1458.2611
361.5652	1853.0000	283.7688	276.8420	1374.7185
361.7176	1681.0000	286.5120	274.9005	1345.5675
361.8700	1810.0000	282.5496	272.9760	1379.3401
362.0224	1864.0000	283.7688	271.0355	1379.3401
362.1748	1865.0000	284.0736	269.1100	1396.4041
362.3272	1866.0000	284.6832	267.1510	1415.2456
362.4796	1794.0000	284.6832	265.2260	1400.3146
362.6320	1808.0000	286.2072	263.3180	1354.0995
362.7844	1926.0000	284.3784	261.3930	1425.1996
362.9368	1916.0000	284.9880	259.4670	1394.6266
363.0892	1838.0000	284.3784	257.5240	1411.6906
363.2416	1859.0000	285.5976	255.6160	1386.4501
363.3940	1773.0000	285.5976	253.6745	1369.3861
363.5464	1800.0000	284.9880	251.7500	1380.4065
363.6988	1882.0000	284.3784	249.8250	1405.2915
363.8512	1869.0000	284.0736	247.9005	1402.0920
364.0036	1899.0000	284.0736	245.9755	1408.8466
364.1560	1900.0000	284.3784	244.0335	1404.5806
364.3084	1908.0000	284.0736	242.1095	1412.4015
364.4608	1766.0000	286.8168	240.1850	1379.6956
364.6132	1826.0000	286.2072	238.2585	1353.0331
364.7656	1829.0000	287.1216	236.3495	1337.0355
364.9180	1910.0000	284.6832	234.4085	1388.9386
365.0704	1862.0000	283.4640	232.4845	1413.8236
365.2228	1853.0000	282.2448	230.5435	1374.7185
365.3752	1924.0000	281.9400	228.6185	1429.4656
365.5276	1867.0000	282.5496	226.6775	1398.1815
365.6800	1840.0000	283.7688	224.7360	1384.3170
365.8324	1839.0000	284.6832	222.7940	1389.2941
365.9848	1840.0000	283.7688	220.8700	1409.5575
366.1372	1834.0000	284.0736	218.9285	1385.0281
366.2896	1846.0000	284.0736	217.0015	1375.4296
366.4420	1916.0000	284.9880	215.0585	1407.4246
366.5944	1846.0000	285.9024	213.1355	1375.4296
366.7468	1634.0000	290.1696	211.1950	1313.5725
366.8992	1844.0000	286.5120	209.3185	1385.0281
367.0516	1861.0000	285.9024	207.3930	1414.5345
367.2040	1907.0000	283.7688	205.4685	1447.5961
367.3564	1872.0000	284.6832	203.5275	1387.8721
367.5088	1779.0000	285.2928	201.6030	1385.0281
367.6612	1757.0000	286.5120	199.6615	1371.1636
367.8136	1877.0000	284.6832	197.7705	1384.3170
367.9660	1901.0000	284.9880	195.8280	1402.4475
368.1184	1957.0000	284.9880	193.9025	1439.7750
368.2708	1878.0000	285.9024	191.9780	1387.5166
368.4232	1747.0000	286.5120	190.0530	1344.1455
368.5756	1897.0000	283.4640	188.1450	1397.1150
368.7280	1924.0000	283.1592	186.2020	1408.8466
368.8804	1895.0000	283.4640	184.2600	1419.5116
369.0328	1940.0000	283.1592	182.3345	1416.3120
369.1852	1901.0000	282.8544	180.3945	1392.4935
369.3376	1841.0000	281.6352	178.4700	1381.4730
369.4900	1827.0000	282.8544	176.5120	1383.6061
369.6424	1834.0000	284.0736	174.5695	1363.3425
369.7948	1894.0000	284.6832	172.6445	1386.4501
369.9472	1886.0000	285.2928	170.7045	1392.8490
370.0996	1703.0000	288.9504	168.7620	1365.4756
370.2520	1888.0000	284.6832	166.8700	1413.8236
370.4044	1905.0000	284.6832	164.9280	1406.0026
370.5568	1930.0000	284.6832	163.0015	1439.0641
370.7092	1893.0000	285.5976	161.0590	1419.5116
370.8616	1784.0000	285.2928	159.1515	1413.4680
371.0140	1835.0000	283.1592	157.2440	1425.5551
371.1664	1906.0000	283.4640	155.3015	1445.1075
371.3188	1904.0000	283.7688	153.3765	1425.1996
371.4712	1869.0000	284.0736	151.4345	1394.6266
371.6236	1880.0000	285.2928	149.4930	1398.5371
371.7760	1864.0000	285.2928	147.5860	1416.3120
371.9284	1818.0000	285.2928	145.6445	1398.5371
372.0808	1912.0000	285.2928	143.7360	1433.0205
372.2332	1869.0000	283.7688	141.8115	1385.7390
372.3856	1886.0000	283.7688	139.9030	1380.4065
372.5380	1816.0000	283.7688	137.9615	1391.4270
372.6904	1764.0000	284.6832	136.0355	1389.2941
372.8428	1916.0000	281.9400	134.1105	1429.4656
372.9952	1929.0000	282.5496	132.1680	1428.7545
373.1476	1943.0000	282.2448	130.2260	1425.1996
373.3000	1943.0000	283.1592	128.2835	1428.7545
373.4524	1893.0000	284.0736	126.3420	1397.4706
373.6048	1803.0000	285.2928	124.4015	1399.2480
373.7572	1675.0000	289.5600	122.4760	1297.2196
373.9096	1885.0000	284.3784	120.5495	1370.4525
374.0620	1904.0000	284.6832	118.6245	1385.0281
374.2144	1872.0000	286.5120	116.6815	1388.5830
374.3668	1892.0000	285.9024	114.7735	1396.7595
374.5192	1769.0000	288.0360	112.8490	1393.2046
374.6716	1851.0000	283.1592	110.9575	1397.8260
374.8240	1874.0000	283.4640	109.0160	1404.9360
374.9764	1809.0000	284.3784	107.0760	1362.6316
375.1288	1912.0000	284.3784	105.1345	1427.6881
375.2812	1908.0000	284.3784	103.2105	1411.6906
375.4336	1848.0000	284.3784	101.2700	1399.6035
375.5860	1900.0000	284.0736	99.3620	1406.3580
375.7384	1918.0000	284.9880	97.4195	1418.4451
375.8908	1921.0000	284.9880	95.4940	1420.5780
376.0432	1925.0000	284.0736	93.5700	1423.7776
376.1956	1885.0000	282.5496	91.6455	1392.4935
376.3480	1886.0000	283.4640	89.7030	1386.4501
376.5004	1907.0000	283.4640	87.7780	1390.3606
376.6528	1887.0000	281.9400	85.8195	1403.5140
376.8052	1904.0000	282.2448	83.8955	1402.8031
376.9576	1884.0000	283.1592	81.9375	1417.7340
377.1100	1913.0000	284.0736	80.0125	1418.4451
377.2624	1899.0000	283.7688	78.0710	1419.8671
377.4148	1976.0000	283.4640	76.1445	1442.6190
377.5672	2004.0000	283.4640	74.2020	1444.0410
377.7196	1908.0000	284.9880	72.2780	1388.9386
377.8720	1731.0000	287.4264	70.3370	1330.6366
378.0244	1834.0000	285.5976	68.4275	1355.8771
378.1768	1916.0000	286.2072	66.5030	1396.7595
378.3292	1862.0000	285.9024	64.5960	1399.6035
378.4816	1942.0000	283.7688	62.6710	1430.1765
378.6340	1927.0000	283.7688	60.7460	1426.2660
378.7864	1924.0000	283.7688	58.8045	1410.6240
378.9388	1899.0000	283.7688	56.8795	1400.6700
379.0912	1912.0000	283.7688	54.9370	1423.4220
379.2436	1950.0000	284.3784	53.0130	1412.4015
379.3960	1880.0000	285.2928	51.0715	1390.7161
379.5484	1912.0000	285.9024	49.1455	1401.7366
379.7008	1957.0000	284.9880	47.2195	1439.7750
379.8532	1932.0000	284.3784	45.3120	1420.2225
380.0056	1899.0000	283.1592	43.3710	1407.7800
380.1580	1882.0000	283.1592	41.4295	1402.8031
380.3104	1899.0000	282.8544	39.5040	1396.4041
380.4628	1931.0000	283.7688	37.5625	1399.6035
380.6152	1980.0000	284.6832	35.6535	1473.5476
380.7676	1927.0000	284.3784	33.6950	1424.8440
380.9200	1802.0000	285.2928	31.7442	1380.4065
381.0724	1924.0000	284.6832	29.8435	1417.7340
381.2248	1970.0000	284.3784	27.9035	1425.9105
381.3772	2042.0000	284.3784	25.9795	1427.3325
381.5296	1976.0000	284.6832	24.0365	1412.0460
381.6820	2036.0000	284.3784	22.1105	1437.2865
381.8344	1892.0000	288.0360	20.2030	1379.3401
381.9868	1913.0000	295.6560	18.2780	1293.3091
382.1392	2383.0000	270.9672	16.4015	1771.1011
382.2916	2762.0000	267.9192	14.4935	2326.3921
382.4440	2768.0000	271.2720	12.5025	2180.2815
382.5964	2585.0000	273.4056	10.4620	2003.2426
382.7488	2393.0000	270.6624	8.4705	1943.5186
382.9012	2258.0000	259.0800	6.4450	1746.9270
