HOLE:	U1354C
EXPEDITION:	317
TOP:	284.1460
BOTTOM:	349.9828
DEPTH_WMSF	HSGR	HCGR	HFK	HTHO	HURA	HBHK
m	gAPI	gAPI	%	ppm	ppm	%
284.1460	34.8881	24.8270	0.5272	4.8743	1.4569	-0.5338
284.2984	34.0946	23.5878	0.5300	4.4607	1.4700	-0.5338
284.4508	33.0819	24.0357	0.5253	4.6318	1.3065	-0.5338
284.6032	34.7105	24.7002	0.5891	4.4711	1.3854	-0.5338
284.7556	38.8305	27.8497	0.6811	4.9423	1.5415	-0.5338
284.9080	43.5671	31.2714	0.7718	5.5086	1.7497	-0.5338
285.0604	44.5351	32.3519	0.8051	5.6599	1.7886	-0.5338
285.2128	45.8501	33.1869	0.8380	5.7352	1.8093	-0.5338
285.3652	46.4166	33.7561	0.8728	5.7142	1.7820	-0.5338
285.5176	47.2861	34.8001	0.9281	5.7250	1.7894	-0.5338
285.6700	48.8191	36.3378	0.9702	5.9716	1.7838	-0.5338
285.8224	47.5853	34.2314	0.9385	5.4816	1.8369	-0.5338
285.9748	49.1348	37.0635	1.0102	5.9705	1.7030	-0.5338
286.1272	49.2733	36.3782	1.0228	5.6769	1.8396	-0.5338
286.2796	50.0074	37.9659	1.0361	6.1077	1.7450	-0.5338
286.4320	49.7530	40.0491	1.0405	6.7502	1.4297	-0.5338
286.5844	49.4834	40.1551	1.0211	6.8977	1.3700	-0.5338
286.7368	51.4860	42.3825	1.0819	7.2559	1.2889	-0.5338
286.8892	52.4455	44.1159	1.0791	7.8281	1.2219	-0.5338
287.0416	52.0783	44.4672	1.0735	7.9736	1.1503	-0.5338
287.1940	51.0682	44.6258	1.0752	8.0148	1.0224	-0.5338
287.3464	51.1281	45.0753	1.1011	8.0074	0.9950	-0.5338
287.4988	49.9952	44.4039	1.1144	7.7138	0.9118	-0.5338
287.6512	49.4803	42.0549	1.0649	7.2503	1.1880	-0.5338
287.8036	48.6300	41.1661	1.0352	7.1392	1.1650	-0.5338
287.9560	49.6234	41.4857	1.0500	7.1554	1.2550	-0.5338
288.1084	48.6767	38.5854	1.0370	6.3013	1.5107	-0.5338
288.2608	48.3185	39.4318	1.0498	6.4980	1.3664	-0.5338
288.4132	48.6185	38.5561	1.0180	6.4032	1.5512	-0.5338
288.5656	48.9405	39.0763	1.0741	6.2418	1.4957	-0.5338
288.7180	49.1005	40.3104	1.0959	6.5095	1.3810	-0.5338
288.8704	47.9613	39.0012	1.0732	6.2226	1.3522	-0.5338
289.0228	47.1440	38.1767	1.0513	6.0867	1.3832	-0.5338
289.1752	47.2515	38.4329	1.0387	6.2423	1.4090	-0.5338
289.3276	46.4921	38.0648	1.0136	6.2713	1.3255	-0.5338
289.4800	47.9480	39.5416	1.0576	6.4874	1.3036	-0.5338
289.6324	47.8093	40.2910	1.0470	6.7894	1.2513	-0.5338
289.7848	48.5959	40.3929	1.0099	7.0396	1.3315	-0.5338
289.9372	48.2117	39.0637	1.0023	6.6578	1.4424	-0.5338
290.0896	47.4361	39.5607	1.0329	6.6379	1.2124	-0.5338
290.2420	47.2073	38.9998	0.9945	6.6833	1.3095	-0.5338
290.3944	47.7988	38.0207	0.9681	6.5236	1.5407	-0.5338
290.5468	48.0674	37.9763	0.9400	6.6741	1.5805	-0.5338
290.6992	47.4083	37.1275	0.9185	6.5275	1.5667	-0.5338
290.8516	46.3559	38.3391	0.8942	7.0586	1.2561	-0.5338
291.0040	46.6675	39.5397	0.9152	7.3203	1.0958	-0.5338
291.1564	46.8416	39.5716	0.9309	7.2385	1.1490	-0.5338
291.3088	46.5304	38.4566	0.9094	7.0070	1.2033	-0.5338
291.4612	46.3480	40.5350	0.9703	7.3172	0.9419	-0.5338
291.6136	46.7925	40.8319	0.9907	7.2928	0.9249	-0.5338
291.7660	46.8798	40.9345	0.9712	7.4400	0.9614	-0.5338
291.9184	45.4740	39.0985	0.9191	7.1561	1.0076	-0.5338
292.0708	44.4684	38.5914	0.8904	7.1617	0.8429	-0.5338
292.2232	43.3798	36.7396	0.8382	6.8734	0.9963	-0.5338
292.3756	43.2092	37.4587	0.8507	7.0308	0.8883	-0.5338
292.5280	43.4618	35.7868	0.8315	6.6073	1.1175	-0.5338
292.6804	43.5364	34.7560	0.8125	6.3878	1.2464	-0.5338
292.8328	44.7116	35.8735	0.8182	6.7125	1.1788	-0.5338
292.9852	43.7178	34.9102	0.8050	6.4812	1.0881	-0.5338
293.1376	42.4074	32.0901	0.7374	5.9726	1.2437	-0.5338
293.2900	39.3794	29.2885	0.6525	5.5712	1.2403	-0.5338
293.4424	38.3379	27.8109	0.5931	5.4453	1.3069	-0.5338
293.5948	38.4424	27.6655	0.5966	5.3781	1.3069	-0.5338
293.7472	39.6039	28.6173	0.6611	5.3056	1.4082	-0.5338
293.8996	39.9386	29.4649	0.6916	5.3989	1.2887	-0.5338
294.0520	40.1615	28.0919	0.6822	5.0138	1.4770	-0.5338
294.2044	41.6392	28.5226	0.7165	4.9511	1.5858	-0.5338
294.3568	44.3693	31.4775	0.7997	5.4113	1.5642	-0.5338
294.5092	46.2514	32.6263	0.8556	5.4526	1.6826	-0.5338
294.6616	49.0261	34.8117	0.9381	5.6701	1.8577	-0.5338
294.8140	49.9669	36.2218	0.9684	5.9453	1.7901	-0.5338
294.9664	50.1091	35.7687	0.9911	5.6668	1.8349	-0.5338
295.1188	49.0057	34.5109	0.9975	5.2260	1.9046	-0.5338
295.2712	49.9657	35.1817	1.0384	5.2020	1.9763	-0.5338
295.4236	50.9268	35.8502	1.0355	5.4333	1.9654	-0.5338
295.5760	49.4708	35.0863	0.9865	5.4749	1.8946	-0.5338
295.7284	47.6172	34.2042	0.9674	5.3040	1.7919	-0.5338
295.8808	46.5943	34.8226	0.9626	5.5304	1.6081	-0.5338
296.0332	46.6643	35.6236	0.9395	5.9223	1.5359	-0.5338
296.1856	45.1868	35.9819	0.8874	6.3424	1.3640	-0.5338
296.3380	45.7352	37.4381	0.9215	6.6097	1.2582	-0.5338
296.4904	46.9523	37.8960	0.9129	6.8070	1.3655	-0.5338
296.6428	50.0330	41.0920	0.9720	7.4857	1.4216	-0.5338
296.7952	51.0773	43.8348	0.9976	8.2155	1.1547	-0.5338
296.9476	50.6142	44.4518	0.9883	8.4676	1.0190	-0.5338
297.1000	49.5144	43.8703	0.9625	8.4324	0.9415	-0.5338
297.2524	48.5759	42.5705	0.9790	7.9190	0.9576	-0.5338
297.4048	47.8019	41.5528	0.9332	7.8607	1.0039	-0.5338
297.5572	47.2638	40.4977	0.9198	7.6009	1.0632	-0.5338
297.7096	47.0184	39.2044	0.9197	7.1867	1.2071	-0.5338
297.8620	47.1551	37.3540	0.9001	6.7081	1.4012	-0.5338
298.0144	48.7867	36.8683	0.8596	6.7894	1.6370	-0.5338
298.1668	48.3442	36.1019	0.8751	6.4526	1.6769	-0.5338
298.3192	47.1336	34.4341	0.8144	6.2735	1.6960	-0.5338
298.4716	45.7200	32.4131	0.7818	5.8165	1.7530	-0.5338
298.6240	45.1948	31.1627	0.7479	5.6135	1.7896	-0.5338
298.7764	44.7773	30.2507	0.7522	5.2960	1.8998	-0.5338
298.9288	41.7021	28.3826	0.6778	5.1326	1.7525	-0.5338
299.0812	39.9195	27.0503	0.6457	4.8933	1.6680	-0.5338
299.2336	39.9674	26.8930	0.6351	4.9050	1.7118	-0.5338
299.3860	38.5300	26.1241	0.6166	4.7666	1.6404	-0.5338
299.5384	38.1530	25.0964	0.5875	4.6077	1.7584	-0.5338
299.6908	35.7055	23.9856	0.5582	4.4232	1.6174	-0.5338
299.8432	36.5713	25.0361	0.5614	4.7414	1.6297	-0.5338
299.9956	36.1855	24.8099	0.5512	4.7285	1.6304	-0.5338
300.1480	36.3032	25.2245	0.5587	4.8175	1.6200	-0.5338
300.3004	36.3907	24.5538	0.5606	4.5913	1.7418	-0.5338
300.4528	36.1258	24.9615	0.5666	4.6871	1.6560	-0.5338
300.6052	36.2867	24.4277	0.5505	4.6099	1.7453	-0.5338
300.7576	36.9820	24.8638	0.5594	4.6977	1.7899	-0.5338
300.9100	37.7220	23.7788	0.5639	4.3231	1.9925	-0.5338
301.0624	37.7758	23.8752	0.5591	4.3821	1.9820	-0.5338
301.2148	36.6052	25.3397	0.5663	4.8096	1.6180	-0.5338
301.3672	36.2902	25.8037	0.5710	4.9312	1.4949	-0.5338
301.5196	38.7729	28.0548	0.6332	5.2890	1.4738	-0.5338
301.6720	39.8124	29.1802	0.6611	5.4863	1.4943	-0.5338
301.8244	41.8237	29.9711	0.6934	5.5507	1.6776	-0.5338
301.9768	40.5490	28.4415	0.6349	5.4028	1.7255	-0.5338
302.1292	40.4115	27.7948	0.6227	5.2671	1.7330	-0.5338
302.2816	37.8779	26.5295	0.5995	4.9967	1.5713	-0.5338
302.4340	38.5046	26.8150	0.6068	5.0459	1.6182	-0.5338
302.5864	38.0151	27.6099	0.5581	5.5859	1.4799	-0.5338
302.7388	38.2457	27.0031	0.5427	5.4815	1.6012	-0.5338
302.8912	36.4275	24.2769	0.5181	4.7511	1.6965	-0.5338
303.0436	35.6729	23.6289	0.5390	4.4208	1.6906	-0.5338
303.1960	35.9440	23.9479	0.5338	4.5527	1.7202	-0.5338
303.3484	35.5183	24.2122	0.5494	4.5456	1.6056	-0.5338
303.5008	36.3557	24.6887	0.5496	4.6972	1.6462	-0.5338
303.6532	38.3830	27.4777	0.6128	5.2207	1.5494	-0.5338
303.8056	39.4997	27.4424	0.5704	5.4574	1.7289	-999.2500
303.9580	40.7637	28.3509	0.5768	5.7102	1.7837	-999.2500
304.1104	39.9861	28.1404	0.5810	5.6183	1.7096	-999.2500
304.2628	39.0196	27.9795	0.6094	5.3997	1.6007	-999.2500
304.4152	39.3308	29.0535	0.6278	5.6359	1.4647	-999.2500
304.5676	37.8660	29.0204	0.6208	5.6664	1.2713	-999.2500
304.7200	41.1298	30.9769	0.6369	6.1985	1.4197	-999.2500
304.8724	39.8071	28.8178	0.6144	5.6385	1.5263	-999.2500
305.0248	40.7078	30.3337	0.6186	6.1000	1.4417	-999.2500
305.1772	38.0829	28.8447	0.5731	5.8887	1.2510	-999.2500
305.3296	37.0658	28.5446	0.6174	5.5337	1.1049	-999.2500
305.4820	36.1357	28.5106	0.6662	5.2366	0.9899	-999.2500
305.6344	35.6749	28.0425	0.6693	5.0688	0.9786	-999.2500
305.7868	36.3344	28.7859	0.6885	5.1947	0.9663	-999.2500
305.9392	38.2445	30.0742	0.7399	5.3066	1.0130	-999.2500
306.0916	41.4341	31.7698	0.7834	5.5954	1.2309	-999.2500
306.2440	43.5266	32.2811	0.8057	5.6287	1.4964	-999.2500
306.3964	43.5634	32.3559	0.8142	5.6029	1.4794	-999.2500
306.5488	44.3847	33.8965	0.8277	6.0175	1.4313	-999.2500
306.7012	45.4800	33.3058	0.8331	5.7967	1.6709	-999.2500
306.8536	46.8475	33.4462	0.8538	5.7206	1.8714	-999.2500
307.0060	48.2513	34.2872	0.8607	5.9496	1.9232	-999.2500
307.1584	49.6275	34.6494	0.8855	5.9203	2.0978	-999.2500
307.3108	50.8638	36.8530	0.9334	6.3461	1.9927	-999.2500
307.4632	49.5174	36.2178	0.9292	6.1673	1.8780	-999.2500
307.6156	49.4244	36.6242	0.9411	6.2278	1.8635	-999.2500
307.7680	48.9527	36.8859	0.9545	6.2333	1.7297	-999.2500
307.9204	49.1694	37.9061	0.9679	6.4816	1.5371	-999.2500
308.0728	49.0450	37.8997	0.9575	6.5405	1.5708	-999.2500
308.2252	48.4666	37.9146	0.9826	6.3985	1.3865	-999.2500
308.3776	48.3889	38.3747	1.0294	6.2720	1.2921	-999.2500
308.5300	47.9757	38.7375	1.0436	6.3052	1.2031	-999.2500
308.6824	48.4538	38.7619	1.0464	6.2965	1.3487	-999.2500
308.8348	49.2824	39.2164	1.0293	6.5422	1.4018	-999.2500
308.9872	48.5831	37.7907	0.9914	6.3077	1.4973	-999.2500
309.1396	47.0445	36.4490	0.9503	6.1180	1.4776	-999.2500
309.2920	45.3116	35.2975	0.8933	6.0826	1.3733	-999.2500
309.4444	45.3342	35.6019	0.8771	6.2750	1.3470	-999.2500
309.5968	46.1833	35.5647	0.8998	6.1301	1.5026	-999.2500
309.7492	46.3212	35.5961	0.9114	6.0725	1.5088	-999.2500
309.9016	45.4952	34.7637	0.8830	5.9721	1.5938	-999.2500
310.0540	45.2974	35.1754	0.8713	6.1721	1.5655	-999.2500
310.2064	46.1846	36.5146	0.9093	6.3787	1.4845	-999.2500
310.3588	46.4806	36.9315	0.9091	6.5138	1.4062	-999.2500
310.5112	46.7236	36.7112	0.8916	6.5454	1.3971	-999.2500
310.6636	46.2851	36.4731	0.9045	6.3937	1.3795	-999.2500
310.8160	47.7624	37.7885	0.9480	6.5607	1.4022	-999.2500
310.9684	47.4859	36.7601	0.9409	6.2728	1.5333	-999.2500
311.1208	46.3805	35.1648	0.9075	5.9568	1.6296	-999.2500
311.2732	44.1322	33.5884	0.8614	5.7220	1.5291	-999.2500
311.4256	42.2677	32.4410	0.8172	5.6131	1.4138	-999.2500
311.5780	41.3409	30.9762	0.7855	5.3291	1.4512	-999.2500
311.7304	39.8547	29.0847	0.7394	4.9925	1.4711	-999.2500
311.8828	39.5075	28.2291	0.6982	4.9596	1.5749	-999.2500
312.0352	38.6113	26.4110	0.6349	4.7477	1.7452	-999.2500
312.1876	38.3503	26.6910	0.6403	4.8060	1.6924	-999.2500
312.3400	37.0983	25.1856	0.5768	4.6952	1.7301	-999.2500
312.4924	37.6080	24.9160	0.5331	4.8642	1.8261	-999.2500
312.6448	38.2338	24.9527	0.5423	4.8225	1.8601	-999.2500
312.7972	38.3585	25.0591	0.5456	4.8372	1.9003	-999.2500
312.9496	37.7940	24.9667	0.5194	4.9605	1.8742	-999.2500
313.1020	36.4965	24.5627	0.4906	5.0001	1.7726	-999.2500
313.2544	36.4174	24.4790	0.4705	5.0908	1.7749	-999.2500
313.4068	36.2202	24.1237	0.4524	5.0829	1.7770	-999.2500
313.5592	36.4799	23.7921	0.4334	5.0879	1.8409	-999.2500
313.7116	36.7533	24.7500	0.4602	5.2377	1.7487	-999.2500
313.8640	36.0450	24.0098	0.4588	5.0087	1.7832	-999.2500
314.0164	36.6519	24.2444	0.4870	4.9190	1.8201	-999.2500
314.1688	37.9341	25.3653	0.5287	5.0338	1.8847	-999.2500
314.3212	38.5157	26.1502	0.5295	5.2806	1.9062	-999.2500
314.4736	39.0345	26.4961	0.5468	5.2901	1.8972	-999.2500
314.6260	39.7125	26.5852	0.5686	5.1911	1.9429	-999.2500
314.7784	41.2614	27.0819	0.6088	5.1152	2.0761	-999.2500
314.9308	41.6172	27.4676	0.6381	5.0672	2.0860	-999.2500
315.0832	41.5387	27.6315	0.6485	5.0591	2.0617	-999.2500
315.2356	41.3027	27.7697	0.6543	5.0693	2.0010	-999.2500
315.3880	41.7790	27.9329	0.6628	5.0714	2.0438	-999.2500
315.5404	42.0372	28.4977	0.6767	5.1712	1.9754	-999.2500
315.6928	43.3773	30.7342	0.7171	5.6512	1.8661	-999.2500
315.8452	43.9477	31.4265	0.7339	5.7747	1.8282	-999.2500
315.9976	43.4839	31.1454	0.7291	5.7130	1.7343	-999.2500
316.1500	41.9130	30.6700	0.7062	5.6947	1.5704	-999.2500
316.3024	39.7337	29.0629	0.6647	5.4224	1.5036	-999.2500
316.4548	39.1448	28.0927	0.6560	5.1627	1.5443	-999.2500
316.6072	39.2559	27.9774	0.6717	5.0337	1.5797	-999.2500
316.7596	40.6716	29.3507	0.7130	5.2318	1.6016	-999.2500
316.9120	41.6773	29.9712	0.7500	5.2142	1.6329	-999.2500
317.0644	41.4659	29.6048	0.7610	5.0325	1.6293	-999.2500
317.2168	41.8955	30.0906	0.7861	5.0418	1.6190	-999.2500
317.3692	42.6602	30.6831	0.8038	5.1282	1.6609	-999.2500
317.5216	43.9306	31.5247	0.8323	5.2309	1.7294	-999.2500
317.6740	45.3350	32.6563	0.8698	5.3741	1.7914	-999.2500
317.8264	45.7039	32.8112	0.8850	5.3347	1.8229	-999.2500
317.9788	46.3179	33.3550	0.9148	5.3346	1.8236	-999.2500
318.1312	46.8797	34.7160	0.9338	5.6594	1.7310	-999.2500
318.2836	46.6217	35.2016	0.9145	5.9276	1.6460	-999.2500
318.4360	46.0503	34.9535	0.8978	5.9463	1.5850	-999.2500
318.5884	44.9587	34.2756	0.8761	5.8557	1.5295	-999.2500
318.7408	44.5191	34.1080	0.8673	5.8533	1.4941	-999.2500
318.8932	43.8129	33.6951	0.8348	5.9112	1.4798	-999.2500
319.0456	42.3495	32.2279	0.7990	5.6509	1.4786	-999.2500
319.1980	42.0027	32.2523	0.7856	5.7374	1.4498	-999.2500
319.3504	42.6706	32.7373	0.7975	5.8227	1.5208	-999.2500
319.5028	43.3945	33.4268	0.8348	5.8253	1.5140	-999.2500
319.6552	43.2894	33.5414	0.8306	5.8867	1.4643	-999.2500
319.8076	43.1452	32.4683	0.8057	5.6884	1.5572	-999.2500
319.9600	43.3183	31.7337	0.8097	5.4299	1.6254	-999.2500
320.1124	43.5857	32.1210	0.8323	5.4219	1.5954	-999.2500
320.2648	44.9887	33.9551	0.8811	5.7240	1.5418	-999.2500
320.4172	47.0570	35.7032	0.9230	6.0388	1.6005	-999.2500
320.5696	48.6242	36.6667	0.9677	6.0861	1.6832	-999.2500
320.7220	48.2571	36.8072	0.9780	6.0708	1.6001	-999.2500
320.8744	46.3195	35.4147	0.9384	5.8560	1.4992	-999.2500
321.0268	44.5535	34.3459	0.9058	5.7044	1.3893	-999.2500
321.1792	43.5324	33.5442	0.8585	5.7247	1.3778	-999.2500
321.3316	42.7693	33.2895	0.8304	5.8073	1.3278	-999.2500
321.4840	41.9394	33.2743	0.8201	5.8625	1.2379	-999.2500
321.6364	40.8703	32.9372	0.7871	5.9480	1.1745	-999.2500
321.7888	40.3573	32.3748	0.7431	6.0250	1.2013	-999.2500
321.9412	40.4601	31.5709	0.6941	6.0546	1.3178	-999.2500
322.0936	40.2793	31.6700	0.6824	6.1548	1.2961	-999.2500
322.2460	39.4677	31.1011	0.6701	6.0443	1.2572	-999.2500
322.3984	38.3558	29.2822	0.6349	5.6671	1.3175	-999.2500
322.5508	38.2949	28.9020	0.6536	5.4359	1.3399	-999.2500
322.7032	38.6275	29.0871	0.6676	5.4130	1.3460	-999.2500
322.8556	38.8327	28.8038	0.6639	5.3440	1.4058	-999.2500
323.0080	38.8471	28.3112	0.6655	5.1773	1.4821	-999.2500
323.1604	39.0669	28.4736	0.6795	5.1475	1.4919	-999.2500
323.3128	38.8270	28.4537	0.7028	5.0043	1.4607	-999.2500
323.4652	38.2540	27.6736	0.7034	4.7512	1.4994	-999.2500
323.6176	38.4425	28.4312	0.7344	4.8126	1.4494	-999.2500
323.7700	39.7234	30.2682	0.7850	5.1053	1.3833	-999.2500
323.9224	42.2127	32.0791	0.8280	5.4336	1.4795	-999.2500
324.0748	44.8260	33.7773	0.8727	5.7164	1.6367	-999.2500
324.2272	46.8874	34.5508	0.8831	5.9031	1.8413	-999.2500
324.3796	47.7411	34.3431	0.8671	5.9303	1.9947	-999.2500
324.5320	47.5149	33.9074	0.8724	5.7594	1.9876	-999.2500
324.6844	47.1351	33.7787	0.8830	5.6566	1.9153	-999.2500
324.8368	46.8096	33.5145	0.8644	5.6806	1.9144	-999.2500
324.9892	46.2365	32.7601	0.8327	5.6244	1.9380	-999.2500
325.1416	45.7590	32.5263	0.8315	5.5562	1.9002	-999.2500
325.2940	45.2901	31.8294	0.8323	5.3284	1.9075	-999.2500
325.4464	45.0761	30.6217	0.8028	5.1140	2.0100	-999.2500
325.5988	44.9279	30.7418	0.7915	5.2189	1.9865	-999.2500
325.7512	44.3729	31.4479	0.7931	5.4359	1.8141	-999.2500
325.9036	44.0363	32.0953	0.7922	5.6487	1.6638	-999.2500
326.0560	43.7380	32.4322	0.7986	5.7190	1.5591	-999.2500
326.2084	43.4942	32.5680	0.7988	5.7615	1.5339	-999.2500
326.3608	42.4777	31.5296	0.7482	5.7246	1.5848	-999.2500
326.5132	41.2833	30.4917	0.7175	5.5719	1.5580	-999.2500
326.6656	40.8422	30.7055	0.7232	5.6070	1.4573	-999.2500
326.8180	41.1149	30.4359	0.7223	5.5260	1.5296	-999.2500
326.9704	40.9117	30.2617	0.7120	5.5306	1.5187	-999.2500
327.1228	39.6473	29.9455	0.7129	5.4234	1.3921	-999.2500
327.2752	38.6386	29.0809	0.7064	5.1847	1.3715	-999.2500
327.4276	38.5726	29.1187	0.7066	5.1954	1.3854	-999.2500
327.5800	37.7359	28.9173	0.6943	5.2030	1.3254	-999.2500
327.7324	37.0819	28.6354	0.6798	5.1975	1.2925	-999.2500
327.8848	35.6677	27.5720	0.6379	5.1020	1.2279	-999.2500
328.0372	35.2138	27.4031	0.6335	5.0731	1.1894	-999.2500
328.1896	34.6381	27.8524	0.6465	5.1415	1.0609	-999.2500
328.3420	34.7288	28.3167	0.6594	5.2146	1.0119	-999.2500
328.4944	35.5716	28.9754	0.6632	5.4036	1.0234	-999.2500
328.6468	36.7293	29.5924	0.6594	5.6236	1.0995	-999.2500
328.7992	37.0357	29.4583	0.6379	5.7063	1.1743	-999.2500
328.9516	36.9416	29.5411	0.6255	5.8053	1.1394	-999.2500
329.1040	36.6906	29.1121	0.6077	5.7725	1.1375	-999.2500
329.2564	37.3222	28.7078	0.6008	5.6829	1.2820	-999.2500
329.4088	38.5844	29.2033	0.6225	5.7151	1.4018	-999.2500
329.5612	39.1990	29.7037	0.6361	5.7960	1.4111	-999.2500
329.7136	39.6231	29.9703	0.6541	5.7760	1.3897	-999.2500
329.8660	40.1203	28.8033	0.6467	5.4448	1.6093	-999.2500
330.0184	39.4376	27.3506	0.6079	5.2063	1.7138	-999.2500
330.1708	38.4749	26.8928	0.5896	5.1670	1.6084	-999.2500
330.3232	37.4237	26.4361	0.6024	4.9456	1.5135	-999.2500
330.4756	39.2262	27.6181	0.6493	5.0497	1.6023	-999.2500
330.6280	40.1600	27.8906	0.6518	5.1225	1.6904	-999.2500
330.7804	40.9998	28.4080	0.6480	5.3108	1.7393	-999.2500
330.9328	41.3333	29.2135	0.6504	5.5547	1.6576	-999.2500
331.0852	43.1111	31.1589	0.6927	5.9307	1.6105	-999.2500
331.2376	43.6578	32.4502	0.7352	6.0957	1.5131	-999.2500
331.3900	43.8824	33.2090	0.7582	6.2044	1.4567	-999.2500
331.5424	43.3741	33.7612	0.7628	6.3543	1.3011	-999.2500
331.6948	44.3080	34.6168	0.7979	6.4234	1.3131	-999.2500
331.8472	44.4993	35.4835	0.8252	6.5414	1.2483	-999.2500
331.9996	44.9970	36.6432	0.8457	6.7930	1.2008	-999.2500
332.1520	44.8035	36.2959	0.8382	6.7252	1.2473	-999.2500
332.3044	43.7987	36.3206	0.8473	6.6801	1.1094	-999.2500
332.4568	43.2451	35.9148	0.8628	6.4593	1.0875	-999.2500
332.6092	43.7262	36.5883	0.9076	6.4131	1.0879	-999.2500
332.7616	43.6776	36.8306	0.9194	6.4211	1.0270	-999.2500
332.9140	42.2307	35.0292	0.8605	6.1889	1.0965	-999.2500
333.0664	40.5479	33.7918	0.8066	6.1076	1.0611	-999.2500
333.2188	40.7403	34.8627	0.8392	6.2603	0.9633	-999.2500
333.3712	40.7182	35.3223	0.8420	6.3911	0.9109	-999.2500
333.5236	39.9279	34.0261	0.8008	6.2167	1.0025	-999.2500
333.6760	38.8063	31.4063	0.7482	5.6849	1.1930	-999.2500
333.8284	39.8554	32.4102	0.7625	5.9230	1.1725	-999.2500
333.9808	41.1366	32.6476	0.7646	5.9870	1.3257	-999.2500
334.1332	40.9402	32.9868	0.7733	6.0444	1.2530	-999.2500
334.2856	39.3695	31.9114	0.7650	5.7485	1.1546	-999.2500
334.4380	36.8692	28.9304	0.6913	5.2248	1.2361	-999.2500
334.5904	35.6524	27.4867	0.6592	4.9498	1.2602	-999.2500
334.7428	33.8435	25.4991	0.6281	4.4948	1.2872	-999.2500
334.8952	33.4523	23.8106	0.5768	4.2544	1.4592	-999.2500
335.0476	33.6701	23.1411	0.5469	4.2145	1.5916	-999.2500
335.2000	35.6487	24.6017	0.5812	4.4819	1.6668	-999.2500
335.3524	37.3440	27.5199	0.6282	5.1415	1.5072	-999.2500
335.5048	37.7502	28.1985	0.6460	5.2550	1.5016	-999.2500
335.6572	38.2289	29.3137	0.6749	5.4431	1.3973	-999.2500
335.8096	37.8436	28.9509	0.6450	5.5022	1.4492	-999.2500
335.9620	38.8092	28.7923	0.6220	5.5858	1.6214	-999.2500
336.1144	39.3895	30.2882	0.6480	5.9127	1.4997	-999.2500
336.2668	41.0286	32.6130	0.7107	6.2909	1.4446	-999.2500
336.4192	41.9230	33.7513	0.7218	6.5904	1.3773	-999.2500
336.5716	41.3922	33.4024	0.7087	6.5554	1.3100	-999.2500
336.7240	40.6569	33.0545	0.7092	6.4412	1.2196	-999.2500
336.8764	39.9046	32.3228	0.6729	6.4190	1.2301	-999.2500
337.0288	40.5594	31.8978	0.6550	6.3880	1.3730	-999.2500
337.1812	40.0255	31.4389	0.6257	6.4123	1.3224	-999.2500
337.3336	39.9630	31.0171	0.6201	6.3099	1.3701	-999.2500
337.4860	39.7880	29.7105	0.6171	5.9091	1.4415	-999.2500
337.6384	39.1057	29.1661	0.5968	5.8532	1.3569	-999.2500
337.7908	37.9325	27.7701	0.5676	5.5769	1.3446	-999.2500
337.9432	36.2238	25.5955	0.5447	5.0142	1.3761	-999.2500
338.0956	36.2886	25.0573	0.5518	4.7998	1.4586	-999.2500
338.2480	35.0927	24.0987	0.5569	4.4627	1.4114	-999.2500
338.4004	34.8177	23.2861	0.5393	4.3054	1.4704	-999.2500
338.5528	33.9717	23.1503	0.5808	4.0189	1.3667	-999.2500
338.7052	32.3282	22.6581	0.5873	3.8234	1.2529	-999.2500
338.8576	30.5487	20.8116	0.5559	3.4153	1.2539	-999.2500
339.0100	29.1750	19.4014	0.5074	3.2475	1.2651	-999.2500
339.1624	31.9685	21.6912	0.5402	3.7894	1.3473	-999.2500
339.3148	33.4769	23.0441	0.5743	4.0232	1.3676	-999.2500
339.4672	35.8857	24.9500	0.6207	4.3624	1.5041	-999.2500
339.6196	35.2206	25.2021	0.5893	4.6269	1.3939	-999.2500
339.7720	36.0505	25.9562	0.5932	4.8455	1.4072	-999.2500
339.9244	37.8436	27.5661	0.6161	5.2280	1.4646	-999.2500
340.0768	39.8871	29.6309	0.6554	5.6595	1.5020	-999.2500
340.2292	40.9935	30.7907	0.6867	5.8478	1.4443	-999.2500
340.3816	40.3307	30.0869	0.6715	5.7114	1.3543	-999.2500
340.5340	39.0323	30.3081	0.6761	5.7555	1.1933	-999.2500
340.6864	39.1512	30.8278	0.7073	5.7391	1.1093	-999.2500
340.8388	40.1364	32.6529	0.7598	6.0169	0.9889	-999.2500
340.9912	40.4071	32.3798	0.7632	5.9091	1.1210	-999.2500
341.1436	41.7408	32.9907	0.7794	6.0104	1.1736	-999.2500
341.2960	41.3675	32.1825	0.7531	5.9052	1.2119	-999.2500
341.4484	41.5211	32.1279	0.7852	5.6999	1.2048	-999.2500
341.6008	39.6026	30.9489	0.7880	5.3053	1.1024	-999.2500
341.7532	36.9604	28.9904	0.7415	4.9499	0.9771	-999.2500
341.9056	35.3976	26.6304	0.6580	4.6826	1.1039	-999.2500
342.0580	34.0688	25.5649	0.6213	4.5561	1.1139	-999.2500
342.2104	33.5234	23.6656	0.5764	4.2098	1.2937	-999.2500
342.3628	32.6240	22.7880	0.5338	4.1781	1.2942	-999.2500
342.5152	32.0927	21.1163	0.4820	3.9457	1.4498	-999.2500
342.6676	31.5197	21.0032	0.4742	3.9552	1.3759	-999.2500
342.8200	31.7069	20.8896	0.4756	3.9107	1.4166	-999.2500
342.9724	32.2137	21.6861	0.4920	4.0702	1.3410	-999.2500
343.1248	32.5898	21.9314	0.4659	4.3015	1.4094	-999.2500
343.2772	32.8240	21.5265	0.4224	4.4264	1.4876	-999.2500
343.4296	32.1808	21.6344	0.4001	4.5916	1.4092	-999.2500
343.5820	31.6890	21.5763	0.3986	4.5815	1.3478	-999.2500
343.7344	33.0834	22.2046	0.4053	4.7437	1.4367	-999.2500
343.8868	33.2010	22.2568	0.4238	4.6522	1.4081	-999.2500
344.0392	34.8715	23.1903	0.4656	4.7065	1.5421	-999.2500
344.1916	34.0593	22.9073	0.4726	4.5745	1.4902	-999.2500
344.3440	34.1711	22.7356	0.4448	4.6824	1.5497	-999.2500
344.4964	32.9583	21.9047	0.4347	4.4755	1.4893	-999.2500
344.6488	34.1181	21.8047	0.4559	4.3194	1.6897	-999.2500
344.8012	36.4608	22.8085	0.4705	4.5555	1.8644	-999.2500
344.9536	38.2915	24.1574	0.5045	4.7886	1.9981	-999.2500
345.1060	39.7136	24.8919	0.5709	4.6351	2.1256	-999.2500
345.2584	39.4888	25.0353	0.5775	4.6423	2.0633	-999.2500
345.4108	40.1027	25.5690	0.5768	4.8175	2.1825	-999.2500
345.5632	39.5771	25.9055	0.5569	5.0421	2.1351	-999.2500
345.7156	40.3613	26.5428	0.5499	5.2871	2.1357	-999.2500
345.8680	39.8141	26.2452	0.5667	5.0937	2.1325	-999.2500
346.0204	39.6844	26.3033	0.6011	4.9107	2.1097	-999.2500
346.1728	38.2705	25.7992	0.5782	4.8831	2.0453	-999.2500
346.3252	38.2807	25.7524	0.5643	4.9496	2.0420	-999.2500
346.4776	38.3859	26.0982	0.5747	4.9998	1.9900	-999.2500
346.6300	39.2623	26.9102	0.5577	5.3595	1.9542	-999.2500
346.7824	40.3214	26.6685	0.5253	5.4717	2.1278	-999.2500
346.9348	41.1569	27.5487	0.5297	5.7281	2.1742	-999.2500
347.0872	41.1660	27.4095	0.5676	5.4613	2.0993	-999.2500
347.2396	40.0387	26.4836	0.5607	5.2049	2.0042	-999.2500
347.3920	38.3723	24.8272	0.5480	4.7483	2.0059	-999.2500
347.5444	38.2618	24.8619	0.5435	4.7857	1.9235	-999.2500
347.6968	38.5791	24.9915	0.5549	4.7606	1.8916	-999.2500
347.8492	38.4748	24.3152	0.5626	4.4991	1.9094	-999.2500
348.0016	37.6733	24.7760	0.5740	4.5802	1.7470	-999.2500
348.1540	37.4991	24.6458	0.5914	4.4362	1.7433	-999.2500
348.3064	37.3986	25.1317	0.6350	4.3368	1.6678	-999.2500
348.4588	37.9864	26.1395	0.6817	4.3862	1.6081	-999.2500
348.6112	36.1178	24.3091	0.6190	4.1668	1.6370	-999.2500
348.7636	36.0559	23.8052	0.5726	4.2771	1.7576	-999.2500
348.9160	36.0770	23.0620	0.5386	4.2381	1.9263	-999.2500
349.0684	37.5319	23.6768	0.5262	4.5075	2.1096	-999.2500
349.2208	37.3914	22.7187	0.4799	4.4714	2.2982	-999.2500
349.3732	35.0285	20.6651	0.4070	4.2404	2.3123	-999.2500
349.5256	33.2540	19.0919	0.3412	4.1213	2.3328	-999.2500
349.6780	32.0362	17.0131	0.2802	3.8122	2.4949	-999.2500
349.8304	32.0362	16.2680	0.2367	3.8281	2.6687	-999.2500
349.9828	32.0362	14.6791	0.1818	3.6404	2.9404	-999.2500
