HOLE:	U1354C
EXPEDITION:	317
TOP:	109.0384
BOTTOM:	381.9868
DEPTH_WMSF	IDPH	IMPH	SFLU
m	ohm.m	ohm.m	ohm.m
109.0384	1950.0000	1765.0116	0.0915
109.1908	1950.0000	1950.0000	0.3193
109.3432	1950.0000	1950.0000	0.7611
109.4956	0.3399	1950.0000	0.6913
109.6480	0.3473	335.1299	0.6970
109.8004	0.3822	1.5265	0.6589
109.9528	0.4263	0.8342	0.6442
110.1052	0.4995	0.6310	0.6857
110.2576	0.6514	0.5835	0.7954
110.4100	0.9625	0.6242	0.9836
110.5624	1.0080	0.7639	1.0301
110.7148	1.0518	1.0094	1.0134
110.8672	1.0943	1.3277	1.0363
111.0196	1.1215	1.5880	1.0210
111.1720	1.1201	1.6369	0.8693
111.3244	1.0893	1.4218	0.8179
111.4768	1.0439	1.2148	0.7741
111.6292	0.9976	1.0849	0.7242
111.7816	0.9588	1.0276	0.6953
111.9340	0.9340	1.0298	0.6799
112.0864	0.9264	1.0754	0.6536
112.2388	0.9330	1.1423	0.6585
112.3912	0.9512	1.1884	0.6698
112.5436	0.9711	1.1976	0.6938
112.6960	0.9874	1.1720	0.7155
112.8484	0.9976	1.1228	0.7074
113.0008	1.0011	1.0672	0.6540
113.1532	0.9976	1.0275	0.6906
113.3056	0.9904	1.0155	0.6191
113.4580	0.9834	1.0271	0.6270
113.6104	0.9790	1.0579	0.6607
113.7628	0.9793	1.1012	0.6679
113.9152	0.9856	1.1480	0.6615
114.0676	1.0039	1.1835	0.6685
114.2200	1.0307	1.2014	0.6857
114.3724	1.0629	1.2072	0.6958
114.5248	1.1001	1.2080	0.7123
114.6772	1.1427	1.2115	0.7456
114.8296	1.1916	1.2252	0.7862
114.9820	1.2419	1.2599	0.7829
115.1344	1.2819	1.3131	0.8231
115.2868	1.3085	1.3790	0.8775
115.4392	1.3226	1.4493	0.9355
115.5916	1.3281	1.5135	0.9764
115.7440	1.3301	1.5581	0.9487
115.8964	1.3300	1.5501	0.9600
116.0488	1.3101	1.4676	1.0333
116.2012	1.2451	1.3393	0.8143
116.3536	1.1896	1.2144	0.7210
116.5060	1.1794	1.1288	0.6678
116.6584	1.1657	1.0959	0.6568
116.8108	1.1579	1.1131	0.6306
116.9632	1.1692	1.1680	0.6635
117.1156	1.1866	1.2442	0.7837
117.2680	1.2148	1.3252	0.9540
117.4204	1.2536	1.3975	0.8728
117.5728	1.3006	1.4502	0.8724
117.7252	1.3455	1.4752	0.8852
117.8776	1.3640	1.4679	0.8906
118.0300	1.3546	1.4305	0.8466
118.1824	1.3272	1.3762	0.8474
118.3348	1.2987	1.3218	0.8291
118.4872	1.2661	1.2767	0.7193
118.6396	1.2202	1.2399	0.6493
118.7920	1.1778	1.2069	0.6567
118.9444	1.1423	1.1731	0.6485
119.0968	1.1273	1.1365	0.6134
119.2492	1.1189	1.0990	0.6129
119.4016	1.1081	1.0668	0.5981
119.5540	1.0960	1.0424	0.6803
119.7064	1.0867	1.0221	0.6298
119.8588	1.0749	0.9995	0.5286
120.0112	1.0580	0.9727	0.5868
120.1636	1.0316	0.9467	0.4730
120.3160	1.0312	0.9315	0.6008
120.4684	1.0444	0.9346	0.5195
120.6208	1.0451	0.9548	0.4813
120.7732	1.0429	0.9844	0.4965
120.9256	1.0440	1.0172	0.5860
121.0780	1.0520	1.0491	0.5986
121.2304	1.0652	1.0757	0.6171
121.3828	1.0796	1.0979	0.6726
121.5352	1.0938	1.1274	0.6494
121.6876	1.1151	1.1818	0.6080
121.8400	1.1526	1.2765	0.6175
121.9924	1.2108	1.4098	0.7768
122.1448	1.2629	1.5425	0.9349
122.2972	1.2877	1.6073	0.8311
122.4496	1.3108	1.5787	1.0258
122.6020	1.3042	1.4982	1.0712
122.7544	1.2790	1.4131	1.0288
122.9068	1.2691	1.3413	0.9222
123.0592	1.2723	1.2794	0.7407
123.2116	1.2591	1.2066	0.6429
123.3640	1.1982	1.1515	0.6170
123.5164	1.1476	1.1243	0.6972
123.6688	1.1339	1.1225	0.6839
123.8212	1.1320	1.1270	0.6554
123.9736	1.1314	1.1316	0.6991
124.1260	1.1374	1.1372	0.6588
124.2784	1.1389	1.1415	0.6932
124.4308	1.1348	1.1442	0.6800
124.5832	1.1461	1.1490	0.6591
124.7356	1.1580	1.1617	0.6238
124.8880	1.1682	1.1824	0.6350
125.0404	1.1783	1.2054	0.6598
125.1928	1.1915	1.2274	0.6739
125.3452	1.2004	1.2478	0.7788
125.4976	1.2108	1.2666	0.7992
125.6500	1.2206	1.2841	0.7750
125.8024	1.2240	1.2952	0.7453
125.9548	1.2254	1.2925	0.7843
126.1072	1.2274	1.2732	0.7879
126.2596	1.2262	1.2497	0.7892
126.4120	1.2246	1.2359	0.7252
126.5644	1.2213	1.2368	0.7691
126.7168	1.2157	1.2422	0.7374
126.8692	1.2107	1.2411	0.7246
127.0216	1.2069	1.2313	0.7419
127.1740	1.1998	1.2177	0.7820
127.3264	1.1969	1.2050	0.7654
127.4788	1.1982	1.1971	0.7117
127.6312	1.2022	1.1967	0.7057
127.7836	1.2068	1.2045	0.7529
127.9360	1.2076	1.2190	0.7068
128.0884	1.2100	1.2363	0.7684
128.2408	1.2150	1.2513	0.7891
128.3932	1.2208	1.2597	0.8037
128.5456	1.2284	1.2617	0.8164
128.6980	1.2405	1.2617	0.7940
128.8504	1.2540	1.2668	0.8441
129.0028	1.2922	1.2849	0.7540
129.1552	1.3703	1.3206	0.7607
129.3076	1.4855	1.3683	0.7872
129.4600	1.5661	1.4159	0.7913
129.6124	1.6052	1.4607	0.7889
129.7648	1.6202	1.5161	0.9087
129.9172	1.6252	1.5926	1.2271
130.0696	1.6204	1.6655	1.5185
130.2220	1.6140	1.6644	0.8666
130.3744	1.5980	1.5435	0.7768
130.5268	1.4995	1.3612	0.7053
130.6792	1.3658	1.2068	0.6871
130.8316	1.2589	1.1178	0.7031
130.9840	1.1998	1.0904	0.6898
131.1364	1.1614	1.1070	0.6309
131.2888	1.1375	1.1450	0.6233
131.4412	1.1260	1.1794	0.6365
131.5936	1.1149	1.1920	0.7585
131.7460	1.1091	1.1809	0.7133
131.8984	1.1136	1.1572	0.6755
132.0508	1.1246	1.1356	0.7079
132.2032	1.1323	1.1267	0.6845
132.3556	1.1291	1.1318	0.6803
132.5080	1.1377	1.1437	0.7300
132.6604	1.1538	1.1543	0.6966
132.8128	1.1737	1.1632	0.6915
132.9652	1.2066	1.1787	0.7562
133.1176	1.2522	1.2128	0.7733
133.2700	1.2940	1.2734	0.8200
133.4224	1.3112	1.3539	0.8306
133.5748	1.3120	1.4272	1.0040
133.7272	1.3075	1.4561	0.9504
133.8796	1.2969	1.4215	0.9697
134.0320	1.2743	1.3397	0.7753
134.1844	1.2399	1.2452	0.6612
134.3368	1.1938	1.1651	0.6387
134.4892	1.1414	1.1118	0.6492
134.6416	1.1078	1.0870	0.6636
134.7940	1.0901	1.0857	0.6659
134.9464	1.0818	1.0980	0.7022
135.0988	1.0788	1.1116	0.6844
135.2512	1.0805	1.1182	0.6940
135.4036	1.0851	1.1162	0.7009
135.5560	1.0873	1.1098	0.6689
135.7084	1.0880	1.1049	0.6706
135.8608	1.0865	1.1041	0.6932
136.0132	1.0827	1.1060	0.7130
136.1656	1.0776	1.1074	0.6866
136.3180	1.0744	1.1060	0.6901
136.4704	1.0723	1.1017	0.6862
136.6228	1.0688	1.0962	0.6868
136.7752	1.0658	1.0915	0.6463
136.9276	1.0622	1.0883	0.6286
137.0800	1.0587	1.0854	0.6573
137.2324	1.0565	1.0813	0.6754
137.3848	1.0569	1.0758	0.6456
137.5372	1.0575	1.0702	0.6405
137.6896	1.0562	1.0654	0.6506
137.8420	1.0531	1.0607	0.6671
137.9944	1.0483	1.0539	0.6647
138.1468	1.0421	1.0425	0.6676
138.2992	1.0369	1.0273	0.6806
138.4516	1.0413	1.0127	0.6119
138.6040	1.0564	1.0046	0.5097
138.7564	1.0668	1.0077	0.5031
138.9088	1.0678	1.0248	0.5580
139.0612	1.0680	1.0536	0.5813
139.2136	1.0684	1.0820	0.5922
139.3660	1.0698	1.0906	0.6598
139.5184	1.0698	1.0666	0.7758
139.6708	1.0625	1.0170	0.6400
139.8232	1.0508	0.9658	0.6219
139.9756	1.0683	0.9368	0.5770
140.1280	1.0687	0.9405	0.5428
140.2804	1.0727	0.9717	0.5402
140.4328	1.0689	1.0155	0.5376
140.5852	1.0574	1.0572	0.5346
140.7376	1.0614	1.0870	0.5837
140.8900	1.0854	1.1027	0.6854
141.0424	1.0931	1.1077	0.6717
141.1948	1.0957	1.1018	0.7098
141.3472	1.0997	1.0825	0.6622
141.4996	1.0988	1.0611	0.7345
141.6520	1.0963	1.0540	0.6287
141.8044	1.0956	1.0674	0.6628
141.9568	1.0903	1.0955	0.7485
142.1092	1.0960	1.1246	0.7058
142.2616	1.1116	1.1380	0.6936
142.4140	1.1170	1.1311	0.6602
142.5664	1.1139	1.1156	0.6352
142.7188	1.0966	1.1024	0.6450
142.8712	1.0774	1.0911	0.6485
143.0236	1.0673	1.0775	0.6199
143.1760	1.0591	1.0599	0.6169
143.3284	1.0536	1.0398	0.5923
143.4808	1.0512	1.0224	0.6052
143.6332	1.0501	1.0149	0.5564
143.7856	1.0510	1.0230	0.5838
143.9380	1.0608	1.0492	0.5919
144.0904	1.0775	1.0906	0.6318
144.2428	1.0890	1.1353	0.6620
144.3952	1.1070	1.1653	0.6769
144.5476	1.1223	1.1706	0.6939
144.7000	1.1380	1.1596	0.7166
144.8524	1.1601	1.1508	0.7016
145.0048	1.1841	1.1586	0.7011
145.1572	1.1990	1.1854	0.7228
145.3096	1.2045	1.2211	0.7656
145.4620	1.2112	1.2489	0.7531
145.6144	1.2127	1.2571	0.7494
145.7668	1.2087	1.2479	0.7132
145.9192	1.1994	1.2295	0.6950
146.0716	1.1778	1.2046	0.7043
146.2240	1.1483	1.1702	0.6921
146.3764	1.1298	1.1275	0.6635
146.5288	1.1228	1.0867	0.6332
146.6812	1.1187	1.0615	0.6353
146.8336	1.1182	1.0608	0.6164
146.9860	1.1221	1.0837	0.6113
147.1384	1.1299	1.1232	0.6083
147.2908	1.1541	1.1726	0.6441
147.4432	1.1978	1.2292	0.6878
147.5956	1.2396	1.2898	0.7206
147.7480	1.2726	1.3464	0.7835
147.9004	1.3074	1.3876	0.8590
148.0528	1.3468	1.4079	0.9210
148.2052	1.3863	1.4133	0.8906
148.3576	1.4161	1.4171	0.9090
148.5100	1.4304	1.4289	0.8862
148.6624	1.4328	1.4484	0.9138
148.8148	1.4310	1.4675	0.9083
148.9672	1.4399	1.4787	0.8962
149.1196	1.4714	1.4858	0.8684
149.2720	1.5268	1.5048	0.8388
149.4244	1.5814	1.5538	0.8754
149.5768	1.6151	1.6406	0.9459
149.7292	1.6208	1.7501	1.0791
149.8816	1.6100	1.8354	1.2464
150.0340	1.5809	1.8345	1.0509
150.1864	1.5189	1.7241	1.0293
150.3388	1.4314	1.5474	0.8429
150.4912	1.3306	1.3713	0.7279
150.6436	1.2435	1.2383	0.6606
150.7960	1.1795	1.1576	0.6499
150.9484	1.1296	1.1188	0.6481
151.1008	1.0952	1.1050	0.6353
151.2532	1.0689	1.0994	0.6743
151.4056	1.0562	1.0917	0.7036
151.5580	1.0506	1.0801	0.6742
151.7104	1.0459	1.0682	0.6912
151.8628	1.0407	1.0591	0.6918
152.0152	1.0368	1.0530	0.6530
152.1676	1.0341	1.0491	0.6524
152.3200	1.0302	1.0468	0.6280
152.4724	1.0269	1.0454	0.6146
152.6248	1.0225	1.0435	0.6049
152.7772	1.0162	1.0405	0.6110
152.9296	1.0096	1.0359	0.6420
153.0820	1.0074	1.0302	0.6885
153.2344	1.0089	1.0252	0.6709
153.3868	1.0096	1.0225	0.6350
153.5392	1.0100	1.0227	0.6474
153.6916	1.0102	1.0260	0.6535
153.8440	1.0111	1.0319	0.6731
153.9964	1.0130	1.0400	0.6770
154.1488	1.0186	1.0493	0.6537
154.3012	1.0264	1.0590	0.6824
154.4536	1.0337	1.0672	0.6447
154.6060	1.0377	1.0726	0.6836
154.7584	1.0396	1.0745	0.6452
154.9108	1.0419	1.0735	0.6712
155.0632	1.0445	1.0710	0.6858
155.2156	1.0470	1.0688	0.6596
155.3680	1.0479	1.0684	0.6637
155.5204	1.0450	1.0703	0.6802
155.6728	1.0424	1.0737	0.6602
155.8252	1.0434	1.0767	0.6727
155.9776	1.0439	1.0780	0.6590
156.1300	1.0449	1.0773	0.6563
156.2824	1.0456	1.0759	0.6371
156.4348	1.0466	1.0749	0.6470
156.5872	1.0481	1.0749	0.6541
156.7396	1.0494	1.0756	0.6553
156.8920	1.0493	1.0764	0.6700
157.0444	1.0498	1.0766	0.6698
157.1968	1.0514	1.0759	0.6576
157.3492	1.0531	1.0746	0.6524
157.5016	1.0536	1.0731	0.6476
157.6540	1.0548	1.0720	0.6494
157.8064	1.0551	1.0713	0.6439
157.9588	1.0528	1.0699	0.6267
158.1112	1.0456	1.0651	0.6522
158.2636	1.0355	1.0539	0.6707
158.4160	1.0236	1.0348	0.6311
158.5684	1.0181	1.0100	0.6564
158.7208	1.0208	0.9859	0.6666
158.8732	1.0241	0.9727	0.6231
159.0256	1.0260	0.9785	0.5317
159.1780	1.0278	1.0042	0.5621
159.3304	1.0297	1.0409	0.6471
159.4828	1.0330	1.0757	0.6602
159.6352	1.0514	1.0986	0.6502
159.7876	1.0847	1.1114	0.6249
159.9400	1.1147	1.1242	0.6609
160.0924	1.1305	1.1431	0.6793
160.2448	1.1311	1.1637	0.6846
160.3972	1.1206	1.1759	0.9340
160.5496	1.1135	1.1697	0.7718
160.7020	1.1091	1.1431	0.6972
160.8544	1.1050	1.1044	0.6396
161.0068	1.0995	1.0666	0.5978
161.1592	1.0900	1.0396	0.5873
161.3116	1.0772	1.0278	0.5973
161.4640	1.0707	1.0314	0.6433
161.6164	1.0729	1.0473	0.6258
161.7688	1.0807	1.0705	0.6177
161.9212	1.0917	1.0954	0.5952
162.0736	1.0920	1.1144	0.6328
162.2260	1.0911	1.1190	0.7202
162.3784	1.0965	1.1065	0.7045
162.5308	1.1019	1.0850	0.6278
162.6832	1.1061	1.0685	0.5891
162.8356	1.1107	1.0686	0.6070
162.9880	1.1159	1.0886	0.6345
163.1404	1.1197	1.1216	0.6758
163.2928	1.1269	1.1540	0.6846
163.4452	1.1422	1.1744	0.6809
163.5976	1.1728	1.1813	0.6958
163.7500	1.2072	1.1815	0.7158
163.9024	1.2370	1.1845	0.6983
164.0548	1.2519	1.1991	0.6964
164.2072	1.2455	1.2283	0.7228
164.3596	1.2302	1.2622	0.7386
164.5120	1.2115	1.2782	0.7498
164.6644	1.1943	1.2583	0.7294
164.8168	1.1865	1.2086	0.6537
164.9692	1.1865	1.1564	0.5995
165.1216	1.1914	1.1297	0.6052
165.2740	1.2020	1.1425	0.6178
165.4264	1.2203	1.1940	0.6654
165.5788	1.2524	1.2743	0.7113
165.7312	1.3095	1.3700	0.8106
165.8836	1.3932	1.4674	0.9390
166.0360	1.4977	1.5544	1.0432
166.1884	1.6032	1.6250	1.0964
166.3408	1.6885	1.6827	1.1179
166.4932	1.7263	1.7348	1.1388
166.6456	1.7537	1.7855	1.1193
166.7980	1.7763	1.8337	1.1345
166.9504	1.7953	1.8757	1.1599
167.1028	1.8135	1.9159	1.1698
167.2552	1.8420	1.9701	1.1964
167.4076	1.9059	2.0542	1.2396
167.5600	1.9730	2.1670	1.3267
167.7124	2.0455	2.2845	1.3559
167.8648	2.1039	2.3664	1.4064
168.0172	2.1867	2.3865	1.3924
168.1696	2.2594	2.3608	1.4427
168.3220	2.2545	2.3303	1.4170
168.4744	2.2048	2.3226	1.3922
168.6268	2.1154	2.3295	1.3898
168.7792	2.0134	2.2907	1.4825
168.9316	1.8794	2.1255	1.3531
169.0840	1.7338	1.8430	0.9846
169.2364	1.6133	1.5502	0.8039
169.3888	1.4588	1.3237	0.7095
169.5412	1.3351	1.1881	0.6599
169.6936	1.2274	1.1235	0.6801
169.8460	1.1455	1.1000	0.6760
169.9984	1.0714	1.0889	0.6988
170.1508	1.0351	1.0731	0.6706
170.3032	1.0308	1.0502	0.6456
170.4556	1.0446	1.0287	0.6318
170.6080	1.0631	1.0204	0.6415
170.7604	1.0856	1.0350	0.6771
170.9128	1.1028	1.0771	0.7347
171.0652	1.1281	1.1449	0.7975
171.2176	1.1571	1.2291	0.8878
171.3700	1.2028	1.3120	0.8759
171.5224	1.2594	1.3738	0.8353
171.6748	1.3097	1.4052	0.8195
171.8272	1.3535	1.4123	0.8188
171.9796	1.3884	1.4102	0.8235
172.1320	1.4190	1.4127	0.8117
172.2844	1.4491	1.4274	0.8479
172.4368	1.4725	1.4553	0.9123
172.5892	1.4733	1.4924	0.9570
172.7416	1.4535	1.5277	0.9243
172.8940	1.4150	1.5405	0.8801
173.0464	1.3651	1.5088	0.8926
173.1988	1.3136	1.4269	0.8027
173.3512	1.2686	1.3148	0.7021
173.5036	1.2309	1.2049	0.6721
173.6560	1.1910	1.1211	0.6869
173.8084	1.1482	1.0725	0.6751
173.9608	1.1197	1.0583	0.6705
174.1132	1.1123	1.0719	0.6943
174.2656	1.1151	1.1032	0.7007
174.4180	1.1241	1.1392	0.7227
174.5704	1.1315	1.1681	0.7305
174.7228	1.1403	1.1834	0.7117
174.8752	1.1489	1.1866	0.7109
175.0276	1.1542	1.1832	0.7073
175.1800	1.1573	1.1784	0.7035
175.3324	1.1575	1.1747	0.6854
175.4848	1.1561	1.1727	0.7042
175.6372	1.1571	1.1724	0.7106
175.7896	1.1604	1.1729	0.6890
175.9420	1.1617	1.1740	0.7048
176.0944	1.1592	1.1764	0.7101
176.2468	1.1526	1.1793	0.7023
176.3992	1.1385	1.1769	0.7132
176.5516	1.1218	1.1621	0.7056
176.7040	1.1089	1.1334	0.6776
176.8564	1.0966	1.0984	0.6473
177.0088	1.0883	1.0694	0.6364
177.1612	1.0688	1.0540	0.6331
177.3136	1.0482	1.0504	0.6440
177.4660	1.0353	1.0511	0.6650
177.6184	1.0368	1.0508	0.6587
177.7708	1.0489	1.0508	0.6613
177.9232	1.0577	1.0560	0.6095
178.0756	1.0633	1.0692	0.6474
178.2280	1.0714	1.0881	0.6498
178.3804	1.0834	1.1065	0.7103
178.5328	1.1011	1.1198	0.6780
178.6852	1.1105	1.1277	0.6399
178.8376	1.1106	1.1319	0.6597
178.9900	1.1054	1.1330	0.6649
179.1424	1.0988	1.1299	0.6627
179.2948	1.0910	1.1210	0.6685
179.4472	1.0822	1.1065	0.6665
179.5996	1.0722	1.0890	0.6636
179.7520	1.0621	1.0720	0.6366
179.9044	1.0529	1.0585	0.6313
180.0568	1.0469	1.0506	0.6329
180.2092	1.0447	1.0489	0.6549
180.3616	1.0456	1.0530	0.6599
180.5140	1.0504	1.0618	0.6484
180.6664	1.0603	1.0744	0.6328
180.8188	1.0739	1.0897	0.6620
180.9712	1.0871	1.1066	0.7316
181.1236	1.0964	1.1233	0.7154
181.2760	1.1015	1.1373	0.6995
181.4284	1.1042	1.1456	0.6941
181.5808	1.1045	1.1461	0.6800
181.7332	1.1024	1.1386	0.6761
181.8856	1.0974	1.1252	0.6711
182.0380	1.0875	1.1089	0.6544
182.1904	1.0736	1.0926	0.6419
182.3428	1.0563	1.0771	0.6422
182.4952	1.0413	1.0625	0.6485
182.6476	1.0301	1.0492	0.6386
182.8000	1.0223	1.0385	0.6209
182.9524	1.0168	1.0318	0.6281
183.1048	1.0142	1.0293	0.6238
183.2572	1.0158	1.0308	0.6419
183.4096	1.0208	1.0362	0.6588
183.5620	1.0303	1.0474	0.6742
183.7144	1.0434	1.0662	0.6900
183.8668	1.0667	1.0929	0.6871
184.0192	1.0998	1.1264	0.7217
184.1716	1.1507	1.1651	0.7071
184.3240	1.2233	1.2097	0.6865
184.4764	1.3212	1.2640	0.7201
184.6288	1.4368	1.3370	0.7308
184.7812	1.5983	1.4443	0.8395
184.9336	1.7976	1.6067	0.9881
185.0860	1.9375	1.8412	1.2023
185.2384	2.0673	2.1407	1.4066
185.3908	2.1788	2.4452	1.5803
185.5432	2.2879	2.6479	1.6457
185.6956	2.3619	2.6855	1.5077
185.8480	2.3972	2.5980	1.4351
186.0004	2.3742	2.4647	1.4961
186.1528	2.3104	2.3406	1.4635
186.3052	2.2373	2.2543	1.4292
186.4576	2.2295	2.1997	1.3794
186.6100	2.2363	2.1744	1.3586
186.7624	2.2322	2.1806	1.2924
186.9148	2.2223	2.2211	1.2738
187.0672	2.2129	2.2890	1.3478
187.2196	2.2145	2.3668	1.4832
187.3720	2.2330	2.4342	1.5033
187.5244	2.2603	2.4785	1.4786
187.6768	2.2957	2.5014	1.4765
187.8292	2.3352	2.5158	1.4892
187.9816	2.3636	2.5327	1.5048
188.1340	2.3715	2.5526	1.4832
188.2864	2.3697	2.5700	1.4708
188.4388	2.3716	2.5788	1.4733
188.5912	2.3699	2.5750	1.4551
188.7436	2.3564	2.5579	1.4777
188.8960	2.3377	2.5326	1.4905
189.0484	2.3070	2.5024	1.4526
189.2008	2.2642	2.4612	1.4285
189.3532	2.2179	2.4000	1.3993
189.5056	2.1860	2.3222	1.2906
189.6580	2.1528	2.2474	1.2666
189.8104	2.1195	2.1982	1.2324
189.9628	2.0894	2.1852	1.3018
190.1152	2.0396	2.1993	1.3335
190.2676	1.9852	2.2151	1.4144
190.4200	1.9523	2.2064	1.4314
190.5724	1.9380	2.1664	1.3416
190.7248	1.9190	2.1054	1.2383
190.8772	1.8997	2.0383	1.1890
191.0296	1.8763	1.9757	1.1722
191.1820	1.8233	1.9213	1.1510
191.3344	1.7727	1.8741	1.1598
191.4868	1.7358	1.8329	1.1246
191.6392	1.7062	1.7978	1.1327
191.7916	1.6900	1.7714	1.1866
191.9440	1.6829	1.7565	1.1452
192.0964	1.6790	1.7539	1.0755
192.2488	1.6761	1.7621	1.1027
192.4012	1.6742	1.7795	1.1326
192.5536	1.6737	1.8026	1.2086
192.7060	1.6732	1.8260	1.1811
192.8584	1.6773	1.8449	1.1453
193.0108	1.6864	1.8569	1.1580
193.1632	1.6854	1.8598	1.1001
193.3156	1.6710	1.8516	1.0747
193.4680	1.6488	1.8320	1.1052
193.6204	1.6215	1.8027	1.0821
193.7728	1.5950	1.7668	1.0803
193.9252	1.5655	1.7306	1.0890
194.0776	1.5159	1.7001	1.0995
194.2300	1.4715	1.6706	1.0788
194.3824	1.4061	1.6214	1.0122
194.5348	1.3092	1.5307	1.0181
194.6872	1.2359	1.4027	0.7906
194.8396	1.1837	1.2696	0.6778
194.9920	1.1231	1.1647	0.6777
195.1444	1.0612	1.1026	0.6919
195.2968	1.0209	1.0787	0.7081
195.4492	1.0142	1.0772	0.6898
195.6016	1.0154	1.0831	0.7092
195.7540	1.0220	1.0916	0.6720
195.9064	1.0371	1.1090	0.7092
196.0588	1.0718	1.1430	0.7578
196.2112	1.0791	1.1904	0.8704
196.3636	1.0792	1.2322	0.8669
196.5160	1.0857	1.2435	0.8239
196.6684	1.0914	1.2181	0.8295
196.8208	1.0923	1.1743	0.7752
196.9732	1.0834	1.1341	0.6772
197.1256	1.0592	1.1075	0.6294
197.2780	1.0331	1.0922	0.6774
197.4304	1.0193	1.0824	0.6646
197.5828	1.0134	1.0756	0.6354
197.7352	1.0153	1.0751	0.6312
197.8876	1.0275	1.0864	0.6430
198.0400	1.0448	1.1115	0.6633
198.1924	1.0588	1.1461	0.6897
198.3448	1.0791	1.1833	0.6847
198.4972	1.1053	1.2176	0.7631
198.6496	1.1384	1.2480	0.7804
198.8020	1.1728	1.2758	0.8278
198.9544	1.2003	1.3019	0.8212
199.1068	1.2169	1.3252	0.8626
199.2592	1.2317	1.3425	0.8075
199.4116	1.2327	1.3507	0.8078
199.5640	1.2224	1.3474	0.7781
199.7164	1.2068	1.3305	0.7738
199.8688	1.1928	1.3006	0.7074
200.0212	1.1783	1.2636	0.7097
200.1736	1.1621	1.2279	0.7558
200.3260	1.1438	1.1998	0.7595
200.4784	1.1275	1.1798	0.8068
200.6308	1.1136	1.1639	0.8020
200.7832	1.1027	1.1478	0.7356
200.9356	1.1049	1.1320	0.6893
201.0880	1.1220	1.1220	0.6938
201.2404	1.1426	1.1251	0.6926
201.3928	1.1599	1.1459	0.7045
201.5452	1.1682	1.1829	0.8047
201.6976	1.1774	1.2269	0.8211
201.8500	1.1892	1.2632	0.8177
202.0024	1.2027	1.2796	0.8413
202.1548	1.2168	1.2755	0.7524
202.3072	1.2364	1.2632	0.7141
202.4596	1.2530	1.2580	0.7381
202.6120	1.2716	1.2702	0.7516
202.7644	1.2990	1.3026	0.7931
202.9168	1.3395	1.3508	0.8001
203.0692	1.3906	1.4086	0.8979
203.2216	1.4433	1.4741	0.9792
203.3740	1.5153	1.5514	0.9588
203.5264	1.5649	1.6432	0.9919
203.6788	1.5941	1.7364	1.0409
203.8312	1.5762	1.7918	1.1362
203.9836	1.5284	1.7671	1.1034
204.1360	1.4963	1.6640	1.0733
204.2884	1.4777	1.5293	0.9595
204.4408	1.4659	1.4120	0.9059
204.5932	1.4563	1.3406	0.7947
204.7456	1.4578	1.3268	0.7844
204.8980	1.4596	1.3714	0.8668
205.0504	1.4540	1.4632	1.0249
205.2028	1.4654	1.5711	1.1065
205.3552	1.4952	1.6462	1.1021
205.5076	1.5187	1.6553	1.0583
205.6600	1.5129	1.6107	0.9868
205.8124	1.4956	1.5459	0.9811
205.9648	1.4747	1.4795	0.8017
206.1172	1.4167	1.4132	0.8103
206.2696	1.3275	1.3451	0.7221
206.4220	1.2629	1.2786	0.7130
206.5744	1.2091	1.2234	0.7237
206.7268	1.1890	1.1880	0.6873
206.8792	1.1743	1.1733	0.6956
207.0316	1.1638	1.1722	0.7258
207.1840	1.1544	1.1742	0.7308
207.3364	1.1438	1.1723	0.7200
207.4888	1.1435	1.1666	0.7198
207.6412	1.1506	1.1626	0.7508
207.7936	1.1573	1.1648	0.7208
207.9460	1.1654	1.1730	0.6918
208.0984	1.1696	1.1839	0.7375
208.2508	1.1716	1.1939	0.7298
208.4032	1.1732	1.2003	0.7462
208.5556	1.1762	1.2012	0.7407
208.7080	1.1781	1.1955	0.7085
208.8604	1.1711	1.1842	0.6946
209.0128	1.1561	1.1701	0.7025
209.1652	1.1484	1.1568	0.7001
209.3176	1.1397	1.1468	0.7105
209.4700	1.1357	1.1405	0.6994
209.6224	1.1331	1.1370	0.6882
209.7748	1.1337	1.1361	0.6751
209.9272	1.1364	1.1384	0.6803
210.0796	1.1390	1.1444	0.6786
210.2320	1.1416	1.1531	0.6850
210.3844	1.1442	1.1618	0.6936
210.5368	1.1485	1.1676	0.6982
210.6892	1.1536	1.1697	0.6821
210.8416	1.1585	1.1693	0.6987
210.9940	1.1604	1.1680	0.6924
211.1464	1.1605	1.1668	0.6785
211.2988	1.1603	1.1660	0.6835
211.4512	1.1612	1.1654	0.6942
211.6036	1.1621	1.1653	0.6841
211.7560	1.1634	1.1663	0.6896
211.9084	1.1654	1.1685	0.6945
212.0608	1.1646	1.1708	0.6983
212.2132	1.1637	1.1717	0.6937
212.3656	1.1645	1.1707	0.6962
212.5180	1.1630	1.1685	0.6905
212.6704	1.1611	1.1661	0.6780
212.8228	1.1628	1.1642	0.6858
212.9752	1.1665	1.1631	0.6913
213.1276	1.1734	1.1638	0.6866
213.2800	1.1832	1.1685	0.6719
213.4324	1.1893	1.1789	0.7262
213.5848	1.1941	1.1947	0.7210
213.7372	1.1979	1.2121	0.7395
213.8896	1.2031	1.2249	0.7335
214.0420	1.2052	1.2281	0.7218
214.1944	1.2039	1.2210	0.7134
214.3468	1.2014	1.2078	0.7057
214.4992	1.1929	1.1941	0.6954
214.6516	1.1802	1.1838	0.6970
214.8040	1.1754	1.1777	0.6964
214.9564	1.1717	1.1750	0.6772
215.1088	1.1694	1.1742	0.6840
215.2612	1.1687	1.1749	0.6884
215.4136	1.1678	1.1768	0.6939
215.5660	1.1664	1.1790	0.7025
215.7184	1.1647	1.1798	0.7010
215.8708	1.1639	1.1782	0.6988
216.0232	1.1635	1.1745	0.6902
216.1756	1.1641	1.1703	0.6823
216.3280	1.1625	1.1675	0.6853
216.4804	1.1625	1.1670	0.6872
216.6328	1.1632	1.1690	0.7104
216.7852	1.1647	1.1732	0.6829
216.9376	1.1665	1.1788	0.6987
217.0900	1.1686	1.1845	0.6829
217.2424	1.1713	1.1888	0.6981
217.3948	1.1737	1.1909	0.6905
217.5472	1.1746	1.1910	0.6887
217.6996	1.1739	1.1899	0.6958
217.8520	1.1698	1.1887	0.6847
218.0044	1.1631	1.1874	0.6978
218.1568	1.1611	1.1850	0.6967
218.3092	1.1584	1.1805	0.6823
218.4616	1.1561	1.1739	0.6829
218.6140	1.1534	1.1660	0.6815
218.7664	1.1510	1.1586	0.6738
218.9188	1.1468	1.1537	0.6763
219.0712	1.1449	1.1521	0.6722
219.2236	1.1468	1.1538	0.6655
219.3760	1.1513	1.1579	0.6767
219.5284	1.1580	1.1633	0.6698
219.6808	1.1640	1.1688	0.6834
219.8332	1.1674	1.1745	0.6937
219.9856	1.1701	1.1810	0.6685
220.1380	1.1716	1.1879	0.7021
220.2904	1.1712	1.1926	0.7097
220.4428	1.1701	1.1923	0.7072
220.5952	1.1698	1.1863	0.6858
220.7476	1.1718	1.1776	0.6819
220.9000	1.1773	1.1715	0.6706
221.0524	1.1874	1.1731	0.7260
221.2048	1.2069	1.1852	0.6955
221.3572	1.2313	1.2085	0.7324
221.5096	1.2709	1.2420	0.7459
221.6620	1.3234	1.2832	0.7675
221.8144	1.3737	1.3308	0.8165
221.9668	1.4303	1.3868	0.8885
222.1192	1.4960	1.4576	0.8432
222.2716	1.5594	1.5491	0.9211
222.4240	1.6184	1.6626	0.9939
222.5764	1.6728	1.7925	1.0410
222.7288	1.7620	1.9303	1.1313
222.8812	1.8846	2.0675	1.1266
223.0336	1.9638	2.1946	1.1673
223.1860	2.0326	2.2945	1.3557
223.3384	2.0501	2.3441	1.4981
223.4908	2.0571	2.3315	1.4830
223.6432	2.0637	2.2679	1.4574
223.7956	2.0623	2.1804	1.2669
223.9480	2.0481	2.0943	1.1968
224.1004	1.9884	2.0246	1.1925
224.2528	1.9402	1.9769	1.2186
224.4052	1.8855	1.9507	1.1419
224.5576	1.8594	1.9407	1.1709
224.7100	1.8591	1.9396	1.1399
224.8624	1.8643	1.9434	1.1494
225.0148	1.8652	1.9510	1.1474
225.1672	1.8642	1.9610	1.1825
225.3196	1.8614	1.9691	1.1913
225.4720	1.8574	1.9695	1.2192
225.6244	1.8547	1.9593	1.1683
225.7768	1.8547	1.9425	1.1285
225.9292	1.8585	1.9286	1.1400
226.0816	1.8525	1.9232	1.1311
226.2340	1.8362	1.9240	1.1968
226.3864	1.8210	1.9252	1.1251
226.5388	1.8241	1.9238	1.1755
226.6912	1.8294	1.9212	1.1010
226.8436	1.8356	1.9221	1.1574
226.9960	1.8429	1.9326	1.1535
227.1484	1.8575	1.9587	1.1881
227.3008	1.8800	2.0037	1.2611
227.4532	1.9171	2.0645	1.2466
227.6056	1.9483	2.1297	1.3502
227.7580	1.9851	2.1833	1.3288
227.9104	2.0237	2.2127	1.2286
228.0628	2.0838	2.2195	1.3163
228.2152	2.1357	2.2194	1.3138
228.3676	2.1649	2.2312	1.3034
228.5200	2.1903	2.2672	1.3550
228.6724	2.1894	2.3259	1.3425
228.8248	2.1557	2.3765	1.4528
228.9772	2.0971	2.3568	1.3807
229.1296	2.0287	2.2249	1.2991
229.2820	1.9455	2.0131	1.1400
229.4344	1.8168	1.7950	1.0256
229.5868	1.7174	1.6239	0.9196
229.7392	1.6215	1.5163	0.8434
229.8916	1.5651	1.4648	0.8126
230.0440	1.5439	1.4540	0.7837
230.1964	1.5614	1.4709	0.7956
230.3488	1.5908	1.5099	0.8735
230.5012	1.6174	1.5724	0.9243
230.6536	1.6425	1.6652	1.0533
230.8060	1.6720	1.7831	1.1722
230.9584	1.7164	1.8970	1.3436
231.1108	1.7706	1.9604	1.1062
231.2632	1.7902	1.9491	1.2239
231.4156	1.7869	1.8854	1.0713
231.5680	1.7615	1.8142	1.0858
231.7204	1.7050	1.7685	1.0669
231.8728	1.6730	1.7556	1.0188
232.0252	1.6539	1.7619	0.9966
232.1776	1.6452	1.7664	1.0487
232.3300	1.6427	1.7564	1.0016
232.4824	1.6448	1.7362	1.0409
232.6348	1.6545	1.7181	1.0564
232.7872	1.6543	1.7055	1.0428
232.9396	1.6007	1.6848	1.0633
233.0920	1.4965	1.6378	1.0257
233.2444	1.4306	1.5620	1.0180
233.3968	1.3858	1.4715	0.9806
233.5492	1.3339	1.3795	0.8054
233.7016	1.2760	1.2906	0.6412
233.8540	1.1871	1.2054	0.5998
234.0064	1.1146	1.1272	0.5873
234.1588	1.0661	1.0640	0.5726
234.3112	1.0346	1.0225	0.5639
234.4636	1.0207	1.0038	0.5706
234.6160	1.0130	1.0024	0.5997
234.7684	1.0096	1.0104	0.6071
234.9208	1.0107	1.0204	0.5995
235.0732	1.0135	1.0287	0.6068
235.2256	1.0157	1.0348	0.6128
235.3780	1.0183	1.0396	0.6203
235.5304	1.0218	1.0434	0.6190
235.6828	1.0258	1.0465	0.6215
235.8352	1.0320	1.0497	0.6243
235.9876	1.0408	1.0547	0.6191
236.1400	1.0493	1.0626	0.6240
236.2924	1.0561	1.0729	0.6297
236.4448	1.0611	1.0832	0.6360
236.5972	1.0641	1.0903	0.6440
236.7496	1.0661	1.0923	0.6481
236.9020	1.0673	1.0895	0.6421
237.0544	1.0669	1.0837	0.6312
237.2068	1.0643	1.0765	0.6230
237.3592	1.0601	1.0693	0.6183
237.5116	1.0554	1.0625	0.6046
237.6640	1.0495	1.0566	0.6114
237.8164	1.0442	1.0521	0.6167
237.9688	1.0409	1.0493	0.6298
238.1212	1.0381	1.0482	0.6277
238.2736	1.0347	1.0480	0.6152
238.4260	1.0297	1.0477	0.6084
238.5784	1.0259	1.0459	0.6083
238.7308	1.0239	1.0420	0.6052
238.8832	1.0225	1.0363	0.6041
239.0356	1.0215	1.0303	0.6016
239.1880	1.0207	1.0261	0.5973
239.3404	1.0203	1.0248	0.5995
239.4928	1.0201	1.0264	0.5961
239.6452	1.0206	1.0298	0.6133
239.7976	1.0216	1.0332	0.6269
239.9500	1.0228	1.0353	0.5767
240.1024	1.0237	1.0355	0.5848
240.2548	1.0245	1.0340	0.6016
240.4072	1.0249	1.0316	0.5922
240.5596	1.0250	1.0290	0.5806
240.7120	1.0239	1.0267	0.5763
240.8644	1.0222	1.0248	0.6451
241.0168	1.0207	1.0231	0.6062
241.1692	1.0193	1.0211	0.6635
241.3216	1.0184	1.0185	0.5994
241.4740	1.0175	1.0155	0.6120
241.6264	1.0160	1.0125	0.6952
241.7788	1.0156	1.0101	0.5659
241.9312	1.0199	1.0090	0.6559
242.0836	1.0320	1.0104	0.6024
242.2360	1.0513	1.0161	0.5997
242.3884	1.0778	1.0298	0.6085
242.5408	1.1046	1.0569	0.6526
242.6932	1.1396	1.1051	0.6765
242.8456	1.2149	1.1819	0.7161
242.9980	1.2774	1.2864	0.8742
243.1504	1.3340	1.3998	0.9132
243.3028	1.3672	1.4833	0.8992
243.4552	1.3860	1.5027	1.0370
243.6076	1.3970	1.4607	0.9099
243.7600	1.3963	1.3908	0.9084
243.9124	1.3703	1.3236	0.7246
244.0648	1.3594	1.2760	0.6583
244.2172	1.3728	1.2569	0.7105
244.3696	1.3885	1.2711	0.6986
244.5220	1.4162	1.3192	0.7077
244.6744	1.4465	1.3974	0.7444
244.8268	1.4902	1.4964	0.9829
244.9792	1.5851	1.6019	1.0012
245.1316	1.6620	1.6954	0.7708
245.2840	1.7232	1.7578	0.7783
245.4364	1.7353	1.7774	0.8151
245.5888	1.7268	1.7583	0.8610
245.7412	1.7063	1.7147	1.0082
245.8936	1.6727	1.6572	0.8137
246.0460	1.6364	1.5900	0.7981
246.1984	1.5788	1.5162	0.8567
246.3508	1.5091	1.4420	0.7781
246.5032	1.4544	1.3770	0.7338
246.6556	1.3991	1.3291	0.7435
246.8080	1.3578	1.3003	0.7373
246.9604	1.3212	1.2863	0.7058
247.1128	1.2935	1.2783	0.6988
247.2652	1.2646	1.2668	0.5304
247.4176	1.2389	1.2470	0.6858
247.5700	1.2196	1.2201	0.6619
247.7224	1.2032	1.1911	0.7775
247.8748	1.1906	1.1646	0.8306
248.0272	1.1791	1.1425	0.7951
248.1796	1.1611	1.1245	0.7938
248.3320	1.1609	1.1122	0.6422
248.4844	1.1793	1.1097	0.6469
248.6368	1.2147	1.1210	0.6045
248.7892	1.2595	1.1489	0.6586
248.9416	1.3158	1.1975	0.6519
249.0940	1.3907	1.2743	0.7764
249.2464	1.4779	1.3885	0.8654
249.3988	1.5952	1.5470	1.1139
249.5512	1.7249	1.7406	1.1218
249.7036	1.8399	1.9286	1.3772
249.8560	1.9024	2.0489	1.4004
250.0084	1.9238	2.0658	1.0225
250.1608	1.8941	1.9919	1.2858
250.3132	1.8291	1.8683	1.1237
250.4656	1.7362	1.7310	0.8023
250.6180	1.6301	1.6032	0.7647
250.7704	1.5078	1.4959	0.6777
250.9228	1.4243	1.4113	0.6723
251.0752	1.3589	1.3442	0.7095
251.2276	1.2980	1.2859	0.6490
251.3800	1.2531	1.2308	0.6799
251.5324	1.2190	1.1794	0.6781
251.6848	1.1907	1.1364	0.6139
251.8372	1.1610	1.1068	0.5463
251.9896	1.1430	1.0918	0.5221
252.1420	1.1284	1.0885	0.6623
252.2944	1.1182	1.0918	0.5881
252.4468	1.1110	1.0961	0.6094
252.5992	1.1067	1.0973	0.6458
252.7516	1.1037	1.0938	0.5744
252.9040	1.1021	1.0867	0.6259
253.0564	1.1012	1.0790	0.6259
253.2088	1.1008	1.0739	0.5188
253.3612	1.1006	1.0731	0.4998
253.5136	1.0992	1.0757	0.5960
253.6660	1.0986	1.0788	0.5963
253.8184	1.0999	1.0799	0.6094
253.9708	1.1039	1.0784	0.6646
254.1232	1.1119	1.0758	0.6874
254.2756	1.1249	1.0751	0.6170
254.4280	1.1469	1.0798	0.5285
254.5804	1.1767	1.0937	0.5561
254.7328	1.2052	1.1202	0.5887
254.8852	1.2322	1.1606	0.6693
255.0376	1.2608	1.2130	0.8319
255.1900	1.2888	1.2721	0.7975
255.3424	1.3167	1.3288	0.7616
255.4948	1.3406	1.3721	0.8398
255.6472	1.3564	1.3929	0.6924
255.7996	1.3589	1.3885	0.7510
255.9520	1.3547	1.3646	0.8028
256.1044	1.3493	1.3329	0.7385
256.2568	1.3460	1.3056	0.7426
256.4092	1.3450	1.2903	0.7894
256.5616	1.3451	1.2889	0.8198
256.7140	1.3480	1.2993	0.7583
256.8664	1.3556	1.3171	0.7639
257.0188	1.3673	1.3363	0.7915
257.1712	1.3733	1.3507	0.8453
257.3236	1.3636	1.3547	0.7113
257.4760	1.3460	1.3451	0.7734
257.6284	1.3345	1.3220	0.6785
257.7808	1.3211	1.2899	0.7102
257.9332	1.3093	1.2559	0.6094
258.0856	1.2935	1.2273	0.6949
258.2380	1.2727	1.2090	0.5754
258.3904	1.2594	1.2025	0.6681
258.5428	1.2491	1.2059	0.8279
258.6952	1.2438	1.2140	0.8001
258.8476	1.2446	1.2214	0.6758
259.0000	1.2512	1.2251	0.7480
259.1524	1.2629	1.2259	0.7148
259.3048	1.2752	1.2263	0.6266
259.4572	1.2867	1.2294	0.6598
259.6096	1.3016	1.2374	0.8106
259.7620	1.3140	1.2515	0.7218
259.9144	1.3272	1.2728	0.6188
260.0668	1.3393	1.3017	0.8409
260.2192	1.3546	1.3352	0.7749
260.3716	1.3617	1.3650	0.8055
260.5240	1.3510	1.3792	0.7683
260.6764	1.3187	1.3697	0.8022
260.8288	1.2700	1.3377	0.8087
260.9812	1.2303	1.2923	0.8509
261.1336	1.2062	1.2432	0.6432
261.2860	1.1912	1.1961	0.6702
261.4384	1.1777	1.1543	0.6322
261.5908	1.1610	1.1229	0.6616
261.7432	1.1491	1.1088	0.6694
261.8956	1.1552	1.1184	0.6549
262.0480	1.1824	1.1523	0.6717
262.2004	1.2148	1.2030	0.6366
262.3528	1.2372	1.2555	0.5994
262.5052	1.2495	1.2945	0.6972
262.6576	1.2568	1.3121	0.7763
262.8100	1.2590	1.3087	0.7952
262.9624	1.2502	1.2875	0.7590
263.1148	1.2282	1.2515	0.6949
263.2672	1.1930	1.2057	0.7032
263.4196	1.1513	1.1590	0.6844
263.5720	1.1205	1.1198	0.7295
263.7244	1.1010	1.0926	0.7269
263.8768	1.0834	1.0761	0.6537
264.0292	1.0682	1.0658	0.6709
264.1816	1.0563	1.0577	0.6484
264.3340	1.0482	1.0501	0.5115
264.4864	1.0443	1.0440	0.6134
264.6388	1.0438	1.0407	0.5794
264.7912	1.0464	1.0409	0.5092
264.9436	1.0532	1.0445	0.6304
265.0960	1.0635	1.0516	0.7449
265.2484	1.0796	1.0628	0.7530
265.4008	1.0979	1.0780	0.6968
265.5532	1.1117	1.0961	0.6065
265.7056	1.1232	1.1147	0.6465
265.8580	1.1345	1.1312	0.6600
266.0104	1.1428	1.1431	0.6782
266.1628	1.1532	1.1488	0.6733
266.3152	1.1603	1.1472	0.6594
266.4676	1.1621	1.1388	0.7251
266.6200	1.1603	1.1262	0.6480
266.7724	1.1545	1.1137	0.6224
266.9248	1.1474	1.1041	0.5973
267.0772	1.1413	1.0988	0.6952
267.2296	1.1353	1.0961	0.5998
267.3820	1.1325	1.0940	0.6446
267.5344	1.1330	1.0918	0.6146
267.6868	1.1360	1.0909	0.6149
267.8392	1.1405	1.0926	0.6801
267.9916	1.1455	1.0977	0.6444
268.1440	1.1498	1.1053	0.6364
268.2964	1.1541	1.1136	0.7164
268.4488	1.1594	1.1204	0.6683
268.6012	1.1658	1.1244	0.6348
268.7536	1.1708	1.1259	0.6513
268.9060	1.1740	1.1267	0.6656
269.0584	1.1764	1.1297	0.6771
269.2108	1.1784	1.1361	0.6809
269.3632	1.1800	1.1453	0.6791
269.5156	1.1821	1.1546	0.7038
269.6680	1.1842	1.1611	0.6462
269.8204	1.1835	1.1631	0.6544
269.9728	1.1793	1.1605	0.6793
270.1252	1.1717	1.1542	0.6404
270.2776	1.1655	1.1455	0.6594
270.4300	1.1601	1.1361	0.6913
270.5824	1.1538	1.1278	0.6995
270.7348	1.1460	1.1216	0.6318
270.8872	1.1351	1.1172	0.6356
271.0396	1.1272	1.1130	0.6723
271.1920	1.1229	1.1074	0.5985
271.3444	1.1204	1.1007	0.6294
271.4968	1.1187	1.0949	0.6462
271.6492	1.1180	1.0923	0.6379
271.8016	1.1188	1.0949	0.6315
271.9540	1.1221	1.1037	0.6641
272.1064	1.1287	1.1181	0.6521
272.2588	1.1379	1.1356	0.6148
272.4112	1.1410	1.1530	0.6647
272.5636	1.1388	1.1660	0.6350
272.7160	1.1367	1.1712	0.6644
272.8684	1.1338	1.1679	0.6849
273.0208	1.1305	1.1589	0.6299
273.1732	1.1262	1.1482	0.6132
273.3256	1.1194	1.1386	0.6491
273.4780	1.1059	1.1305	0.6365
273.6304	1.0887	1.1226	0.6117
273.7828	1.0736	1.1140	0.6077
273.9352	1.0600	1.1055	0.6285
274.0876	1.0465	1.0981	0.6355
274.2400	1.0354	1.0913	0.6417
274.3924	1.0270	1.0832	0.6611
274.5448	1.0182	1.0722	0.5984
274.6972	1.0091	1.0583	0.5693
274.8496	1.0007	1.0438	0.5881
275.0020	0.9959	1.0324	0.6512
275.1544	0.9922	1.0266	0.6024
275.3068	0.9912	1.0265	0.5942
275.4592	0.9932	1.0303	0.6709
275.6116	0.9974	1.0359	0.5967
275.7640	1.0050	1.0414	0.5398
275.9164	1.0206	1.0460	0.6160
276.0688	1.0322	1.0516	0.6916
276.2212	1.0444	1.0627	0.5803
276.3736	1.0563	1.0827	0.5055
276.5260	1.0699	1.1118	0.6302
276.6784	1.0873	1.1455	0.6387
276.8308	1.1110	1.1770	0.6928
276.9832	1.1301	1.2000	0.6935
277.1356	1.1428	1.2118	0.6311
277.2880	1.1481	1.2121	0.6606
277.4404	1.1474	1.2027	0.6994
277.5928	1.1450	1.1874	0.6965
277.7452	1.1455	1.1704	0.6918
277.8976	1.1472	1.1551	0.6721
278.0500	1.1491	1.1445	0.6636
278.2024	1.1513	1.1420	0.6329
278.3548	1.1548	1.1493	0.6278
278.5072	1.1571	1.1641	0.6538
278.6596	1.1571	1.1796	0.6637
278.8120	1.1578	1.1878	0.6813
278.9644	1.1571	1.1847	0.7063
279.1168	1.1511	1.1732	0.6548
279.2692	1.1414	1.1591	0.6431
279.4216	1.1286	1.1451	0.6549
279.5740	1.1192	1.1306	0.6518
279.7264	1.1101	1.1153	0.6319
279.8788	1.1044	1.1016	0.5965
280.0312	1.0987	1.0939	0.6559
280.1836	1.0959	1.0947	0.6248
280.3360	1.0952	1.1025	0.6429
280.4884	1.0947	1.1125	0.6614
280.6408	1.0972	1.1191	0.6442
280.7932	1.1020	1.1195	0.6267
280.9456	1.1019	1.1155	0.6584
281.0980	1.1002	1.1110	0.6345
281.2504	1.0973	1.1089	0.6051
281.4028	1.0935	1.1085	0.6128
281.5552	1.0883	1.1076	0.7175
281.7076	1.0810	1.1042	0.6234
281.8600	1.0736	1.0994	0.6762
282.0124	1.0708	1.0960	0.6347
282.1648	1.0716	1.0963	0.5467
282.3172	1.0766	1.1011	0.5223
282.4696	1.0859	1.1106	0.5526
282.6220	1.0978	1.1261	0.5524
282.7744	1.1091	1.1485	0.5836
282.9268	1.1192	1.1750	0.6878
283.0792	1.1286	1.1986	0.7376
283.2316	1.1365	1.2110	0.6398
283.3840	1.1425	1.2106	0.5599
283.5364	1.1502	1.2045	0.6266
283.6888	1.1611	1.2024	0.7395
283.8412	1.1652	1.2073	0.7024
283.9936	1.1621	1.2143	0.5888
284.1460	1.1560	1.2160	0.5770
284.2984	1.1481	1.2086	0.6740
284.4508	1.1383	1.1932	0.7760
284.6032	1.1264	1.1718	0.6122
284.7556	1.1139	1.1435	0.6822
284.9080	1.0963	1.1069	0.6070
285.0604	1.0726	1.0655	0.4890
285.2128	1.0443	1.0275	0.4496
285.3652	1.0265	1.0015	0.4689
285.5176	1.0095	0.9887	0.5412
285.6700	1.0025	0.9874	0.6893
285.8224	1.0005	0.9929	0.5760
285.9748	1.0015	0.9999	0.6290
286.1272	1.0015	1.0051	0.6411
286.2796	1.0016	1.0074	0.6084
286.4320	1.0017	1.0070	0.5747
286.5844	1.0014	1.0050	0.5528
286.7368	1.0015	1.0028	0.6451
286.8892	1.0022	1.0017	0.5131
287.0416	1.0038	1.0025	0.5975
287.1940	1.0043	1.0053	0.6379
287.3464	1.0049	1.0085	0.5229
287.4988	1.0059	1.0103	0.6203
287.6512	1.0076	1.0098	0.6899
287.8036	1.0108	1.0080	0.5549
287.9560	1.0119	1.0066	0.6477
288.1084	1.0128	1.0069	0.5574
288.2608	1.0140	1.0086	0.6323
288.4132	1.0152	1.0111	0.5617
288.5656	1.0166	1.0138	0.6389
288.7180	1.0182	1.0164	0.6144
288.8704	1.0196	1.0187	0.5605
289.0228	1.0189	1.0201	0.6113
289.1752	1.0185	1.0200	0.5989
289.3276	1.0188	1.0187	0.6224
289.4800	1.0192	1.0176	0.5883
289.6324	1.0185	1.0174	0.5800
289.7848	1.0174	1.0177	0.6505
289.9372	1.0156	1.0177	0.5511
290.0896	1.0145	1.0166	0.5438
290.2420	1.0144	1.0146	0.6059
290.3944	1.0148	1.0129	0.5403
290.5468	1.0155	1.0123	0.5738
290.6992	1.0166	1.0131	0.6388
290.8516	1.0184	1.0144	0.5613
291.0040	1.0208	1.0160	0.6604
291.1564	1.0247	1.0181	0.6789
291.3088	1.0315	1.0216	0.5886
291.4612	1.0393	1.0271	0.5295
291.6136	1.0464	1.0344	0.6514
291.7660	1.0520	1.0429	0.7424
291.9184	1.0568	1.0518	0.7129
292.0708	1.0618	1.0602	0.6416
292.2232	1.0673	1.0680	0.5593
292.3756	1.0738	1.0758	0.5165
292.5280	1.0827	1.0849	0.6046
292.6804	1.0931	1.0962	0.6667
292.8328	1.1020	1.1092	0.6265
292.9852	1.1108	1.1214	0.6038
293.1376	1.1233	1.1300	0.6258
293.2900	1.1385	1.1342	0.7391
293.4424	1.1473	1.1357	0.8079
293.5948	1.1499	1.1374	0.7073
293.7472	1.1508	1.1411	0.6535
293.8996	1.1497	1.1448	0.6828
294.0520	1.1446	1.1440	0.6342
294.2044	1.1351	1.1346	0.5618
294.3568	1.1245	1.1168	0.6132
294.5092	1.1117	1.0957	0.6166
294.6616	1.0951	1.0777	0.5398
294.8140	1.0777	1.0660	0.6051
294.9664	1.0659	1.0601	0.6184
295.1188	1.0606	1.0564	0.5484
295.2712	1.0567	1.0521	0.5016
295.4236	1.0542	1.0467	0.4725
295.5760	1.0521	1.0412	0.5323
295.7284	1.0481	1.0365	0.6557
295.8808	1.0419	1.0321	0.7444
296.0332	1.0375	1.0271	0.6821
296.1856	1.0349	1.0216	0.6571
296.3380	1.0350	1.0169	0.6585
296.4904	1.0335	1.0148	0.6146
296.6428	1.0299	1.0164	0.6249
296.7952	1.0289	1.0207	0.6554
296.9476	1.0287	1.0256	0.6171
297.1000	1.0296	1.0284	0.5390
297.2524	1.0311	1.0282	0.4738
297.4048	1.0343	1.0265	0.4995
297.5572	1.0416	1.0264	0.5428
297.7096	1.0518	1.0302	0.5697
297.8620	1.0621	1.0379	0.6571
298.0144	1.0764	1.0470	0.5628
298.1668	1.0913	1.0548	0.6471
298.3192	1.1017	1.0611	0.6500
298.4716	1.1046	1.0687	0.6706
298.6240	1.1081	1.0815	0.7614
298.7764	1.1094	1.1002	0.7722
298.9288	1.1089	1.1197	0.6932
299.0812	1.1051	1.1305	0.7059
299.2336	1.0984	1.1262	0.6741
299.3860	1.0914	1.1095	0.6530
299.5384	1.0822	1.0893	0.6479
299.6908	1.0717	1.0743	0.6381
299.8432	1.0622	1.0679	0.6407
299.9956	1.0576	1.0694	0.6394
300.1480	1.0602	1.0755	0.6422
300.3004	1.0718	1.0834	0.6394
300.4528	1.0817	1.0913	0.6308
300.6052	1.0885	1.0988	0.6588
300.7576	1.0968	1.1071	0.6657
300.9100	1.1059	1.1187	0.6668
301.0624	1.1189	1.1365	0.6915
301.2148	1.1416	1.1610	0.7314
301.3672	1.1630	1.1890	0.6951
301.5196	1.1776	1.2133	0.7741
301.6720	1.1858	1.2267	0.5741
301.8244	1.1845	1.2270	0.7101
301.9768	1.1726	1.2181	0.5922
302.1292	1.1529	1.2044	0.6035
302.2816	1.1288	1.1869	0.6659
302.4340	1.1108	1.1630	0.6575
302.5864	1.0943	1.1328	0.6127
302.7388	1.0822	1.1008	0.6089
302.8912	1.0744	1.0744	0.6451
303.0436	1.0680	1.0592	0.6275
303.1960	1.0636	1.0559	0.6475
303.3484	1.0587	1.0606	0.6153
303.5008	1.0591	1.0676	0.6323
303.6532	1.0642	1.0730	0.6598
303.8056	1.0692	1.0759	0.6343
303.9580	1.0741	1.0777	0.5972
304.1104	1.0776	1.0800	0.6322
304.2628	1.0802	1.0832	0.6250
304.4152	1.0834	1.0873	0.6227
304.5676	1.0870	1.0927	0.6008
304.7200	1.0915	1.0992	0.6271
304.8724	1.0987	1.1062	0.6716
305.0248	1.1049	1.1121	0.6781
305.1772	1.1101	1.1155	0.6351
305.3296	1.1117	1.1163	0.5272
305.4820	1.1092	1.1152	0.6969
305.6344	1.1049	1.1122	0.7270
305.7868	1.1005	1.1065	0.5521
305.9392	1.0946	1.0971	0.5228
306.0916	1.0865	1.0839	0.5334
306.2440	1.0783	1.0686	0.4905
306.3964	1.0733	1.0539	0.5412
306.5488	1.0674	1.0425	0.6193
306.7012	1.0623	1.0353	0.6741
306.8536	1.0519	1.0315	0.5863
307.0060	1.0464	1.0295	0.6217
307.1584	1.0436	1.0276	0.7206
307.3108	1.0423	1.0252	0.5903
307.4632	1.0428	1.0230	0.4887
307.6156	1.0428	1.0221	0.6497
307.7680	1.0426	1.0234	0.6961
307.9204	1.0423	1.0265	0.7350
308.0728	1.0428	1.0303	0.7260
308.2252	1.0432	1.0334	0.6418
308.3776	1.0446	1.0351	0.5501
308.5300	1.0483	1.0363	0.4633
308.6824	1.0536	1.0385	0.6618
308.8348	1.0579	1.0427	0.5149
308.9872	1.0598	1.0483	0.5077
309.1396	1.0619	1.0537	0.5908
309.2920	1.0641	1.0573	0.7114
309.4444	1.0669	1.0586	0.6522
309.5968	1.0691	1.0577	0.7501
309.7492	1.0703	1.0552	0.6663
309.9016	1.0697	1.0518	0.5806
310.0540	1.0682	1.0483	0.4926
310.2064	1.0671	1.0458	0.4716
310.3588	1.0668	1.0451	0.6231
310.5112	1.0683	1.0469	0.7181
310.6636	1.0714	1.0511	0.6070
310.8160	1.0750	1.0572	0.5556
310.9684	1.0776	1.0650	0.6109
311.1208	1.0793	1.0738	0.5632
311.2732	1.0816	1.0827	0.6653
311.4256	1.0829	1.0901	0.7293
311.5780	1.0805	1.0937	0.7161
311.7304	1.0755	1.0921	0.7552
311.8828	1.0720	1.0856	0.6988
312.0352	1.0700	1.0765	0.6065
312.1876	1.0685	1.0685	0.6833
312.3400	1.0672	1.0646	0.6692
312.4924	1.0656	1.0658	0.6916
312.6448	1.0636	1.0707	0.7104
312.7972	1.0613	1.0763	0.6512
312.9496	1.0602	1.0799	0.6469
313.1020	1.0607	1.0802	0.6396
313.2544	1.0613	1.0780	0.6361
313.4068	1.0616	1.0753	0.6400
313.5592	1.0630	1.0735	0.6386
313.7116	1.0660	1.0728	0.6368
313.8640	1.0698	1.0736	0.6351
314.0164	1.0735	1.0763	0.6270
314.1688	1.0762	1.0809	0.6874
314.3212	1.0777	1.0864	0.6884
314.4736	1.0787	1.0904	0.6737
314.6260	1.0799	1.0910	0.7029
314.7784	1.0822	1.0876	0.6457
314.9308	1.0841	1.0821	0.5865
315.0832	1.0833	1.0769	0.5739
315.2356	1.0808	1.0736	0.6172
315.3880	1.0787	1.0726	0.6227
315.5404	1.0773	1.0732	0.6505
315.6928	1.0765	1.0744	0.6644
315.8452	1.0757	1.0753	0.6025
315.9976	1.0747	1.0749	0.6022
316.1500	1.0741	1.0729	0.5659
316.3024	1.0743	1.0695	0.5650
316.4548	1.0754	1.0657	0.6019
316.6072	1.0777	1.0631	0.5374
316.7596	1.0821	1.0634	0.5736
316.9120	1.0883	1.0677	0.6482
317.0644	1.0952	1.0756	0.6227
317.2168	1.1023	1.0857	0.7078
317.3692	1.1078	1.0954	0.7366
317.5216	1.1119	1.1025	0.6567
317.6740	1.1150	1.1062	0.5939
317.8264	1.1174	1.1074	0.6669
317.9788	1.1189	1.1074	0.6885
318.1312	1.1187	1.1076	0.6792
318.2836	1.1169	1.1082	0.5893
318.4360	1.1139	1.1089	0.5757
318.5884	1.1098	1.1093	0.6381
318.7408	1.1051	1.1089	0.6329
318.8932	1.0998	1.1068	0.5369
319.0456	1.0941	1.1019	0.5586
319.1980	1.0877	1.0935	0.6704
319.3504	1.0806	1.0817	0.6486
319.5028	1.0728	1.0682	0.6350
319.6552	1.0664	1.0557	0.6076
319.8076	1.0604	1.0466	0.5249
319.9600	1.0559	1.0418	0.5789
320.1124	1.0526	1.0407	0.7031
320.2648	1.0495	1.0419	0.5731
320.4172	1.0483	1.0440	0.5901
320.5696	1.0481	1.0462	0.5025
320.7220	1.0489	1.0478	0.4921
320.8744	1.0517	1.0488	0.5339
321.0268	1.0549	1.0494	0.6572
321.1792	1.0593	1.0508	0.6116
321.3316	1.0649	1.0540	0.6473
321.4840	1.0720	1.0603	0.6791
321.6364	1.0834	1.0705	0.6681
321.7888	1.0948	1.0848	0.7136
321.9412	1.1083	1.1020	0.7361
322.0936	1.1199	1.1197	0.5591
322.2460	1.1269	1.1343	0.7354
322.3984	1.1307	1.1426	0.6152
322.5508	1.1337	1.1440	0.7714
322.7032	1.1356	1.1397	0.5938
322.8556	1.1370	1.1323	0.5747
323.0080	1.1365	1.1245	0.7453
323.1604	1.1342	1.1183	0.5514
323.3128	1.1324	1.1150	0.5595
323.4652	1.1313	1.1146	0.6143
323.6176	1.1300	1.1163	0.6483
323.7700	1.1285	1.1185	0.7943
323.9224	1.1287	1.1197	0.7713
324.0748	1.1288	1.1189	0.6156
324.2272	1.1243	1.1160	0.6624
324.3796	1.1156	1.1110	0.6712
324.5320	1.1054	1.1036	0.5774
324.6844	1.0963	1.0933	0.7305
324.8368	1.0893	1.0801	0.5942
324.9892	1.0833	1.0658	0.6334
325.1416	1.0775	1.0532	0.5646
325.2940	1.0739	1.0453	0.6717
325.4464	1.0715	1.0436	0.5632
325.5988	1.0687	1.0472	0.5924
325.7512	1.0661	1.0538	0.5833
325.9036	1.0664	1.0601	0.7139
326.0560	1.0662	1.0642	0.5260
326.2084	1.0635	1.0656	0.4970
326.3608	1.0588	1.0646	0.5028
326.5132	1.0571	1.0620	0.6032
326.6656	1.0558	1.0591	0.6671
326.8180	1.0548	1.0572	0.5769
326.9704	1.0531	1.0575	0.6563
327.1228	1.0510	1.0599	0.6000
327.2752	1.0447	1.0633	0.6094
327.4276	1.0404	1.0661	0.6312
327.5800	1.0387	1.0673	0.6382
327.7324	1.0367	1.0672	0.6249
327.8848	1.0300	1.0666	0.6316
328.0372	1.0243	1.0656	0.6143
328.1896	1.0198	1.0632	0.7051
328.3420	1.0159	1.0581	0.6664
328.4944	1.0121	1.0495	0.6307
328.6468	1.0069	1.0378	0.6999
328.7992	1.0033	1.0256	0.6599
328.9516	1.0010	1.0167	0.6043
329.1040	0.9998	1.0136	0.5908
329.2564	0.9994	1.0165	0.6026
329.4088	1.0004	1.0228	0.6153
329.5612	1.0006	1.0287	0.6324
329.7136	1.0028	1.0317	0.5827
329.8660	1.0076	1.0316	0.5808
330.0184	1.0121	1.0301	0.6511
330.1708	1.0164	1.0291	0.6168
330.3232	1.0206	1.0295	0.6571
330.4756	1.0237	1.0313	0.7001
330.6280	1.0264	1.0336	0.6062
330.7804	1.0298	1.0357	0.7091
330.9328	1.0348	1.0374	0.7008
331.0852	1.0410	1.0392	0.7405
331.2376	1.0468	1.0415	0.6615
331.3900	1.0505	1.0443	0.6876
331.5424	1.0534	1.0469	0.6738
331.6948	1.0561	1.0488	0.5868
331.8472	1.0597	1.0499	0.4965
331.9996	1.0645	1.0508	0.5278
332.1520	1.0721	1.0528	0.6231
332.3044	1.0840	1.0578	0.6422
332.4568	1.0898	1.0669	0.7156
332.6092	1.0961	1.0799	0.7481
332.7616	1.1025	1.0945	0.6771
332.9140	1.1071	1.1077	0.5801
333.0664	1.1103	1.1163	0.7070
333.2188	1.1113	1.1182	0.7851
333.3712	1.1118	1.1138	0.7574
333.5236	1.1088	1.1052	0.5578
333.6760	1.1039	1.0952	0.5819
333.8284	1.0990	1.0873	0.6512
333.9808	1.0973	1.0833	0.5617
334.1332	1.1014	1.0839	0.5418
334.2856	1.1065	1.0895	0.6814
334.4380	1.1092	1.1003	0.6688
334.5904	1.1117	1.1150	0.6458
334.7428	1.1127	1.1305	0.5906
334.8952	1.1150	1.1419	0.7269
335.0476	1.1178	1.1444	0.6714
335.2000	1.1169	1.1363	0.5993
335.3524	1.1125	1.1210	0.7250
335.5048	1.1052	1.1046	0.8086
335.6572	1.0986	1.0921	0.5775
335.8096	1.0895	1.0851	0.6395
335.9620	1.0827	1.0814	0.6818
336.1144	1.0755	1.0775	0.6682
336.2668	1.0695	1.0716	0.5331
336.4192	1.0639	1.0644	0.7103
336.5716	1.0595	1.0583	0.7029
336.7240	1.0590	1.0549	0.6735
336.8764	1.0609	1.0548	0.5224
337.0288	1.0638	1.0576	0.6153
337.1812	1.0694	1.0635	0.7454
337.3336	1.0772	1.0742	0.5993
337.4860	1.0915	1.0912	0.6541
337.6384	1.1050	1.1143	0.6339
337.7908	1.1194	1.1403	0.6905
337.9432	1.1357	1.1635	0.6340
338.0956	1.1510	1.1787	0.7138
338.2480	1.1632	1.1853	0.7196
338.4004	1.1740	1.1878	0.8356
338.5528	1.1827	1.1921	0.7274
338.7052	1.1896	1.2008	0.7067
338.8576	1.1944	1.2114	0.6557
339.0100	1.1907	1.2173	0.7702
339.1624	1.1820	1.2122	0.5959
339.3148	1.1732	1.1955	0.6727
339.4672	1.1609	1.1722	0.6833
339.6196	1.1442	1.1479	0.6124
339.7720	1.1326	1.1266	0.6555
339.9244	1.1260	1.1100	0.6190
340.0768	1.1253	1.0993	0.6929
340.2292	1.1258	1.0963	0.6323
340.3816	1.1267	1.1022	0.6842
340.5340	1.1271	1.1151	0.5526
340.6864	1.1276	1.1289	0.7417
340.8388	1.1260	1.1361	0.6652
340.9912	1.1290	1.1338	0.6184
341.1436	1.1350	1.1260	0.6524
341.2960	1.1449	1.1207	0.6182
341.4484	1.1491	1.1239	0.6235
341.6008	1.1467	1.1370	0.6229
341.7532	1.1463	1.1567	0.7172
341.9056	1.1457	1.1778	0.8139
342.0580	1.1426	1.1943	0.6199
342.2104	1.1367	1.1995	0.6399
342.3628	1.1263	1.1880	0.6855
342.5152	1.1128	1.1595	0.7150
342.6676	1.0948	1.1211	0.6492
342.8200	1.0602	1.0835	0.5973
342.9724	1.0418	1.0559	0.6184
343.1248	1.0255	1.0425	0.6084
343.2772	1.0161	1.0417	0.6200
343.4296	1.0124	1.0488	0.6183
343.5820	1.0146	1.0588	0.6337
343.7344	1.0212	1.0681	0.6540
343.8868	1.0297	1.0756	0.6405
344.0392	1.0388	1.0823	0.6452
344.1916	1.0468	1.0899	0.6250
344.3440	1.0519	1.0987	0.6673
344.4964	1.0557	1.1069	0.6583
344.6488	1.0592	1.1120	0.6699
344.8012	1.0643	1.1127	0.6483
344.9536	1.0692	1.1091	0.6513
345.1060	1.0683	1.1032	0.6415
345.2584	1.0624	1.0970	0.6657
345.4108	1.0579	1.0916	0.6836
345.5632	1.0536	1.0868	0.6757
345.7156	1.0509	1.0817	0.5931
345.8680	1.0481	1.0757	0.6254
346.0204	1.0461	1.0689	0.6662
346.1728	1.0444	1.0628	0.6253
346.3252	1.0437	1.0587	0.6530
346.4776	1.0433	1.0570	0.6258
346.6300	1.0433	1.0576	0.6133
346.7824	1.0450	1.0598	0.6236
346.9348	1.0471	1.0632	0.6184
347.0872	1.0493	1.0672	0.5846
347.2396	1.0500	1.0710	0.5892
347.3920	1.0493	1.0736	0.6203
347.5444	1.0485	1.0745	0.6329
347.6968	1.0483	1.0743	0.6219
347.8492	1.0472	1.0736	0.6462
348.0016	1.0466	1.0729	0.6069
348.1540	1.0461	1.0721	0.6347
348.3064	1.0454	1.0710	0.6281
348.4588	1.0441	1.0693	0.6826
348.6112	1.0423	1.0669	0.6048
348.7636	1.0393	1.0642	0.6455
348.9160	1.0344	1.0615	0.6963
349.0684	1.0316	1.0586	0.6308
349.2208	1.0296	1.0551	0.5443
349.3732	1.0268	1.0512	0.6297
349.5256	1.0240	1.0474	0.6167
349.6780	1.0212	1.0443	0.6005
349.8304	1.0153	1.0420	0.6114
349.9828	1.0075	1.0400	0.6008
350.1352	1.0026	1.0374	0.6088
350.2876	0.9960	1.0340	0.6103
350.4400	0.9890	1.0299	0.6095
350.5924	0.9808	1.0257	0.6077
350.7448	0.9730	1.0213	0.6143
350.8972	0.9662	1.0166	0.5996
351.0496	0.9592	1.0112	0.6051
351.2020	0.9521	1.0053	0.6042
351.3544	0.9448	0.9990	0.6014
351.5068	0.9399	0.9929	0.6008
351.6592	0.9376	0.9878	0.5934
351.8116	0.9369	0.9846	0.6037
351.9640	0.9372	0.9839	0.5972
352.1164	0.9401	0.9859	0.6044
352.2688	0.9456	0.9904	0.6058
352.4212	0.9560	0.9971	0.6099
352.5736	0.9650	1.0051	0.6180
352.7260	0.9695	1.0132	0.6161
352.8784	0.9745	1.0199	0.6235
353.0308	0.9783	1.0251	0.6167
353.1832	0.9833	1.0294	0.6136
353.3356	0.9893	1.0336	0.6262
353.4880	0.9950	1.0374	0.6159
353.6404	0.9971	1.0398	0.6179
353.7928	0.9980	1.0400	0.6346
353.9452	0.9987	1.0383	0.6224
354.0976	0.9995	1.0358	0.6239
354.2500	1.0008	1.0334	0.6264
354.4024	1.0020	1.0315	0.6223
354.5548	1.0038	1.0304	0.6184
354.7072	1.0061	1.0308	0.6318
354.8596	1.0086	1.0334	0.6245
355.0120	1.0108	1.0381	0.6342
355.1644	1.0121	1.0441	0.6180
355.3168	1.0131	1.0496	0.6252
355.4692	1.0134	1.0536	0.6211
355.6216	1.0123	1.0550	0.6320
355.7740	1.0093	1.0534	0.6259
355.9264	1.0074	1.0488	0.6211
356.0788	1.0080	1.0425	0.6407
356.2312	1.0115	1.0367	0.6264
356.3836	1.0149	1.0342	0.6229
356.5360	1.0196	1.0370	0.6338
356.6884	1.0234	1.0459	0.6418
356.8408	1.0330	1.0605	0.6528
356.9932	1.0438	1.0792	0.6695
357.1456	1.0528	1.0986	0.6620
357.2980	1.0635	1.1145	0.6765
357.4504	1.0676	1.1233	0.6755
357.6028	1.0714	1.1243	0.6806
357.7552	1.0754	1.1196	0.6733
357.9076	1.0782	1.1140	0.6664
358.0600	1.0809	1.1113	0.6682
358.2124	1.0821	1.1130	0.6928
358.3648	1.0836	1.1181	0.6863
358.5172	1.0860	1.1241	0.6849
358.6696	1.0898	1.1290	0.6856
358.8220	1.0946	1.1324	0.6772
358.9744	1.0959	1.1358	0.6921
359.1268	1.0910	1.1396	0.6797
359.2792	1.0856	1.1420	0.6914
359.4316	1.0822	1.1400	0.7023
359.5840	1.0783	1.1324	0.6925
359.7364	1.0743	1.1210	0.6608
359.8888	1.0680	1.1094	0.6487
360.0412	1.0531	1.0987	0.6786
360.1936	1.0361	1.0870	0.6780
360.3460	1.0187	1.0721	0.6610
360.4984	1.0081	1.0545	0.6610
360.6508	1.0011	1.0379	0.6390
360.8032	0.9939	1.0261	0.6365
360.9556	0.9835	1.0202	0.6179
361.1080	0.9756	1.0187	0.6233
361.2604	0.9730	1.0198	0.6306
361.4128	0.9734	1.0222	0.6295
361.5652	0.9754	1.0257	0.6419
361.7176	0.9776	1.0296	0.6271
361.8700	0.9780	1.0330	0.6464
362.0224	0.9782	1.0341	0.6386
362.1748	0.9792	1.0325	0.6368
362.3272	0.9804	1.0292	0.6304
362.4796	0.9786	1.0255	0.6248
362.6320	0.9765	1.0221	0.6141
362.7844	0.9729	1.0195	0.6276
362.9368	0.9710	1.0176	0.6254
363.0892	0.9703	1.0165	0.6377
363.2416	0.9692	1.0162	0.6246
363.3940	0.9679	1.0168	0.6329
363.5464	0.9658	1.0179	0.6299
363.6988	0.9621	1.0182	0.6381
363.8512	0.9566	1.0162	0.6536
364.0036	0.9517	1.0111	0.6285
364.1560	0.9474	1.0037	0.6334
364.3084	0.9444	0.9965	0.6192
364.4608	0.9423	0.9922	0.6159
364.6132	0.9413	0.9922	0.6421
364.7656	0.9414	0.9966	0.6451
364.9180	0.9418	1.0037	0.6130
365.0704	0.9450	1.0113	0.6370
365.2228	0.9530	1.0174	0.6417
365.3752	0.9664	1.0218	0.6776
365.5276	0.9664	1.0218	0.6759
365.6800	0.9664	1.0218	0.6735
365.8324	0.9664	1.0218	0.6689
365.9848	0.9664	1.0218	0.6760
366.1372	0.9664	1.0218	0.6794
366.2896	0.9664	1.0218	0.6683
366.4420	0.9664	1.0218	0.6495
366.5944	0.9664	1.0218	0.6479
366.7468	0.9664	1.0218	0.6502
366.8992	0.9664	1.0218	0.6379
367.0516	0.9664	1.0218	0.6068
367.2040	0.9664	1.0218	0.6323
367.3564	0.9664	1.0218	0.6098
367.5088	0.9664	1.0218	0.6130
367.6612	0.9664	1.0218	0.6405
367.8136	0.9664	1.0218	0.6536
367.9660	0.9664	1.0218	0.6653
368.1184	0.9664	1.0218	0.6593
368.2708	0.9664	1.0218	0.6762
368.4232	0.9664	1.0218	0.6878
368.5756	0.9664	1.0218	0.7001
368.7280	0.9664	1.0218	0.7013
368.8804	0.9664	1.0218	0.7008
369.0328	0.9664	1.0218	0.6547
369.1852	0.9664	1.0218	0.6904
369.3376	0.9664	1.0218	0.7114
369.4900	0.9664	1.0218	0.6985
369.6424	0.9664	1.0218	0.7048
369.7948	0.9664	1.0218	0.6947
369.9472	0.9664	1.0218	0.7168
370.0996	0.9664	1.0218	0.7410
370.2520	0.9664	1.0218	0.6998
370.4044	0.9664	1.0218	0.7410
370.5568	0.9664	1.0218	0.6964
370.7092	0.9664	1.0218	0.6652
370.8616	0.9664	1.0218	0.7148
371.0140	0.9664	1.0218	0.6855
371.1664	0.9664	1.0218	0.6577
371.3188	0.9664	1.0218	0.6911
371.4712	0.9664	1.0218	0.7202
371.6236	0.9664	1.0218	0.6889
371.7760	0.9664	1.0218	0.7300
371.9284	0.9664	1.0218	0.7066
372.0808	0.9664	1.0218	0.7103
372.2332	0.9664	1.0218	0.6828
372.3856	0.9664	1.0218	0.6865
372.5380	0.9664	1.0218	0.6953
372.6904	0.9664	1.0218	0.7008
372.8428	0.9664	1.0218	0.7116
372.9952	0.9664	1.0218	0.6891
373.1476	0.9664	1.0218	0.6957
373.3000	0.9664	1.0218	0.7040
373.4524	0.9664	1.0218	0.6876
373.6048	0.9664	1.0218	0.6941
373.7572	0.9664	1.0218	0.7039
373.9096	0.9664	1.0218	0.6990
374.0620	0.9664	1.0218	0.7002
374.2144	0.9664	1.0218	0.6892
374.3668	0.9664	1.0218	0.6839
374.5192	0.9664	1.0218	0.6733
374.6716	0.9664	1.0218	0.6949
374.8240	0.9664	1.0218	0.6791
374.9764	0.9664	1.0218	0.6974
375.1288	0.9664	1.0218	0.6747
375.2812	0.9664	1.0218	0.7023
375.4336	0.9664	1.0218	0.6811
375.5860	0.9664	1.0218	0.6728
375.7384	0.9664	1.0218	0.6705
375.8908	0.9664	1.0218	0.6665
376.0432	0.9664	1.0218	0.6626
376.1956	0.9664	1.0218	0.6711
376.3480	0.9664	1.0218	0.6673
376.5004	0.9664	1.0218	0.6894
376.6528	0.9664	1.0218	0.7230
376.8052	0.9664	1.0218	0.7317
376.9576	0.9664	1.0218	0.6970
377.1100	0.9664	1.0218	0.7119
377.2624	0.9664	1.0218	0.7047
377.4148	0.9664	1.0218	0.7111
377.5672	0.9664	1.0218	0.7066
377.7196	0.9664	1.0218	0.7332
377.8720	0.9664	1.0218	0.7094
378.0244	0.9664	1.0218	0.7007
378.1768	0.9664	1.0218	0.7063
378.3292	0.9664	1.0218	0.6873
378.4816	0.9664	1.0218	0.6561
378.6340	0.9664	1.0218	0.6648
378.7864	0.9664	1.0218	0.6490
378.9388	0.9664	1.0218	0.6635
379.0912	0.9664	1.0218	0.6641
379.2436	0.9664	1.0218	0.6483
379.3960	0.9664	1.0218	0.6521
379.5484	0.9664	1.0218	0.6605
379.7008	0.9664	1.0218	0.6688
379.8532	0.9664	1.0218	0.6895
380.0056	0.9664	1.0218	0.7057
380.1580	0.9664	1.0218	0.6665
380.3104	0.9664	1.0218	0.6843
380.4628	0.9664	1.0218	0.6813
380.6152	0.9664	1.0218	0.7420
380.7676	0.9664	1.0218	0.7299
380.9200	0.9664	1.0218	0.7069
381.0724	0.9664	1.0218	0.7170
381.2248	0.9664	1.0218	0.6969
381.3772	0.9664	1.0218	0.6944
381.5296	0.9664	1.0218	0.7136
381.6820	0.9664	1.0218	0.7136
381.8344	0.9664	1.0218	0.7136
381.9868	0.9664	1.0218	0.7136
