HOLE:	U1513E
EXPEDITION:	369
TOP:	461.2476
BOTTOM:	584.6916
DEPTH_WMSF	HGR	EHGR
m	gAPI	gAPI
461.2476	19.40729	17.34344
461.2984	19.40755	17.34344
461.3492	20.12821	17.34344
461.4000	23.01646	17.34344
461.4508	20.85258	15.70562
461.5016	21.60521	16.27285
461.5524	19.43258	14.83665
461.6032	18.01598	13.75562
461.6540	20.83964	15.91155
461.7048	23.71576	18.36223
461.7556	26.59559	20.59234
461.8064	20.27284	15.69678
461.8572	18.85482	14.78362
461.9080	18.11176	14.20108
461.9588	17.98436	14.10127
462.0096	16.56829	13.23597
462.0604	21.60039	17.2574
462.1112	27.35606	21.85724
462.1620	29.4641	24.50359
462.2128	22.29048	18.5397
462.2636	25.90577	21.54883
462.3144	23.0605	20.02348
462.3652	25.19959	21.88278
462.4160	21.58498	18.74393
462.4668	20.12717	18.18128
462.5176	18.69814	16.89092
462.5684	20.87722	18.85939
462.6192	25.16297	23.74469
462.6700	21.58013	20.36379
462.7208	17.23271	16.2619
462.7716	12.24904	12.00915
462.8224	15.10509	14.81189
462.8732	20.85748	20.45437
462.9240	26.5824	26.86623
462.9748	33.77054	34.13291
463.0256	29.50049	29.81704
463.0764	30.9624	32.16408
463.1272	27.34146	28.40343
463.1780	26.62369	27.65779
463.2288	25.87226	27.27093
463.2796	22.30655	23.51246
463.3304	29.4678	31.06095
463.3812	25.90907	27.43341
463.4320	27.32604	28.9343
463.4828	22.27797	23.58921
463.5336	24.45721	25.94262
463.5844	25.18176	26.71129
463.6352	25.20953	26.74074
463.6860	24.43999	26.03045
463.7368	26.61275	28.34479
463.7876	23.75029	25.29603
463.8384	20.88918	22.30302
463.8892	17.9849	19.2022
463.9400	15.8282	16.89953
463.9908	15.0817	16.13441
464.0416	15.10033	16.15435
464.0924	14.38234	15.38627
464.1432	14.39515	15.42133
464.1940	11.53012	12.35211
464.2448	15.13085	16.21037
464.2956	20.85577	22.67117
464.3464	22.99181	24.99363
464.3972	20.12935	21.88194
464.4480	13.66197	14.88843
464.4988	10.06308	10.96649
464.5496	10.07597	10.98055
464.6004	13.69393	14.94085
464.6512	20.88143	22.78282
464.7020	23.73804	25.89981
464.7528	23.73804	26.14771
464.8036	20.85897	22.97713
464.8544	18.70692	20.60676
464.9052	17.2542	19.10814
464.9560	19.40521	21.49055
465.0068	18.68959	20.69803
465.0576	18.70576	20.71856
465.1084	20.19375	22.36667
465.1592	25.20306	27.915
465.2100	24.46908	27.54557
465.2608	18.68803	21.03769
465.3116	17.25093	19.42126
465.3624	17.25093	21.37335
465.4132	20.86658	25.86186
465.4640	19.4517	24.10802
465.5148	20.13324	24.81349
465.5656	18.72173	23.07353
465.6164	22.28047	27.45948
465.6672	25.19216	30.72635
465.7180	28.02951	34.18652
465.7688	23.09156	28.1639
465.8196	22.33814	29.19984
465.8704	18.84732	24.67895
465.9212	24.19258	31.67811
465.9720	24.44017	32.4332
466.0228	25.78208	34.24121
466.0736	27.24045	36.17807
466.1244	33.24875	44.19188
466.1752	37.07759	49.28388
466.2260	34.19291	45.44955
466.2768	27.48621	34.69439
466.3276	23.47972	29.364
466.3784	21.14731	26.44706
466.4292	22.9016	28.74122
466.4800	21.74234	27.30123
466.5308	22.06079	27.70109
466.5816	19.49047	24.64517
466.6324	17.43784	22.08939
466.6832	21.12937	26.76564
466.7340	19.99005	25.12833
466.7848	21.66197	27.16555
466.8356	20.62944	25.8707
466.8864	21.21472	26.18639
466.9372	24.27925	29.82487
466.9880	21.47547	26.38067
467.0388	19.11844	24.11625
467.0896	14.03899	17.89581
467.1404	10.19708	12.99845
467.1912	10.3469	12.47948
467.2420	12.26113	14.46818
467.2928	16.35845	19.30303
467.3436	19.90196	22.78541
467.3944	20.8778	23.58349
467.4452	21.33434	24.09919
467.4960	19.76252	22.26811
467.5468	21.3884	24.05981
467.5976	22.11824	24.88082
467.6484	23.73166	26.80462
467.6992	24.72856	27.99456
467.7500	29.10784	32.95222
467.8008	32.43212	38.10389
467.8516	32.83597	39.63443
467.9024	29.13043	35.16169
467.9532	24.70437	30.42845
468.0040	23.33594	29.27018
468.0548	24.50414	30.73545
468.1056	26.25316	33.62772
468.1564	25.18964	32.89431
468.2072	24.09953	31.47076
468.2580	25.48911	33.89899
468.3088	27.61944	37.38996
468.3596	28.43085	38.48841
468.4104	28.06084	37.93894
468.4612	28.37693	38.30548
468.5120	28.48178	38.44702
468.5628	28.967	39.14217
468.6136	31.28611	42.33182
468.6644	33.14818	44.8513
468.7152	32.94199	44.63223
468.7660	30.36411	41.23208
468.8168	27.18919	36.92079
468.8676	27.38575	37.1877
468.9184	29.16015	39.5972
468.9692	27.56316	37.42862
469.0200	23.33907	31.69154
469.0708	20.5692	27.92781
469.1216	24.11726	32.74519
469.1724	27.86814	37.83952
469.2232	30.49679	41.41225
469.2740	29.08021	39.48864
469.3248	27.49009	37.32705
469.3756	24.45929	33.20537
469.4264	19.08957	25.91556
469.4772	15.31667	20.7757
469.5280	13.9856	18.90854
469.5788	15.56838	21.04846
469.6296	17.12339	22.84871
469.6804	17.92136	22.58088
469.7312	24.02652	30.27337
469.7820	24.66792	30.9903
469.8328	22.29636	27.55992
469.8836	22.48988	27.79912
469.9344	24.23732	29.96268
469.9852	26.38451	32.63825
470.0360	19.96808	24.70097
470.0868	18.70601	23.13582
470.1376	19.07526	23.56025
470.1884	22.76952	28.1231
470.2392	27.67311	34.17904
470.2900	31.62673	39.0553
470.3408	31.62882	39.05788
470.3916	31.35784	38.72325
470.4424	25.15176	31.05947
470.4932	24.41017	30.14369
470.5440	21.69069	26.79414
470.5948	28.07627	35.2674
470.6456	27.31687	34.31349
470.6964	27.314	34.30988
470.7472	25.24253	34.21156
470.7980	25.85906	35.12348
470.8488	26.62112	36.15857
470.8996	23.24688	31.41285
470.9504	21.71013	29.32531
471.0012	21.56801	29.13333
471.0520	25.50317	34.51947
471.1028	24.57019	33.26202
471.1536	27.03449	36.59808
471.2044	25.45045	34.47693
471.2552	28.96751	39.24525
471.3060	29.47364	39.93096
471.3568	28.87369	39.11815
471.4076	28.7689	38.97618
471.4584	23.40521	31.70944
471.5092	21.72064	29.43333
471.5600	15.16009	20.54421
471.6108	14.24902	19.30957
471.6616	11.64722	15.78374
471.7124	14.85751	20.13417
471.7632	19.26397	26.10559
471.8140	23.42868	31.80704
471.8648	21.76286	29.55976
471.9156	17.13646	23.27587
471.9664	16.34348	19.46973
472.0172	17.05695	19.30973
472.0680	19.79649	22.41109
472.1188	20.36068	23.17228
472.1696	21.1274	24.10285
472.2204	19.62876	22.39315
472.2712	18.2226	23.42804
472.3220	18.44749	25.10713
472.3728	18.23619	24.81956
472.4236	15.71261	21.3865
472.4744	12.59669	17.14631
472.5252	12.84698	17.487
472.5760	15.85041	21.50126
472.6268	22.4152	30.35253
472.6776	26.31857	35.6381
472.7284	26.20228	35.52681
472.7792	27.51701	37.34695
472.8300	30.36457	41.21175
472.8808	35.94738	46.55166
472.9316	37.27106	46.70613
472.9824	34.13482	42.77597
473.0332	32.00626	36.3667
473.0840	32.73985	33.24472
473.1348	35.95517	36.50963
473.1856	37.06741	37.81321
473.2364	37.70567	38.65929
473.2872	37.19848	38.13927
473.3380	35.24294	36.15828
473.3888	31.77414	32.6262
473.4396	27.32483	28.05758
473.4904	27.02944	27.74405
473.5412	29.56912	30.33501
473.5920	34.96087	35.86642
473.6428	39.46183	41.05713
473.6936	40.35675	42.77289
473.7444	32.92921	34.90067
473.7952	26.35192	29.46647
473.8460	19.66929	25.20565
473.8968	20.61945	26.42325
473.9476	21.122	27.41129
473.9984	20.37639	27.18296
474.0492	21.30947	28.42773
474.1000	23.79607	30.96219
474.1508	27.54457	34.07981
474.2016	27.86688	34.47859
474.2524	26.25247	32.42091
474.3032	23.43885	28.76989
474.3540	24.10221	29.58412
474.4048	24.77209	30.54229
474.4556	24.90193	31.13112
474.5064	21.68274	27.10665
474.5572	20.59021	25.80208
474.6080	22.58574	28.54468
474.6588	23.35661	29.51893
474.7096	20.91503	26.42221
474.7604	17.50855	22.06471
474.8112	17.01221	21.43921
474.8620	17.87397	22.52027
474.9128	19.77637	24.88675
474.9636	22.5692	28.40127
475.0144	24.45399	30.77476
475.0652	24.31053	30.60768
475.1160	22.68964	28.56693
475.1668	19.53637	24.5926
475.2176	21.01854	26.40678
475.2684	23.27295	29.23913
475.3192	27.32864	34.32687
475.3700	27.36563	34.22376
475.4208	28.04608	35.07475
475.4716	27.99987	34.99719
475.5224	24.4523	29.39226
475.5732	21.57915	25.93866
475.6240	18.74909	22.53686
475.6748	22.21523	25.73636
475.7256	21.62	25.02681
475.7764	23.64371	27.36942
475.8272	22.37796	22.41399
475.8780	22.30446	22.11673
475.9288	25.5998	25.38434
475.9796	26.54772	27.48291
476.0304	26.61038	27.65185
476.0812	22.12632	22.99229
476.1320	20.31868	21.36275
476.1828	19.50806	20.54566
476.2336	21.9255	23.09167
476.2844	22.91272	24.13141
476.3352	29.69082	31.27002
476.3860	27.35631	28.81134
476.4368	27.78235	29.28009
476.4876	23.36449	24.6276
476.5384	25.76218	27.15491
476.5892	23.78702	25.03583
476.6400	24.15175	25.40822
476.6908	24.46794	25.74086
476.7416	24.46794	25.74649
476.7924	21.77263	22.91197
476.8432	18.7273	19.70728
476.8940	17.4596	18.33661
476.9448	18.28401	19.18751
476.9956	19.20793	20.15709
477.0464	20.92708	22.04395
477.0972	20.10321	21.20754
477.1480	19.43323	20.50076
477.1988	21.34518	22.10845
477.2496	22.78004	23.40478
477.3004	21.16626	21.74673
477.3512	20.29068	21.59884
477.4020	24.87388	27.0076
477.4528	32.00161	34.74676
477.5036	32.00203	33.71466
477.5544	26.78683	27.57024
477.6052	21.52408	22.15357
477.6560	20.65488	21.80682
477.7068	22.39469	24.04605
477.7576	21.83292	23.44285
477.8084	21.65416	23.27182
477.8592	21.91766	23.57167
477.9100	22.7056	24.41907
477.9608	22.99192	24.73027
478.0116	21.20399	22.81024
478.0624	19.07704	20.52217
478.1132	17.98896	19.35166
478.1640	19.00426	20.44387
478.2148	19.81416	21.31512
478.2656	18.78019	20.22371
478.3164	16.40691	17.69218
478.3672	15.9391	17.18773
478.4180	18.28913	20.00169
478.4688	19.87779	22.14486
478.5196	22.14435	24.66993
478.5704	23.02232	26.67697
478.6212	22.2155	27.31649
478.6720	19.54741	24.03577
478.7228	16.75303	20.88083
478.7736	16.82243	21.52104
478.8244	21.61801	27.65606
478.8752	28.28293	36.47069
478.9260	31.58099	41.32717
478.9768	31.00138	40.56868
479.0276	22.5675	29.63424
479.0784	19.36327	25.62918
479.1292	17.87547	23.65992
479.1800	19.73848	26.08797
479.2308	16.18892	21.37108
479.2816	16.48303	21.75934
479.3324	19.00553	23.40719
479.3832	22.65303	27.46722
479.4340	23.71476	28.75459
479.4848	22.32449	26.91059
479.5356	23.225	27.99609
479.5864	24.62867	29.68587
479.6372	26.3283	31.72667
479.6880	27.04242	32.58721
479.7388	23.42822	28.22924
479.7896	22.62893	27.2631
479.8404	20.4909	24.68722
479.8912	21.92476	26.45287
479.9420	18.64013	22.49944
479.9928	22.82264	27.54792
480.0436	22.49851	27.82543
480.0944	26.52339	32.81004
480.1452	21.09918	26.32756
480.1960	22.47742	29.16349
480.2468	22.05937	28.62109
480.2976	23.2653	29.97585
480.3484	23.39212	29.80304
480.3992	23.91617	30.47071
480.4500	20.61183	26.56688
480.5008	13.44076	17.44028
480.5516	11.49968	14.9216
480.6024	12.17159	15.74657
480.6532	16.55425	21.41116
480.7040	18.12535	23.44979
480.7548	19.67032	25.51129
480.8056	20.67808	26.8183
480.8564	21.61937	28.52577
480.9072	24.45177	33.13583
480.9580	27.43432	37.17764
481.0088	27.63369	36.89569
481.0596	23.93987	31.58915
481.1104	20.82204	27.47511
481.1612	21.37629	28.19209
481.2120	22.93647	30.2472
481.2628	19.45014	25.64973
481.3136	21.23173	28.00325
481.3644	26.25572	34.62956
481.4152	33.23262	43.82824
481.4660	29.34441	38.69184
481.5168	22.0046	29.014
481.5676	20.6429	27.20902
481.6184	26.13232	34.43607
481.6692	26.38135	34.76423
481.7200	23.97023	31.53269
481.7708	19.76296	25.98436
481.8216	22.14521	29.11654
481.8724	26.57649	34.31797
481.9232	25.26789	32.62818
481.9740	24.71956	31.79753
482.0248	20.35029	25.67357
482.0756	23.56314	29.72684
482.1264	28.05111	35.58211
482.1772	31.95757	40.8
482.2280	28.92235	36.92496
482.2788	26.19262	34.31421
482.3296	25.46415	33.6846
482.3804	28.55364	37.77145
482.4312	29.01461	39.24611
482.4820	26.87741	36.38543
482.5328	26.65808	36.10112
482.5836	21.85217	29.67354
482.6344	19.93107	27.06483
482.6852	21.93728	29.7735
482.7360	28.27885	38.35648
482.7868	31.72441	43.02993
482.8376	30.06593	40.77723
482.8884	26.67951	36.18256
482.9392	21.22556	28.78596
482.9900	20.78133	28.19637
483.0408	21.57622	29.27647
483.0916	27.19235	36.89827
483.1424	24.96572	33.89719
483.1932	24.4018	33.13153
483.2440	27.28539	36.98683
483.2948	27.62877	37.32977
483.3456	23.45232	31.68689
483.3964	20.45107	26.68582
483.4472	22.97233	29.1463
483.4980	24.45706	31.03007
483.5488	26.23484	28.40164
483.5996	27.27637	28.54434
483.6504	28.77119	30.10865
483.7012	28.19294	32.10963
483.7520	30.44716	34.67701
483.8028	31.66563	36.44009
483.8536	30.23468	35.87274
483.9044	25.10368	29.78493
483.9552	19.65799	23.87118
484.0060	16.03629	20.41499
484.0568	15.83904	20.16388
484.1076	17.71491	22.58217
484.1584	20.56387	26.28513
484.2092	24.3691	31.14905
484.2600	22.96711	29.35964
484.3108	23.92865	30.59648
484.3616	19.56986	25.02308
484.4124	19.5383	25.02088
484.4632	16.5508	21.38931
484.5140	16.46907	21.28369
484.5648	16.02816	20.71167
484.6156	17.87528	23.07785
484.6664	16.65412	21.50127
484.7172	18.70445	24.14039
484.7680	19.43513	24.78292
484.8188	22.23646	28.35507
484.8696	20.24297	25.81305
484.9204	20.98215	27.44492
484.9712	21.04583	27.57883
485.0220	23.60688	30.93487
485.0728	31.17745	40.16965
485.1236	30.25292	38.8983
485.1744	28.53024	36.68333
485.2252	19.89196	26.58871
485.2760	19.06808	25.89953
485.3268	20.15688	27.3784
485.3776	19.18192	26.05879
485.4284	17.70399	24.05281
485.4792	19.21876	26.1108
485.5300	22.02869	29.93244
485.5808	24.38474	33.13593
485.6316	23.87077	32.43751
485.6824	23.01936	31.27695
485.7332	22.20621	30.16957
485.7840	20.80068	28.26001
485.8348	20.14125	27.36057
485.8856	19.4452	26.41175
485.9364	19.71711	26.78108
485.9872	21.81646	29.63256
486.0380	23.93172	32.50563
486.0888	25.18408	34.20668
486.1396	24.10689	32.74357
486.1904	22.79153	30.95696
486.2412	23.49701	31.9152
486.2920	23.22335	31.54348
486.3428	24.13628	32.78349
486.3936	24.63855	33.4657
486.4444	23.36579	30.48873
486.4952	24.0246	27.28992
486.5460	22.69313	25.77748
486.5968	23.89919	27.58104
486.6476	21.14772	26.83132
486.6984	23.0282	29.21718
486.7492	23.46406	29.51877
486.8000	27.8467	32.46449
486.8508	25.0835	29.24308
486.9016	22.99981	26.88073
486.9524	22.31655	29.75327
487.0032	23.69974	31.63856
487.0540	23.73243	31.68219
487.1048	29.72492	40.01777
487.1556	29.56723	39.82795
487.2064	30.76737	41.44458
487.2572	33.37191	44.94266
487.3080	34.38128	46.30031
487.3588	42.0827	56.6716
487.4096	39.41126	53.07404
487.4604	39.26345	52.87499
487.5112	32.14389	43.28729
487.5620	24.87687	33.50846
487.6128	20.54255	27.67345
487.6636	18.47174	24.8838
487.7144	19.35143	26.07925
487.7652	23.6737	31.91074
487.8160	28.5846	38.53033
487.8668	27.5887	37.17997
487.9176	24.23202	32.64993
487.9684	24.18899	32.59195
488.0192	30.41267	41.16477
488.0700	35.18408	47.77722
488.1208	33.83628	45.94702
488.1716	30.34601	40.70758
488.2224	27.77527	36.49141
488.2732	27.31383	35.88517
488.3240	23.9878	29.98179
488.3748	24.21078	27.52793
488.4256	26.86895	30.55028
488.4764	34.44888	39.91532
488.5272	34.12786	41.27894
488.5780	27.06271	32.73338
488.6288	20.3614	25.05915
488.6796	16.64539	22.26134
488.7304	20.74317	27.74166
488.7812	24.26022	32.49792
488.8320	26.99072	36.45815
488.8828	24.39726	32.95499
488.9336	23.59806	31.88025
488.9844	21.97271	29.74567
489.0352	29.35218	39.73566
489.0860	23.73394	32.13044
489.1368	25.14326	34.13186
489.1876	18.97386	25.75848
489.2384	20.72781	28.13959
489.2892	20.85567	28.31971
489.3400	20.69902	28.10764
489.3908	21.80436	29.60862
489.4416	23.21297	31.46348
489.4924	21.23916	28.77857
489.5432	21.23527	28.77329
489.5940	18.02748	24.42354
489.6448	17.56221	23.79199
489.6956	15.83991	21.45874
489.7464	16.10705	19.05717
489.7972	19.94821	22.24076
489.8480	25.80984	28.77604
489.8988	28.04074	25.99577
489.9496	31.53889	25.72335
490.0004	33.82944	27.59154
490.0512	34.24856	29.82553
490.1020	30.69932	28.05691
490.1528	26.97406	24.6523
490.2036	28.7194	27.88397
490.2544	31.91908	32.63836
490.3052	30.84843	31.54358
490.3560	28.64323	29.33
490.4068	28.36893	29.10373
490.4576	28.76705	29.51217
490.5084	32.64064	33.48964
490.5592	34.73578	35.64621
490.6100	37.28096	38.2581
490.6608	33.2762	34.14599
490.7116	26.7785	27.47211
490.7624	22.35376	22.93275
490.8132	19.98326	20.51661
490.8640	20.59988	21.21482
490.9148	26.56887	27.36199
490.9656	30.58728	31.69867
491.0164	32.64462	35.11752
491.0672	28.33611	30.48264
491.1180	23.97414	25.7156
491.1688	27.2247	28.07853
491.2196	24.55793	25.32812
491.2704	30.86909	31.83722
491.3212	24.66771	25.10209
491.3720	27.19056	27.65213
491.4228	19.42223	19.75193
491.4736	20.0169	20.39585
491.5244	20.77444	21.17215
491.5752	24.53508	25.00478
491.6260	28.15316	28.68478
491.6768	27.6226	28.14286
491.7276	27.32955	27.8443
491.7784	25.17053	25.6617
491.8292	26.547	27.07163
491.8800	25.27682	25.77634
491.9308	23.46369	24.79059
491.9816	19.20433	20.63701
492.0324	20.48737	22.01576
492.0832	25.39357	28.38917
492.1340	29.05321	33.12904
492.1848	30.63336	34.93087
492.2356	30.54608	37.31333
492.2864	30.96811	39.98883
492.3372	29.49865	38.09132
492.3880	27.33472	35.03172
492.4388	26.05438	33.10872
492.4896	26.05437	33.1087
492.5404	27.30748	34.71734
492.5912	28.20508	35.88537
492.6420	30.46147	38.75618
492.6928	26.88163	34.20154
492.7436	24.01476	30.55402
492.7944	24.46454	31.12627
492.8452	30.02225	38.19736
492.8960	35.25306	44.85252
492.9468	32.56633	41.43419
492.9976	24.63552	31.40502
493.0484	16.6637	21.50712
493.0992	14.11561	18.21841
493.1500	21.30682	27.65211
493.2008	24.60111	33.00061
493.2516	25.50067	34.2073
493.3024	21.09656	28.11305
493.3532	25.30951	30.4545
493.4040	30.2098	36.35093
493.4548	31.60969	38.03538
493.5056	26.14547	29.29112
493.5564	20.49404	22.86574
493.6072	18.17761	20.28123
493.6580	18.62474	20.76621
493.7088	18.09296	20.17164
493.7596	16.1729	18.03098
493.8104	15.82845	17.60731
493.8612	18.68186	20.77071
493.9120	22.20037	24.68264
493.9628	25.15705	29.03237
494.0136	25.89735	30.21931
494.0644	26.88979	31.37737
494.1152	25.3885	31.39047
494.1660	23.03864	29.34762
494.2168	20.94456	26.68009
494.2676	19.70733	24.31047
494.3184	20.25361	24.42165
494.3692	20.87183	25.16709
494.4200	23.90323	28.79056
494.4708	25.87238	31.13829
494.5216	27.60512	33.2237
494.5724	27.89008	33.54626
494.6232	23.9257	28.75324
494.6740	19.62568	23.5856
494.7248	16.66335	20.0097
494.7756	19.30361	23.15468
494.8264	22.07449	26.47835
494.8772	22.10691	26.6592
494.9280	19.50962	23.83329
494.9788	17.59597	21.49554
495.0296	18.3313	22.65694
495.0804	25.6483	32.47852
495.1312	33.5039	42.4261
495.1820	37.46581	48.01368
495.2328	34.53009	46.91293
495.2836	34.44992	46.804
495.3344	33.97062	46.15082
495.3852	34.59476	46.98293
495.4360	27.3443	37.13612
495.4868	27.27762	37.04525
495.5376	25.94845	35.23149
495.5884	30.18138	40.97874
495.6392	26.71735	36.27546
495.6900	25.9445	35.18806
495.7408	22.04879	29.90242
495.7916	23.6508	32.07505
495.8424	28.88086	39.21957
495.8932	30.14004	40.93595
495.9440	27.26339	37.02892
495.9948	23.7466	32.18021
496.0456	21.89672	29.65427
496.0964	22.6734	30.70612
496.1472	20.37909	27.65556
496.1980	23.00954	31.25307
496.2488	27.91805	37.92013
496.2996	29.49912	39.98639
496.3504	29.9523	40.55856
496.4012	27.11415	36.7154
496.4520	24.7663	33.5412
496.5028	22.01363	29.81644
496.5536	21.18867	28.69908
496.6044	22.05624	29.87015
496.6552	23.39199	31.6752
496.7060	23.88903	32.34824
496.7568	24.48072	33.14532
496.8076	26.49592	35.86899
496.8584	27.20971	36.83528
496.9092	26.69897	35.30213
496.9600	24.79862	31.33582
497.0108	25.4338	32.13844
497.0616	26.57528	32.73088
497.1124	27.85495	32.48149
497.1632	27.90442	32.53917
497.2140	28.7831	34.03821
497.2648	26.61146	33.00714
497.3156	26.19154	32.48631
497.3664	24.21274	30.21254
497.4172	22.91314	29.47571
497.4680	22.10649	28.43802
497.5188	21.33626	27.44668
497.5696	25.68549	33.0366
497.6204	23.27985	29.94248
497.6712	28.04217	36.06797
497.7220	28.02906	36.05939
497.7728	28.74285	36.97768
497.8236	25.34113	32.60136
497.8744	24.5248	31.55397
497.9252	28.3847	36.52045
497.9760	28.14457	36.21148
498.0268	31.14557	40.07264
498.0776	26.82887	34.51867
498.1284	27.65051	35.57582
498.1792	26.92368	34.76062
498.2300	29.36353	37.94777
498.2808	28.05891	36.26175
498.3316	28.36794	37.94205
498.3824	25.78227	34.91639
498.4332	26.41042	35.76709
498.4840	24.09831	31.56079
498.5348	22.7695	29.13905
498.5856	22.59899	28.92084
498.6364	23.13093	29.97498
498.6872	25.73571	33.63641
498.7380	26.93904	35.20916
498.7888	26.60317	35.40004
498.8396	26.6156	36.03101
498.8904	25.29124	34.23815
498.9412	21.2351	28.76353
498.9920	15.89784	21.55503
499.0428	14.07431	19.0826
499.0936	18.20768	24.68397
499.1444	22.04989	29.8886
499.1952	22.03938	29.87436
499.2460	22.36403	30.32512
499.2968	22.01499	29.87943
499.3476	24.08728	32.69201
499.3984	20.04984	27.20751
499.4492	17.42511	23.62879
499.5000	18.59777	25.21894
499.5508	21.57792	28.49049
499.6016	23.40287	26.75611
499.6524	23.44776	26.80743
499.7032	24.10273	27.98708
499.7540	25.48041	34.1987
499.8048	26.28674	35.28092
499.8556	24.7137	33.16584
499.9064	26.11883	34.81699
499.9572	22.95137	30.59232
500.0080	22.16197	29.54011
500.0588	24.76957	32.80605
500.1096	27.75773	36.7454
500.1604	27.43277	36.31523
500.2112	22.89399	30.40384
500.2620	19.72662	26.21582
500.3128	19.2244	25.54839
500.3636	20.41397	27.12928
500.4144	22.91943	30.45892
500.4652	26.1339	34.73082
500.5160	25.76137	34.75575
500.5668	23.75731	32.26466
500.6176	20.33262	27.61361
500.6684	18.79378	25.52372
500.7192	18.26757	24.80907
500.7700	17.98807	24.42948
500.8208	18.38219	24.01133
500.8716	17.52144	22.20703
500.9224	19.90025	25.22198
500.9732	21.25479	26.75089
501.0240	20.45095	25.51929
501.0748	19.98258	24.93486
501.1256	20.1255	25.10865
501.1764	23.59626	29.43313
501.2272	25.53943	31.85698
501.2780	27.84361	34.73584
501.3288	28.7751	35.90642
501.3796	28.32461	35.34428
501.4304	27.75862	34.9095
501.4812	29.16392	37.36014
501.5320	30.06163	38.51015
501.5828	29.3454	37.02117
501.6336	28.77098	34.15093
501.6844	29.15316	34.60457
501.7352	30.4134	36.09847
501.7860	26.90918	31.92711
501.8368	23.31616	27.66408
501.8876	19.40699	22.98181
501.9384	19.51349	22.53813
501.9892	21.54668	24.88647
502.0400	20.16427	23.28831
502.0908	22.25465	25.25303
502.1416	24.37355	27.64621
502.1924	25.13501	28.50991
502.2432	23.22015	26.37224
502.2940	20.46195	23.24306
502.3448	23.24244	26.40146
502.3956	24.33838	27.64635
502.4464	25.04935	28.45395
502.4972	22.90954	26.0233
502.5480	22.86349	25.96618
502.5988	23.02697	26.15039
502.6496	23.01614	26.1381
502.7004	23.02137	26.01201
502.7512	26.39219	29.75427
502.8020	28.97479	32.66586
502.8528	31.28562	35.54812
502.9036	28.90185	32.98008
502.9544	25.78435	29.42268
503.0052	22.77814	25.98912
503.0560	20.47828	23.36231
503.1068	21.61063	24.65413
503.1576	23.37544	26.61081
503.2084	23.74594	26.97338
503.2592	21.84182	24.81047
503.3100	20.9065	23.73015
503.3608	23.3096	26.43406
503.4116	25.88403	29.35357
503.4624	29.01121	33.07841
503.5132	28.5188	32.86732
503.5640	30.14212	34.73816
503.6148	30.86874	35.87503
503.6656	29.13513	34.68989
503.7164	29.05674	34.59655
503.7672	25.32767	30.24935
503.8180	26.28597	31.76113
503.8688	27.83161	33.6287
503.9196	26.62195	32.12082
503.9704	25.94797	31.01266
504.0212	20.66526	24.69884
504.0720	26.59357	31.76627
504.1228	29.59082	35.063
504.1736	34.3851	40.74388
504.2244	29.69483	35.18624
504.2752	27.42821	32.61571
504.3260	24.61353	29.27303
504.3768	28.4121	33.7907
504.4276	28.13846	33.45882
504.4784	30.55118	36.32687
504.5292	28.49544	33.88249
504.5800	28.05769	33.74729
504.6308	29.22066	35.23405
504.6816	25.57419	30.83715
504.7324	27.15343	33.37441
504.7832	22.27912	27.53331
504.8340	24.69853	30.52331
504.8848	26.6117	31.63851
504.9356	31.83635	37.14945
504.9864	33.15623	38.68961
505.0372	28.85194	33.55204
505.0880	24.07345	27.92093
505.1388	23.52594	27.28592
505.1896	28.74847	33.52725
505.2404	35.3572	41.37922
505.2912	37.77268	44.2061
505.3420	34.97578	41.03714
505.3928	31.60544	37.20581
505.4436	29.5949	34.83901
505.4944	29.14925	34.96545
505.5452	28.49237	35.03462
505.5960	24.45186	30.06635
505.6468	23.7471	29.17673
505.6976	24.52339	30.07738
505.7484	30.32172	37.1889
505.7992	31.80692	39.20186
505.8500	28.67929	35.87327
505.9008	23.88109	29.87148
505.9516	24.74656	31.20101
506.0024	25.91315	33.71503
506.0532	25.80906	33.57961
506.1040	25.27753	33.01986
506.1548	25.76577	34.60978
506.2056	24.63741	33.09411
506.2564	26.53309	35.6482
506.3072	25.34741	34.20699
506.3580	27.92082	37.67988
506.4088	26.58993	35.8734
506.4596	27.40672	36.88327
506.5104	32.98852	44.3951
506.5612	32.87175	44.08672
506.6120	34.59071	45.67014
506.6628	30.90249	40.80058
506.7136	28.23174	36.90784
506.7644	28.96072	36.6536
506.8152	30.88831	39.09322
506.8660	34.10485	42.05875
506.9168	32.62238	37.57905
506.9676	29.69106	34.20234
507.0184	26.41911	29.80072
507.0692	27.33513	29.73461
507.1200	29.07903	31.63158
507.1708	30.74411	33.63536
507.2216	28.54113	31.48368
507.2724	26.07417	28.76239
507.3232	24.81535	27.66714
507.3740	25.72411	28.99398
507.4248	24.01143	27.06359
507.4756	22.59819	25.48191
507.5264	24.37171	27.4909
507.5772	27.00627	30.46265
507.6280	28.5281	32.1441
507.6788	32.00814	36.04139
507.7296	35.2445	39.68556
507.7804	38.92603	44.15651
507.8312	33.6794	38.32148
507.8820	33.01127	37.56126
507.9328	28.44783	32.57887
507.9836	26.61369	30.56405
508.0344	22.6379	25.99812
508.0852	23.327	28.03078
508.1360	28.55949	34.6451
508.1868	27.05535	32.82045
508.2376	21.57812	25.27222
508.2884	16.32377	18.99609
508.3392	23.08475	26.86389
508.3900	29.13624	33.73584
508.4408	32.94843	38.14034
508.4916	29.56424	34.22288
508.5424	30.21577	34.97708
508.5932	28.81721	33.35814
508.6440	30.4426	35.24109
508.6948	34.15512	39.56457
508.7456	28.57279	33.09811
508.7964	26.04763	30.14762
508.8472	22.1515	25.42755
508.8980	25.53617	29.31278
508.9488	23.72495	27.26653
508.9996	24.16384	27.9262
509.0504	26.21059	30.29164
509.1012	26.63306	30.8288
509.1520	23.31365	27.13646
509.2028	20.14966	23.45366
509.2536	21.01828	24.4759
509.3044	24.8923	29.01357
509.3552	29.52053	34.40807
509.4060	31.45171	36.65261
509.4568	29.82438	34.74642
509.5076	26.50795	30.88266
509.5584	26.41292	30.77195
509.6092	27.16179	31.64441
509.6600	27.77777	32.36205
509.7108	25.90553	30.91533
509.7616	25.14815	30.72755
509.8124	25.24139	30.84148
509.8632	23.86443	29.23823
509.9140	22.30087	27.38923
509.9648	20.55288	25.2424
510.0156	22.58994	28.25069
510.0664	24.93292	31.44366
510.1172	27.03866	34.09927
510.1680	26.08838	33.06882
510.2188	23.69277	30.10768
510.2696	26.59642	33.79751
510.3204	27.63124	35.11713
510.3712	25.44411	32.33885
510.4220	22.96539	29.18846
510.4728	27.30268	34.63905
510.5236	33.06992	41.94297
510.5744	36.93245	46.84185
510.6252	36.14063	45.72363
510.6760	32.70757	41.36641
510.7268	28.38497	35.89947
510.7776	25.32898	31.67982
510.8284	27.28864	34.10854
510.8792	27.31419	34.14048
510.9300	30.323	38.20692
510.9808	37.25034	46.93536
511.0316	32.98702	41.54523
511.0824	30.31944	37.9038
511.1332	23.90484	29.88461
511.1840	31.30861	38.73627
511.2348	28.36564	32.25981
511.2856	24.9121	28.33214
511.3364	19.4665	22.35697
511.3872	17.13878	20.68725
511.4380	19.60573	23.66497
511.4888	22.30939	27.44161
511.5396	29.75237	38.03653
511.5904	33.2282	42.48015
511.6412	33.88252	43.32093
511.6920	29.7221	38.01076
511.7428	25.52007	32.6369
511.7936	22.57728	28.86851
511.8444	23.30218	29.78734
511.8952	24.33814	31.11162
511.9460	24.53585	31.35653
511.9968	24.41292	31.18912
512.0476	26.94282	34.42122
512.0984	29.87418	38.16279
512.1492	28.26307	36.10177
512.2000	24.71093	31.56446
512.2508	24.97809	32.10042
512.3016	28.03337	36.17556
512.3524	28.59421	36.89928
512.4032	27.13901	34.55565
512.4540	29.00411	36.63034
512.5048	30.71671	38.79325
512.5556	31.44857	38.5443
512.6064	28.51999	34.51021
512.6572	26.28004	31.79979
512.7080	20.95373	25.0711
512.7588	19.42748	23.13638
512.8096	19.42995	23.13932
512.8604	23.59668	28.34303
512.9112	28.78927	34.62714
512.9620	36.41381	43.79778
513.0128	36.78718	44.23026
513.0636	34.05025	40.9378
513.1144	27.74283	33.35454
513.1652	27.35662	32.9824
513.2160	26.62075	32.09909
513.2668	30.89942	37.25823
513.3176	25.8285	31.13733
513.3684	22.70024	27.36608
513.4192	16.99217	20.48399
513.4700	23.33974	28.12533
513.5208	27.27275	32.86477
513.5716	31.98304	38.5379
513.6224	29.27853	35.25978
513.6732	27.67787	33.33212
513.7240	26.18568	31.53239
513.7748	27.65109	33.28598
513.8256	28.77229	34.63566
513.8764	28.56442	34.45126
513.9272	29.45914	35.72706
513.9780	32.0004	38.80902
514.0288	29.27951	35.06624
514.0796	26.76902	31.19391
514.1304	23.01563	26.8201
514.1812	23.01754	26.45043
514.2320	22.12622	24.86527
514.2828	22.41498	25.18978
514.3336	26.06795	29.76389
514.3844	27.00602	31.34808
514.4352	29.47972	34.2195
514.4860	32.35069	37.45613
514.5368	33.60659	38.81394
514.5876	28.38128	32.77896
514.6384	24.27682	28.03774
514.6892	24.72828	28.55863
514.7400	28.95897	33.44464
514.7908	28.4828	32.89098
514.8416	23.84928	27.53832
514.8924	21.86029	25.24167
514.9432	24.58384	28.38061
514.9940	31.96092	36.89443
515.0448	32.35866	37.35357
515.0956	30.64955	35.3996
515.1464	27.65654	31.94789
515.1972	24.89719	28.76038
515.2480	23.14475	26.92618
515.2988	20.87089	24.3153
515.3496	20.66731	24.07812
515.4004	18.51974	21.38588
515.4512	19.12695	22.06398
515.5020	24.54751	28.3169
515.5528	25.85546	29.58112
515.6036	27.3238	31.25369
515.6544	22.33936	25.57212
515.7052	24.33946	29.07317
515.7560	20.7791	24.82036
515.8068	19.53693	23.34629
515.8576	21.05459	25.27094
515.9084	23.48846	28.19222
515.9592	27.05313	32.46772
516.0100	27.94864	33.52439
516.0608	27.21639	32.64606
516.1116	31.21255	37.43496
516.1624	28.73517	34.44602
516.2132	26.69892	32.00508
516.2640	20.09383	24.08857
516.3148	19.74912	23.67908
516.3656	22.51349	26.99354
516.4164	23.98761	28.60105
516.4672	27.43925	32.39429
516.5180	32.663	38.56136
516.5688	34.69405	40.38014
516.6196	31.05809	35.23682
516.6704	26.70436	30.29731
516.7212	26.64183	30.74198
516.7720	29.8902	34.95916
516.8228	27.67844	32.37232
516.8736	23.90024	27.79983
516.9244	22.44444	25.93908
516.9752	27.03146	31.24032
517.0260	31.19	36.08739
517.0768	33.25739	38.50688
517.1276	29.22256	33.83518
517.1784	27.56891	31.94511
517.2292	26.09537	30.24924
517.2800	29.70919	34.43831
517.3308	31.62839	36.69943
517.3816	31.10527	36.1064
517.4324	27.07725	31.43075
517.4832	25.34504	29.22302
517.5340	24.59287	28.30303
517.5848	25.05488	28.83474
517.6356	23.34768	26.71645
517.6864	24.90948	28.47182
517.7372	29.03028	33.18194
517.7880	28.18108	31.74672
517.8388	26.68281	30.0155
517.8896	21.09261	23.72709
517.9404	23.67706	26.6279
517.9912	22.34328	25.12778
518.0420	30.22661	33.99409
518.0928	30.92387	34.90528
518.1436	32.3574	36.52402
518.1944	28.14657	31.77098
518.2452	29.44773	33.22402
518.2960	32.25743	36.39339
518.3468	29.61272	33.40959
518.3976	30.17534	34.04435
518.4484	27.54213	31.07352
518.4992	27.36516	30.87385
518.5500	18.80362	21.21457
518.6008	18.64154	21.03171
518.6516	21.29288	24.02299
518.7024	24.77657	27.90384
518.7532	22.62342	25.47414
518.8040	21.67558	24.40686
518.8548	23.43291	26.29489
518.9056	29.27244	32.83118
518.9564	29.60916	33.20884
519.0072	34.3042	40.3776
519.0580	33.47589	39.71837
519.1088	36.05521	42.77867
519.1596	33.78739	40.57121
519.2104	31.35505	37.76837
519.2612	30.36916	36.58083
519.3120	29.08672	35.06421
519.3628	32.64798	39.36668
519.4136	31.58951	38.09039
519.4644	28.19895	34.13593
519.5152	23.57587	28.58033
519.5660	22.30577	27.04064
519.6168	21.9511	26.61853
519.6676	23.3755	28.34902
519.7184	25.25867	30.63287
519.7692	30.64335	37.13486
519.8200	32.73353	39.65755
519.8708	35.42334	42.91632
519.9216	31.31942	38.09264
519.9724	23.46144	28.60353
520.0232	16.12673	19.66125
520.0740	17.39986	21.59721
520.1248	23.56285	29.44615
520.1756	27.71532	34.63544
520.2264	25.6579	31.50997
520.2772	21.96963	26.62769
520.3280	19.55183	23.69727
520.3788	18.27001	22.29032
520.4296	19.67345	24.11474
520.4804	22.95005	28.13104
520.5312	25.6864	31.63736
520.5820	28.24156	34.90191
520.6328	29.50707	36.46587
520.6836	29.90327	36.91642
520.7344	26.75282	32.99828
520.7852	25.25504	31.15085
520.8360	26.99039	33.25762
520.8868	27.32905	33.64359
520.9376	24.11305	29.68452
520.9884	21.91443	26.84728
521.0392	24.41375	29.77054
521.0900	27.95369	34.0872
521.1408	29.55575	35.22488
521.1916	29.75825	34.46338
521.2424	29.3346	33.97274
521.2932	28.88426	33.05145
521.3440	29.08874	32.81842
521.3948	28.43519	32.08107
521.4456	31.22317	35.18351
521.4964	30.217	33.99112
521.5472	26.94323	30.30845
521.5980	23.83467	26.81618
521.6488	23.98544	26.99451
521.6996	27.79887	31.28635
521.7504	25.29361	28.46679
521.8012	21.07819	23.72254
521.8520	19.90717	22.4046
521.9028	19.89714	22.39332
521.9536	19.94455	22.44667
522.0044	18.43011	20.74224
522.0552	19.21232	21.62592
522.1060	19.75998	22.25072
522.1568	22.7204	25.5843
522.2076	25.33365	28.58265
522.2584	30.6301	34.70079
522.3092	33.03664	37.42716
522.3600	31.21	35.59718
522.4108	32.45831	37.74611
522.4616	33.97269	39.50718
522.5124	35.08684	41.09386
522.5632	32.93361	39.56209
522.6140	28.79893	34.59522
522.6648	29.52096	35.62933
522.7156	26.2203	32.34144
522.7664	23.94686	29.53726
522.8172	21.8248	27.02401
522.8680	23.46959	29.58424
522.9188	26.22075	33.05217
522.9696	27.93184	35.21496
523.0204	27.1479	34.26157
523.0712	25.62541	32.34015
523.1220	23.91169	30.17604
523.1728	25.25893	31.86622
523.2236	26.10703	32.93617
523.2744	28.01236	35.36073
523.3252	27.33014	34.72383
523.3760	27.17791	34.53042
523.4268	25.25972	31.99675
523.4776	26.41828	32.01956
523.5284	22.92213	27.78215
523.5792	20.73643	25.10498
523.6300	17.28081	20.12815
523.6808	18.01371	20.9818
523.7316	20.15504	23.46171
523.7824	20.86387	23.09373
523.8332	25.85556	28.6159
523.8840	29.41453	32.55482
523.9348	26.00513	28.74608
523.9856	23.8038	26.31161
524.0364	20.99988	23.21228
524.0872	25.62545	28.2837
524.1380	24.56238	27.10858
524.1888	27.12366	29.93537
524.2396	32.6112	35.94045
524.2904	35.06334	38.63874
524.3412	33.94609	37.40757
524.3920	26.77627	29.57153
524.4428	25.25913	27.90603
524.4936	30.85053	34.08335
524.5444	31.6344	36.28521
524.5952	29.76827	34.33932
524.6460	24.62511	28.40641
524.6968	24.35062	28.00141
524.7476	25.06428	28.80497
524.7984	24.19441	27.80528
524.8492	23.95136	28.98925
524.9000	25.90157	31.71117
524.9508	26.18706	32.0607
525.0016	24.03963	29.30126
525.0524	24.94003	30.35721
525.1032	23.7021	28.85039
525.1540	27.43373	33.22004
525.2048	28.78176	34.80547
525.2556	29.31149	35.44606
525.3064	30.01292	36.28327
525.3572	29.66674	35.86089
525.4080	28.44261	34.38116
525.4588	27.53984	33.26104
525.5096	27.83198	33.60136
525.5604	31.42632	37.94077
525.6112	31.02288	37.69478
525.6620	29.13376	35.51906
525.7128	26.8287	32.70881
525.7636	26.83875	31.92989
525.8144	28.26594	33.20638
525.8652	30.60218	35.95096
525.9160	32.99186	39.19057
525.9668	33.81099	40.41489
526.0176	32.92209	39.35237
526.0684	29.33873	34.91141
526.1192	26.47377	31.39003
526.1700	24.21471	28.71145
526.2208	24.662	29.23038
526.2716	25.49882	30.21427
526.3224	25.18951	29.84776
526.3732	26.7402	31.75574
526.4240	29.20934	34.74635
526.4748	30.21145	35.93843
526.5256	27.9584	32.89243
526.5764	24.42495	28.39104
526.6272	20.86563	24.25376
526.6780	21.18837	24.39067
526.7288	23.05053	26.32193
526.7796	25.72647	29.37765
526.8304	29.16022	33.21791
526.8812	31.4169	35.68695
526.9320	36.7896	41.78989
526.9828	36.40793	41.40287
527.0336	31.12573	35.45834
527.0844	26.74476	30.46756
527.1352	26.86088	30.59984
527.1860	30.35801	34.58376
527.2368	26.21183	29.86044
527.2876	22.52262	25.65771
527.3384	21.05014	23.98026
527.3892	25.59391	29.15651
527.4400	28.75873	32.73938
527.4908	27.27045	31.0068
527.5416	23.72218	26.97238
527.5924	22.30302	25.56553
527.6432	22.99599	26.7863
527.6940	25.59942	29.81883
527.7448	28.29328	33.02549
527.7956	28.78391	33.75303
527.8464	28.36968	33.26729
527.8972	27.14253	32.25432
527.9480	27.77424	34.18498
527.9988	30.75052	37.84822
528.0496	30.75774	37.54744
528.1004	32.17844	38.38539
528.1512	31.65475	37.76069
528.2020	32.13993	38.23734
528.2528	33.99578	40.09746
528.3036	34.37495	40.54468
528.3544	32.80212	38.65779
528.4052	28.50254	33.46193
528.4560	27.05998	31.76837
528.5068	26.386	30.89227
528.5576	28.88057	33.41602
528.6084	30.27004	35.0237
528.6592	34.95128	40.38984
528.7100	37.90647	43.50231
528.7608	40.45275	46.42447
528.8116	36.51914	41.88149
528.8624	34.77459	39.67202
528.9132	31.59238	36.04165
528.9640	37.04313	42.26258
529.0148	33.78764	38.57368
529.0656	33.65956	38.42747
529.1164	31.9789	36.51814
529.1672	33.30032	38.16209
529.2180	32.44957	37.18713
529.2688	29.48769	33.82042
529.3196	28.70466	33.63139
529.3704	26.61999	31.18892
529.4212	26.66294	31.2479
529.4720	30.9426	37.12347
529.5228	35.22556	42.26196
529.5736	38.09877	45.7091
529.6244	33.904	41.02282
529.6752	33.12357	40.08894
529.7260	32.41123	39.22681
529.7768	35.09837	42.23709
529.8276	33.21753	39.96172
529.8784	29.73857	35.77642
529.9292	26.19044	31.50791
529.9800	26.56442	31.95782
530.0308	32.47839	39.07251
530.0816	37.60453	45.23082
530.1324	40.6344	48.87422
530.1832	36.58049	43.99826
530.2340	34.70303	41.74009
530.2848	33.92189	40.80056
530.3356	33.81553	40.67263
530.3864	36.83749	44.3412
530.4372	38.62463	46.4984
530.4880	40.01414	48.17117
530.5388	34.42373	41.89997
530.5896	30.17313	36.83792
530.6404	34.64144	42.29321
530.6912	35.95514	43.61736
530.7420	36.52858	44.23721
530.7928	35.01881	42.40883
530.8436	37.82567	45.28745
530.8944	41.0053	48.93856
530.9452	39.04633	46.60058
530.9960	36.52892	45.10577
531.0468	32.81834	41.05057
531.0976	32.69436	40.89549
531.1484	35.65585	44.85598
531.1992	37.70664	47.53593
531.2500	36.62667	46.17443
531.3008	34.49936	43.48737
531.3516	35.7331	45.03983
531.4024	37.15882	46.83689
531.4532	34.10572	42.98379
531.5040	31.36298	39.52441
531.5548	31.27689	39.41592
531.6056	34.91841	44.29507
531.6564	41.02854	52.21877
531.7072	38.6895	49.24178
531.7580	34.53133	43.06462
531.8088	32.95338	40.50407
531.8596	39.0661	48.01743
531.9104	42.60632	51.9105
531.9612	37.20478	45.01912
532.0120	30.92697	37.42274
532.0628	32.2137	38.85587
532.1136	37.46449	45.09243
532.1644	39.9102	48.03609
532.2152	43.29976	52.01089
532.2660	46.40243	55.64798
532.3168	48.21998	57.82767
532.3676	41.79712	48.98132
532.4184	34.18226	38.65923
532.4692	35.25285	39.87003
532.5200	40.38072	45.65783
532.5708	41.05496	46.40947
532.6216	33.04356	37.3532
532.6724	28.86078	32.60435
532.7232	30.54682	34.48031
532.7740	33.78854	38.13946
532.8248	32.31008	36.48446
532.8756	29.9318	33.8191
532.9264	28.65102	32.37199
532.9772	28.17094	31.81064
533.0280	29.76193	33.57793
533.0788	32.90372	37.12256
533.1296	35.30618	39.84891
533.1804	31.65152	35.75344
533.2312	29.41354	33.22543
533.2820	26.61278	30.14529
533.3328	28.56695	32.51217
533.3836	26.3989	30.04471
533.4344	24.79401	28.53313
533.4852	24.24518	28.69746
533.5360	30.45794	36.05111
533.5868	35.1436	41.53284
533.6376	34.73557	40.89761
533.6884	27.5936	32.48866
533.7392	21.38587	25.46926
533.7900	19.01556	23.54072
533.8408	20.9428	25.92659
533.8916	25.69619	31.90121
533.9424	31.07199	38.86616
533.9932	31.59216	39.51682
534.0440	27.90774	34.89114
534.0948	23.89847	29.8101
534.1456	21.47414	26.78608
534.1964	20.97786	26.14413
534.2472	20.32658	25.23095
534.2980	17.50152	21.72426
534.3488	18.41065	22.75643
534.3996	21.04092	25.61636
534.4504	24.13206	29.37968
534.5012	23.17628	28.15079
534.5520	23.74449	28.62497
534.6028	22.67387	27.33429
534.6536	18.33421	22.05644
534.7044	14.92163	17.81131
534.7552	15.81558	18.87838
534.8060	19.84214	23.40741
534.8568	21.03022	24.14612
534.9076	23.02937	26.44147
534.9584	25.57755	29.52327
535.0092	23.19373	27.10738
535.0600	20.582	24.05496
535.1108	18.02342	21.06645
535.1616	20.20035	23.61424
535.2124	22.64916	26.4769
535.2632	26.10324	30.62039
535.3140	27.10411	31.94767
535.3648	24.17886	28.49967
535.4156	22.28089	26.30527
535.4664	21.05088	24.92202
535.5172	21.37704	25.30816
535.5680	19.19754	22.45572
535.6188	19.91108	22.88269
535.6696	23.61472	27.13907
535.7204	27.51707	31.80524
535.7712	27.81062	32.31907
535.8220	23.07823	26.8195
535.8728	20.51212	23.54902
535.9236	20.87964	23.66024
535.9744	21.2199	24.04582
536.0252	18.9837	21.51181
536.0760	16.11297	18.25878
536.1268	16.28619	18.45508
536.1776	20.0385	22.67992
536.2284	26.37196	29.82599
536.2792	29.08055	32.88933
536.3300	28.37139	32.12356
536.3808	27.63533	31.31562
536.4316	26.89727	30.47927
536.4824	27.06365	30.51886
536.5332	25.06914	28.1864
536.5840	24.64512	27.70966
536.6348	22.85397	26.2035
536.6856	21.57636	25.04543
536.7364	21.09767	24.48977
536.7872	20.85746	24.8454
536.8380	19.7577	23.82368
536.8888	21.08173	25.42019
536.9396	21.87955	26.51982
536.9904	22.52612	27.36348
537.0412	23.98669	29.1377
537.0920	27.52524	33.37379
537.1428	27.04095	32.76754
537.1936	25.40999	30.79119
537.2444	20.76206	25.32976
537.2952	19.97754	24.43898
537.3460	19.02361	23.27203
537.3968	20.41792	24.3347
537.4476	20.28192	24.02214
537.4984	20.14669	23.86198
537.5492	23.65301	26.65854
537.6000	25.64283	28.63185
537.6508	25.88835	28.90599
537.7016	22.82918	25.05668
537.7524	23.53925	25.74623
537.8032	22.47252	24.57949
537.8540	20.39795	22.58662
537.9048	16.26191	18.03915
537.9556	17.13674	19.00959
538.0064	15.30929	17.00566
538.0572	19.7709	21.96491
538.1080	20.81004	23.11936
538.1588	24.25776	26.96907
538.2096	25.14775	27.95957
538.2604	24.48783	27.22586
538.3112	22.36099	24.85517
538.3620	23.72293	26.36879
538.4128	24.43873	27.16443
538.4636	25.18055	27.97488
538.5144	22.3218	24.79888
538.5652	23.7785	26.41616
538.6160	25.11795	27.84896
538.6668	22.82448	25.30613
538.7176	18.77744	20.81516
538.7684	20.20624	22.32365
538.8192	21.57831	23.8395
538.8700	21.30678	23.55489
538.9208	18.5362	20.67615
538.9716	22.49364	25.09047
539.0224	28.84258	32.18246
539.0732	32.38918	36.21874
539.1240	26.50804	29.64223
539.1748	24.13974	26.99392
539.2256	21.55453	24.10305
539.2764	24.91687	27.86294
539.3272	28.32106	31.66963
539.3780	34.27719	38.32999
539.4288	39.03778	43.65345
539.4796	35.82737	40.06345
539.5304	30.72716	34.36021
539.5812	24.29801	27.17091
539.6320	22.72958	25.41704
539.6828	19.58518	21.90085
539.7336	19.76955	22.10702
539.7844	19.25181	21.52806
539.8352	21.44128	23.97641
539.8860	23.2332	25.9802
539.9368	23.95683	26.73064
539.9876	24.46362	27.15095
540.0384	24.68394	27.39547
540.0892	25.63006	28.48593
540.1400	27.37212	30.51029
540.1908	29.90186	33.33007
540.2416	30.49629	33.99226
540.2924	27.05612	30.15701
540.3432	23.5267	26.22309
540.3940	23.57427	26.28493
540.4448	28.88796	32.22299
540.4956	31.0537	34.63877
540.5464	31.78744	35.46069
540.5972	29.73636	33.17764
540.6480	28.66873	31.98645
540.6988	29.18996	32.54339
540.7496	29.43073	32.77909
540.8004	29.5639	32.92741
540.8512	31.78893	35.42852
540.9020	35.60117	39.70128
540.9528	34.9139	38.93487
541.0036	30.23597	33.72187
541.0544	24.79977	27.66284
541.1052	23.03381	25.693
541.1560	22.65483	25.21146
541.2068	23.46296	26.05352
541.2576	26.03405	28.90849
541.3084	27.7307	30.92695
541.3592	28.04572	31.38515
541.4100	27.64126	30.93254
541.4608	26.91573	30.26205
541.5116	25.76325	29.06655
541.5624	25.6061	28.88924
541.6132	27.22091	30.68741
541.6640	28.95191	32.62407
541.7148	29.0416	32.72514
541.7656	29.24217	33.01881
541.8164	35.20522	39.79678
541.8672	37.76212	42.68716
541.9180	35.58094	40.22789
541.9688	29.63903	33.5128
542.0196	28.33296	32.03602
542.0704	29.285	33.11909
542.1212	32.59364	36.86398
542.1720	36.41892	41.19044
542.2228	36.88218	41.72799
542.2736	30.25921	34.23902
542.3244	23.15121	26.19615
542.3752	22.67406	25.51581
542.4260	24.14234	27.12429
542.4768	27.84913	31.28893
542.5276	28.21132	31.83077
542.5784	30.94131	34.95118
542.6292	31.07028	35.09688
542.6800	33.87745	38.02471
542.7308	30.34332	34.01539
542.7816	28.284	31.70687
542.8324	24.99881	28.116
542.8832	30.03967	33.80826
542.9340	25.92126	29.17318
542.9848	20.78417	23.38672
543.0356	20.15287	22.67555
543.0864	27.24598	30.65655
543.1372	34.58632	38.93612
543.1880	29.92269	33.6874
543.2388	27.50745	30.9683
543.2896	28.01155	31.51178
543.3404	32.15922	36.17592
543.3912	32.37418	36.41773
543.4420	24.76138	27.86061
543.4928	26.59349	29.92238
543.5436	28.03469	31.54399
543.5944	32.36779	36.31204
543.6452	30.17486	33.85169
543.6960	28.02019	31.42272
543.7468	27.36568	30.04008
543.7976	28.78129	31.59404
543.8484	28.68923	31.52243
543.8992	26.62107	29.83529
543.9500	26.60476	29.81701
544.0008	26.67237	29.85986
544.0516	27.20126	30.06699
544.1024	25.83344	28.55507
544.1532	25.09612	27.71618
544.2040	24.20952	26.54118
544.2548	22.12329	24.25402
544.3056	21.15158	23.18693
544.3564	22.79911	24.982
544.4072	21.6146	23.68407
544.4580	18.73122	20.52734
544.5088	19.18112	21.03391
544.5596	18.52433	20.31369
544.6104	21.69696	23.79694
544.6612	25.47635	27.95889
544.7120	26.91594	29.53876
544.7628	26.45032	28.97472
544.8136	21.35908	23.1974
544.8644	22.68274	24.63499
544.9152	21.9521	24.0033
544.9660	21.51936	23.96763
545.0168	18.05461	20.1087
545.0676	19.72503	21.98555
545.1184	19.76803	22.07777
545.1692	22.73022	25.38608
545.2200	23.48894	26.29993
545.2708	23.2395	26.16785
545.3216	23.49687	26.45764
545.3724	23.52197	26.62899
545.4232	24.96381	28.53392
545.4740	26.41794	30.19601
545.5248	29.74911	34.01044
545.5756	34.06763	38.95821
545.6264	34.53109	39.4882
545.6772	33.09096	37.98551
545.7280	32.13467	37.12087
545.7788	31.98969	36.9534
545.8296	29.82014	34.80867
545.8804	27.6751	32.73575
545.9312	23.47707	27.77006
545.9820	21.96511	25.75905
546.0328	22.91927	26.59814
546.0836	25.47942	29.56923
546.1344	27.3122	31.44089
546.1852	26.61719	30.39478
546.2360	25.54555	29.17105
546.2868	25.89559	29.11627
546.3376	25.90335	28.7052
546.3884	24.34892	26.98263
546.4392	24.00436	26.87331
546.4900	25.22624	28.46069
546.5408	28.43406	32.0798
546.5916	28.68854	32.57662
546.6424	30.21572	34.48757
546.6932	30.52662	34.84243
546.7440	28.56021	32.94767
546.7948	25.876	30.06393
546.8456	26.3347	30.59688
546.8964	29.17712	33.87872
546.9472	31.15121	36.15973
546.9980	32.60854	37.85137
547.0488	34.04676	39.60062
547.0996	35.02056	40.77227
547.1504	32.26692	37.56638
547.2012	27.41507	33.05316
547.2520	26.42734	32.42532
547.3028	27.67655	33.95805
547.3536	28.08821	33.6615
547.4044	24.87499	29.54239
547.4552	25.36008	30.11849
547.5060	26.44764	31.77042
547.5568	27.7063	33.4011
547.6076	27.48527	33.13464
547.6584	23.38173	28.34438
547.7092	21.15325	25.69058
547.7600	20.86436	25.33972
547.8108	23.21122	28.19136
547.8616	24.94648	30.29923
547.9124	26.98797	32.77876
547.9632	30.38524	37.04518
548.0140	27.22274	33.2092
548.0648	22.84337	27.86678
548.1156	24.83148	29.12189
548.1664	25.1922	29.39647
548.2172	25.83853	30.15067
548.2680	21.33654	25.214
548.3188	23.51329	27.83117
548.3696	24.4195	28.90379
548.4204	23.11563	26.81045
548.4712	27.79403	32.18859
548.5220	25.98836	30.09743
548.5728	25.8781	28.97266
548.6236	21.69423	24.25926
548.6744	20.87424	23.34233
548.7252	23.01131	25.74479
548.7760	23.75026	26.57162
548.8268	23.7624	26.58497
548.8776	24.43389	27.32285
548.9284	22.24294	24.87286
548.9792	20.74282	23.19537
549.0300	18.08837	20.22706
549.0808	20.26231	22.65804
549.1316	22.23542	24.90479
549.1824	21.27997	24.34638
549.2332	18.25366	20.88398
549.2840	21.31158	24.32832
549.3348	25.26891	28.37704
549.3856	25.91675	29.10457
549.4364	26.00097	29.14405
549.4872	26.26575	29.09941
549.5380	23.76311	26.32678
549.5888	21.33259	23.56206
549.6396	21.64902	23.53702
549.6904	23.83556	25.91424
549.7412	26.49204	28.84285
549.7920	24.91677	27.31655
549.8428	31.59313	34.63592
549.8936	28.79062	31.65601
549.9444	26.09327	28.98156
549.9952	17.7915	19.76086
550.0460	20.69089	23.01227
550.0968	25.94412	28.94654
550.1476	30.99686	34.58401
550.1984	31.67318	35.31866
550.2492	27.85245	31.00567
550.3000	25.82642	28.75027
550.3508	22.76016	25.31628
550.4016	23.29216	25.86386
550.4524	22.77995	25.2951
550.5032	23.49106	26.38839
550.5540	23.01453	26.44931
550.6048	21.71143	24.95173
550.6556	20.48025	23.51905
550.7064	23.65249	27.13132
550.7572	27.57561	31.63146
550.8080	28.49111	32.70112
550.8588	23.83869	27.39004
550.9096	18.13368	20.83513
550.9604	15.00836	17.24606
551.0112	16.7829	19.28765
551.0620	18.95329	21.78195
551.1128	21.13502	24.25314
551.1636	21.29883	24.40263
551.2144	21.19787	24.28695
551.2652	20.90206	23.9326
551.3160	19.06189	21.80868
551.3668	18.71127	21.40753
551.4176	20.08213	23.39935
551.4684	22.48573	26.58579
551.5192	22.7182	26.86066
551.5700	22.58019	25.77516
551.6208	25.02964	27.76509
551.6716	27.02499	29.97852
551.7224	25.25346	28.04408
551.7732	22.03832	24.4963
551.8240	20.4369	22.71626
551.8748	19.72094	21.82758
551.9256	17.21274	18.99706
551.9764	16.27491	17.96201
552.0272	19.74007	21.75934
552.0780	24.8201	27.344
552.1288	25.66011	28.26942
552.1796	25.04831	27.6001
552.2304	23.04955	25.39991
552.2812	24.21642	26.68577
552.3320	23.72191	26.08631
552.3828	23.60688	25.93399
552.4336	24.19135	26.57607
552.4844	26.00047	29.38868
552.5352	29.80998	34.01778
552.5860	31.45825	35.8987
552.6368	29.47586	33.04887
552.6876	21.04026	23.44073
552.7384	17.59577	19.60327
552.7892	18.39608	21.00282
552.8400	23.87131	27.42107
552.8908	23.45515	26.94302
552.9416	20.68525	23.54704
552.9924	17.16754	19.49618
553.0432	18.3413	20.82915
553.0940	19.90046	22.59514
553.1448	22.60284	25.66254
553.1956	21.78373	24.73255
553.2464	20.97252	23.74168
553.2972	19.58698	22.16313
553.3480	20.06962	22.70925
553.3988	19.4995	22.13138
553.4496	18.76176	21.3015
553.5004	22.69351	25.76548
553.5512	28.3842	32.35828
553.6020	36.91384	42.09243
553.6528	31.23987	35.62247
553.7036	26.08016	29.61662
553.7544	23.09729	26.22392
553.8052	30.82034	34.99242
553.8560	35.93542	41.45084
553.9068	35.21701	40.62475
553.9576	29.45598	33.98392
554.0084	27.27308	31.77406
554.0592	24.4607	28.49755
554.1100	24.44123	28.44614
554.1608	24.65234	28.08507
554.2116	28.02028	31.92198
554.2624	27.50347	31.32736
554.3132	29.45242	33.4716
554.3640	28.70942	32.62722
554.4148	28.5825	32.46272
554.4656	32.91429	37.20706
554.5164	32.08512	36.26975
554.5672	35.04346	39.71149
554.6180	32.98339	38.01266
554.6688	27.69537	31.91833
554.7196	25.18437	29.27838
554.7704	22.43042	27.48868
554.8212	26.61892	32.62172
554.8720	27.1573	33.37639
554.9228	29.49152	36.64879
554.9736	30.39356	37.76974
555.0244	34.27452	42.49778
555.0752	37.12086	45.68004
555.1260	41.33835	50.86998
555.1768	41.02719	49.64843
555.2276	35.76772	40.69763
555.2784	33.30931	37.90038
555.3292	33.81868	38.49815
555.3800	34.23544	39.01961
555.4308	34.37614	39.17997
555.4816	32.13145	36.76312
555.5324	30.96515	35.73663
555.5832	29.02028	33.49208
555.6340	28.0609	32.42863
555.6848	27.55494	31.92791
555.7356	28.146	32.61278
555.7864	33.46783	38.82835
555.8372	40.39157	46.95029
555.8880	42.82502	49.77888
555.9388	37.29181	43.46358
555.9896	34.85094	40.86006
556.0404	38.13333	44.70841
556.0912	38.62391	45.30182
556.1420	36.27856	42.58145
556.1928	31.98854	37.5461
556.2436	35.26093	41.49945
556.2944	37.28763	44.10601
556.3452	40.74129	48.19121
556.3960	40.03665	48.67677
556.4468	38.56055	49.28045
556.4976	35.93557	45.92572
556.5484	33.77428	41.73349
556.5992	31.10353	35.82105
556.6500	30.2831	34.87618
556.7008	33.35283	38.24721
556.7516	35.34212	40.21338
556.8024	36.37527	41.38892
556.8532	33.84087	38.47492
556.9040	33.97978	38.57955
556.9548	30.38044	34.49298
557.0056	27.79796	31.56091
557.0564	28.10204	31.90615
557.1072	31.51334	35.77923
557.1580	35.50499	40.27673
557.2088	35.22286	39.89424
557.2596	34.07738	38.59685
557.3104	33.78786	38.16291
557.3612	32.62177	36.64334
557.4120	30.81316	34.61177
557.4628	27.36726	30.76305
557.5136	28.7545	32.36187
557.5644	29.53202	33.23692
557.6152	28.92381	32.55242
557.6660	24.94701	28.07671
557.7168	26.75571	30.11232
557.7676	32.1987	36.23866
557.8184	34.77956	39.14426
557.8692	32.9677	37.10501
557.9200	29.03238	32.67253
557.9708	28.48604	32.05185
558.0216	27.10929	30.50275
558.0724	27.29792	30.72758
558.1232	25.91082	29.1901
558.1740	25.91318	29.19275
558.2248	28.66892	32.30705
558.2756	34.83009	39.26707
558.3264	36.63209	41.29862
558.3772	33.99624	38.41174
558.4280	28.56139	32.43551
558.4788	26.71792	30.34199
558.5296	26.1377	29.7238
558.5804	26.9555	30.7297
558.6312	26.31469	29.99916
558.6820	25.00033	28.54181
558.7328	27.03071	30.93313
558.7836	28.10564	32.16325
558.8344	29.0015	33.24673
558.8852	26.79753	30.82583
558.9360	24.71272	28.42763
558.9868	23.66723	27.19341
559.0376	21.35905	24.47742
559.0884	22.3084	25.56537
559.1392	23.06435	26.4642
559.1900	24.46155	28.1255
559.2408	24.20828	27.83429
559.2916	23.49425	27.03073
559.3424	24.03218	27.68364
559.3932	25.8872	29.82052
559.4440	26.14448	29.85863
559.4948	26.35642	29.63375
559.5456	27.14976	30.52574
559.5964	29.49739	33.23928
559.6472	27.73012	31.3773
559.6980	22.94937	25.96776
559.7488	20.89774	23.65489
559.7996	22.56069	25.55277
559.8504	23.53312	26.65417
559.9012	24.21481	27.41254
559.9520	23.747	26.85722
560.0028	22.97954	25.98925
560.0536	21.57549	24.40131
560.1044	24.36119	27.55187
560.1552	29.2625	33.09512
560.2060	28.0428	31.69516
560.2568	24.85284	28.05312
560.3076	21.83237	24.64371
560.3584	21.79177	24.52706
560.4092	21.10577	23.61885
560.4600	22.09615	24.72716
560.5108	23.28084	26.19509
560.5616	23.74636	26.98037
560.6124	23.74636	26.98037
560.6632	24.00296	27.26485
560.7140	23.71734	26.92791
560.7648	22.55713	25.61064
560.8156	24.27766	27.56916
560.8664	27.37076	31.09088
560.9172	29.27124	33.24967
560.9680	30.20921	34.31512
561.0188	31.97559	36.32158
561.0696	36.24674	41.17325
561.1204	38.12831	43.33619
561.1712	36.87565	41.95827
561.2220	32.57189	37.06131
561.2728	29.90332	33.82849
561.3236	31.51085	35.29794
561.3744	33.77901	37.8387
561.4252	36.6904	41.09356
561.4760	32.12814	35.97155
561.5268	27.564	30.86142
561.5776	23.12656	25.86267
561.6284	25.5023	28.46782
561.6792	24.70746	27.58056
561.7300	23.39866	26.12153
561.7808	21.64598	24.16912
561.8316	24.46243	27.31386
561.8824	25.73047	28.7297
561.9332	28.57066	31.90096
561.9840	30.25448	33.78105
562.0348	30.63979	34.21691
562.0856	28.26178	31.57183
562.1364	28.3238	31.64111
562.1872	30.21403	33.70559
562.2380	29.71687	33.06453
562.2888	28.03573	31.19401
562.3396	25.35284	28.1727
562.3904	22.76583	25.22831
562.4412	21.52961	23.85837
562.4920	22.40201	25.08963
562.5428	25.38435	28.85072
562.5936	23.30001	26.48175
562.6444	22.74953	26.06256
562.6952	22.37122	26.0573
562.7460	25.94764	30.223
562.7968	28.34142	33.20167
562.8476	29.93937	35.41406
562.8984	28.97701	34.27572
562.9492	27.54632	32.57616
563.0000	26.37285	31.17485
563.0508	24.69215	29.18813
563.1016	21.68039	25.66327
563.1524	21.51676	25.5416
563.2032	25.40044	30.15174
563.2540	29.15018	34.11405
563.3048	31.04109	35.45499
563.3556	30.68366	35.04673
563.4064	28.94127	32.9025
563.4572	25.6146	28.83514
563.5080	22.98568	25.87568
563.5588	22.52429	25.39146
563.6096	25.05887	28.31331
563.6604	30.78367	34.7816
563.7112	37.73484	42.58385
563.7620	35.70295	40.19341
563.8128	31.4507	35.40634
563.8636	24.70809	27.81289
563.9144	24.41446	27.47735
563.9652	22.38826	25.19696
564.0160	20.47136	23.03958
564.0668	19.58339	22.0402
564.1176	20.88158	23.50126
564.1684	23.59167	26.55134
564.2192	26.83124	30.19733
564.2700	25.63419	28.8501
564.3208	26.69334	30.06497
564.3716	29.25351	32.98817
564.4224	30.0535	33.89029
564.4732	29.60533	33.38018
564.5240	24.45797	27.56689
564.5748	24.45656	27.5653
564.6256	24.95754	28.17254
564.6764	25.14332	28.45718
564.7272	22.47859	25.44125
564.7780	20.153	22.79948
564.8288	21.20871	23.97481
564.8796	23.70338	26.79485
564.9304	23.37778	26.43082
564.9812	20.98051	23.7284
565.0320	22.12967	25.02807
565.0828	25.22381	28.55614
565.1336	27.6294	31.33289
565.1844	29.48654	33.43897
565.2352	28.98614	32.86565
565.2860	28.05303	31.79664
565.3368	27.79386	31.50289
565.3876	27.84395	31.55689
565.4384	29.53898	33.47278
565.4892	30.86569	34.97617
565.5400	30.46655	34.52676
565.5908	27.73782	31.43937
565.6416	24.63328	27.92053
565.6924	27.1249	30.69865
565.7432	30.57604	34.51329
565.7940	33.73864	38.08314
565.8448	29.93031	33.76814
565.8956	24.78949	27.94055
565.9464	20.09835	22.65311
565.9972	23.42152	26.40833
566.0480	26.83463	30.2753
566.0988	28.1667	31.77816
566.1496	23.23657	26.23308
566.2004	22.0446	24.91972
566.2512	23.34707	26.39207
566.3020	26.62333	30.09305
566.3528	26.50457	29.95407
566.4036	27.28249	30.83324
566.4544	29.12741	32.89861
566.5052	27.74684	31.30447
566.5560	23.39108	26.39022
566.6068	19.87341	22.36493
566.6576	19.41433	21.74222
566.7084	18.16035	20.33787
566.7592	16.33733	18.29292
566.8100	18.02696	20.17847
566.8608	19.68235	22.03143
566.9116	18.88495	21.10819
566.9624	16.79522	18.71072
567.0132	15.7592	17.55654
567.0640	12.9596	14.43384
567.1148	12.19875	13.57979
567.1656	12.05929	13.42455
567.2164	15.14825	16.86667
567.2672	16.55201	18.43578
567.3180	17.05146	18.99206
567.3688	17.48194	19.51047
567.4196	17.35859	19.45034
567.4704	17.33987	19.42936
567.5212	14.54429	16.31786
567.5720	15.24774	17.14797
567.6228	16.79834	18.8918
567.6736	18.01555	20.29831
567.7244	17.90087	20.23063
567.7752	17.62634	19.92036
567.8260	23.03998	25.95565
567.8768	24.70955	27.68611
567.9276	24.48357	27.43291
567.9784	22.95016	25.70819
568.0292	23.23073	26.00976
568.0800	23.56247	26.38119
568.1308	22.5882	25.29275
568.1816	25.46308	28.51624
568.2324	27.07981	30.32683
568.2832	24.35082	27.27455
568.3340	18.94765	21.23011
568.3848	16.98579	19.03193
568.4356	17.70923	19.95645
568.4864	16.61041	18.90892
568.5372	13.66671	15.55788
568.5880	14.17176	16.10232
568.6388	17.62206	19.95916
568.6896	22.80583	25.83041
568.7404	23.99053	27.1699
568.7912	22.69412	25.69766
568.8420	19.4278	21.99904
568.8928	19.42591	22.05304
568.9436	19.17065	21.86621
568.9944	19.70831	22.47947
569.0452	21.32172	24.31939
569.0960	20.35922	23.22094
569.1468	17.4042	19.85055
569.1976	13.42077	15.30742
569.2484	13.95462	15.91677
569.2992	16.46716	18.78258
569.3500	17.37436	19.80735
569.4008	16.39587	18.67365
569.4516	16.85675	19.19856
569.5024	20.92976	23.56373
569.5532	24.50198	27.098
569.6040	24.11482	26.66983
569.6548	19.6034	21.67338
569.7056	16.31527	18.02495
569.7564	16.07929	17.76423
569.8072	19.39331	21.47351
569.8580	21.02354	23.36834
569.9088	21.29969	23.67529
569.9596	19.67533	21.90166
570.0104	20.64215	23.03754
570.0612	22.08321	24.64583
570.1120	21.50045	23.99337
570.1628	17.6892	19.73631
570.2136	14.80988	16.52378
570.2644	14.97165	16.77526
570.3152	19.9675	22.4946
570.3660	21.72958	24.47968
570.4168	18.41281	20.77596
570.4676	12.94629	14.67039
570.5184	12.19977	13.82446
570.5692	15.62193	17.79413
570.6200	16.80714	19.31096
570.6708	17.0139	19.54853
570.7216	17.79832	20.17886
570.7724	20.64036	22.91927
570.8232	21.81515	24.22378
570.8740	21.28705	23.65639
570.9248	19.67425	21.90161
570.9756	20.65622	22.99475
571.0264	21.33152	23.75468
571.0772	20.61176	22.9683
571.1280	20.13643	22.43862
571.1788	21.89027	24.40283
571.2296	25.6795	28.64413
571.2804	26.11688	29.13201
571.3312	24.11007	26.9433
571.3820	22.37376	25.10002
571.4328	22.59538	25.34865
571.4836	21.44417	24.01601
571.5344	19.64142	21.91994
571.5852	20.23594	22.58342
571.6360	25.03159	27.98593
571.6868	27.74819	31.10621
571.7376	25.12345	28.16382
571.7884	22.22879	24.95281
571.8392	20.1863	22.72992
571.8900	21.71189	24.44774
571.9408	23.70728	26.66611
571.9916	28.22644	31.69835
572.0424	29.92826	33.60949
572.0932	27.01663	30.33249
572.1440	22.98895	25.79655
572.1948	21.5906	24.22742
572.2456	22.8402	25.62474
572.2964	25.43206	28.52391
572.3472	28.65744	32.14141
572.3980	33.02706	37.04226
572.4488	31.63663	35.48279
572.4996	30.88539	34.64022
572.5504	30.2527	33.91828
572.6012	30.57421	34.25723
572.6520	26.99276	30.24436
572.7028	25.16276	28.19391
572.7536	28.07791	31.46023
572.8044	28.42602	31.85027
572.8552	23.36603	26.2261
572.9060	17.74304	20.00821
572.9568	18.54427	20.91172
573.0076	22.6352	25.39093
573.0584	25.14828	27.98831
573.1092	21.71327	24.16539
573.1600	17.22762	19.20411
573.2108	17.06817	19.09099
573.2616	20.16224	22.55175
573.3124	21.88277	24.93504
573.3632	22.98369	27.04296
573.4140	24.94444	29.35001
573.4648	27.49109	32.41705
573.5156	26.75844	31.67224
573.5664	23.01557	27.24205
573.6172	21.99843	25.81051
573.6680	20.8966	24.06039
573.7188	21.54205	24.80355
573.7696	21.66269	24.93092
573.8204	24.96222	28.7079
573.8712	28.6931	32.99861
573.9220	32.29683	37.12911
573.9728	27.97997	32.14069
574.0236	24.15968	27.75231
574.0744	22.04666	25.22671
574.1252	24.36107	27.66546
574.1760	28.49755	32.36301
574.2268	27.6437	31.26512
574.2776	26.48442	29.7483
574.3284	20.86307	23.4342
574.3792	20.11195	22.61042
574.4300	19.94929	22.46856
574.4808	22.03779	24.8208
574.5316	20.57924	23.15625
574.5824	18.46911	20.74008
574.6332	19.26606	21.63503
574.6840	22.08537	24.82802
574.7348	23.02084	25.92897
574.7856	21.4975	24.2132
574.8364	19.45121	22.10522
574.8872	21.12198	24.35968
574.9380	21.58854	24.89776
574.9888	21.08254	24.31419
575.0396	19.89035	22.93926
575.0904	18.41127	21.23346
575.1412	16.802	19.3121
575.1920	18.76834	21.44221
575.2428	22.2187	25.38414
575.2936	23.6335	27.31623
575.3444	21.32507	25.15811
575.3952	17.32343	20.43721
575.4460	19.17339	22.57012
575.4968	19.97096	23.40919
575.5476	20.77688	24.35385
575.5984	18.23557	21.68111
575.6492	18.70329	22.79608
575.7000	18.44201	22.47762
575.7508	18.73326	22.82812
575.8016	20.88748	25.44494
575.8524	23.56892	28.71144
575.9032	25.13647	30.62919
575.9540	24.2435	29.557
576.0048	25.16667	30.6825
576.0556	24.4106	29.75087
576.1064	21.24642	25.87698
576.1572	16.97464	20.67418
576.2080	16.37678	19.93474
576.2588	20.47123	24.89761
576.3096	24.24157	29.48318
576.3604	25.66671	31.1613
576.4112	26.58748	32.17842
576.4620	25.6019	30.98558
576.5128	21.97997	26.37908
576.5636	16.77449	19.73273
576.6144	13.88755	16.33667
576.6652	15.79111	18.24493
576.7160	16.16003	18.09321
576.7668	16.37753	18.33673
576.8176	18.72587	20.96964
576.8684	19.22771	21.53857
576.9192	18.88561	21.15536
576.9700	15.53835	17.40714
577.0208	15.19163	17.02164
577.0716	17.99247	20.15988
577.1224	18.99372	21.28173
577.1732	20.11097	22.53357
577.2240	18.44348	20.66521
577.2748	16.71103	18.72267
577.3256	14.31883	16.03972
577.3764	14.71673	16.48545
577.4272	16.65869	18.69311
577.4780	18.58708	20.91376
577.5288	18.45254	20.76238
577.5796	16.97538	19.11787
577.6304	16.12139	18.19288
577.6812	18.51105	20.88959
577.7320	20.70402	23.29281
577.7828	22.78873	25.51489
577.8336	23.05768	25.81602
577.8844	23.45169	26.24872
577.9352	21.82978	24.41692
577.9860	21.27797	23.79971
578.0368	21.17109	23.68051
578.0876	23.68994	26.49848
578.1384	23.06302	25.79724
578.1892	24.64749	27.671
578.2400	25.75139	29.10286
578.2908	26.90043	30.40146
578.3416	25.4838	28.83468
578.3924	22.99222	26.07941
578.4432	21.32883	24.19267
578.4940	21.36624	24.44251
578.5448	21.80614	25.31215
578.5956	22.64136	26.28166
578.6464	25.90644	30.021
578.6972	26.39917	30.49542
578.7480	26.44245	30.54542
578.7988	26.06411	30.08436
578.8496	29.14925	33.60174
578.9004	28.91281	33.32919
578.9512	25.14246	28.98293
579.0020	22.73822	26.21144
579.0528	21.11155	24.3363
579.1036	20.06561	23.0651
579.1544	17.76382	20.28492
579.2052	18.69067	21.34331
579.2560	18.69742	21.43801
579.3068	18.95233	21.89309
579.3576	19.43271	22.448
579.4084	20.18126	22.91389
579.4592	21.83718	24.0708
579.5100	22.8058	25.13849
579.5608	22.71927	25.16583
579.6116	19.59385	21.9269
579.6624	17.83105	19.95421
579.7132	20.40192	22.84024
579.7640	23.45742	26.27662
579.8148	22.08147	24.7353
579.8656	17.43298	19.52667
579.9164	15.60159	17.47231
579.9672	18.83493	21.09335
580.0180	23.28223	26.08312
580.0688	23.74738	26.62123
580.1196	21.95868	24.61607
580.1704	19.71356	22.13487
580.2212	21.82529	24.5694
580.2720	23.2902	26.21849
580.3228	25.42288	28.63683
580.3736	25.65011	28.92474
580.4244	23.91369	26.96664
580.4752	20.56424	23.12596
580.5260	17.49921	19.56337
580.5768	16.97076	18.97258
580.6276	19.07568	21.32747
580.6784	17.89923	20.01556
580.7292	18.75787	20.97572
580.7800	19.4923	21.79699
580.8308	22.80658	25.50314
580.8816	23.99485	26.8319
580.9324	24.71131	27.63062
580.9832	24.92083	27.86042
581.0340	23.95527	26.78097
581.0848	22.76546	25.42248
581.1356	23.04916	25.68436
581.1864	25.47443	28.38691
581.2372	27.33827	30.45041
581.2880	26.59352	29.59677
581.3388	25.18136	28.02514
581.3896	23.92116	26.88615
581.4404	20.8102	23.88788
581.4912	19.4147	22.28599
581.5420	19.94583	22.81603
581.5928	22.89976	26.03728
581.6436	25.61613	29.12582
581.6944	22.97747	26.19759
581.7452	20.32615	23.30473
581.7960	17.97909	20.61374
581.8468	18.47496	21.36762
581.8976	18.41101	21.60967
581.9484	15.22116	17.86562
581.9992	12.02249	14.16984
582.0500	11.11642	13.22369
582.1008	13.12972	15.61863
582.1516	17.87499	21.26601
582.2024	23.77098	28.28471
582.2532	25.68578	30.5631
582.3040	24.85684	29.57434
582.3548	20.32165	24.17389
582.4056	17.97682	21.38457
582.4564	17.73516	21.04391
582.5072	18.27525	21.57911
582.5580	19.37707	22.88012
582.6088	16.97352	20.10097
582.6596	15.35763	18.30428
582.7104	17.42274	20.76563
582.7612	22.13696	25.69012
582.8120	24.65897	27.46444
582.8628	22.16205	24.68345
582.9136	20.52529	23.38837
582.9644	22.2347	26.34079
583.0152	25.11459	29.75251
583.0660	27.0989	31.5523
583.1168	25.57291	28.82355
583.1676	21.78575	24.555
583.2184	19.66669	22.15127
583.2692	17.50173	19.68286
583.3200	16.61798	18.68897
583.3708	16.4198	18.46425
583.4216	19.57491	22.00899
583.4724	21.98587	24.71974
583.5232	22.41562	25.16214
583.5740	18.75646	20.96892
583.6248	19.43049	21.72245
583.6756	19.86284	22.13963
583.7264	22.52997	24.99224
583.7772	22.72298	25.20634
583.8280	20.20843	22.53664
583.8788	19.17235	21.60411
583.9296	19.74829	22.2531
583.9804	22.31559	25.14829
584.0312	24.50424	27.61905
584.0820	25.95861	29.25828
584.1328	24.55351	27.66326
584.1836	21.48826	24.18999
584.2344	17.77478	20.00961
584.2852	18.23064	20.39745
584.3360	21.24363	23.52952
584.3868	23.55568	26.09035
584.4376	22.35838	24.78333
584.4884	20.55836	22.82245
584.5392	19.09585	21.19888
584.5900	20.13853	22.56284
584.6408	20.79271	23.67564
584.6916	21.4115	24.38022

