HOLE:	U1513E
EXPEDITION:	369
TOP:	497.7500
BOTTOM:	576.8455
DEPTH_WMSF	HGR	EHGR
m	gAPI	gAPI
497.7500	25.15769	30.93617
497.8008	25.16509	30.94527
497.8516	26.59529	32.7044
497.9024	26.6233	33.31994
497.9532	26.58916	33.27721
498.0040	19.42476	24.3122
498.0548	19.39683	25.07735
498.1056	13.68297	17.6916
498.1564	18.68647	24.16395
498.2072	17.97086	24.2541
498.2580	23.0307	31.08507
498.3088	25.14977	33.94523
498.3596	28.09468	38.08933
498.4104	32.37342	43.8903
498.4612	29.53845	40.04684
498.5120	25.87699	35.23729
498.5628	26.59841	36.21966
498.6136	29.4985	40.16875
498.6644	29.49856	40.15383
498.7152	29.53199	40.19933
498.7660	28.06949	38.20749
498.8168	28.04599	37.75779
498.8676	27.33919	36.80546
498.9184	31.63521	42.58577
498.9692	30.94309	40.77301
499.0200	25.1499	33.13888
499.0708	19.44433	25.6209
499.1216	18.72621	24.80306
499.1724	21.59486	28.60263
499.2232	23.72316	31.41956
499.2740	26.58912	33.31888
499.3248	22.27869	27.91748
499.3756	20.13788	25.2341
499.4264	16.57701	20.43536
499.4772	16.55812	20.41115
499.5280	17.28393	21.31006
499.5788	19.41358	25.22282
499.6296	25.18205	32.71916
499.6804	25.87618	33.62104
499.7312	25.90022	35.94018
499.7820	24.48831	33.9811
499.8328	24.44246	33.9175
499.8836	25.91158	35.97294
499.9344	25.88073	35.93011
499.9852	22.33111	31.0022
500.0360	17.98138	24.96929
500.0868	12.21909	16.96767
500.1376	8.642482	12.00111
500.1884	10.78932	14.97703
500.2392	12.95075	17.97736
500.2900	15.81105	21.94785
500.3408	13.65803	18.55216
500.3916	15.83716	21.51189
500.4424	20.87225	28.35091
500.4932	25.8996	34.35074
500.5440	21.59388	28.64004
500.5948	17.25963	22.89151
500.6456	17.26509	22.89256
500.6964	20.38839	27.0339
500.7472	25.39326	33.67024
500.7980	18.95273	25.19786
500.8488	17.96291	23.88205
500.8996	15.83757	21.05483
500.9504	16.55319	21.57544
501.0012	17.80391	23.20526
501.0520	14.91996	19.44638
501.1028	16.35745	20.17034
501.1536	17.2687	21.29399
501.2044	16.55524	20.41403
501.2552	18.00999	22.00881
501.3060	15.84365	19.36147
501.3568	20.84079	25.46789
501.4076	20.84079	25.3543
501.4584	22.99316	27.97252
501.5092	21.58532	26.25982
501.5600	21.58532	26.26419
501.6108	20.90285	25.43379
501.6616	25.19654	30.65819
501.7124	25.89581	31.48271
501.7632	26.57724	32.31115
501.8140	23.00132	27.96374
501.8648	22.99994	27.96674
501.9156	21.58296	26.24377
501.9664	23.04299	28.01959
502.0172	20.89614	25.70747
502.0680	19.43009	23.9047
502.1188	17.26344	21.23869
502.1696	21.69667	26.55369
502.2204	27.46376	33.61157
502.2712	30.15469	36.90486
502.3220	32.20891	37.95972
502.3728	28.11496	33.13418
502.4236	27.25284	32.11811
502.4744	23.6245	27.66291
502.5252	26.27262	30.76371
502.5760	22.27972	26.08826
502.6268	20.14558	23.59781
502.6776	20.15295	23.60645
502.7284	23.74559	27.81469
502.7792	26.24879	30.73028
502.8300	23.40265	27.39819
502.8808	25.50961	29.86488
502.9316	22.52192	26.3671
502.9824	26.8087	31.38576
503.0332	25.40952	29.74769
503.0840	23.91964	28.00345
503.1348	21.63632	25.3303
503.1856	20.95094	24.52801
503.2364	25.0545	29.45359
503.2872	20.87582	24.54122
503.3380	23.85913	28.0484
503.3888	20.99668	24.70973
503.4396	29.38988	34.5873
503.4904	25.88374	30.46138
503.5412	28.03059	33.06995
503.5920	24.64317	29.07363
503.6428	21.56549	25.44263
503.6936	20.14587	23.82266
503.7444	16.54392	19.56334
503.7952	18.01277	21.30026
503.8460	17.27756	20.43448
503.8968	20.17287	23.85882
503.9476	26.26772	31.06731
503.9984	30.35313	35.8992
504.0492	32.65337	38.61974
504.1000	29.41177	34.78616
504.1508	33.19812	39.38181
504.2016	30.19836	35.82346
504.2524	26.62029	31.57889
504.3032	20.89367	25.13176
504.3540	19.05397	22.91914
504.4048	18.69406	22.4863
504.4556	22.29995	27.41755
504.5064	25.5518	31.41567
504.5572	28.80576	35.4165
504.6080	23.75071	29.29645
504.6588	26.65281	32.87617
504.7096	25.18886	31.07045
504.7604	23.75763	29.32395
504.8112	25.8787	31.94201
504.8620	26.61505	32.85082
504.9128	32.33996	39.89776
504.9636	27.3551	33.74793
505.0144	30.96756	38.20461
505.0652	30.96889	38.15666
505.1160	34.53632	42.55209
505.1668	34.50135	42.50887
505.2176	33.78406	41.47603
505.2684	34.49857	42.35323
505.3192	32.37512	39.74516
505.3700	33.12297	40.07457
505.4208	30.22546	36.56765
505.4716	32.3758	39.1731
505.5224	30.19672	37.81401
505.5732	33.08801	41.43671
505.6240	30.21696	37.84124
505.6748	28.05934	35.75362
505.7256	21.58589	27.5052
505.7764	20.82103	26.53085
505.8272	20.1348	26.20233
505.8780	17.26466	22.46728
505.9288	19.44421	25.30363
505.9796	20.84095	27.12896
506.0304	24.45386	31.83196
506.0812	21.5873	28.10051
506.1320	22.32656	29.05869
506.1828	21.58852	28.09811
506.2336	26.56597	34.57642
506.2844	30.13563	39.22794
506.3352	30.90086	40.22413
506.3860	29.52948	38.43897
506.4368	28.76947	37.43927
506.4876	33.71455	43.87426
506.5384	31.73897	41.30336
506.5892	26.16016	34.04803
506.6400	21.74426	28.30082
506.6908	22.94241	29.86024
506.7416	25.756	33.89227
506.7924	27.23963	35.86277
506.8432	27.36726	36.03081
506.8940	28.02183	36.12868
506.9448	27.41834	35.30162
506.9956	26.64773	34.30944
507.0464	23.92631	28.92773
507.0972	23.0749	27.74147
507.1480	23.02507	27.68156
507.1988	28.31837	33.92025
507.2496	27.47923	32.9061
507.3004	25.37508	30.3864
507.3512	22.57025	26.94856
507.4020	24.23131	28.9214
507.4528	25.75316	30.73781
507.5036	25.26143	30.14626
507.5544	23.26583	27.76422
507.6052	23.04787	27.50412
507.6560	21.1428	25.29882
507.7068	25.29487	30.27989
507.7576	22.11986	26.47915
507.8084	19.07158	22.78317
507.8592	19.34009	23.0955
507.9100	23.7609	28.37472
507.9608	28.13916	33.45571
508.0116	21.44857	25.48409
508.0624	23.79744	28.2749
508.1132	24.4497	29.01128
508.1640	29.27022	34.72243
508.2148	26.02331	30.87071
508.2656	25.77806	30.83338
508.3164	25.87933	31.00629
508.3672	22.34218	26.76839
508.4180	21.56183	26.02924
508.4688	23.34012	28.22324
508.5196	27.21717	32.91142
508.5704	25.72965	30.66873
508.6212	19.9918	23.73656
508.6720	19.87274	23.5952
508.7228	24.69241	29.38571
508.7736	31.01993	36.93378
508.8244	32.352	38.51981
508.8752	27.86123	33.1772
508.9260	24.37828	29.03098
508.9768	20.9749	24.97806
509.0276	24.02702	28.62873
509.0784	24.09458	28.71317
509.1292	21.56094	25.69387
509.1800	16.49892	19.75618
509.2308	16.17662	19.41143
509.2816	24.5995	29.51863
509.3324	28.91036	35.23457
509.3832	27.37373	33.52901
509.4340	22.93187	28.08835
509.4848	22.1235	27.71128
509.5356	23.86525	30.129
509.5864	26.51777	33.47771
509.6372	27.32955	34.6352
509.6880	27.33565	34.69519
509.7388	25.8264	32.7796
509.7896	26.20642	33.3232
509.8404	24.59373	31.29542
509.8912	19.69804	25.06568
509.9420	16.97254	21.59969
509.9928	19.51488	24.83635
510.0436	26.79914	34.10695
510.0944	27.55685	35.08168
510.1452	27.62834	35.17815
510.1960	24.19072	30.80116
510.2468	27.12573	34.45852
510.2976	26.134	33.17002
510.3484	24.94191	31.65699
510.3992	21.88259	27.72302
510.4500	22.01844	27.86145
510.5008	23.50254	29.73939
510.5516	26.14738	32.14143
510.6024	30.25242	36.66826
510.6532	32.70764	39.64418
510.7040	32.23835	39.61502
510.7548	31.18994	38.64691
510.8056	31.35743	38.85444
510.8564	32.51505	40.24815
510.9072	27.1905	33.63714
510.9580	23.11135	28.59086
511.0088	22.83378	27.95359
511.0596	25.54908	31.06533
511.1104	28.63132	34.81305
511.1612	26.94398	32.57825
511.2120	26.87273	32.34606
511.2628	26.49286	31.88883
511.3136	29.18236	35.23668
511.3644	28.55771	34.54411
511.4152	23.92948	28.94569
511.4660	19.43699	23.59771
511.5168	19.72149	24.0284
511.5676	21.57895	26.29149
511.6184	21.57577	25.95898
511.6692	20.38296	24.27738
511.7200	23.776	28.3187
511.7708	27.70163	32.76806
511.8216	29.98644	35.27253
511.8724	30.88324	36.32742
511.9232	33.26094	39.06271
511.9740	33.27945	39.03854
512.0248	30.16497	35.3851
512.0756	24.6264	29.44623
512.1264	22.03229	27.01402
512.1772	23.76178	29.13457
512.2280	25.1909	30.96474
512.2788	25.50896	31.4244
512.3296	22.63175	27.87997
512.3804	22.28499	27.41723
512.4312	23.38209	28.73394
512.4820	23.3835	28.73568
512.5328	23.4128	28.7627
512.5836	23.72433	29.13544
512.6344	24.45134	30.02828
512.6852	26.13286	32.08269
512.7360	28.03285	34.40411
512.7868	29.72839	36.485
512.8376	30.01866	36.76551
512.8884	29.0657	35.50161
512.9392	26.64041	32.5393
512.9900	21.32179	26.03575
513.0408	19.80184	24.17045
513.0916	21.96329	26.80875
513.1424	25.79629	31.44496
513.1932	25.07533	30.5158
513.2440	22.71308	27.64103
513.2948	21.97867	26.74543
513.3456	21.56882	26.24411
513.3964	20.37671	24.79359
513.4472	18.41994	22.33696
513.4980	21.50032	25.94125
513.5488	28.37803	34.23957
513.5996	33.24496	40.07586
513.6504	34.73932	41.82918
513.7012	32.51212	39.14744
513.7520	31.57512	38.01698
513.8028	27.48124	33.08417
513.8536	25.51541	30.71754
513.9044	24.01633	28.90908
513.9552	24.47489	29.45481
514.0060	22.89968	27.55909
514.0568	18.84813	22.67578
514.1076	16.80402	20.2024
514.1584	18.52992	22.27734
514.2092	24.35048	29.26392
514.2600	30.90801	37.12687
514.3108	31.42139	37.74355
514.3616	31.20187	37.42001
514.4124	30.49218	36.43833
514.4632	35.265	42.14188
514.5140	36.68724	43.74509
514.5648	32.39355	38.42755
514.6156	27.64301	32.79212
514.6664	23.50673	27.89286
514.7172	22.81627	27.09009
514.7680	21.43736	25.45289
514.8188	20.08585	23.85505
514.8696	20.70946	24.61023
514.9204	19.95936	23.71885
514.9712	22.79924	27.08564
515.0220	23.31688	27.67961
515.0728	24.67696	29.29417
515.1236	22.3071	26.47951
515.1744	22.65899	26.89389
515.2252	18.69045	22.18365
515.2760	18.35307	21.77706
515.3268	17.24284	20.44029
515.3776	21.16943	25.09501
515.4284	22.03516	26.12128
515.4792	22.31845	26.4571
515.5300	19.78668	23.45585
515.5808	19.05343	22.5816
515.6316	20.33493	24.08452
515.6824	22.21548	26.31183
515.7332	25.80702	30.57428
515.7840	22.68367	26.90426
515.8348	20.93816	24.83397
515.8856	19.00356	22.61066
515.9364	21.04781	25.30876
515.9872	23.56583	28.33654
516.0380	20.15196	24.26335
516.0888	20.30864	24.5783
516.1396	21.51078	26.03317
516.1904	24.42695	29.58385
516.2412	30.50218	37.03319
516.2920	35.44948	43.03979
516.3428	39.26316	47.68401
516.3936	33.97327	41.32357
516.4444	26.67304	32.44389
516.4952	19.9035	24.16709
516.5460	19.46839	23.4096
516.5968	24.17887	29.07368
516.6476	28.36906	34.10514
516.6984	31.55451	37.89695
516.7492	31.98511	38.41411
516.8000	28.99776	34.83536
516.8508	25.31598	30.46704
516.9016	22.33482	26.8793
516.9524	27.50657	33.10411
517.0032	28.78079	34.64275
517.0540	28.71427	34.56269
517.1048	27.75229	33.39937
517.1556	25.28381	30.38668
517.2064	25.95324	31.19122
517.2572	26.96325	32.38657
517.3080	30.04768	35.93206
517.3588	28.32963	33.87755
517.4096	24.59788	29.40997
517.4604	25.74686	30.73563
517.5112	23.8331	28.45105
517.5620	24.30518	29.0044
517.6128	22.17879	26.34245
517.6636	21.00936	24.95348
517.7144	23.00305	27.29276
517.7652	23.25511	27.19105
517.8160	26.72511	31.24834
517.8668	28.44418	33.25878
517.9176	35.96087	42.05487
517.9684	35.3532	41.34422
518.0192	37.14534	43.43861
518.0700	30.29572	35.39764
518.1208	32.96278	38.51385
518.1716	29.52051	34.491
518.2224	30.15212	35.19793
518.2732	27.25124	31.8116
518.3240	23.72089	27.69054
518.3748	22.31444	26.05338
518.4256	23.04501	26.90636
518.4764	25.90878	30.25168
518.5272	26.62769	31.3758
518.5780	29.52238	34.78667
518.6288	27.36244	32.24157
518.6796	24.51858	29.40184
518.7304	22.28222	26.72877
518.7812	23.69712	28.42602
518.8320	25.14521	30.16814
518.8828	27.27828	32.72744
518.9336	23.86287	28.62976
518.9844	25.10171	30.11607
519.0352	23.80392	28.55904
519.0860	25.09813	30.11178
519.1368	25.15767	30.17332
519.1876	23.81615	28.56389
519.2384	25.75606	30.89052
519.2892	27.28013	32.67607
519.3400	28.69933	34.37309
519.3908	28.81492	34.51153
519.4416	28.75636	34.43037
519.4924	28.75162	34.42384
519.5432	30.09952	36.03765
519.5940	28.24957	33.68457
519.6448	26.11302	31.12395
519.6956	23.94914	28.54483
519.7464	25.0149	29.94242
519.7972	29.69429	35.55862
519.8480	32.12839	38.47342
519.8988	29.82709	36.52935
519.9496	23.75295	29.18014
520.0004	20.49903	25.18274
520.0512	19.62407	24.87641
520.1020	22.07749	28.11469
520.1528	23.69102	30.16945
520.2036	28.76458	36.09005
520.2544	26.99798	33.81006
520.3052	24.13224	30.22124
520.3560	21.73614	27.24557
520.4068	26.70654	33.48173
520.4576	28.8641	36.18663
520.5084	29.83664	37.33149
520.5592	24.75374	30.96067
520.6100	24.32543	30.42496
520.6608	28.0401	34.99144
520.7116	30.57603	38.14055
520.7624	30.93394	38.58701
520.8132	28.01292	34.89478
520.8640	25.599	31.87662
520.9148	24.05929	29.95932
520.9656	23.73369	29.51615
521.0164	25.85045	32.13859
521.0672	29.23291	36.34383
521.1180	25.98884	32.26765
521.1688	22.85345	28.36272
521.2196	21.73447	26.97399
521.2704	23.23931	28.85624
521.3212	28.21749	35.04226
521.3720	26.73505	33.20127
521.4228	24.83975	30.37305
521.4736	23.35805	28.41644
521.5244	25.75388	31.3311
521.5752	27.70946	33.00603
521.6260	26.5736	31.44576
521.6768	28.05837	33.20276
521.7276	29.25529	34.32495
521.7784	29.30346	34.28168
521.8292	24.66816	28.85891
521.8800	20.91938	24.45462
521.9308	19.0848	22.3028
521.9816	19.76228	23.09451
522.0324	23.24841	27.17218
522.0832	24.47667	28.609
522.1340	25.9861	30.37326
522.1848	25.07729	29.45978
522.2356	28.00968	32.98068
522.2864	26.47592	31.17472
522.3372	29.73018	35.68766
522.3880	30.21904	36.51659
522.4388	32.51825	39.29494
522.4896	27.45063	33.36445
522.5404	25.41122	31.00191
522.5912	26.38218	32.18649
522.6420	27.58738	33.7328
522.6928	26.16311	32.02505
522.7436	22.80703	27.91703
522.7944	20.63324	25.28549
522.8452	21.54503	26.42006
522.8960	24.15618	29.62204
522.9468	28.88563	35.40958
522.9976	28.15038	34.503
523.0484	24.32806	29.8181
523.0992	22.58115	27.68266
523.1500	23.20919	28.4561
523.2008	24.62323	30.18981
523.2516	22.94251	28.13716
523.3024	22.00648	26.99479
523.3532	21.85222	26.80556
523.4040	21.58314	26.50821
523.4548	22.03333	27.08266
523.5056	23.10339	28.39795
523.5564	23.20773	28.2995
523.6072	23.63385	28.6557
523.6580	24.19824	29.34001
523.7088	23.40657	28.17201
523.7596	21.67803	25.94577
523.8104	22.92831	27.44219
523.8612	25.68324	31.28874
523.9120	26.61683	32.82328
523.9628	24.5962	30.33148
524.0136	22.01448	27.2294
524.0644	21.61479	26.80399
524.1152	22.33193	27.6933
524.1660	25.10698	30.90878
524.2168	25.06634	30.70277
524.2676	22.94389	28.10307
524.3184	20.41378	24.73348
524.3692	21.66374	25.93763
524.4200	26.36827	31.57028
524.4708	28.05702	33.53748
524.5216	26.5702	31.71299
524.5724	22.96468	27.4096
524.6232	21.24306	25.28638
524.6740	21.59495	25.64
524.7248	24.11476	28.6318
524.7756	27.68042	32.84742
524.8264	30.528	36.20813
524.8772	32.69773	38.78156
524.9280	34.46994	41.37103
524.9788	34.24554	41.57807
525.0296	31.36753	38.08382
525.0804	29.22185	35.69038
525.1312	28.74113	35.35423
525.1820	29.48771	36.27259
525.2328	30.4605	37.47504
525.2836	31.96707	39.33525
525.3344	32.36123	39.82026
525.3852	30.76211	37.8474
525.4360	30.05795	36.97404
525.4868	33.87999	41.6755
525.5376	36.99778	45.47148
525.5884	35.5029	43.58622
525.6392	31.82896	39.0758
525.6900	28.98248	35.59076
525.7408	26.42634	32.46436
525.7916	24.57524	30.19032
525.8424	26.21023	32.3262
525.8932	31.32404	38.79436
525.9440	32.53033	40.28834
525.9948	28.74052	35.6926
526.0456	26.8455	33.4818
526.0964	28.6987	35.79312
526.1472	32.0234	39.41044
526.1980	34.34315	41.64758
526.2488	32.47843	39.38624
526.2996	30.10948	36.48648
526.3504	26.48578	32.05952
526.4012	24.76114	29.97194
526.4520	24.87728	30.10608
526.5028	24.46694	29.60082
526.5536	22.29758	26.97626
526.6044	19.11253	23.10651
526.6552	19.6241	23.70164
526.7060	23.02072	27.80401
526.7568	28.67106	34.37571
526.8076	31.76992	37.7937
526.8584	30.32069	36.06969
526.9092	25.48549	30.25841
526.9600	20.43615	24.17021
527.0108	21.47023	25.39323
527.0616	24.12576	28.5387
527.1124	26.60624	31.47882
527.1632	27.53688	32.5799
527.2140	28.16942	33.55868
527.2648	28.5587	34.3578
527.3156	29.30562	35.25639
527.3664	28.67704	34.72493
527.4172	28.57658	34.89262
527.4680	25.18199	30.74775
527.5188	22.5991	27.64894
527.5696	21.49472	26.36702
527.6204	22.79974	27.96785
527.6712	27.63428	34.07081
527.7220	28.64534	35.55655
527.7728	28.86739	35.83217
527.8236	28.64791	35.72736
527.8744	27.70122	34.76128
527.9252	24.29857	30.49142
527.9760	22.4625	28.11806
528.0268	25.15618	31.37488
528.0776	32.137	40.08139
528.1284	33.49437	41.70891
528.1792	31.25338	38.82481
528.2300	30.98017	38.48542
528.2808	32.54489	40.10397
528.3316	35.02153	42.71948
528.3824	34.36072	41.91341
528.4332	31.45297	37.93037
528.4840	29.60636	35.06552
528.5348	29.47041	34.9045
528.5856	31.26909	36.99092
528.6364	32.52867	38.42456
528.6872	29.81146	35.21485
528.7380	28.55395	33.58985
528.7888	30.13929	35.24675
528.8396	34.48842	40.33289
528.8904	37.69569	44.37779
528.9412	37.79655	44.90792
528.9920	33.78109	40.13696
529.0428	27.87152	33.13848
529.0936	26.9425	32.06779
529.1444	28.8618	34.35219
529.1952	29.80688	35.47467
529.2460	25.14328	29.92107
529.2968	21.43617	25.50953
529.3476	22.87145	27.21956
529.3984	27.2494	32.43307
529.4492	32.06209	38.16128
529.5000	31.3713	37.33383
529.5508	29.17891	34.71749
529.6016	27.21251	32.37784
529.6524	29.81545	35.48588
529.7032	35.59859	42.38535
529.7540	38.51204	45.85424
529.8048	34.19854	40.92118
529.8556	27.57227	33.26171
529.9064	24.20813	29.20339
529.9572	27.44214	33.31694
530.0080	27.75034	34.02386
530.0588	26.54014	32.54008
530.1096	24.05644	29.58158
530.1604	25.75417	31.78315
530.2112	25.943	32.01619
530.2620	28.37047	35.02818
530.3128	31.11528	38.4428
530.3636	35.10428	43.37119
530.4144	35.93952	44.29816
530.4652	35.93952	44.14394
530.5160	35.95259	44.16
530.5668	36.25893	44.52448
530.6176	34.69481	42.58717
530.6684	32.24993	39.58613
530.7192	33.09026	40.5749
530.7700	34.5169	42.2575
530.8208	35.21656	43.11406
530.8716	33.36639	40.77806
530.9224	31.22136	38.05868
530.9732	29.10192	35.4751
531.0240	29.6995	36.19706
531.0748	29.53893	35.98983
531.1256	32.39053	39.46419
531.1764	31.06152	37.85017
531.2272	30.66614	37.37565
531.2780	28.06305	34.20302
531.3288	27.20817	33.30756
531.3796	27.60206	34.03604
531.4304	32.20536	39.71236
531.4812	37.4976	46.26077
531.5320	41.53993	51.28093
531.5828	40.12526	49.53452
531.6336	36.67449	45.27456
531.6844	36.43165	44.97477
531.7352	37.15807	45.87154
531.7860	40.58685	50.10436
531.8368	43.72151	53.97409
531.8876	47.41426	58.53278
531.9384	48.36322	59.71103
531.9892	40.05705	49.46632
532.0400	31.01768	38.30364
532.0908	24.20303	29.86407
532.1416	26.84454	33.08045
532.1924	34.45825	42.4628
532.2432	37.41535	45.99932
532.2940	34.39149	42.11092
532.3448	30.57096	37.43283
532.3956	28.62463	34.75681
532.4464	29.70065	35.66435
532.4972	28.28975	33.97015
532.5480	31.48346	37.519
532.5988	34.32725	40.44109
532.6496	37.9789	44.74313
532.7004	39.42776	46.32535
532.7512	40.33429	47.195
532.8020	37.53774	43.92278
532.8528	33.08828	38.71111
532.9036	32.23117	37.69994
532.9544	33.41695	39.08693
533.0052	36.28104	42.4426
533.0560	32.31465	37.81125
533.1068	28.51937	33.37042
533.1576	26.15555	30.5989
533.2084	24.4194	28.55757
533.2592	24.11483	28.20138
533.3100	23.72945	27.75069
533.3608	29.74572	34.78649
533.4116	29.09624	34.02695
533.4624	25.67908	30.08766
533.5132	23.55474	27.70043
533.5640	27.231	32.02371
533.6148	32.76584	38.55204
533.6656	33.72181	39.70657
533.7164	30.98519	36.48427
533.7672	26.58134	31.43268
533.8180	23.02287	27.45994
533.8688	24.95021	29.75873
533.9196	28.34297	34.25849
533.9704	28.24251	34.85401
534.0212	25.68484	31.6976
534.0720	22.46277	27.7621
534.1228	24.55556	30.42636
534.1736	29.48982	36.54032
534.2244	29.98237	37.04542
534.2752	27.82255	34.22094
534.3260	24.27077	29.85236
534.3768	27.63361	33.96837
534.4276	30.29484	37.2066
534.4784	32.17117	39.51102
534.5292	30.61576	37.60128
534.5800	25.11887	30.85109
534.6308	21.54354	26.45985
534.6816	20.50485	25.1815
534.7324	21.96951	26.97596
534.7832	21.28492	26.13536
534.8340	19.15901	23.53603
534.8848	18.2151	22.39528
534.9356	17.62458	21.66924
534.9864	17.75744	21.94806
535.0372	17.89075	22.30635
535.0880	19.60387	24.44228
535.1388	24.36864	29.91331
535.1896	29.03424	34.84018
535.2404	30.73858	36.88533
535.2912	27.2412	32.72818
535.3420	26.16638	31.50662
535.3928	26.35968	31.73936
535.4436	25.11671	30.61554
535.4944	24.52449	30.57251
535.5452	26.65587	33.22952
535.5960	28.28504	35.2646
535.6468	25.59876	31.9218
535.6976	21.73874	27.10835
535.7484	25.01572	31.14207
535.7992	27.26036	33.84282
535.8500	26.87915	33.36956
535.9008	22.03446	27.24941
535.9516	22.351	27.44889
536.0024	24.24986	29.78085
536.0532	25.43027	31.23812
536.1040	25.64725	31.51757
536.1548	24.40992	29.99704
536.2056	22.77392	27.93426
536.2564	20.48095	25.03668
536.3072	18.30869	22.38123
536.3580	20.65957	24.85858
536.4088	22.35103	26.18591
536.4596	23.2188	27.20257
536.5104	22.29264	26.09712
536.5612	22.28322	26.04995
536.6120	22.55688	26.36987
536.6628	23.02384	26.91577
536.7136	24.06409	28.13186
536.7644	26.93097	31.48335
536.8152	27.74898	32.76078
536.8660	25.919	31.19275
536.9168	25.66494	30.887
536.9676	25.69792	31.52482
537.0184	27.12602	34.35588
537.0692	26.23648	33.22926
537.1200	24.80395	31.43226
537.1708	25.77068	32.68406
537.2216	24.70599	31.33375
537.2724	30.7951	39.04981
537.3232	33.7465	42.77999
537.3740	36.14509	45.82066
537.4248	31.06721	39.34227
537.4756	25.615	32.35788
537.5264	23.40164	29.56187
537.5772	21.26278	26.75506
537.6280	21.70551	27.1225
537.6788	22.21653	27.76105
537.7296	22.42929	27.70527
537.7804	21.56923	26.05535
537.8312	20.85254	25.1896
537.8820	21.37197	25.72663
537.9328	24.06784	28.7961
537.9836	25.80421	30.87359
538.0344	22.74961	27.35122
538.0852	20.51085	24.88584
538.1360	18.27717	22.17571
538.1868	19.88527	24.11012
538.2376	19.43109	23.52817
538.2884	19.43721	23.53558
538.3392	20.455	24.80939
538.3900	22.31527	27.13876
538.4408	23.21606	28.23425
538.4916	24.43682	29.49094
538.5424	23.24165	27.61453
538.5932	21.58634	25.64778
538.6440	18.46542	21.92149
538.6948	15.88549	18.8246
538.7456	16.59171	19.66148
538.7964	22.37382	26.49876
538.8472	26.15485	30.95024
538.8980	25.70808	30.42156
538.9488	22.06645	26.11063
538.9996	23.53888	27.84972
539.0504	28.11266	33.26112
539.1012	31.61706	37.40084
539.1520	29.47742	34.85731
539.2028	27.06641	32.00628
539.2536	24.68561	29.15175
539.3044	23.24685	27.37746
539.3552	22.29977	26.2621
539.4060	23.0277	27.11063
539.4568	24.93984	29.34505
539.5076	24.66537	29.02209
539.5584	23.76833	27.9666
539.6092	27.335	32.16327
539.6600	29.51787	34.7317
539.7108	29.718	34.97114
539.7616	26.13045	30.75694
539.8124	24.21611	28.50366
539.8632	24.45864	28.78423
539.9140	24.73216	29.09548
539.9648	28.33211	33.33054
540.0156	29.03146	34.15747
540.0664	29.97932	35.28097
540.1172	29.93327	35.22678
540.1680	29.97916	35.2784
540.2188	32.35401	38.06881
540.2696	30.7258	36.153
540.3204	32.64226	38.44386
540.3712	31.18782	36.80144
540.4220	29.74622	35.10037
540.4728	26.58324	31.39623
540.5236	21.33653	25.25743
540.5744	18.45471	21.84604
540.6252	16.05632	18.99109
540.6760	15.58412	18.39897
540.7268	17.98073	21.22847
540.7776	23.23864	27.43802
540.8284	29.22952	34.51518
540.8792	30.67173	36.21819
540.9300	27.34306	32.28759
540.9808	22.79477	26.91682
541.0316	20.63452	24.36592
541.0824	23.48531	27.73562
541.1332	26.33578	31.10919
541.1840	30.19797	35.67142
541.2348	29.49857	34.84332
541.2856	25.71029	30.36495
541.3364	19.68231	23.24565
541.3872	17.05132	20.13834
541.4380	17.26993	20.39653
541.4888	18.9415	22.37072
541.5396	21.75715	25.69976
541.5904	27.77147	32.81093
541.6412	29.72525	35.11925
541.6919	26.65124	31.54853
541.7427	21.59598	25.69521
541.7935	20.62175	24.53606
541.8443	22.7668	27.16692
541.8951	26.55232	31.84551
541.9459	30.08132	36.07801
541.9967	32.67408	39.03409
542.0475	34.00251	40.32202
542.0983	30.00513	35.58171
542.1491	25.00105	29.57623
542.1999	21.36155	25.11224
542.2507	22.12797	26.01323
542.3015	24.24814	28.48509
542.3523	23.95245	28.09243
542.4031	24.8708	29.16951
542.4539	24.66916	28.93483
542.5047	27.31556	32.04258
542.5555	29.02145	34.04368
542.6063	29.28394	34.3516
542.6571	27.40907	32.15228
542.7079	24.22691	28.41944
542.7587	23.94759	28.09341
542.8095	24.66775	28.94177
542.8603	25.16527	29.5255
542.9111	24.95311	29.27165
542.9619	24.01166	28.15681
543.0127	23.03691	27.01378
543.0635	23.47672	27.53606
543.1143	23.99818	28.16125
543.1651	22.0828	25.9136
543.2159	19.90628	23.3582
543.2667	21.02043	24.6625
543.3175	25.36491	29.75973
543.3683	26.90341	31.63256
543.4191	25.45322	30.07734
543.4699	24.92482	29.45294
543.5207	25.20276	30.41023
543.5715	23.95482	30.33947
543.6223	22.87067	28.96636
543.6731	19.43339	24.65871
543.7239	19.44836	24.77779
543.7747	21.69203	27.63629
543.8255	27.96946	35.30916
543.8763	30.68395	38.06263
543.9271	28.82911	35.76175
543.9779	24.07364	29.88406
544.0287	19.92168	24.77947
544.0795	18.99342	23.62486
544.1303	20.42038	25.39978
544.1811	26.97786	33.55627
544.2319	31.4821	39.15884
544.2827	34.61909	43.0511
544.3335	31.21621	38.7972
544.3843	29.10866	36.17782
544.4351	26.85479	33.36155
544.4859	26.03919	32.31645
544.5367	23.69603	29.40842
544.5875	24.73128	30.67283
544.6383	24.38333	30.19354
544.6891	24.7698	30.67211
544.7399	22.52464	28.01183
544.7907	23.4645	29.45396
544.8415	24.23978	30.42713
544.8923	25.48259	32.50923
544.9431	28.61723	37.59319
544.9939	27.48243	36.10245
545.0447	27.51824	36.08559
545.0955	22.81155	29.75739
545.1463	22.08649	28.81155
545.1971	23.31573	30.38433
545.2479	28.65664	37.27625
545.2987	30.35532	39.48587
545.3495	26.51034	34.4197
545.4003	24.25097	31.33296
545.4511	24.62926	31.82172
545.5019	26.19104	33.60199
545.5527	24.96812	31.47769
545.6035	24.89896	31.3905
545.6543	25.89461	32.65025
545.7051	25.23083	31.82361
545.7559	25.02456	31.56344
545.8067	28.07168	35.52475
545.8575	28.29167	36.08231
545.9083	27.07024	34.52454
545.9591	22.3764	28.52235
546.0099	20.43133	26.00585
546.0607	20.27143	25.80231
546.1115	22.28828	28.58434
546.1623	23.58394	30.78235
546.2131	27.03699	35.28935
546.2639	27.87458	35.97784
546.3147	26.30476	33.00891
546.3655	23.13375	29.02972
546.4163	23.47335	29.43813
546.4671	29.11861	36.47718
546.5179	30.60593	38.34036
546.5687	27.65242	34.6297
546.6195	27.66559	34.61896
546.6703	31.88964	39.90467
546.7211	35.0716	43.76988
546.7719	30.73331	38.08721
546.8227	24.73943	30.65911
546.8735	23.73806	29.24272
546.9243	25.22115	30.62141
546.9751	27.7379	33.67704
547.0259	25.19156	30.41975
547.0767	24.9516	29.7241
547.1275	25.48284	30.35695
547.1783	29.07311	34.53647
547.2291	30.60369	36.13143
547.2799	27.65463	32.6497
547.3307	26.62436	31.41089
547.3815	27.84393	32.79136
547.4323	30.90603	36.39756
547.4831	30.29436	35.6772
547.5339	27.94766	32.91353
547.5847	25.90019	30.50226
547.6355	24.87023	29.27035
547.6863	21.90166	25.72873
547.7371	19.61624	23.04395
547.7879	17.35553	20.34627
547.8387	20.01575	23.36106
547.8895	23.22841	27.11065
547.9403	27.95964	32.6112
547.9911	29.09894	33.88829
548.0419	28.07598	32.69697
548.0927	26.8337	31.23879
548.1435	24.14492	28.07787
548.1943	25.36411	29.49565
548.2451	26.48919	30.79553
548.2959	27.21969	31.62455
548.3467	24.76734	28.77534
548.3975	22.73847	26.41695
548.4483	20.21934	23.48706
548.4991	18.56126	21.561
548.5499	13.91314	16.16003
548.6007	14.43682	16.76386
548.6515	17.43509	20.24541
548.7023	22.4058	26.00278
548.7531	24.8099	28.75612
548.8039	25.56791	29.63469
548.8547	26.24109	30.3848
548.9055	27.23502	31.45651
548.9563	28.15454	32.51856
549.0071	26.01581	30.0206
549.0579	24.27068	27.93397
549.1087	23.36918	26.8964
549.1595	21.85408	25.15262
549.2103	20.33496	23.40421
549.2611	19.24826	22.15349
549.3119	20.19386	23.23895
549.3627	24.06291	27.68453
549.4135	23.03846	26.50589
549.4643	22.34968	25.71344
549.5151	18.30724	21.0626
549.5659	18.27503	21.02553
549.6167	21.4782	24.71488
549.6675	22.83152	26.28249
549.7183	20.7151	23.84617
549.7691	16.73213	19.25915
549.8199	18.83188	21.67023
549.8707	24.4011	28.07885
549.9215	27.85773	32.05487
549.9723	26.3648	30.33287
550.0231	23.74896	27.32333
550.0739	23.75492	27.33155
550.1247	24.49702	28.18923
550.1755	25.81564	29.70659
550.2263	23.34969	26.9191
550.2771	21.91857	25.4049
550.3279	21.07778	24.43037
550.3787	21.00507	24.40938
550.4295	19.0345	22.29231
550.4803	18.56113	21.73792
550.5311	22.43079	26.29892
550.5819	29.15371	34.25413
550.6327	30.02986	35.28356
550.6835	28.00565	32.94468
550.7343	22.81046	26.94491
550.7851	18.98936	22.43122
550.8359	15.24311	18.00292
550.8867	15.37025	18.14325
550.9375	20.32019	23.98623
550.9883	21.4335	25.26712
551.0391	21.7156	25.51473
551.0899	18.19226	21.37499
551.1407	17.94135	21.07487
551.1915	15.81339	18.55994
551.2423	16.00124	18.78042
551.2931	16.72164	19.62594
551.3439	18.20756	21.36994
551.3947	21.2619	24.95478
551.4455	22.68021	26.64016
551.4963	23.17781	27.28153
551.5471	20.43074	24.04808
551.5979	17.26534	20.34579
551.6487	17.06918	20.18088
551.6995	18.24289	21.56856
551.7503	22.27469	26.32767
551.8011	20.45588	24.15498
551.8519	20.54111	24.25562
551.9027	18.85156	22.15042
551.9535	20.13789	23.36243
552.0043	19.28237	22.36993
552.0551	20.5225	23.80734
552.1059	23.92935	27.7559
552.1567	24.47702	28.39115
552.2075	24.09579	27.9502
552.2583	22.28425	25.85247
552.3091	20.31007	23.56219
552.3599	21.09424	24.47429
552.4107	21.82247	25.32605
552.4615	21.82247	25.32605
552.5123	20.28602	23.57991
552.5631	16.83068	19.68641
552.6139	20.55515	24.04281
552.6647	23.69132	27.71666
552.7155	26.83109	31.40631
552.7663	27.59151	32.29639
552.8171	25.5171	29.8605
552.8679	23.18359	27.10743
552.9187	18.34067	21.44484
552.9695	15.10979	17.66713
553.0203	15.48777	18.10909
553.0711	18.0068	21.05446
553.1219	23.93203	27.98407
553.1727	28.57268	33.41466
553.2235	27.31055	31.93866
553.2743	23.3652	27.37152
553.3251	18.89105	22.28736
553.3759	21.43026	25.28308
553.4267	22.62563	26.65875
553.4775	27.13862	31.88079
553.5283	24.60089	28.89962
553.5791	23.55896	27.6911
553.6299	18.8855	22.2491
553.6807	20.1449	23.7328
553.7315	24.27562	28.59142
553.7823	30.75912	36.20514
553.8331	32.36667	38.09731
553.8839	31.99062	37.64987
553.9347	31.25994	36.77491
553.9855	32.53104	38.27026
554.0363	33.1035	38.9471
554.0871	32.78466	38.58242
554.1379	31.33562	36.87712
554.1887	29.00606	34.13687
554.2395	25.50419	30.0198
554.2903	27.63641	32.52954
554.3411	31.6071	37.18956
554.3919	32.78944	38.53974
554.4427	28.98927	34.07314
554.4935	27.0679	31.80279
554.5443	27.96847	32.82027
554.5951	33.97182	39.86506
554.6459	35.51641	41.76788
554.6967	33.1629	39.27092
554.7475	25.72072	30.45802
554.7983	22.34811	26.45134
554.8491	20.48245	24.19924
554.8999	22.77972	26.91337
554.9507	27.82874	33.24234
555.0015	32.31499	39.75689
555.0523	33.8484	41.64343
555.1031	30.95013	38.10362
555.1539	28.48683	35.15553
555.2047	26.92932	33.2334
555.2555	25.90886	31.97406
555.3063	29.07999	35.88754
555.3571	30.96651	38.2157
555.4079	34.64207	42.72579
555.4587	36.35311	44.75412
555.5095	33.88486	41.71548
555.5603	28.4813	35.03627
555.6111	26.66127	32.69933
555.6619	32.12238	39.39723
555.7127	33.63021	41.24655
555.7635	31.93456	39.16689
555.8143	27.7407	34.02322
555.8651	26.93698	33.00587
555.9159	28.89276	35.29622
555.9667	32.32217	39.48568
556.0175	34.50961	41.9136
556.0683	34.36839	40.92776
556.1191	33.31818	39.67712
556.1699	31.84204	38.01917
556.2207	31.53719	37.98002
556.2715	29.42996	35.44231
556.3223	31.33432	37.89296
556.3731	30.40047	37.30984
556.4239	30.11867	36.96399
556.4747	27.174	33.40577
556.5255	27.72755	34.28493
556.5763	31.46286	38.90363
556.6271	32.20006	39.95358
556.6779	35.68981	44.72997
556.7287	32.87632	41.20383
556.7795	33.7487	42.30267
556.8303	31.6097	39.64114
556.8811	33.80488	42.39408
556.9319	33.47136	41.97582
556.9827	32.34557	40.56398
557.0335	32.73155	41.04804
557.0843	34.76749	43.59795
557.1351	36.0034	45.13005
557.1859	35.46845	44.4595
557.2367	31.29405	39.07435
557.2875	27.81774	33.29996
557.3383	25.37909	30.38071
557.3891	28.73752	34.38609
557.4399	27.3735	32.30632
557.4907	30.24715	35.6978
557.5415	28.09241	33.15477
557.5923	34.91985	41.03656
557.6431	29.90362	35.13525
557.6939	24.98071	29.35107
557.7447	25.1224	29.526
557.7955	30.17805	35.46912
557.8463	35.84572	42.1305
557.8971	32.2446	37.89365
557.9479	28.97554	34.0509
557.9987	27.85121	32.72963
558.0495	29.72032	34.92613
558.1003	29.1248	34.2263
558.1511	28.68088	33.70462
558.2019	26.56375	31.22798
558.2527	27.76065	32.64074
558.3035	30.19293	35.5006
558.3543	32.33109	38.00133
558.4051	30.46283	35.7987
558.4559	30.06223	35.32793
558.5067	30.56731	35.92148
558.5575	30.80501	36.20082
558.6083	29.11462	34.21434
558.6591	27.58645	32.43348
558.7099	29.19254	34.33663
558.7607	30.39202	35.74747
558.8115	28.58867	33.63897
558.8623	23.5399	27.71268
558.9131	18.26121	21.49827
558.9639	16.53218	19.50157
559.0147	17.85734	21.13141
559.0655	21.39352	25.31594
559.1163	23.02018	27.14454
559.1671	21.36223	24.98684
559.2179	20.03289	23.43194
559.2687	17.80059	20.82477
559.3195	16.90344	19.7858
559.3703	15.5054	18.14937
559.4211	14.39092	16.84484
559.4719	14.00115	16.38861
559.5227	12.10962	14.17454
559.5735	12.01846	14.06829
559.6243	16.12969	18.88351
559.6751	24.07999	28.19117
559.7259	27.09256	31.71848
559.7767	24.00973	28.11399
559.8275	16.55383	19.38356
559.8783	16.55383	19.3835
559.9291	16.55383	19.38009
559.9799	18.63608	21.81783
560.0307	15.7311	18.41688
560.0815	17.57673	20.5811
560.1323	17.94853	21.01668
560.1831	22.66564	26.54014
560.2339	23.87495	27.96057
560.2847	23.47287	27.49031
560.3355	21.59992	25.2968
560.3863	20.0718	23.50043
560.4371	21.7568	25.47135
560.4879	21.7416	25.45356
560.5387	20.50744	24.01186
560.5895	19.61935	22.97311
560.6403	20.42253	23.9136
560.6911	21.85386	25.5896
560.7419	21.84361	25.5776
560.7927	20.67794	24.21266
560.8435	23.70698	27.75949
560.8943	25.87645	30.29981
560.9451	27.5479	32.25698
560.9959	25.94507	30.40824
561.0467	26.06887	30.58015
561.0975	26.20045	30.7345
561.1483	24.10342	28.24729
561.1991	22.36033	26.17792
561.2499	21.849	25.57929
561.3007	23.06488	26.98358
561.3515	23.96935	28.01604
561.4023	24.28933	28.39004
561.4531	24.55865	28.70696
561.5039	25.47707	29.78368
561.5547	22.15878	25.90447
561.6055	20.94346	24.48247
561.6563	20.39538	23.83868
561.7071	25.0711	29.30379
561.7579	28.21241	32.97544
561.8087	27.13191	31.71251
561.8595	22.02314	25.74125
561.9103	23.6228	27.60916
561.9611	24.34645	28.44649
562.0119	30.97159	36.18733
562.0627	30.50079	35.63937
562.1135	27.19382	31.79064
562.1643	25.4493	29.75123
562.2151	21.24645	24.83756
562.2659	27.3465	31.96334
562.3167	28.22293	32.98774
562.3675	35.9261	41.9914
562.4183	36.69236	42.87946
562.4691	32.54388	38.03129
562.5199	29.04385	33.9411
562.5707	30.07159	35.14798
562.6215	33.65428	39.33604
562.6723	33.41431	39.05557
562.7231	30.25598	35.36402
562.7739	25.92499	30.30183
562.8247	24.02744	28.08393
562.8755	23.1524	27.06116
562.9263	30.81055	36.01222
562.9771	33.11091	38.70094
563.0279	31.04396	36.28503
563.0787	26.13448	30.54669
563.1295	23.95994	28.00503
563.1803	24.70401	28.88183
563.2311	25.66879	30.01324
563.2819	24.56208	28.71922
563.3327	24.18509	28.2659
563.3835	24.45134	28.56904
563.4343	25.65809	29.97901
563.4851	25.82547	30.18037
563.5359	23.66967	27.66576
563.5867	21.5891	25.23393
563.6375	22.61085	26.42818
563.6883	24.79244	28.97809
563.7391	26.12032	30.53014
563.7899	26.11114	30.51508
563.8407	23.58441	27.55611
563.8915	21.18824	24.75642
563.9423	20.19089	23.59439
563.9931	24.50207	28.63869
564.0439	30.48853	35.63584
564.0947	31.60155	36.93676
564.1455	31.31531	36.60219
564.1963	26.90826	31.45111
564.2471	27.64311	32.30736
564.2979	26.78548	31.29626
564.3487	26.11599	30.51402
564.3995	27.97425	32.68523
564.4503	27.66695	32.32618
564.5011	29.02454	33.91239
564.5519	29.518	34.4903
564.6027	29.0372	33.93947
564.6535	31.278	36.55859
564.7043	26.65566	31.15562
564.7551	28.03359	32.76049
564.8059	28.09292	32.82983
564.8567	30.8885	36.09679
564.9075	29.5826	34.56466
564.9583	27.44846	32.07089
565.0091	29.99978	35.05187
565.0599	28.90466	33.77782
565.1107	27.5196	32.15984
565.1615	23.00397	26.8828
565.2123	22.90423	26.77519
565.2631	22.45028	26.2462
565.3139	22.88203	26.75095
565.3647	21.34897	24.94772
565.4155	21.86058	25.54199
565.4663	20.06814	23.44769
565.5171	18.53735	21.66187
565.5679	16.54459	19.33427
565.6187	17.87854	20.89314
565.6695	18.64831	21.79271
565.7203	19.66098	22.97613
565.7711	20.66488	24.14931
565.8219	21.7211	25.37805
565.8727	22.30686	26.0587
565.9235	21.10663	24.6566
565.9743	22.39988	26.17009
566.0251	22.98876	26.86016
566.0759	21.57666	25.21025
566.1267	20.22861	23.63335
566.1775	19.65149	22.95672
566.2283	22.39203	26.1582
566.2791	27.06614	31.61318
566.3299	30.932	36.12142
566.3807	29.86271	34.87274
566.4315	24.97769	29.15304
566.4823	18.82956	21.94467
566.5331	19.20338	22.38034
566.5839	21.72215	25.30758
566.6347	24.55854	28.59017
566.6855	27.93111	32.5164
566.7363	23.86854	27.7869
566.7871	19.69341	22.92636
566.8379	13.92229	16.20783
566.8887	13.34571	15.5371
566.9395	16.10798	18.75575
566.9903	17.46685	20.33798
567.0411	16.59313	19.32034
567.0919	16.00567	18.63323
567.1427	18.20119	21.18917
567.1935	22.27617	25.93326
567.2443	22.2467	25.90352
567.2951	18.71926	21.79626
567.3459	16.6109	19.34134
567.3967	17.91027	20.85069
567.4475	17.99134	20.94487
567.4983	18.66067	21.72407
567.5491	19.32473	22.50443
567.5999	21.81	25.39967
567.6507	22.76803	26.51539
567.7015	20.82615	24.2539
567.7523	20.48692	23.85883
567.8031	21.06989	24.53776
567.8539	20.95465	24.39681
567.9047	19.26965	22.43303
567.9555	18.20327	21.19159
568.0063	18.51105	21.54989
568.0571	18.71568	21.78811
568.1079	18.22336	21.21498
568.1587	18.42572	21.46063
568.2095	20.46261	23.8392
568.2603	21.14454	24.63367
568.3111	19.63102	22.86126
568.3619	15.52902	18.07833
568.4127	12.5757	14.64018
568.4635	12.59871	14.66697
568.5143	13.65517	15.89686
568.5651	16.08337	18.72368
568.6159	18.94938	22.06404
568.6667	20.77139	24.19013
568.7175	20.51928	23.89651
568.7683	18.67014	21.74004
568.8191	19.29071	22.45755
568.8699	21.77759	25.35268
568.9207	22.31969	25.98521
568.9715	21.94307	25.54998
569.0223	23.21159	27.02703
569.0731	20.32384	23.66344
569.1239	19.6262	22.84811
569.1747	16.80504	19.56382
569.2255	20.59541	23.97643
569.2763	22.67573	26.39826
569.3271	24.35746	28.35608
569.3779	23.53744	27.40144
569.4287	21.73808	25.30669
569.4795	17.31187	20.15385
569.5303	17.70169	20.60767
569.5811	15.97768	18.60063
569.6319	20.68927	24.0857
569.6827	19.49626	22.69697
569.7335	23.73251	27.63654
569.7843	20.24468	23.57501
569.8351	22.89571	26.66213
569.8859	23.18632	26.99324
569.9367	21.24166	24.72877
569.9875	17.18746	20.00902
570.0383	19.07948	22.21882
570.0891	24.93288	29.03655
570.1399	29.49769	34.35267
570.1907	29.06272	33.84118
570.2415	24.24301	28.22798
570.2923	21.90547	25.50621
570.3431	19.96001	23.25322
570.3939	20.46063	23.84124
570.4447	18.31764	21.34418
570.4955	15.80846	18.41824
570.5463	16.06977	18.72149
570.5971	19.32759	22.51689
570.6479	24.41648	28.456
570.6987	24.79842	28.90626
570.7495	21.9424	25.57715
570.8003	17.93062	20.89524
570.8511	18.85886	21.97082
570.9019	24.93118	29.04515
570.9527	31.26543	36.43555
571.0035	32.1212	37.44205
571.0543	26.54016	30.93652
571.1051	22.38629	26.09656
571.1559	22.17574	25.85385
571.2067	23.28378	27.14567
571.2575	22.3987	26.10904
571.3083	21.15421	24.64942
571.3591	23.02935	26.83438
571.4099	22.81284	26.58356
571.4607	22.70693	26.4635
571.5115	24.06524	28.04653
571.5623	24.68653	28.77307
571.6131	23.28289	27.14462
571.6639	21.46633	25.02677
571.7147	18.55534	21.63084
571.7655	17.50432	20.39648
571.8163	15.5289	18.09467
571.8671	18.01056	20.98732
571.9179	18.37203	21.41535
571.9687	20.07903	23.40512
572.0195	20.11474	23.44647
572.0703	20.65281	24.06955
572.1211	21.59567	25.1684
572.1719	22.30692	25.99748
572.2227	24.36932	28.41125
572.2735	20.15431	23.49713
572.3243	21.55	25.12465
572.3751	19.43474	22.67881
572.4259	20.08082	23.43274
572.4767	15.6913	18.31089
572.5275	20.71585	24.19571
572.5783	25.76046	30.08772
572.6291	30.93765	36.13469
572.6799	30.83675	36.02325
572.7307	25.7662	30.09988
572.7815	20.09262	23.47187
572.8323	17.88749	20.88466
572.8831	19.46415	22.72551
572.9339	27.20213	31.76003
572.9847	24.53197	28.64247
573.0355	28.78206	33.6047
573.0863	25.27907	29.51496
573.1371	29.01505	33.88901
573.1879	21.08419	24.62592
573.2387	14.62023	17.07611
573.2895	8.666627	10.12062
573.3403	10.20362	11.91547
573.3911	17.60609	20.55975
573.4419	22.64819	26.44305
573.4927	29.68143	34.65477
573.5435	27.32841	31.90784
573.5943	27.27699	31.87055
573.6451	24.09644	28.15438
573.6959	23.39062	27.32936
573.7467	24.08724	28.12323
573.7975	23.53474	27.47815
573.8483	25.57745	29.86322
573.8991	21.34862	24.93025
573.9499	21.89245	25.56532
574.0007	20.58355	24.03781
574.0515	24.77202	28.98041
574.1023	21.82191	25.52912
574.1531	21.76398	25.46072
574.2039	17.98305	20.99623
574.2547	17.0717	19.93219
574.3055	18.54634	21.65391
574.3563	23.93193	27.94189
574.4071	28.14881	32.86534
574.4579	26.72253	31.20026
574.5087	25.12846	29.34955
574.5595	21.90614	25.58595
574.6103	26.88176	31.39716
574.6611	27.66366	32.2989
574.7119	32.92092	38.43705
574.7627	28.64954	33.44997
574.8135	28.24908	32.98241
574.8643	24.0684	28.10123
574.9151	22.60274	26.39006
574.9659	19.07045	22.26987
575.0167	19.81871	23.14367
575.0675	21.70478	25.34594
575.1183	21.3658	24.93674
575.1691	22.79972	26.61031
575.2199	24.03055	28.0444
575.2707	26.82447	31.17107
575.3215	24.66377	28.66026
575.3723	22.9245	26.64014
575.4231	24.33464	28.32951
575.4739	24.33464	28.32951
575.5247	24.3124	28.31049
575.5755	22.95461	27.16805
575.6263	26.45431	31.31014
575.6771	23.78677	28.15768
575.7279	27.41613	32.73403
575.7787	31.00587	37.02007
575.8295	33.72573	40.2676
575.8803	28.20056	33.67645
575.9311	20.52792	24.51397
575.9819	22.75763	27.17663
576.0327	21.60469	25.79983
576.0835	24.19581	28.89408
576.1343	17.79857	21.25471
576.1851	21.22083	25.34583
576.2359	24.47281	29.22994
576.2867	27.99753	33.44056
576.3375	28.1309	33.64572
576.3883	26.93566	32.21617
576.4391	28.1985	33.73586
576.4899	24.78801	30.18628
576.5407	22.9321	27.92619
576.5915	22.74292	27.69702
576.6423	27.12238	33.09503
576.6931	26.67104	32.5443
576.7439	26.96697	32.89781
576.7947	24.73472	29.66558
576.8455	22.90527	27.47142

