HOLE:	U1513A
EXPEDITION:	369
TOP:	193.2031
BOTTOM:	294.2442
DEPTH_WMSF	TENS	CS	ETIM
m	lbf	ft/h	s
193.2031	4724	1750	699.429
193.3555	4966.075	1750	698.3286
193.5079	5169.148	1749.995	697.3083
193.6603	5370.899	1743.004	696.2735
193.8127	5368	1745	695.2531
193.9651	5380.98	1743	694.2167
194.1175	5295.998	1745.004	693.1974
194.2699	5292.002	1751.996	692.1637
194.4223	5217.02	1753	691.1273
194.5747	5299.998	1751	690.0909
194.7271	5276.021	1752	689.0705
194.8795	5318.918	1752.998	688.0331
195.0319	5222.038	1751.001	687.0154
195.1843	5129.002	1752	685.997
195.3367	5088.008	1752	684.9616
195.4891	5112.077	1752.999	683.9423
195.6415	5219.944	1751.001	682.9066
195.7939	5352.979	1752	681.8942
195.9463	5221.972	1753.001	680.8658
196.0987	5088.995	1756.001	679.8304
196.2511	5081.005	1756.999	678.7957
196.4035	5073.002	1757	677.7773
196.5559	5017.004	1764	676.741
196.7083	5072.006	1758.997	675.7206
196.8607	5086.13	1751.998	674.7172
197.0131	5244.934	1749.001	673.6994
197.1655	5282.998	1744	672.6631
197.3179	5279.011	1729.007	671.6267
197.4703	5312.003	1752	670.5903
197.6227	5315.998	1752	669.5566
197.7751	5307.001	1750	668.5212
197.9275	5261.003	1749	667.5188
198.0799	5276.789	1751	666.4774
198.2323	5236.809	1751.028	665.4329
198.3847	5150.592	1753.067	664.4039
198.5371	5088.191	1756	663.3575
198.6895	5068.211	1755.959	662.314
198.8419	5171.724	1755	661.3012
198.9943	5267.862	1754.595	660.2731
199.1467	5396.746	1747.865	659.2269
199.2991	5400.663	1746.153	658.1838
199.4515	5323.311	1748.086	657.1372
199.6039	5302.382	1749.093	656.1101
199.7563	5177.842	1750	655.072
199.9087	5240.53	1750.223	654.0353
200.0611	5200.608	1751.88	652.9904
200.2135	5236.746	1751	651.9465
200.3659	5292.259	1751.274	650.9169
200.5183	5237.617	1753.588	649.8755
200.6707	5257.622	1757.156	648.8586
200.8231	5170.728	1758.331	647.8129
200.9755	5256.238	1758.446	646.7732
201.1279	5363.291	1750.088	645.7449
201.2803	5368.835	1746	644.7129
201.4327	5283.172	1746.602	643.6671
201.5851	5229.268	1748.792	642.6269
201.7375	5139.699	1748.654	641.5945
201.8899	5066.293	1751.453	640.5538
202.0423	5056.31	1753.236	639.5201
202.1947	5138.82	1751.311	638.4799
202.3471	5270.826	1741.74	637.4486
202.4995	5395.543	1738	636.4063
202.6519	5403.176	1737.729	635.3737
202.8043	5357.213	1736.72	634.3284
202.9567	5286.972	1735.713	633.2851
203.1091	5220	1734.703	632.2391
203.2615	5252.444	1734	631.1939
203.4139	5326.63	1732.424	630.1485
203.5663	5329.615	1728.677	629.1044
203.7187	5312.382	1723.677	628.0588
203.8711	5238.554	1723.539	627.0084
204.0235	5149.671	1742.457	625.9454
204.1759	5057.57	1747	624.8898
204.3283	5058.522	1745.899	623.8514
204.4807	5237.286	1739.86	622.8234
204.6331	5358.34	1732.615	621.7891
204.7855	5426.749	1731.606	620.7382
204.9379	5350.238	1733.012	619.6841
205.0903	5267.824	1735.176	618.6379
205.2427	5250.797	1748.733	617.5881
205.3951	5222.311	1811.103	616.5422
205.5475	5263.585	1810.516	615.5034
205.6999	5271.272	1737.106	614.4577
205.8523	5262.559	1736.456	613.4117
206.0047	5246.893	1737.932	612.3655
206.1571	5185.952	1740.42	611.3215
206.3095	5141.829	1744.891	610.2851
206.4619	5142.795	1745.054	609.2487
206.6143	5226.529	1738.998	608.2036
206.7667	5346.315	1733.456	607.1584
206.9191	5362.584	1733.586	606.1136
207.0715	5253.192	1740.212	605.0602
207.2239	5201.393	1745.607	604.0074
207.3763	5150.485	1744.823	602.972
207.5287	5162.062	1741.342	601.9438
207.6811	5215.676	1738.314	600.9059
207.8335	5277.128	1737	599.8602
207.9859	5315.839	1736.42	598.8152
208.1383	5258.47	1737.178	597.7615
208.2907	5238.114	1737.403	596.715
208.4431	5237.673	1736.394	595.6783
208.5955	5291.135	1735.385	594.6357
208.7479	5342.465	1734.377	593.5919
208.9003	5314.602	1734	592.5465
209.0527	5278.612	1734.641	591.4905
209.2051	5245.925	1734.349	590.4442
209.3575	5246.831	1734	589.4093
209.5099	5307.407	1734.668	588.3674
209.6623	5371.888	1731.617	587.3221
209.8147	5334.424	1732.058	586.2645
209.9671	5282.587	1740.646	585.2139
210.1195	5185.169	1745.407	584.1755
210.2719	5084.922	1747.424	583.1405
210.4243	5043.15	1748.72	582.0986
210.5767	4977.865	1751.92	581.0519
210.7291	5021.66	1749.311	580.0077
210.8815	5190.661	1745.759	578.9748
211.0339	5313.316	1738.198	577.934
211.1863	5287.241	1734.469	576.8956
211.3387	5120.472	1741.731	575.8603
211.4911	5092.432	1741.653	574.8164
211.6435	5006.798	1744.956	573.7586
211.7959	4940.547	1770.03	572.7092
211.9483	4911.375	1750.897	571.6633
212.1007	4957.729	1742.545	570.6453
212.2531	5140.118	1738.693	569.6066
212.4055	5287.249	1735.491	568.5613
212.5579	5218.567	1738.381	567.5173
212.7103	5178.137	1738.148	566.4741
212.8627	5055.927	1744.033	565.4135
213.0151	5074.432	1746.741	564.3801
213.1675	5013.091	1747.88	563.3368
213.3199	4835.357	1755.101	562.3094
213.4723	4794.259	1749.719	561.2654
213.6247	5073.743	1754.436	560.2186
213.7771	5389.662	1742.178	559.1868
213.9295	5338.347	1736.378	558.1451
214.0819	5304.014	1740.664	557.1014
214.2343	5185.274	1736.293	556.0577
214.3867	5176.097	1727.438	555.0276
214.5391	5143.365	1730.839	553.9673
214.6915	5030.826	1743.568	552.9235
214.8439	5078.766	1744	551.8771
214.9963	5201.179	1740.059	550.8323
215.1487	5167.171	1737.014	549.7859
215.3011	5410.927	1735	548.7589
215.4535	5375.101	1735.024	547.7134
215.6059	5302.248	1736.979	546.6696
215.7583	5310.841	1736.031	545.6232
215.9107	5209.788	1737.039	544.5779
216.0631	5177.241	1738.428	543.5185
216.2155	5126.712	1746.495	542.4898
216.3679	5217.035	1736.612	541.4597
216.5203	5369.87	1718.192	540.4145
216.6727	5333.655	1733.664	539.3527
216.8251	5355.412	1741.64	538.2923
216.9775	5279.4	1747.8	537.2475
217.1299	5264.451	1745.341	536.2042
217.2823	5160.334	1743.392	535.1758
217.4347	4955.576	1765.702	534.1295
217.5871	4971.294	1742.458	533.0837
217.7395	5231.593	1738.855	532.0385
217.8919	5286.77	1738	530.9937
218.0443	5279.189	1738	529.9515
218.1967	5285.429	1737.658	528.9199
218.3491	5340.519	1735.819	527.8739
218.5015	5347.945	1734.811	526.8302
218.6539	5295.755	1734.198	525.7831
218.8063	5314.297	1735	524.7255
218.9587	5310.668	1735	523.6843
219.1111	5252.57	1735.448	522.6527
219.2635	5238.991	1737	521.6049
219.4159	5157.646	1738.208	520.5458
219.5683	5125.496	1742	519.501
219.7207	5179.849	1742.515	518.4574
219.8731	5150.575	1744.262	517.4197
220.0255	5277.123	1743.941	516.3867
220.1779	5379.596	1739.11	515.3524
220.3303	5413.551	1733.451	514.3309
220.4827	5323.675	1733.391	513.2882
220.6351	5253.482	1736.153	512.2365
220.7875	5232.527	1732.565	511.1956
220.9399	5189.204	1733.658	510.1601
221.0923	5117.036	1762.159	509.1205
221.2447	5071.697	1779.307	508.0614
221.3971	5129.767	1723.086	507.0272
221.5495	5198.148	1720.074	505.9752
221.7019	5241.086	1716.43	504.9288
221.8543	5351.316	1713	503.8724
222.0067	5364.11	1712.358	502.8172
222.1591	5375.293	1711.326	501.765
222.3115	5409.014	1712.662	500.7182
222.4639	5394.295	1714	499.6611
222.6163	5335.408	1714	498.6047
222.7687	5242.774	1714.687	497.5478
222.9211	5163.61	1715.305	496.4911
223.0735	5097.027	1714.704	495.4389
223.2259	5154.434	1720.268	494.3921
223.3783	5225.076	1725.121	493.3337
223.5307	5276.584	1717.81	492.2816
223.6831	5332.038	1714.37	491.2355
223.8355	5251.404	1714.251	490.1793
223.9879	5103.109	1714.887	489.13
224.1403	5030.65	1719.913	488.0825
224.2927	4936.377	1724.936	487.0253
224.4451	4885.08	1728	485.9689
224.5975	4950.671	1725.63	484.9184
224.7499	5110.522	1720.801	483.873
224.9023	5278.57	1716.577	482.8299
225.0547	5363.917	1713	481.7882
225.2071	5361.295	1713.412	480.7336
225.3595	5358.925	1712.335	479.678
225.5119	5346.893	1708.736	478.6205
225.6643	5335.482	1709.981	477.5616
225.8167	5307.68	1714.429	476.5052
225.9691	5293.374	1716.301	475.4487
226.1215	5308.707	1719.317	474.3908
226.2739	5296.488	1718.339	473.333
226.4263	5263.954	1718.576	472.2758
226.5787	5236.397	1723.903	471.2259
226.7311	5228.218	1724.088	470.1789
226.8835	5299.216	1717.478	469.1303
227.0359	5390.481	1711	468.0897
227.1883	5388.696	1710.532	467.0415
227.3407	5343.022	1713.308	465.9834
227.4931	5303.382	1718.433	464.9173
227.6455	5262.804	1720.482	463.8518
227.7979	5260.314	1721.486	462.8125
227.9503	5195.936	1720.53	461.7734
228.1027	5115.077	1717.022	460.7158
228.2551	5138.432	1714.501	459.6662
228.4075	5292.303	1712.49	458.6085
228.5599	5411.969	1713.538	457.5592
228.7123	5347.017	1716	456.5014
228.8647	5256.012	1716.516	455.4462
229.0171	5180.646	1719.604	454.4061
229.1695	5078.741	1722	453.3498
229.3219	4944.615	1725.173	452.2926
229.4743	4843.627	1731.204	451.2341
229.6267	4934.83	1733.462	450.1847
229.7791	5144.478	1732.458	449.144
229.9315	5326.615	1722.711	448.1035
230.0839	5332.157	1717.203	447.0552
230.2363	5238.8	1720.666	445.9989
230.3887	5137.381	1722	444.9418
230.5411	5041.583	1724.252	443.8997
230.6935	4917.345	1727.135	442.8578
230.8459	4860.893	1725.709	441.8028
230.9983	5011.878	1723.422	440.7449
231.1507	5227.36	1720.093	439.6987
231.3031	5374.541	1713.904	438.6588
231.4555	5430.446	1711	437.6079
231.6079	5390.619	1711	436.5609
231.7603	5325.5	1712.795	435.5117
231.9127	5307.219	1715.206	434.4549
232.0651	5303.323	1716	433.3875
232.2175	5245.794	1717.223	432.3334
232.3699	5155.349	1718.616	431.282
232.5223	5137.342	1719.619	430.236
232.6747	5274.66	1718.752	429.1862
232.8271	5362.325	1719.258	428.1292
232.9795	5337.967	1720.633	427.0715
233.1319	5330.19	1717.815	426.0251
233.2843	5346.264	1714.717	424.9735
233.4367	5352.646	1714.647	423.9266
233.5891	5325.663	1715	422.8659
233.7415	5295.293	1715	421.815
233.8939	5299.523	1715	420.763
234.0463	5368.344	1714.337	419.7056
234.1987	5387.978	1714.668	418.6484
234.3511	5351.087	1714.328	417.5914
234.5035	5329.244	1713.324	416.5346
234.6559	5363.416	1713	415.4883
234.8083	5357.694	1713.685	414.4359
234.9607	5349.758	1714	413.3796
235.1131	5321.194	1713.307	412.3238
235.2655	5262.639	1715.094	411.2661
235.4179	5262.654	1715.298	410.2089
235.5703	5265.347	1717.12	409.1629
235.7227	5348.996	1717.289	408.1099
235.8751	5424.065	1717	407.0538
236.0275	5398.27	1719.158	405.9966
236.1799	5393.588	1720	404.9391
236.3323	5352.848	1718.543	403.8945
236.4847	5248.91	1720.196	402.849
236.6371	5182.379	1719.527	401.7992
236.7895	5061.695	1721.967	400.7429
236.9419	5083.665	1722.254	399.6864
237.0943	5161.704	1718.253	398.6306
237.2467	5247.369	1715.492	397.5857
237.3991	5408.504	1715	396.5334
237.5515	5375.938	1716.526	395.4886
237.7039	5278.373	1717	394.4362
237.8563	5202.063	1717.771	393.3804
238.0087	5151.108	1719.551	392.3233
238.1611	5109.777	1720	391.2658
238.3135	5011.566	1721.569	390.2089
238.4659	5001.974	1721.212	389.1648
238.6183	5097.982	1717.035	388.1235
238.7707	5193.833	1714.404	387.0685
238.9231	5305.039	1713.198	386.0114
239.0755	5357.003	1714.611	384.9563
239.2279	5377.779	1746.611	383.9001
239.3803	5290.599	1832.185	382.8442
239.5327	5329.811	1736.114	381.8133
239.6851	5301.017	1712.646	380.7614
239.8375	5297.788	1714.654	379.6912
239.9899	5347.239	1711.673	378.6302
240.1423	5215.563	1717.695	377.5726
240.2947	5122.526	1719	376.5179
240.4471	4985.075	1725.753	375.461
240.5995	5107.228	1720.206	374.4307
240.7519	5359.439	1711.31	373.3781
240.9043	5280.412	1714.292	372.3221
241.0567	5205.839	1716.724	371.2646
241.2091	5169.26	1719.601	370.207
241.3615	5128.432	1720.871	369.1502
241.5139	5151.021	1717.497	368.1217
241.6663	5105.751	1717	367.0698
241.8187	5133.055	1716.127	366.0226
241.9711	5187.028	1716.86	364.9824
242.1235	5423.013	1711.914	363.95
242.2759	5473.993	1710.167	362.9217
242.4283	5386.774	1709.181	361.8867
242.5807	5366.194	1713.836	360.8481
242.7331	5323.208	1715.792	359.8095
242.8855	5333.801	1714.443	358.7704
243.0379	5259.702	1714	357.7325
243.1903	5186.943	1714.751	356.7071
243.3427	5047.179	1716.474	355.6721
243.4951	5064.567	1719.897	354.6214
243.6475	5268.284	1715.322	353.5916
243.7999	5424.76	1710.914	352.5594
243.9523	5425.5	1712.048	351.5208
244.1047	5387.581	1713	350.4929
244.2571	5261.817	1713.654	349.4504
244.4095	5235.617	1714.641	348.4182
244.5619	5203.523	1715	347.3866
244.7143	5109.767	1714.386	346.3492
244.8667	5064.6	1714.6	345.3112
245.0191	5121.379	1713.241	344.2727
245.1715	5323.113	1708.566	343.2337
245.3239	5443.117	1706.558	342.205
245.4763	5408.542	1707	341.1649
245.6287	5371.027	1709.658	340.1198
245.7811	5313.858	1715.102	339.0832
245.9335	5273.55	1713.969	338.0444
246.0859	5282.454	1709.018	337.0052
246.2383	5285.952	1707.048	335.9747
246.3907	5334.148	1705.076	334.9443
246.5431	5386.754	1706.246	333.8978
246.6955	5373.551	1706.388	332.8514
246.8479	5373.088	1701.311	331.8138
247.0003	5393.043	1702.269	330.7684
247.1527	5383.398	1708.181	329.727
247.3051	5340.406	1710.761	328.6922
247.4575	5253.466	1711.265	327.6436
247.6099	5147.038	1709.293	326.6074
247.7623	5095.187	1707.662	325.5707
247.9147	5131.908	1707.325	324.5311
248.0671	5304.206	1706.439	323.4955
248.2195	5414.295	1702.404	322.4648
248.3719	5393.336	1701	321.4168
248.5243	5409.548	1700.188	320.3782
248.6767	5372.661	1699.798	319.3362
248.8291	5372.978	1704.27	318.285
248.9815	5376.589	1704.764	317.2426
249.1339	5267.133	1714.215	316.196
249.2863	5232.664	1712.983	315.1708
249.4387	5342.841	1705.189	314.1318
249.5911	5300.6	1706.35	313.0937
249.7435	5319.956	1708	312.0562
249.8959	5276.064	1708.148	311.0157
250.0483	5239.076	1708.866	309.9783
250.2007	5263.915	1707.76	308.9409
250.3531	5312.085	1706.106	307.9016
250.5055	5412.341	1706.908	306.8481
250.6579	5385.805	1706.078	305.8105
250.8103	5260.784	1707.264	304.7715
250.9627	5186.74	1711	303.735
251.1151	5181.963	1710.963	302.7137
251.2675	5182.146	1710.046	301.6589
251.4199	5231.901	1711.915	300.6179
251.5723	5315.723	1704.026	299.5804
251.7247	5326.795	1703.019	298.5456
251.8771	5455.875	1701.062	297.5076
252.0295	5357.796	1707.686	296.4539
252.1819	5335.115	1707.059	295.4298
252.3342	5288.554	1711.637	294.3766
252.4866	5290.481	1709.259	293.3379
252.6390	5317.093	1708.1	292.3148
252.7914	5435.35	1705.338	291.2776
252.9438	5430.78	1704.126	290.2242
253.0962	5343.875	1704	289.2005
253.2486	5275.877	1704.846	288.15
253.4010	5280.145	1703.336	287.1089
253.5534	5296.091	1706.273	286.0704
253.7058	5389.892	1706.196	285.0191
253.8582	5394.609	1704.419	283.9776
254.0106	5390	1703.223	282.9524
254.1630	5309.145	1704.526	281.9056
254.3154	5292.987	1707.247	280.8641
254.4678	5279.828	1705.795	279.8267
254.6202	5170.145	1706.442	278.777
254.7726	5235.564	1710.542	277.7322
254.9250	5262.318	1705.744	276.6993
255.0774	5363.825	1704.36	275.66
255.2298	5397.662	1705	274.6195
255.3822	5272.02	1705.654	273.571
255.5346	5222.793	1711.757	272.5274
255.6870	5183.064	1714.374	271.489
255.8394	5037.504	1716.448	270.4506
255.9918	5013.838	1713.813	269.417
256.1442	5076.673	1708.659	268.3861
256.2966	5186.087	1704.145	267.3522
256.4490	5362.081	1699.774	266.315
256.6014	5425.628	1700.718	265.2669
256.7538	5407.061	1703.53	264.221
256.9062	5369.775	1704	263.1836
257.0586	5282.304	1705.004	262.147
257.2110	5264.186	1704.536	261.1091
257.3634	5296.15	1703.475	260.0618
257.5158	5343.724	1703.078	259.0144
257.6682	5445.043	1701.105	257.9756
257.8206	5424.619	1700.433	256.9301
257.9730	5322.448	1701.839	255.8903
258.1254	5258.362	1704.219	254.855
258.2778	5163.895	1707.178	253.8078
258.4302	5173.397	1707.866	252.7645
258.5826	5261.73	1705.635	251.7146
258.7350	5399.336	1703.241	250.6777
258.8874	5509.763	1703.042	249.6481
259.0398	5390.102	1709	248.616
259.1922	5311.482	1708.379	247.5786
259.3446	5295.953	1707	246.5364
259.4970	5220.527	1707.283	245.4872
259.6494	5175.972	1706.92	244.4488
259.8018	5215.472	1704	243.4119
259.9542	5185.07	1704	242.3738
260.1066	5257.541	1704	241.3344
260.2590	5380.222	1704.215	240.293
260.4114	5411.178	1704.003	239.2412
260.5638	5432.475	1699.814	238.2036
260.7162	5362.067	1699.52	237.1655
260.8686	5275.93	1702.319	236.1269
261.0210	5309.458	1704	235.0852
261.1734	5231.581	1704.132	234.0324
261.3258	5240.585	1704.646	232.993
261.4782	5227.291	1702	231.9403
261.6306	5230.023	1701.633	230.9021
261.7830	5483.419	1698.458	229.8794
261.9354	5420.74	1704.438	228.8261
262.0878	5313.255	1711	227.7854
262.2402	5333.08	1710.891	226.7328
262.3926	5228.623	1708	225.696
262.5450	5210.499	1707.991	224.6569
262.6974	5153.302	1707.005	223.6185
262.8498	5166.733	1708.962	222.5968
263.0022	5197.027	1706.094	221.558
263.1546	5272.357	1701.234	220.505
263.3070	5457.298	1700.061	219.4649
263.4594	5473.627	1700.926	218.4126
263.6118	5506.872	1701.913	217.3724
263.7642	5463.306	1701.102	216.3363
263.9166	5427.946	1700.116	215.2991
264.0690	5310.709	1701.743	214.2602
264.2214	5320.592	1701.142	213.2071
264.3738	5339.347	1701	212.1672
264.5262	5390.146	1701	211.1148
264.6786	5476.728	1716.509	210.0751
264.8310	5365.617	1779.377	209.0242
264.9834	5313.465	1723.709	207.9932
265.1358	5295.6	1705	206.9465
265.2882	5310.26	1705.761	205.9048
265.4406	5388.571	1706.748	204.854
265.5930	5442.388	1703.327	203.8114
265.7454	5350.802	1703.439	202.7799
265.8978	5282.739	1706.12	201.7494
266.0502	5246.047	1706.307	200.7014
266.2026	5219.376	1704.641	199.6591
266.3550	5172.678	1706.666	198.6209
266.5074	5119.742	1709.956	197.5716
266.6598	5153.655	1714.826	196.5383
266.8122	5270.478	1713.251	195.5044
266.9646	5430.196	1704.875	194.4646
267.1170	5459.645	1700.401	193.4277
267.2694	5392.367	1701.759	192.3802
267.4218	5332.622	1704.719	191.3344
267.5742	5280.87	1706	190.2856
267.7266	5207.672	1705.453	189.2483
267.8790	5114.199	1707.136	188.2076
268.0314	5039.261	1708.478	187.1601
268.1838	5136.304	1709.528	186.1211
268.3362	5402.658	1704.04	185.0815
268.4886	5590.695	1697	184.0423
268.6410	5638.181	1697.471	183.0035
268.7934	5625.194	1697.541	181.9567
268.9458	5577.556	1696.554	180.9084
269.0982	5516.962	1696.433	179.8627
269.2506	5458.83	1697	178.8149
269.4030	5411.012	1697	177.7685
269.5554	5375.274	1697.791	176.7117
269.7078	5387.198	1698.234	175.6685
269.8602	5449.97	1695.522	174.6344
270.0126	5500.286	1695.143	173.5792
270.1650	5481.791	1698.655	172.5292
270.3174	5412.378	1698.665	171.4845
270.4698	5370.442	1700.32	170.4346
270.6222	5322.718	1700.694	169.3936
270.7746	5199.355	1700.588	168.3497
270.9270	5140.609	1701.718	167.3105
271.0794	5210.318	1701.538	166.2587
271.2318	5395.314	1701.466	165.216
271.3842	5486.359	1697.973	164.165
271.5366	5331.769	1700.538	163.1257
271.6890	5302.608	1700.092	162.086
271.8414	5200.181	1705.639	161.0442
271.9938	5186.986	1712.77	159.9924
272.1462	5119.581	1714.918	158.9532
272.2986	5041.292	1708.656	157.9131
272.4510	5233.928	1700.912	156.8757
272.6034	5293.875	1695.993	155.8474
272.7558	5388.747	1707.958	154.7915
272.9082	5321.596	1744.014	153.7378
273.0606	5181.01	1719.867	152.6981
273.2130	5159.629	1762.807	151.6461
273.3654	5106.077	1691.079	150.6047
273.5178	4986.61	1692.332	149.5479
273.6702	4947.815	1696.676	148.492
273.8226	5106.069	1690.799	147.4519
273.9750	5211.79	1685.944	146.3951
274.1274	5513.703	1684.016	145.3402
274.2798	5306.708	1685.01	144.2864
274.4322	5221.765	1687.973	143.2315
274.5846	5174.091	1693.864	142.1773
274.7370	5043.699	1689.175	141.136
274.8894	4857.045	1700.432	140.0797
275.0418	4867.747	1700.06	139.0228
275.1942	5004.282	1703.706	137.975
275.3466	5352.331	1712.228	136.9271
275.4990	5541.829	1684.14	135.9026
275.6514	5389.089	1686.338	134.8492
275.8038	5343.475	1686.124	133.7806
275.9562	5230.347	1688.59	132.7386
276.1086	5195.978	1681.34	131.686
276.2610	5134.282	1689.227	130.6278
276.4134	5122.173	1691.827	129.5706
276.5658	5220.367	1692.813	128.5152
276.7182	5313.431	1691.399	127.4722
276.8706	5516.194	1682.331	126.4337
277.0230	5449.635	1680	125.3685
277.1754	5354.256	1682.287	124.3094
277.3278	5249.546	1684.499	123.2544
277.4802	5237.221	1685.737	122.1981
277.6326	5195.15	1685.275	121.1412
277.7850	5206.175	1685	120.087
277.9374	5225.687	1683.602	119.0313
278.0898	5227.627	1684.373	117.9744
278.2422	5449.5	1683.651	116.929
278.3946	5461.68	1686.972	115.8784
278.5470	5370.191	1689	114.8243
278.6994	5295.502	1685.821	113.77
278.8518	5239.19	1684	112.7151
279.0042	5201.608	1685.222	111.659
279.1566	5134.783	1686	110.6032
279.3090	5080.865	1687.17	109.5564
279.4614	5124.699	1685.709	108.5062
279.6138	5201.746	1682.319	107.4493
279.7662	5378.402	1681	106.3847
279.9186	5481.164	1680.466	105.3224
280.0710	5388.36	1680.522	104.2764
280.2234	5322.039	1681	103.2292
280.3758	5287.692	1681.497	102.1723
280.5282	5220.004	1682.484	101.1076
280.6806	5158.257	1682.058	100.0428
280.8330	5215.485	1680.082	98.98598
280.9854	5382.185	1679	97.93717
281.1378	5461.469	1679	96.88496
281.2902	5427.741	1680.261	95.82114
281.4426	5378.265	1683.224	94.76429
281.5950	5375.875	1685.792	93.70071
281.7474	5353.895	1689.298	92.63464
281.8998	5352.266	1690.412	91.58019
282.0522	5365.705	1685.285	90.53033
282.2046	5324.471	1682.275	89.48411
282.3570	5331.273	1678.334	88.42825
282.5094	5400.16	1677.32	87.37325
282.6618	5401.812	1678	86.31892
282.8142	5435.773	1678.294	85.25973
282.9666	5445.386	1679	84.19949
283.1190	5399.347	1678.731	83.14938
283.2714	5378.95	1678	82.09525
283.4238	5275.876	1677.513	81.03499
283.5762	5182.713	1676.463	79.96754
283.7286	5213.688	1678	78.91129
283.8810	5244.07	1676.769	77.85655
284.0334	5382.699	1671.614	76.79971
284.1858	5384.975	1670.181	75.73997
284.3382	5363.848	1670.832	74.67019
284.4906	5464.331	1670.155	73.61237
284.6430	5473.629	1671	72.54361
284.7954	5452.102	1671.899	71.47571
284.9478	5428.158	1678.476	70.4277
285.1002	5290.997	1682	69.34254
285.2526	5255.889	1681.528	68.27188
285.4050	5258.155	1678	67.1885
285.5574	5169.168	1678.238	66.12082
285.7098	5164.785	1679.048	65.05862
285.8622	5187.082	1671.764	63.99491
286.0146	5285.29	1669.645	62.91063
286.1670	5497.351	1667.831	61.83999
286.3194	5392.309	1674.119	60.75283
286.4718	5360.111	1675	59.66942
286.6242	5321.991	1675	58.60267
286.7766	5302.613	1675	57.54625
286.9290	5248.118	1675	56.46175
287.0814	5076.234	1675	55.38966
287.2338	5042.132	1674.292	54.30668
287.3862	5354.711	1668.763	53.23534
287.5386	5551.972	1667.356	52.15908
287.6910	5476.791	1670.476	51.0958
287.8434	5400.788	1674.118	50.01093
287.9958	5290.549	1675	48.92453
288.1482	5350.107	1675.356	47.84015
288.3006	5614.688	1677.048	46.77076
288.4530	5766.709	1668.808	45.70145
288.6054	5872.608	1659.527	44.63268
288.7578	5901.311	1657.896	43.55926
288.9102	5876.478	1669.622	42.45788
289.0626	5993.378	1651.643	41.36978
289.2150	5888.669	1650.18	40.27081
289.3674	5799.619	1657.342	39.18631
289.5198	5755.123	1644.525	38.11212
289.6722	5659.863	1641.119	37.0098
289.8246	5600.044	1641.882	35.90795
289.9770	5536.528	1640.882	34.80455
290.1294	5453.135	1640	33.70114
290.2818	5459.836	1640	32.6019
290.4342	5384.015	1640	31.52954
290.5866	5322.519	1640	30.42769
290.7390	5302.934	1639.881	29.32441
290.8914	5275.386	1639.832	28.22188
291.0438	5101.427	1646.119	27.12071
291.1962	4892.596	1646.528	26.03584
291.3486	4912	1645.249	24.94743
291.5010	4905.944	1658.913	23.84391
291.6534	4856.838	1628.508	22.74197
291.8058	4817.277	1570.642	21.65221
291.9582	4739.466	1552.409	20.51383
292.1106	4622.159	1546.695	19.35507
292.2630	4438.694	1533.431	18.20579
292.4154	4411.542	1505.689	17.03153
292.5678	4529.896	1497.299	15.82891
292.7202	4324.336	1505.578	14.6276
292.8726	4252.012	1489.057	13.44204
293.0250	4282.337	1445	12.24964
293.1774	4102.533	1444.41	11.01128
293.3298	3968.48	1433.017	9.758704
293.4822	4030.137	1379.338	8.501445
293.6346	3853.357	1355.229	7.215859
293.7870	3862.953	1262.225	5.915533
293.9394	3870.549	1216.517	4.503214
294.0918	3552.756	1179.5	3.026744
294.2442	3644.294	1035.219	1.486318

