HOLE:	U1513A
EXPEDITION:	369
TOP:	196.8607
BOTTOM:	277.3278
DEPTH_WMSF	DTCO	DT1	DT2	VCO	VS1	VS2
m	us/ft	us/ft	us/ft	km/s	km/s	km/s
196.8607	166.0599	529.2978	471.659	1.8355	0.5759	0.6462
197.0131	166.5612	507.4504	500.9521	1.8300	0.6006	0.6084
197.1655	164.7122	476.2115	457.4272	1.8505	0.6401	0.6663
197.3179	164.0204	472.4807	449.562	1.8583	0.6451	0.6780
197.4703	164.8116	487.0935	477.0417	1.8494	0.6258	0.6389
197.6227	162.2674	500.2846	469.9919	1.8784	0.6093	0.6485
197.7751	162.6787	504.9768	474.92	1.8736	0.6036	0.6418
197.9275	162.7263	499.9196	469.9215	1.8731	0.6097	0.6486
198.0799	163.5851	504.8791	474.3741	1.8633	0.6037	0.6425
198.2323	163.8603	498.0692	477.626	1.8601	0.6120	0.6382
198.3847	164.4905	503.2621	463.8341	1.8530	0.6056	0.6571
198.5371	164.6228	496.7816	447.5784	1.8515	0.6135	0.6810
198.6895	165.5876	514.8948	471.2854	1.8407	0.5920	0.6467
198.8419	166.8956	538.3894	522.9935	1.8263	0.5661	0.5828
198.9943	167.3966	562.5592	524.8976	1.8208	0.5418	0.5807
199.1467	166.9382	559.6301	448.6088	1.8258	0.5446	0.6794
199.2991	166.2483	548.6121	463.1212	1.8334	0.5556	0.6581
199.4515	165.1307	544.1365	454.1559	1.8458	0.5602	0.6711
199.6039	165.3224	536.1733	455.1205	1.8437	0.5685	0.6697
199.7563	166.029	529.7268	467.0514	1.8358	0.5754	0.6526
199.9087	163.9985	544.1073	473.7256	1.8586	0.5602	0.6434
200.0611	162.8868	540.0731	457.7638	1.8712	0.5644	0.6658
200.2135	160.922	526.4681	444.8957	1.8941	0.5790	0.6851
200.3659	161.1838	505.429	447.4673	1.8910	0.6031	0.6812
200.5183	162.554	444.6175	440.786	1.8751	0.6855	0.6915
200.6707	163.7684	461.7945	444.747	1.8612	0.6600	0.6853
200.8231	164.6805	472.3181	450.4771	1.8509	0.6453	0.6766
200.9755	165.3351	492.3847	447.6813	1.8435	0.6190	0.6808
201.1279	165.8759	517.3893	443.1602	1.8375	0.5891	0.6878
201.2803	165.8581	515.6547	454.2874	1.8377	0.5911	0.6709
201.4327	165.8796	512.06	460.3397	1.8375	0.5952	0.6621
201.5851	166.1816	505.3206	447.1235	1.8341	0.6032	0.6817
201.7375	166.1712	494.7133	454.0749	1.8343	0.6161	0.6713
201.8899	166.0187	501.4904	468.7782	1.8359	0.6078	0.6502
202.0423	165.3773	508.0152	462.3792	1.8431	0.6000	0.6592
202.1947	164.2071	498.4172	452.4363	1.8562	0.6115	0.6737
202.3471	164.2441	482.2749	436.136	1.8558	0.6320	0.6989
202.4995	164.5192	479.4946	421.3537	1.8527	0.6357	0.7234
202.6519	164.3671	470.0349	425.5042	1.8544	0.6485	0.7163
202.8043	163.9449	464.239	409.521	1.8592	0.6566	0.7443
202.9567	163.7959	461.8002	390.0592	1.8609	0.6600	0.7814
203.1091	164.5003	470.7929	391.2494	1.8529	0.6474	0.7790
203.2615	165.6024	482.9304	418.0233	1.8406	0.6311	0.7291
203.4139	166.6938	505.0655	441.3863	1.8285	0.6035	0.6906
203.5663	168.3468	509.6852	438.0804	1.8105	0.5980	0.6958
203.7187	169.212	492.6389	433.0522	1.8013	0.6187	0.7038
203.8711	169.3935	489.4269	440.5501	1.7994	0.6228	0.6919
204.0235	167.7294	498.6582	449.9341	1.8172	0.6112	0.6774
204.1759	166.7431	507.0143	459.7464	1.8280	0.6012	0.6630
204.3283	166.4205	516.1416	467.1458	1.8315	0.5905	0.6525
204.4807	166.0257	524.3834	464.6029	1.8359	0.5813	0.6560
204.6331	165.7996	515.8318	456.1451	1.8384	0.5909	0.6682
204.7855	165.7034	505.2928	452.304	1.8394	0.6032	0.6739
204.9379	165.0942	502.2983	451.5096	1.8462	0.6068	0.6751
205.0903	164.363	506.7252	450.5211	1.8544	0.6015	0.6765
205.2427	164.0174	508.1739	455.0617	1.8583	0.5998	0.6698
205.3951	163.9526	504.3974	457.2168	1.8591	0.6043	0.6666
205.5475	164.131	499.4248	452.4932	1.8571	0.6103	0.6736
205.6999	164.207	492.5945	450.6822	1.8562	0.6188	0.6763
205.8523	164.1154	482.4178	452.7316	1.8572	0.6318	0.6732
206.0047	164.5742	479.6068	450.6263	1.8521	0.6355	0.6764
206.1571	165.0841	480.1462	450.8136	1.8463	0.6348	0.6761
206.3095	165.1245	478.8371	448.3563	1.8459	0.6365	0.6798
206.4619	164.7356	477.3	441.5111	1.8502	0.6386	0.6904
206.6143	164.4381	473.717	436.1097	1.8536	0.6434	0.6989
206.7667	164.736	469.6805	444.4822	1.8502	0.6490	0.6857
206.9191	165.4908	475.3452	455.429	1.8418	0.6412	0.6693
207.0715	166.1776	486.4233	462.6764	1.8342	0.6266	0.6588
207.2239	166.3964	492.8771	461.5703	1.8318	0.6184	0.6604
207.3763	166.7855	492.9732	455.6935	1.8275	0.6183	0.6689
207.5287	167.4187	492.9021	457.4279	1.8206	0.6184	0.6663
207.6811	167.2523	499.8388	467.6375	1.8224	0.6098	0.6518
207.8335	166.0382	507.3174	477.2189	1.8357	0.6008	0.6387
207.9859	165.0009	511.4206	480.3207	1.8473	0.5960	0.6346
208.1383	164.6997	515.8072	477.3059	1.8506	0.5909	0.6386
208.2907	164.2287	517.5932	478.6257	1.8559	0.5889	0.6368
208.4431	163.6559	512.2488	463.4607	1.8624	0.5950	0.6577
208.5955	163.276	502.2187	447.6715	1.8668	0.6069	0.6809
208.7479	164.1347	497.5286	446.6866	1.8570	0.6126	0.6824
208.9003	165.5634	494.7965	455.7425	1.8410	0.6160	0.6688
209.0527	165.7797	492.2275	457.6645	1.8386	0.6192	0.6660
209.2051	165.9909	490.7343	459.1884	1.8362	0.6211	0.6638
209.3575	165.764	489.8087	461.8412	1.8388	0.6223	0.6600
209.5099	165.6408	485.5656	457.9644	1.8401	0.6277	0.6656
209.6623	166.5355	486.3528	454.9516	1.8302	0.6267	0.6700
209.8147	168.9852	511.2008	453.3048	1.8037	0.5962	0.6724
209.9671	168.5784	525.5245	457.4769	1.8081	0.5800	0.6663
210.1195	167.2464	502.9594	447.8742	1.8225	0.6060	0.6805
210.2719	166.955	485.1819	445.9764	1.8256	0.6282	0.6834
210.4243	166.5255	471.1625	454.5844	1.8304	0.6469	0.6705
210.5767	165.6756	466.2034	455.8278	1.8397	0.6538	0.6687
210.7291	164.9112	465.9937	454.9846	1.8483	0.6541	0.6699
210.8815	164.9778	465.7775	457.812	1.8475	0.6544	0.6658
211.0339	165.7046	469.9932	459.9777	1.8394	0.6485	0.6626
211.1863	165.1224	481.3139	465.3015	1.8459	0.6333	0.6551
211.3387	164.1065	489.4077	467.9967	1.8573	0.6228	0.6513
211.4911	163.1628	490.5113	468.328	1.8681	0.6214	0.6508
211.6435	162.4678	494.2134	474.2668	1.8761	0.6167	0.6427
211.7959	162.2013	494.3405	469.124	1.8791	0.6166	0.6497
211.9483	162.1376	485.295	454.334	1.8799	0.6281	0.6709
212.1007	163.2031	474.8736	454.1727	1.8676	0.6419	0.6711
212.2531	163.3895	484.3431	461.9569	1.8655	0.6293	0.6598
212.4055	163.2887	491.3414	462.9333	1.8666	0.6203	0.6584
212.5579	165.6376	501.5023	468.4066	1.8402	0.6078	0.6507
212.7103	167.1353	512.7583	475.0929	1.8237	0.5944	0.6416
212.8627	165.9186	518.5917	479.9712	1.8370	0.5877	0.6350
213.0151	165.9259	504.9307	454.5641	1.8370	0.6036	0.6705
213.1675	166.0461	494.103	454.3037	1.8356	0.6169	0.6709
213.3199	166.8916	500.0261	459.0335	1.8263	0.6096	0.6640
213.4723	168.054	506.4417	470.8383	1.8137	0.6018	0.6474
213.6247	168.7082	499.3249	458.8912	1.8067	0.6104	0.6642
213.7771	168.2397	489.9564	450.2924	1.8117	0.6221	0.6769
213.9295	168.2425	490.218	473.7867	1.8117	0.6218	0.6433
214.0819	169.2808	503.7521	498.9653	1.8006	0.6051	0.6109
214.2343	169.5595	528.3273	514.4924	1.7976	0.5769	0.5924
214.3867	168.7772	531.7874	504.5966	1.8059	0.5732	0.6040
214.5391	167.9827	510.6422	493.365	1.8145	0.5969	0.6178
214.6915	168.0134	493.456	479.7846	1.8141	0.6177	0.6353
214.8439	166.7027	503.256	477.2732	1.8284	0.6057	0.6386
214.9963	165.7327	510.6492	484.6113	1.8391	0.5969	0.6290
215.1487	164.9938	508.5037	491.8728	1.8473	0.5994	0.6197
215.3011	164.0664	508.5965	493.7704	1.8578	0.5993	0.6173
215.4535	164.5922	504.0864	493.3378	1.8518	0.6047	0.6178
215.6059	165.0223	501.0058	492.2532	1.8470	0.6084	0.6192
215.7583	164.7681	502.9087	490.3774	1.8499	0.6061	0.6216
215.9107	163.0638	499.6825	477.9745	1.8692	0.6100	0.6377
216.0631	162.6131	499.589	471.014	1.8744	0.6101	0.6471
216.2155	161.3875	486.6312	458.8224	1.8886	0.6263	0.6643
216.3679	160.187	490.8748	461.3378	1.9028	0.6209	0.6607
216.5203	160.0026	489.5095	458.8458	1.9050	0.6227	0.6643
216.6727	159.8977	483.8101	435.4074	1.9062	0.6300	0.7000
216.8251	160.3703	481.906	445.9583	1.9006	0.6325	0.6835
216.9775	160.3804	483.3169	450.252	1.9005	0.6306	0.6770
217.1299	159.9987	479.4495	451.0898	1.9050	0.6357	0.6757
217.2823	159.8324	472.1545	457.7472	1.9070	0.6456	0.6659
217.4347	160.1414	452.4485	455.5449	1.9033	0.6737	0.6691
217.5871	160.9613	464.0182	461.8096	1.8936	0.6569	0.6600
217.7395	161.6229	468.9024	459.2641	1.8859	0.6500	0.6637
217.8919	160.9431	467.5339	447.5581	1.8938	0.6519	0.6810
218.0443	161.079	459.0634	430.9298	1.8922	0.6640	0.7073
218.1967	161.3506	452.3838	414.39	1.8891	0.6738	0.7355
218.3491	162.0402	438.7177	421.323	1.8810	0.6948	0.7234
218.5015	162.1184	446.6451	429.9798	1.8801	0.6824	0.7089
218.6539	160.7641	455.8255	430.3963	1.8959	0.6687	0.7082
218.8063	159.789	459.8003	428.4526	1.9075	0.6629	0.7114
218.9587	158.5011	461.0184	434.5577	1.9230	0.6611	0.7014
219.1111	158.3749	466.0315	444.5759	1.9245	0.6540	0.6856
219.2635	160.3634	479.977	451.3625	1.9007	0.6350	0.6753
219.4159	164.5389	503.3476	487.9877	1.8524	0.6055	0.6246
219.5683	165.0723	506.7083	530.6623	1.8465	0.6015	0.5744
219.7207	166.1228	502.2188	532.0263	1.8348	0.6069	0.5729
219.8731	166.6688	503.5365	533.0036	1.8288	0.6053	0.5719
220.0255	165.5464	509.4743	531.6384	1.8412	0.5983	0.5733
220.1779	165.366	526.3353	505.7272	1.8432	0.5791	0.6027
220.3303	166.5212	526.1909	514.5546	1.8304	0.5793	0.5924
220.4827	167.4267	519.1229	526.849	1.8205	0.5871	0.5785
220.6351	166.884	499.7609	492.5745	1.8264	0.6099	0.6188
220.7875	164.685	474.559	444.5739	1.8508	0.6423	0.6856
220.9399	162.7803	461.2925	453.3054	1.8725	0.6608	0.6724
221.0923	162.2025	449.25	463.3169	1.8791	0.6785	0.6579
221.2447	161.5878	452.1205	479.0159	1.8863	0.6742	0.6363
221.3971	160.6423	454.0602	484.2834	1.8974	0.6713	0.6294
221.5495	160.51	452.2768	490.3607	1.8989	0.6739	0.6216
221.7019	160.4206	449.3443	465.9809	1.9000	0.6783	0.6541
221.8543	160.3434	448.4383	425.8683	1.9009	0.6797	0.7157
222.0067	160.8773	452.0948	421.9664	1.8946	0.6742	0.7223
222.1591	162.4827	466.2993	435.3348	1.8759	0.6537	0.7002
222.3115	163.6247	468.6782	456.0424	1.8628	0.6503	0.6684
222.4639	164.2098	469.891	456.5843	1.8562	0.6487	0.6676
222.6163	163.8778	462.117	441.6825	1.8599	0.6596	0.6901
222.7687	163.8217	431.8663	437.1608	1.8606	0.7058	0.6972
222.9211	164.2832	428.3596	449.76	1.8553	0.7116	0.6777
223.0735	165.6342	430.0859	471.0938	1.8402	0.7087	0.6470
223.2259	166.4968	430.2776	471.0962	1.8307	0.7084	0.6470
223.3783	167.1293	430.0335	469.0225	1.8237	0.7088	0.6499
223.5307	166.2586	432.8967	469.3477	1.8333	0.7041	0.6494
223.6831	164.9042	449.1347	484.0939	1.8483	0.6786	0.6296
223.8355	164.7258	474.9305	510.3628	1.8503	0.6418	0.5972
223.9879	165.3473	508.207	510.5156	1.8434	0.5998	0.5970
224.1403	165.0818	518.4665	529.9485	1.8464	0.5879	0.5752
224.2927	164.9966	502.5331	546.0286	1.8473	0.6065	0.5582
224.4451	164.8773	481.7227	508.0191	1.8486	0.6327	0.6000
224.5975	165.0046	482.0414	457.4647	1.8472	0.6323	0.6663
224.7499	164.9707	520.0713	454.8106	1.8476	0.5861	0.6702
224.9023	164.4563	539.5141	461.7475	1.8534	0.5650	0.6601
225.0547	164.0233	517.4938	460.4293	1.8583	0.5890	0.6620
225.2071	163.2813	481.1567	426.7311	1.8667	0.6335	0.7143
225.3595	163.2319	466.6871	426.499	1.8673	0.6531	0.7147
225.5119	163.4964	473.5933	436.7751	1.8643	0.6436	0.6978
225.6643	163.2411	481.9925	445.3737	1.8672	0.6324	0.6844
225.8167	162.2034	482.3182	453.9771	1.8791	0.6319	0.6714
225.9691	161.3731	486.3199	490.7569	1.8888	0.6267	0.6211
226.1215	161.372	491.1434	529.1475	1.8888	0.6206	0.5760
226.2739	158.2699	492.3364	528.1298	1.9258	0.6191	0.5771
226.4263	154.7999	494.1847	524.0099	1.9690	0.6168	0.5817
226.5787	156.2106	494.5036	531.9084	1.9512	0.6164	0.5730
226.7311	155.9423	495.321	540.3848	1.9546	0.6154	0.5640
226.8835	156.4384	491.0097	513.1123	1.9484	0.6208	0.5940
227.0359	157.0647	473.2605	487.8581	1.9406	0.6440	0.6248
227.1883	155.9503	449.9404	478.9308	1.9545	0.6774	0.6364
227.3407	156.5927	424.4352	467.1464	1.9465	0.7181	0.6525
227.4931	157.912	417.4136	459.0281	1.9302	0.7302	0.6640
227.6455	159.5049	441.6862	447.0796	1.9109	0.6901	0.6818
227.7979	162.5977	478.1679	438.3064	1.8746	0.6374	0.6954
227.9503	164.2427	487.9893	440.2674	1.8558	0.6246	0.6923
228.1027	163.9001	472.5702	441.6841	1.8597	0.6450	0.6901
228.2551	164.4875	478.886	439.3317	1.8530	0.6365	0.6938
228.4075	165.3159	493.2474	436.0364	1.8437	0.6179	0.6990
228.5599	164.5936	472.1176	453.6137	1.8518	0.6456	0.6719
228.7123	164.0277	457.7782	470.6133	1.8582	0.6658	0.6477
228.8647	164.9406	453.6448	460.3301	1.8479	0.6719	0.6621
229.0171	166.2104	457.7257	453.2194	1.8338	0.6659	0.6725
229.1695	166.2866	477.0183	456.5794	1.8330	0.6390	0.6676
229.3219	165.0331	479.2227	455.1768	1.8469	0.6360	0.6696
229.4743	164.4756	480.9467	451.4798	1.8532	0.6338	0.6751
229.6267	164.3297	476.8503	454.2775	1.8548	0.6392	0.6710
229.7791	164.0198	470.6673	461.04	1.8583	0.6476	0.6611
229.9315	164.0647	491.4727	457.7505	1.8578	0.6202	0.6659
230.0839	164.0488	512.6421	455.3505	1.8580	0.5946	0.6694
230.2363	165.5899	520.6076	494.556	1.8407	0.5855	0.6163
230.3887	166.7479	519.6476	524.2775	1.8279	0.5866	0.5814
230.5411	166.3771	514.8779	525.1594	1.8320	0.5920	0.5804
230.6935	165.986	519.2377	524.7596	1.8363	0.5870	0.5808
230.8459	166.1366	523.9349	529.606	1.8346	0.5818	0.5755
230.9983	165.8111	517.4064	530.1853	1.8382	0.5891	0.5749
231.1507	164.8695	509.2548	508.8124	1.8487	0.5985	0.5990
231.3031	164.3791	503.0994	490.8914	1.8543	0.6058	0.6209
231.4555	165.2587	518.8862	477.7184	1.8444	0.5874	0.6380
231.6079	165.6452	532.1975	470.5869	1.8401	0.5727	0.6477
231.7603	166.5007	531.8871	466.8476	1.8306	0.5731	0.6529
231.9127	168.2858	531.9736	475.1412	1.8112	0.5730	0.6415
232.0651	170.3315	537.0081	492.3873	1.7895	0.5676	0.6190
232.2175	171.0291	546.7916	515.6666	1.7822	0.5574	0.5911
232.3699	171.8358	549.1205	513.6172	1.7738	0.5551	0.5934
232.5223	171.7015	547.9237	518.3126	1.7752	0.5563	0.5881
232.6747	171.2639	557.8145	519.6907	1.7797	0.5464	0.5865
232.8271	171.0354	574.5002	518.0745	1.7821	0.5305	0.5883
232.9795	170.951	582.3377	529.5992	1.7830	0.5234	0.5755
233.1319	171.4427	572.1973	533.418	1.7779	0.5327	0.5714
233.2843	172.221	561.1852	517.8969	1.7698	0.5431	0.5885
233.4367	173.6933	551.9575	513.0375	1.7548	0.5522	0.5941
233.5891	172.2208	553.881	529.217	1.7698	0.5503	0.5759
233.7415	170.9315	566.98	550.8685	1.7832	0.5376	0.5533
233.8939	170.1349	583.1389	582.6863	1.7915	0.5227	0.5231
234.0463	168.9402	595.486	597.0549	1.8042	0.5119	0.5105
234.1987	168.3593	595.0516	595.7844	1.8104	0.5122	0.5116
234.3511	168.6835	590.9339	581.6843	1.8069	0.5158	0.5240
234.5035	169.0856	579.2886	561.1567	1.8026	0.5262	0.5432
234.6559	169.1611	573.989	536.6676	1.8018	0.5310	0.5679
234.8083	167.1778	554.4473	505.5481	1.8232	0.5497	0.6029
234.9607	166.6043	534.7689	495.0726	1.8295	0.5700	0.6157
235.1131	162.9984	524.2618	477.7101	1.8700	0.5814	0.6380
235.2655	160.0666	522.241	459.2398	1.9042	0.5836	0.6637
235.4179	158.6842	550.9434	453.7614	1.9208	0.5532	0.6717
235.5703	157.6826	559.7909	457.5728	1.9330	0.5445	0.6661
235.7227	157.2062	555.5154	450.2851	1.9389	0.5487	0.6769
235.8751	158.1335	515.9869	458.72	1.9275	0.5907	0.6645
236.0275	164.156	501.4266	468.1815	1.8568	0.6079	0.6510
236.1799	166.8434	496.6076	463.9492	1.8269	0.6138	0.6570
236.3323	166.6046	496.0601	467.5689	1.8295	0.6144	0.6519
236.4847	164.1529	508.5125	465.978	1.8568	0.5994	0.6541
236.6371	163.226	535.7459	477.4348	1.8673	0.5689	0.6384
236.7895	162.4401	541.6608	474.8707	1.8764	0.5627	0.6419
236.9419	158.9208	532.452	460.7165	1.9179	0.5724	0.6616
237.0943	159.1644	522.4172	450.6266	1.9150	0.5834	0.6764
237.2467	160.4559	538.3965	467.899	1.8996	0.5661	0.6514
237.3991	161.8573	562.1253	456.9511	1.8831	0.5422	0.6670
237.5515	161.8118	562.7915	456.017	1.8837	0.5416	0.6684
237.7039	161.2483	558.0041	470.3973	1.8903	0.5462	0.6480
237.8563	160.2964	543.79	499.5049	1.9015	0.5605	0.6102
238.0087	156.8763	533.6536	502.1441	1.9429	0.5712	0.6070
238.1611	155.4768	524.9127	459.8112	1.9604	0.5807	0.6629
238.3135	156.7551	499.0331	442.5341	1.9444	0.6108	0.6888
238.4659	158.4067	481.4731	438.8315	1.9242	0.6331	0.6946
238.6183	161.5167	474.4455	448.8006	1.8871	0.6424	0.6791
238.7707	163.5959	476.2198	465.4955	1.8631	0.6400	0.6548
238.9231	163.301	480.8769	482.474	1.8665	0.6338	0.6317
239.0755	162.6764	501.3051	494.407	1.8737	0.6080	0.6165
239.2279	162.0186	512.0663	477.9013	1.8813	0.5952	0.6378
239.3803	161.6768	511.9282	449.5642	1.8852	0.5954	0.6780
239.5327	162.0905	514.4962	459.812	1.8804	0.5924	0.6629
239.6851	161.596	520.9963	490.2415	1.8862	0.5850	0.6217
239.8375	162.6911	562.0512	522.5787	1.8735	0.5423	0.5833
239.9899	169.5529	591.1037	563.2054	1.7977	0.5156	0.5412
240.1423	169.9817	603.4828	586.4667	1.7931	0.5051	0.5197
240.2947	169.0555	610.2529	593.2805	1.8030	0.4995	0.5138
240.4471	171.1526	617.553	585.7795	1.7809	0.4936	0.5203
240.5995	172.6657	610.0004	573.75	1.7653	0.4997	0.5312
240.7519	172.7172	659.7563	572.3733	1.7647	0.4620	0.5325
240.9043	172.5942	707.7436	573.9046	1.7660	0.4307	0.5311
241.0567	171.7106	719.7507	588.8867	1.7751	0.4235	0.5176
241.2091	172.9547	733.9529	624.3609	1.7623	0.4153	0.4882
241.3615	173.7737	706.3737	615.0093	1.7540	0.4315	0.4956
241.5139	173.7072	690.7676	674.087	1.7547	0.4412	0.4522
241.6663	176.1309	673.3772	671.9229	1.7305	0.4526	0.4536
241.8187	176.6093	673.9174	697.5623	1.7258	0.4523	0.4370
241.9711	176.3313	689.4642	733.6874	1.7286	0.4421	0.4154
242.1235	176.265	716.7513	776.3929	1.7292	0.4253	0.3926
242.2759	176.1006	726.5798	780.0335	1.7308	0.4195	0.3908
242.4283	176.3186	733.0934	767.876	1.7287	0.4158	0.3969
242.5807	174.4181	754.8354	752.2727	1.7475	0.4038	0.4052
242.7331	173.7333	759.7077	697.7983	1.7544	0.4012	0.4368
242.8855	172.1748	750.4335	668.2087	1.7703	0.4062	0.4561
243.0379	170.2718	726.1072	640.1699	1.7901	0.4198	0.4761
243.1903	168.3632	699.3564	677.3589	1.8104	0.4358	0.4500
243.3427	169.5782	693.1578	707.2286	1.7974	0.4397	0.4310
243.4951	171.7544	722.9965	706.5381	1.7746	0.4216	0.4314
243.6475	176.9088	770.3594	706.9942	1.7229	0.3957	0.4311
243.7999	178.2233	798.058	745.0166	1.7102	0.3819	0.4091
243.9523	177.6678	802.2166	762.2449	1.7156	0.3799	0.3999
244.1047	176.597	795.8503	786.3978	1.7260	0.3830	0.3876
244.2571	176.214	779.3235	800.9114	1.7297	0.3911	0.3806
244.4095	176.8812	756.9294	800.4881	1.7232	0.4027	0.3808
244.5619	177.7595	739.2572	788.2695	1.7147	0.4123	0.3867
244.7143	177.9243	735.1336	796.4419	1.7131	0.4146	0.3827
244.8667	178.3837	736.337	822.1235	1.7087	0.4139	0.3707
245.0191	177.8644	743.5291	804.2414	1.7137	0.4099	0.3790
245.1715	176.9774	761.095	790.852	1.7223	0.4005	0.3854
245.3239	177.0069	776.9107	802.7483	1.7220	0.3923	0.3797
245.4763	177.1391	780.2504	802.8497	1.7207	0.3906	0.3796
245.6287	177.4388	777.9139	802.028	1.7178	0.3918	0.3800
245.7811	178.1434	776.4617	792.5363	1.7110	0.3925	0.3846
245.9335	177.9911	771.2499	779.413	1.7124	0.3952	0.3911
246.0859	177.3568	765.7958	769.7841	1.7186	0.3980	0.3960
246.2383	177.2248	768.4112	761.7125	1.7198	0.3967	0.4002
246.3907	177.585	781.3793	771.4279	1.7164	0.3901	0.3951
246.5431	177.8677	790.1733	802.1828	1.7136	0.3857	0.3800
246.6955	177.1397	779.4327	825.2507	1.7207	0.3911	0.3693
246.8479	176.8131	761.4305	818.3004	1.7239	0.4003	0.3725
247.0003	177.6769	755.372	808.7923	1.7155	0.4035	0.3769
247.1527	178.1873	764.7521	792.3303	1.7106	0.3986	0.3847
247.3051	178.5582	768.054	772.5262	1.7070	0.3968	0.3945
247.4575	179.2629	765.4738	771.6846	1.7003	0.3982	0.3950
247.6099	179.104	771.2646	772.7884	1.7018	0.3952	0.3944
247.7623	178.4824	768.2657	772.393	1.7077	0.3967	0.3946
247.9147	178.1355	763.4426	773.8167	1.7111	0.3992	0.3939
248.0671	178.12	764.2407	784.4849	1.7112	0.3988	0.3885
248.2195	178.1558	765.6269	796.6359	1.7109	0.3981	0.3826
248.3719	177.5999	768.2943	804.9659	1.7162	0.3967	0.3786
248.5243	176.1508	772.0984	803.3254	1.7303	0.3948	0.3794
248.6767	176.0406	779.4091	779.6727	1.7314	0.3911	0.3909
248.8291	175.9437	790.0362	766.7109	1.7324	0.3858	0.3975
248.9815	176.0789	790.4332	763.0558	1.7310	0.3856	0.3994
249.1339	176.7687	796.2355	758.2729	1.7243	0.3828	0.4020
249.2863	176.9688	801.2363	750.8318	1.7223	0.3804	0.4059
249.4387	177.4095	791.1683	761.1331	1.7181	0.3853	0.4005
249.5911	177.8672	781.5659	742.462	1.7136	0.3900	0.4105
249.7435	177.669	775.9741	753.9376	1.7155	0.3928	0.4043
249.8959	177.3466	770.0261	755.2823	1.7187	0.3958	0.4036
250.0483	177.2687	767.7755	746.7963	1.7194	0.3970	0.4081
250.2007	177.3092	780.0588	756.9738	1.7190	0.3907	0.4027
250.3531	176.6075	776.1506	750.0118	1.7259	0.3927	0.4064
250.5055	176.3602	755.0207	753.496	1.7283	0.4037	0.4045
250.6579	176.4869	751.0153	771.9669	1.7270	0.4059	0.3948
250.8103	176.9446	750.6821	780.9235	1.7226	0.4060	0.3903
250.9627	179.3002	761.678	790.3494	1.6999	0.4002	0.3857
251.1151	178.7671	759.4295	774.8544	1.7050	0.4014	0.3934
251.2675	175.4062	757.5182	770.7257	1.7377	0.4024	0.3955
251.4199	176.2574	744.5916	751.4084	1.7293	0.4094	0.4056
251.5723	175.1207	743.7206	747.537	1.7405	0.4098	0.4077
251.7247	175.097	755.5506	729.2143	1.7407	0.4034	0.4180
251.8771	175.1749	750.3101	733.3857	1.7400	0.4062	0.4156
252.0295	175.3069	759.818	724.1736	1.7387	0.4011	0.4209
252.1819	175.9091	755.7338	729.941	1.7327	0.4033	0.4176
252.3342	177.2001	748.0822	771.3835	1.7201	0.4074	0.3951
252.4866	177.3544	756.0293	759.3459	1.7186	0.4032	0.4014
252.6390	177.0177	773.2997	780.8754	1.7219	0.3942	0.3903
252.7914	177.1681	775.1506	792.2042	1.7204	0.3932	0.3847
252.9438	177.2035	775.6054	793.7877	1.7201	0.3930	0.3840
253.0962	177.186	776.0964	786.5093	1.7202	0.3927	0.3875
253.2486	177.1365	771.226	780.8141	1.7207	0.3952	0.3904
253.4010	176.2906	770.0755	775.3262	1.7290	0.3958	0.3931
253.5534	176.555	773.7545	768.9339	1.7264	0.3939	0.3964
253.7058	177.3946	756.2937	769.7377	1.7182	0.4030	0.3960
253.8582	176.2625	743.6979	752.4915	1.7292	0.4098	0.4051
254.0106	175.3201	743.9526	748.6533	1.7385	0.4097	0.4071
254.1630	174.3076	736.0344	749.84	1.7486	0.4141	0.4065
254.3154	174.0895	748.4745	761.2258	1.7508	0.4072	0.4004
254.4678	174.0187	753.123	751.957	1.7515	0.4047	0.4053
254.6202	174.7018	745.5308	736.1951	1.7447	0.4088	0.4140
254.7726	175.2412	735.8995	737.7318	1.7393	0.4142	0.4132
254.9250	177.0205	736.5051	741.4872	1.7218	0.4138	0.4111
255.0774	174.1102	734.614	733.6044	1.7506	0.4149	0.4155
255.2298	173.3898	729.4238	727.8828	1.7579	0.4179	0.4187
255.3822	173.3884	727.5482	727.7337	1.7579	0.4189	0.4188
255.5346	172.635	731.4994	725.4578	1.7656	0.4167	0.4201
255.6870	172.0264	733.6409	713.5109	1.7718	0.4155	0.4272
255.8394	171.336	722.4074	711.5148	1.7790	0.4219	0.4284
255.9918	172.491	717.3757	709.8202	1.7670	0.4249	0.4294
256.1442	174.8524	715.4713	707.1508	1.7432	0.4260	0.4310
256.2966	175.1561	711.8693	710.8019	1.7402	0.4282	0.4288
256.4490	174.3918	715.0042	704.9919	1.7478	0.4263	0.4323
256.6014	175.0677	724.9169	727.7656	1.7410	0.4205	0.4188
256.7538	175.7939	738.9462	754.5429	1.7338	0.4125	0.4040
256.9062	175.8396	748.1232	761.2797	1.7334	0.4074	0.4004
257.0586	175.6509	750.3077	764.0195	1.7353	0.4062	0.3989
257.2110	175.3989	750.4591	755.2744	1.7378	0.4062	0.4036
257.3634	175.4719	745.2147	744.9908	1.7370	0.4090	0.4091
257.5158	174.9715	738.6795	741.1516	1.7420	0.4126	0.4113
257.6682	174.3621	738.556	744.3959	1.7481	0.4127	0.4095
257.8206	174.7905	749.5209	747.0434	1.7438	0.4067	0.4080
257.9730	175.7366	756.3326	747.2152	1.7344	0.4030	0.4079
258.1254	176.1745	752.7144	759.9453	1.7301	0.4049	0.4011
258.2778	175.9062	755.2911	764.9852	1.7327	0.4036	0.3984
258.4302	175.4186	751.5675	758.4002	1.7376	0.4056	0.4019
258.5826	174.5022	757.5931	770.7558	1.7467	0.4023	0.3955
258.7350	175.209	766.8737	777.9599	1.7396	0.3975	0.3918
258.8874	175.672	773.466	784.6298	1.7351	0.3941	0.3885
259.0398	175.875	782.9827	791.0489	1.7330	0.3893	0.3853
259.1922	176.6668	793.965	797.2464	1.7253	0.3839	0.3823
259.3446	177.7158	811.8767	804.4393	1.7151	0.3754	0.3789
259.4970	178.6853	812.1643	788.9442	1.7058	0.3753	0.3863
259.6494	177.8535	804.5994	782.2342	1.7138	0.3788	0.3897
259.8018	178.0024	800.4261	779.0417	1.7123	0.3808	0.3912
259.9542	177.6589	807.3431	797.559	1.7156	0.3775	0.3822
260.1066	178.0098	813.6297	794.0035	1.7123	0.3746	0.3839
260.2590	177.136	854.6998	797.7776	1.7207	0.3566	0.3821
260.4114	177.3827	928.3895	814.0684	1.7183	0.3283	0.3744
260.5638	178.0191	921.8881	824.601	1.7122	0.3306	0.3696
260.7162	177.8881	924.5683	819.7195	1.7134	0.3297	0.3718
260.8686	177.6899	913.4833	818.55	1.7153	0.3337	0.3724
261.0210	177.8925	875.5558	799.8801	1.7134	0.3481	0.3811
261.1734	177.3313	843.734	812.8027	1.7188	0.3613	0.3750
261.3258	175.7635	828.3755	826.1229	1.7341	0.3679	0.3690
261.4782	174.7125	846.6902	858.2301	1.7446	0.3600	0.3551
261.6306	175.8007	883.3727	859.1132	1.7338	0.3450	0.3548
261.7830	176.3924	902.9916	871.2797	1.7280	0.3375	0.3498
261.9354	177.8332	908.9737	885.7968	1.7140	0.3353	0.3441
262.0878	178.884	916.9295	884.5964	1.7039	0.3324	0.3446
262.2402	178.5755	917.4769	892.31	1.7068	0.3322	0.3416
262.3926	178.1283	859.1307	853.9241	1.7111	0.3548	0.3569
262.5450	178.798	824.4383	821.7742	1.7047	0.3697	0.3709
262.6974	177.3676	816.7994	808.7983	1.7185	0.3732	0.3769
262.8498	178.5968	813.6185	811.5989	1.7066	0.3746	0.3756
263.0022	179.2097	876.9598	820.0494	1.7008	0.3476	0.3717
263.1546	178.2778	880.231	860.6772	1.7097	0.3463	0.3541
263.3070	178.3993	893.4276	863.6885	1.7085	0.3412	0.3529
263.4594	178.3754	884.7377	851.4771	1.7088	0.3445	0.3580
263.6118	176.9923	883.3297	835.5709	1.7221	0.3451	0.3648
263.7642	176.6225	857.8959	822.4557	1.7257	0.3553	0.3706
263.9166	175.9162	871.5432	805.7039	1.7326	0.3497	0.3783
264.0690	175.4693	854.1697	810.6122	1.7371	0.3568	0.3760
264.2214	175.412	853.9464	817.1115	1.7376	0.3569	0.3730
264.3738	175.4925	873.0006	830.2092	1.7368	0.3491	0.3671
264.5262	175.8291	875.7687	865.9572	1.7335	0.3480	0.3520
264.6786	176.8283	881.9493	872.8593	1.7237	0.3456	0.3492
264.8310	177.064	888.6629	864.2766	1.7214	0.3430	0.3527
264.9834	176.915	884.8957	875.7277	1.7229	0.3444	0.3481
265.1358	176.6373	910.8285	879.9142	1.7256	0.3346	0.3464
265.2882	176.2619	919.8621	882.695	1.7292	0.3314	0.3453
265.4406	177.6613	918.4976	880.8069	1.7156	0.3318	0.3460
265.5930	178.412	917.6378	893.2996	1.7084	0.3322	0.3412
265.7454	177.1555	923.2307	887.3539	1.7205	0.3301	0.3435
265.8978	176.7604	928.3986	887.5897	1.7244	0.3283	0.3434
266.0502	177.6811	931.4851	895.754	1.7154	0.3272	0.3403
266.2026	178.4358	930.3859	864.2522	1.7082	0.3276	0.3527
266.3550	178.7182	930.9072	842.2778	1.7055	0.3274	0.3619
266.5074	178.0847	931.0182	792.6512	1.7115	0.3274	0.3845
266.6598	177.7608	937.2979	764.3391	1.7147	0.3252	0.3988
266.8122	177.9399	940.1824	758.6099	1.7129	0.3242	0.4018
266.9646	178.457	928.9251	800.953	1.7080	0.3281	0.3805
267.1170	178.8395	914.7896	844.7005	1.7043	0.3332	0.3608
267.2694	179.2388	911.2399	852.8782	1.7005	0.3345	0.3574
267.4218	179.4667	903.5909	878.491	1.6984	0.3373	0.3470
267.5742	179.3956	896.2888	908.7637	1.6990	0.3401	0.3354
267.7266	179.2164	891.5983	917.1417	1.7007	0.3419	0.3323
267.8790	179.0849	900.0339	945.5775	1.7020	0.3387	0.3223
268.0314	179.0123	916.6837	967.0421	1.7027	0.3325	0.3152
268.1838	178.711	924.087	966.57	1.7055	0.3298	0.3153
268.3362	178.1	923.5055	962.6818	1.7114	0.3300	0.3166
268.4886	178.531	922.2825	946.908	1.7073	0.3305	0.3219
268.6410	179.3213	918.2304	935.8871	1.6997	0.3319	0.3257
268.7934	179.3316	912.123	930.0507	1.6996	0.3342	0.3277
268.9458	178.6236	901.1233	923.7966	1.7064	0.3382	0.3299
269.0982	176.8731	891.1282	923.9814	1.7233	0.3420	0.3299
269.2506	176.6261	892.4048	925.6929	1.7257	0.3415	0.3293
269.4030	178.3469	893.0089	926.6102	1.7090	0.3413	0.3289
269.5554	179.0174	893.5263	928.1392	1.7026	0.3411	0.3284
269.7078	178.6761	885.2125	930.7856	1.7059	0.3443	0.3275
269.8602	179.2265	883.1614	926.3785	1.7006	0.3451	0.3290
270.0126	179.7318	881.3134	932.5198	1.6959	0.3458	0.3269
270.1650	179.7322	898.9144	951.9731	1.6959	0.3391	0.3202
270.3174	179.5816	931.4528	938.277	1.6973	0.3272	0.3249
270.4698	179.4588	936.5938	928.7029	1.6984	0.3254	0.3282
270.6222	179.367	934.8397	927.7647	1.6993	0.3260	0.3285
270.7746	179.3752	939.858	916.4402	1.6992	0.3243	0.3326
270.9270	179.3814	955.8605	944.6382	1.6992	0.3189	0.3227
271.0794	179.3627	965.8619	951.106	1.6993	0.3156	0.3205
271.2318	179.3183	966.0472	955.1985	1.6998	0.3155	0.3191
271.3842	179.3038	961.8265	952.8903	1.6999	0.3169	0.3199
271.5366	179.1756	950.4715	954.5881	1.7011	0.3207	0.3193
271.6890	178.828	936.0372	947.214	1.7044	0.3256	0.3218
271.8414	178.3633	923.7628	939.1816	1.7089	0.3300	0.3245
271.9938	177.9842	927.134	936.537	1.7125	0.3288	0.3255
272.1462	178.0926	925.3711	944.1964	1.7115	0.3294	0.3228
272.2986	178.2137	919.295	944.9484	1.7103	0.3316	0.3226
272.4510	178.315	921.4005	942.0313	1.7093	0.3308	0.3236
272.6034	178.0656	920.051	935.4514	1.7117	0.3313	0.3258
272.7558	177.893	919.4565	934.0417	1.7134	0.3315	0.3263
272.9082	177.5651	914.0884	940.2943	1.7166	0.3334	0.3242
273.0606	177.3108	924.3992	939.7351	1.7190	0.3297	0.3243
273.2130	177.2575	924.0654	942.9981	1.7195	0.3298	0.3232
273.3654	177.5333	917.7141	940.5165	1.7169	0.3321	0.3241
273.5178	177.6357	913.2933	943.6246	1.7159	0.3337	0.3230
273.6702	177.8982	908.7468	928.5441	1.7133	0.3354	0.3283
273.8226	178.0268	908.0066	935.5989	1.7121	0.3357	0.3258
273.9750	178.981	912.1556	935.3654	1.7030	0.3342	0.3259
274.1274	178.9267	907.7442	933.0781	1.7035	0.3358	0.3267
274.2798	179.0455	909.413	934.9806	1.7024	0.3352	0.3260
274.4322	178.3917	910.5297	931.1679	1.7086	0.3348	0.3273
274.5846	179.2757	911.4897	940.5222	1.7002	0.3344	0.3241
274.7370	179.2678	910.5385	942.2495	1.7002	0.3347	0.3235
274.8894	179.3217	914.8918	935.4762	1.6997	0.3332	0.3258
275.0418	179.3609	913.2941	942.9449	1.6994	0.3337	0.3232
275.1942	179.3668	879.3271	941.8236	1.6993	0.3466	0.3236
275.3466	179.3911	843.2672	947.9543	1.6991	0.3615	0.3215
275.4990	179.3932	822.0032	943.4786	1.6991	0.3708	0.3231
275.6514	179.3846	658.8166	939.4589	1.6991	0.4626	0.3244
275.8038	179.3854	638.8067	942.1419	1.6991	0.4771	0.3235
275.9562	179.3453	638.8067	938.7197	1.6995	0.4771	0.3247
276.1086	179.3552	638.8067	869.2004	1.6994	0.4771	0.3507
276.2610	179.313	638.8067	834.7689	1.6998	0.4771	0.3651
276.4134	179.2932	638.8067	826.8414	1.7000	0.4771	0.3686
276.5658	179.2799	659.0638	810.6512	1.7001	0.4625	0.3760
276.7182	179.2766	663.7248	699.1858	1.7002	0.4592	0.4359
276.8706	179.3064	664.9355	672.2668	1.6999	0.4584	0.4534
277.0230	179.2818	647.7607	672.2668	1.7001	0.4705	0.4534
277.1754	179.3026	636.6141	685.6568	1.6999	0.4788	0.4445
277.3278	179.3313	633.6512	689.0782	1.6996	0.4810	0.4423

