HOLE:	U1513A
EXPEDITION:	369
TOP:	193.6603
BOTTOM:	285.2526
DEPTH_WMSF	RLA1	RLA2	RLA3	RLA4	RLA5	RM_HRLT	RT_HRLT
m	ohm.m	ohm.m	ohm.m	ohm.m	ohm.m	ohm.m	ohm.m
193.6603	1.702427	1.672254	1.689994	1.712346	1.731507	0.3803674	1.703414
193.8127	1.701937	1.667947	1.700341	1.707013	1.725643	0.3796626	1.701629
193.9651	1.775286	1.71726	1.72923	1.744383	1.75484	0.3782173	1.741962
194.1175	1.761667	1.695905	1.719662	1.736945	1.75098	0.3780658	1.731379
194.2699	1.787988	1.707835	1.734468	1.744786	1.75646	0.3793331	1.742951
194.4223	1.770283	1.715771	1.742298	1.745014	1.760523	0.3812567	1.745481
194.5747	1.78389	1.739166	1.752429	1.768624	1.783911	0.3803686	1.764869
194.7271	1.828001	1.804018	1.849969	1.87038	1.894158	0.3796222	1.867011
194.8795	1.765771	1.697343	1.707968	1.728281	1.72681	0.3786577	1.717373
195.0319	1.770917	1.727966	1.729054	1.743084	1.741515	0.3764651	1.738742
195.1843	1.743086	1.69242	1.699627	1.723129	1.713926	0.3752428	1.71077
195.3367	1.714154	1.671785	1.686689	1.70265	1.695116	0.3753582	1.692662
195.4891	1.693045	1.664687	1.666576	1.678721	1.67579	0.3756121	1.673908
195.6415	1.70545	1.673632	1.667492	1.683773	1.68031	0.375643	1.680043
195.7939	1.693514	1.648247	1.660114	1.671411	1.667298	0.3762403	1.664847
195.9463	1.82391	1.767376	1.781961	1.803233	1.794654	0.3760545	1.791966
196.0987	1.753337	1.70362	1.724246	1.748246	1.739025	0.3762629	1.732464
196.2511	1.838333	1.79245	1.815613	1.843937	1.833053	0.376024	1.824199
196.4035	1.769429	1.760642	1.79117	1.808269	1.803273	0.3757446	1.790215
196.5559	1.822973	1.790405	1.809086	1.84641	1.834601	0.3742448	1.821602
196.7083	1.787941	1.762129	1.796146	1.824049	1.814537	0.372036	1.800035
196.8607	1.646891	1.618731	1.629071	1.652867	1.640663	0.3717466	1.637269
197.0131	1.596655	1.603935	1.616515	1.641607	1.635676	0.3695417	1.621652
197.1655	1.749679	1.718225	1.745759	1.752444	1.745563	0.3659145	1.742516
197.3179	1.754289	1.712551	1.738324	1.743489	1.732086	0.3656482	1.735534
197.4703	1.719786	1.701078	1.726143	1.732527	1.72587	0.3656774	1.721765
197.6227	1.688085	1.680133	1.71181	1.716848	1.714199	0.3667944	1.704117
197.7751	1.744438	1.709224	1.738204	1.748072	1.739006	0.3690324	1.73539
197.9275	1.917962	1.892421	1.942282	1.945613	1.952732	0.3711113	1.934734
198.0799	1.836298	1.780145	1.805706	1.80722	1.823774	0.3743089	1.808955
198.2323	1.967746	1.922641	1.93855	1.953703	1.967307	0.3760641	1.949427
198.3847	1.993445	1.928538	1.9461	1.955658	1.972921	0.376065	1.95764
198.5371	1.952425	1.888889	1.90844	1.924316	1.939143	0.3752815	1.921161
198.6895	1.897262	1.829114	1.842709	1.849121	1.865878	0.374927	1.853617
198.8419	1.917538	1.840775	1.8435	1.871515	1.885094	0.3736987	1.867568
198.9943	1.851238	1.798129	1.811437	1.82041	1.832456	0.3732101	1.821279
199.1467	1.770734	1.745438	1.748301	1.775482	1.782354	0.3734821	1.765038
199.2991	1.7072	1.68397	1.690569	1.726597	1.734802	0.3730988	1.711315
199.4515	1.72214	1.690717	1.701244	1.743233	1.741803	0.3716061	1.720647
199.6039	1.731453	1.71432	1.725015	1.765752	1.760031	0.3707262	1.743241
199.7563	1.76788	1.721116	1.730235	1.753693	1.750085	0.3715278	1.743386
199.9087	1.732316	1.735193	1.755287	1.781254	1.779664	0.3734896	1.76763
200.0611	1.706162	1.688442	1.717933	1.748262	1.740337	0.3760124	1.724884
200.2135	1.767548	1.725925	1.756591	1.778923	1.770419	0.3782192	1.760363
200.3659	1.736477	1.706243	1.736512	1.75678	1.751957	0.3799389	1.738484
200.5183	1.746353	1.707668	1.740108	1.762418	1.75539	0.3806605	1.742693
200.6707	1.729802	1.705228	1.731794	1.760326	1.751702	0.3812473	1.737236
200.8231	1.744223	1.714913	1.741774	1.768176	1.756542	0.3803969	1.746016
200.9755	1.730278	1.71102	1.735085	1.758865	1.753595	0.380786	1.742924
201.1279	1.72985	1.692374	1.71589	1.722837	1.719715	0.3797384	1.714418
201.2803	1.685563	1.64163	1.661033	1.679521	1.686238	0.3794879	1.670354
201.4327	1.616695	1.585762	1.604785	1.620603	1.628118	0.3800541	1.611446
201.5851	1.601566	1.581074	1.605272	1.616965	1.623299	0.3786651	1.607205
201.7375	1.625523	1.595297	1.610849	1.628308	1.633367	0.3773149	1.619657
201.8899	1.671377	1.624955	1.63225	1.652604	1.650331	0.3766536	1.644057
202.0423	1.632972	1.602775	1.611357	1.632038	1.633842	0.3777869	1.622281
202.1947	1.603926	1.567857	1.592903	1.611957	1.621333	0.3799763	1.600211
202.3471	1.648169	1.618671	1.650194	1.670333	1.680128	0.3845436	1.657593
202.4995	1.712086	1.666155	1.676851	1.695447	1.699333	0.3957035	1.689291
202.6519	1.607738	1.581808	1.609483	1.635465	1.64678	0.40982	1.624078
202.8043	1.603876	1.596651	1.61616	1.648448	1.672613	0.4230265	1.653901
202.9567	1.61369	1.605984	1.640758	1.669899	1.689787	0.43461	1.681625
203.1091	1.574446	1.575015	1.612322	1.644188	1.671012	0.4389901	1.671228
203.2615	1.582283	1.609784	1.634036	1.659025	1.694352	0.4385024	1.710303
203.4139	1.525499	1.551952	1.585971	1.612407	1.653622	0.4384964	1.673125
203.5663	1.563686	1.573032	1.614719	1.643216	1.672315	0.4354234	1.68767
203.7187	1.686802	1.644613	1.680266	1.702896	1.726216	0.4292752	1.698804
203.8711	1.455933	1.461637	1.499748	1.513265	1.554406	0.4256688	1.553558
204.0235	1.524944	1.497969	1.515753	1.544515	1.56912	0.4214402	1.543048
204.1759	1.521788	1.508362	1.544276	1.580779	1.612708	0.4182906	1.608316
204.3283	1.544232	1.52284	1.54987	1.59296	1.611093	0.4182647	1.592509
204.4807	1.604043	1.574562	1.589455	1.628879	1.637676	0.4194022	1.616724
204.6331	1.494914	1.503688	1.539013	1.568733	1.603655	0.4206154	1.618299
204.7855	1.499228	1.50207	1.534418	1.574726	1.599241	0.4215774	1.609148
204.9379	1.522366	1.524314	1.559347	1.596411	1.615827	0.419521	1.619555
205.0903	1.54893	1.525798	1.5482	1.586889	1.614609	0.4120339	1.591881
205.2427	1.49569	1.493101	1.520488	1.550251	1.5694	0.4006813	1.561998
205.3951	1.463569	1.462394	1.482046	1.51298	1.534257	0.3864828	1.521667
205.5475	1.491724	1.479351	1.498865	1.526539	1.535553	0.3720905	1.518958
205.6999	1.443507	1.429123	1.463272	1.485711	1.508372	0.3636782	1.490109
205.8523	1.407686	1.405065	1.432387	1.449782	1.471637	0.3611119	1.456991
206.0047	1.484068	1.4481	1.462704	1.485077	1.488924	0.3619021	1.473466
206.1571	1.46563	1.429665	1.44801	1.46506	1.471209	0.3654242	1.45611
206.3095	1.494539	1.44214	1.460791	1.474773	1.484227	0.3689024	1.469526
206.4619	1.49362	1.460436	1.481113	1.500527	1.512067	0.3709804	1.489877
206.6143	1.522056	1.473935	1.500761	1.507135	1.528158	0.3716767	1.50564
206.7667	1.578464	1.526885	1.541855	1.556241	1.568701	0.3720499	1.552825
206.9191	1.585935	1.542497	1.553857	1.565209	1.581024	0.3721276	1.56453
207.0715	1.568014	1.522976	1.53461	1.557987	1.5753	0.3722821	1.55102
207.2239	1.656445	1.586866	1.583427	1.605002	1.612254	0.372174	1.60162
207.3763	1.604636	1.534296	1.553853	1.577397	1.590738	0.372073	1.569652
207.5287	1.590302	1.529923	1.546205	1.564632	1.580071	0.3718649	1.560316
207.6811	1.594776	1.531812	1.546266	1.5716	1.582072	0.3705554	1.563207
207.8335	1.540574	1.515503	1.539606	1.561705	1.571236	0.3681491	1.549919
207.9859	1.589325	1.528483	1.546146	1.570292	1.576484	0.3642968	1.56037
208.1383	1.587581	1.54606	1.569844	1.591478	1.59996	0.3608963	1.57952
208.2907	1.513704	1.500762	1.517579	1.53989	1.553605	0.3583479	1.532688
208.4431	1.512354	1.506758	1.526197	1.542843	1.554119	0.3583791	1.537096
208.5955	1.529556	1.497002	1.526699	1.534882	1.554956	0.3611103	1.533698
208.7479	1.523059	1.501066	1.51993	1.526339	1.548354	0.3656128	1.525091
208.9003	1.623158	1.587922	1.618992	1.626022	1.650061	0.370578	1.623525
209.0527	1.615746	1.575417	1.600134	1.613443	1.633352	0.3748129	1.608184
209.2051	1.572822	1.535377	1.559186	1.571034	1.595043	0.3778183	1.568189
209.3575	1.536372	1.528392	1.544999	1.565319	1.587845	0.3769347	1.561679
209.5099	1.544883	1.537848	1.563507	1.580166	1.606308	0.3739839	1.585662
209.6623	1.602127	1.568016	1.585826	1.61276	1.629973	0.3713186	1.602606
209.8147	1.608051	1.561434	1.575603	1.620054	1.634225	0.3698297	1.6027
209.9671	1.564341	1.55053	1.57408	1.599019	1.621685	0.3670996	1.599882
210.1195	1.631655	1.589556	1.602382	1.628291	1.642892	0.3642641	1.618687
210.2719	1.6143	1.574838	1.587197	1.607709	1.616975	0.3663646	1.59977
210.4243	1.57864	1.536097	1.551233	1.570575	1.579966	0.373107	1.562672
210.5767	1.545592	1.519682	1.55101	1.571466	1.578934	0.3812442	1.557264
210.7291	1.602344	1.584806	1.620296	1.638529	1.649748	0.3898701	1.630681
210.8815	1.589438	1.574294	1.59993	1.623061	1.631786	0.3961056	1.612043
211.0339	1.554167	1.547552	1.581755	1.603099	1.617607	0.3976742	1.60066
211.1863	1.583916	1.560651	1.591973	1.608679	1.624128	0.3976924	1.602429
211.3387	1.570914	1.567386	1.598309	1.624843	1.635566	0.3993416	1.621852
211.4911	1.617182	1.592381	1.620491	1.645812	1.653932	0.3980779	1.630169
211.6435	1.673375	1.647687	1.685552	1.704238	1.713912	0.3900619	1.693164
211.7959	1.560691	1.54467	1.572947	1.593322	1.613508	0.3852966	1.591399
211.9483	1.489209	1.490254	1.502779	1.511355	1.529512	0.3807416	1.509962
212.1007	1.620776	1.595998	1.598442	1.615653	1.634907	0.3760303	1.613706
212.2531	1.590281	1.560466	1.577975	1.582524	1.606914	0.3784535	1.58382
212.4055	1.721174	1.704484	1.733946	1.7482	1.763536	0.3817021	1.742415
212.5579	1.670153	1.659698	1.693777	1.715527	1.731913	0.3828506	1.712972
212.7103	1.63814	1.602732	1.619362	1.648319	1.661154	0.3831402	1.634834
212.8627	1.700127	1.648817	1.665994	1.688825	1.691587	0.3811603	1.678034
213.0151	1.648821	1.607433	1.6298	1.654419	1.663434	0.3814712	1.640947
213.1675	1.647746	1.610014	1.632526	1.662959	1.668662	0.3816833	1.644811
213.3199	1.68927	1.638338	1.650292	1.674963	1.675345	0.3786903	1.663642
213.4723	1.617865	1.57866	1.588869	1.609859	1.618924	0.3771496	1.602221
213.6247	1.599503	1.567954	1.577531	1.600178	1.605175	0.3783832	1.589757
213.7771	1.664868	1.620523	1.628941	1.638953	1.626663	0.3787223	1.632129
213.9295	1.551917	1.554774	1.567438	1.578346	1.585515	0.3823079	1.570603
214.0819	1.583236	1.579206	1.600602	1.600949	1.60363	0.387343	1.59464
214.2343	1.576915	1.564728	1.588907	1.592542	1.589194	0.3893811	1.583166
214.3867	1.56733	1.549291	1.57534	1.575721	1.586595	0.391027	1.571537
214.5391	1.602875	1.575195	1.594457	1.599909	1.593786	0.3925188	1.592863
214.6915	1.599361	1.566082	1.582525	1.589428	1.589079	0.3908077	1.584229
214.8439	1.565392	1.56493	1.591199	1.595438	1.607078	0.3882611	1.591584
214.9963	1.571648	1.52231	1.540273	1.56031	1.557287	0.3930516	1.548564
215.1487	1.654737	1.601186	1.617368	1.622409	1.633519	0.3925644	1.622544
215.3011	1.699094	1.666779	1.69953	1.703013	1.721624	0.3917335	1.699385
215.4535	1.669799	1.652248	1.67832	1.704323	1.716839	0.3953311	1.693385
215.6059	1.668041	1.636343	1.660956	1.684096	1.702104	0.3884617	1.673269
215.7583	1.732775	1.697949	1.721759	1.754358	1.769569	0.3805285	1.739287
215.9107	1.731309	1.706209	1.721337	1.742343	1.760782	0.3767653	1.734644
216.0631	1.712581	1.677006	1.703078	1.72493	1.748546	0.3729247	1.717989
216.2155	1.737679	1.695818	1.718266	1.743663	1.763805	0.3700071	1.733965
216.3679	1.67577	1.654694	1.665278	1.701524	1.726849	0.3688297	1.693854
216.5203	1.676118	1.643405	1.659933	1.672516	1.693454	0.3686433	1.669467
216.6727	1.646396	1.598349	1.620574	1.645257	1.66184	0.3702789	1.635171
216.8251	1.589146	1.566044	1.581126	1.606451	1.623285	0.3738522	1.596249
216.9775	1.634353	1.603879	1.611199	1.627847	1.647681	0.3765361	1.624962
217.1299	1.684334	1.655283	1.67157	1.69402	1.710544	0.3784169	1.685967
217.2823	1.683829	1.65204	1.683151	1.702277	1.721035	0.3800519	1.693865
217.4347	1.675484	1.639855	1.668436	1.691023	1.705413	0.3808731	1.679031
217.5871	1.720287	1.675142	1.698172	1.714852	1.726256	0.3809306	1.707057
217.7395	1.666945	1.644676	1.666359	1.688825	1.706422	0.3814778	1.681762
217.8919	1.66812	1.656525	1.676791	1.702467	1.714553	0.3830225	1.692463
218.0443	1.682361	1.659348	1.679388	1.705837	1.717865	0.3840432	1.692685
218.1967	1.720663	1.670007	1.696794	1.710035	1.726359	0.3838832	1.704285
218.3491	1.658885	1.632435	1.653169	1.678656	1.692912	0.3859098	1.667298
218.5015	1.583503	1.546079	1.556495	1.580783	1.589556	0.3895162	1.570883
218.6539	1.654019	1.654168	1.669958	1.67872	1.69323	0.3898828	1.675308
218.8063	1.675505	1.676754	1.706018	1.71658	1.741491	0.3905892	1.723786
218.9587	1.604404	1.609072	1.644121	1.648812	1.678928	0.3928575	1.668223
219.1111	1.611039	1.614965	1.636364	1.655259	1.683133	0.3930403	1.669769
219.2635	1.631478	1.611052	1.643542	1.656871	1.681551	0.3929557	1.659943
219.4159	1.588373	1.594527	1.627146	1.641894	1.672742	0.3937024	1.666938
219.5683	1.597555	1.597255	1.63194	1.637329	1.674572	0.3945224	1.663903
219.7207	1.605968	1.614676	1.642051	1.662471	1.689342	0.3968935	1.687941
219.8731	1.55703	1.557781	1.58637	1.602928	1.637653	0.401143	1.631482
220.0255	1.516402	1.499648	1.517094	1.532654	1.570975	0.4124857	1.546012
220.1779	1.477532	1.472975	1.504719	1.535793	1.569297	0.42553	1.566803
220.3303	1.572734	1.550097	1.57761	1.620118	1.640798	0.4361534	1.623729
220.4827	1.598285	1.591461	1.605609	1.645759	1.66969	0.4479567	1.656742
220.6351	1.524547	1.524382	1.550648	1.591107	1.620777	0.4546716	1.616415
220.7875	1.589871	1.570298	1.593642	1.632235	1.658192	0.4545381	1.638792
220.9399	1.539556	1.533581	1.56309	1.609496	1.633796	0.4530182	1.631277
221.0923	1.522236	1.515884	1.547138	1.580997	1.599334	0.4456083	1.590284
221.2447	1.551876	1.533547	1.560156	1.591127	1.606475	0.4410788	1.586308
221.3971	1.536733	1.54566	1.567182	1.598172	1.608266	0.4416259	1.605268
221.5495	1.531134	1.52385	1.555592	1.594488	1.58667	0.4447215	1.587184
221.7019	1.562919	1.574927	1.629431	1.621207	1.631535	0.453099	1.629772
221.8543	1.521961	1.537709	1.583014	1.559658	1.579243	0.4627368	1.573465
222.0067	1.552631	1.571394	1.589539	1.558118	1.579224	0.4667446	1.571171
222.1591	1.602825	1.635164	1.645337	1.621358	1.640758	0.4665319	1.630645
222.3115	1.664357	1.676146	1.677107	1.660745	1.675666	0.4696978	1.671771
222.4639	1.643448	1.663188	1.674653	1.65309	1.667454	0.4739038	1.663139
222.6163	1.623166	1.638211	1.644173	1.618745	1.644637	0.4741321	1.632844
222.7687	1.702872	1.628078	1.618871	1.607755	1.629409	0.4826745	1.601682
222.9211	1.801186	1.714561	1.726594	1.699317	1.742243	0.4947825	1.715353
223.0735	2.361826	2.35158	2.387724	2.382757	2.433836	0.4873194	2.396223
223.2259	2.464538	2.480383	2.524033	2.596185	2.605477	0.4823845	2.618838
223.3783	1.864523	1.836021	1.840025	1.885337	1.88374	0.4789655	1.862747
223.5307	1.748267	1.700454	1.693144	1.729945	1.727584	0.4650497	1.719378
223.6831	1.691435	1.657695	1.641576	1.671241	1.662497	0.4614998	1.660574
223.8355	1.776021	1.710739	1.700721	1.726239	1.701726	0.4605684	1.690057
223.9879	1.72804	1.682652	1.663363	1.675594	1.656422	0.466115	1.649779
224.1403	1.682532	1.671905	1.635527	1.654018	1.623632	0.4667976	1.631979
224.2927	1.668218	1.671072	1.671105	1.686462	1.650642	0.4570724	1.667233
224.4451	1.664847	1.643581	1.685189	1.68921	1.659301	0.450975	1.669304
224.5975	1.664134	1.648621	1.70898	1.721364	1.695309	0.4469124	1.692271
224.7499	1.768168	1.752077	1.796458	1.805859	1.782627	0.4423365	1.782926
224.9023	1.775521	1.760099	1.783177	1.803797	1.776949	0.4339283	1.780429
225.0547	1.873915	1.834509	1.853099	1.875147	1.856382	0.4220891	1.858548
225.2071	1.718464	1.690114	1.702336	1.725707	1.723859	0.4111072	1.711837
225.3595	1.720861	1.705001	1.711075	1.734645	1.738743	0.400937	1.723042
225.5119	1.661213	1.676353	1.682852	1.710017	1.714801	0.3984921	1.700999
225.6643	1.733636	1.725132	1.747609	1.759989	1.770025	0.4019395	1.7505
225.8167	1.839094	1.805056	1.828854	1.851019	1.863904	0.4079196	1.839451
225.9691	1.856921	1.842002	1.868828	1.883476	1.9116	0.4162744	1.883525
226.1215	1.893805	1.887272	1.90555	1.914845	1.943332	0.4240205	1.91888
226.2739	1.692244	1.643149	1.649605	1.671584	1.709684	0.4328852	1.672853
226.4263	1.657691	1.629456	1.632145	1.652069	1.69558	0.4391694	1.657653
226.5787	1.650123	1.62839	1.63038	1.646343	1.687274	0.4415312	1.651543
226.7311	1.660293	1.623777	1.634407	1.654052	1.696502	0.4452527	1.656896
226.8835	1.690538	1.659788	1.674932	1.690921	1.729146	0.4491738	1.695231
227.0359	1.718837	1.664964	1.676991	1.695554	1.737316	0.449789	1.698044
227.1883	1.701414	1.672941	1.689329	1.712994	1.761982	0.4495313	1.722042
227.3407	1.703341	1.662554	1.670301	1.696314	1.734777	0.4430135	1.696427
227.4931	1.965419	1.943234	1.98163	2.010723	2.047211	0.4220767	2.022511
227.6455	1.710611	1.692506	1.721822	1.770812	1.80178	0.4065909	1.784311
227.7979	1.708214	1.69346	1.720477	1.753618	1.776891	0.3944637	1.754175
227.9503	1.728584	1.703316	1.727365	1.766593	1.783531	0.3837477	1.755768
228.1027	1.704686	1.691159	1.715528	1.751999	1.771894	0.3837161	1.748944
228.2551	1.759651	1.716467	1.73518	1.760643	1.780106	0.3874584	1.75138
228.4075	1.735622	1.705407	1.721153	1.756002	1.77819	0.3904511	1.746323
228.5599	1.717621	1.699172	1.712244	1.7558	1.77212	0.3922213	1.746417
228.7123	1.769959	1.722206	1.733628	1.758863	1.769158	0.392021	1.749988
228.8647	1.701888	1.687106	1.702425	1.721049	1.737415	0.3913109	1.71416
229.0171	1.65695	1.631225	1.648042	1.669491	1.67531	0.3914082	1.658622
229.1695	1.726528	1.719047	1.741987	1.760328	1.764282	0.3924791	1.749613
229.3219	1.613978	1.616764	1.644727	1.671246	1.679305	0.3983386	1.671696
229.4743	1.651397	1.628933	1.665	1.671328	1.687077	0.4061588	1.666292
229.6267	1.734787	1.728607	1.753183	1.756818	1.777844	0.4103789	1.757443
229.7791	1.679687	1.687692	1.713431	1.731467	1.743876	0.4163958	1.730067
229.9315	1.65825	1.641891	1.652064	1.663686	1.683148	0.4181311	1.661038
230.0839	1.689114	1.679079	1.696953	1.705282	1.727103	0.4152206	1.704044
230.2363	1.690985	1.672138	1.697134	1.716282	1.739582	0.4125254	1.710799
230.3887	1.702364	1.684946	1.707144	1.720199	1.746089	0.4106546	1.717986
230.5411	1.711582	1.689989	1.702174	1.712289	1.735385	0.4077683	1.712108
230.6935	1.697408	1.666879	1.697079	1.71247	1.734634	0.4078023	1.705286
230.8459	1.781116	1.722933	1.744611	1.754838	1.777052	0.4055768	1.754213
230.9983	1.935948	1.888854	1.910694	1.924458	1.946904	0.4024625	1.921085
231.1507	1.836309	1.809673	1.815931	1.819929	1.84398	0.4027845	1.824992
231.3031	1.80134	1.773316	1.772585	1.793511	1.815387	0.4021466	1.791976
231.4555	1.819141	1.797283	1.799402	1.81481	1.833969	0.4014925	1.814111
231.6079	1.734755	1.734123	1.733732	1.76769	1.787318	0.4025259	1.759853
231.7603	1.779399	1.762482	1.766644	1.77813	1.80525	0.4031294	1.779864
231.9127	1.797552	1.762919	1.782848	1.790192	1.814474	0.408262	1.790327
232.0651	1.74848	1.727698	1.764529	1.782623	1.805258	0.4059354	1.774484
232.2175	1.798884	1.753098	1.776694	1.782934	1.804717	0.4013646	1.782626
232.3699	1.766797	1.726601	1.735264	1.754334	1.765269	0.3978338	1.748884
232.5223	1.73955	1.710799	1.710362	1.715592	1.727164	0.3924414	1.720154
232.6747	1.67222	1.658171	1.669534	1.682417	1.703418	0.3934497	1.678961
232.8271	1.696542	1.67508	1.693005	1.709568	1.718733	0.3994029	1.699527
232.9795	1.733784	1.721609	1.735334	1.753002	1.768713	0.4103411	1.747246
233.1319	1.832933	1.80585	1.81201	1.824241	1.835744	0.4206289	1.821809
233.2843	1.852654	1.833979	1.839126	1.855091	1.863189	0.4291071	1.848921
233.4367	1.857108	1.828171	1.836494	1.849752	1.861981	0.4261854	1.846385
233.5891	1.861982	1.819673	1.829418	1.83991	1.850708	0.4163538	1.839232
233.7415	1.790337	1.745032	1.755332	1.783949	1.785552	0.4056741	1.771031
233.8939	1.738442	1.712028	1.739353	1.781334	1.788336	0.3952109	1.759305
234.0463	1.747972	1.726237	1.747651	1.770568	1.772617	0.3901611	1.754776
234.1987	1.674042	1.655817	1.664804	1.701959	1.701886	0.3898577	1.681937
234.3511	1.664324	1.632502	1.638865	1.656722	1.662967	0.3890865	1.650499
234.5035	1.625913	1.606597	1.622381	1.648808	1.654476	0.3876501	1.634082
234.6559	1.623469	1.622232	1.633073	1.668488	1.666106	0.3878405	1.651355
234.8083	1.632175	1.638002	1.650957	1.653896	1.663163	0.3899393	1.654426
234.9607	1.606124	1.608093	1.615741	1.63911	1.644633	0.3872348	1.626672
235.1131	1.705189	1.679199	1.688526	1.704805	1.709742	0.384605	1.69745
235.2655	1.556132	1.532632	1.552607	1.578569	1.587742	0.3851488	1.563992
235.4179	1.784383	1.760324	1.776185	1.79069	1.813623	0.3864445	1.787253
235.5703	1.757366	1.720248	1.749644	1.758289	1.778742	0.3893822	1.754247
235.7227	1.743733	1.724888	1.743046	1.770463	1.798274	0.3967737	1.769468
235.8751	1.647201	1.648661	1.663684	1.686988	1.712835	0.4027987	1.694799
236.0275	1.683015	1.653025	1.676617	1.697383	1.719842	0.3999927	1.693867
236.1799	1.5856	1.595759	1.615014	1.639544	1.664615	0.3949161	1.654721
236.3323	1.714424	1.699183	1.708612	1.734666	1.760805	0.3859898	1.731532
236.4847	1.706096	1.659191	1.684671	1.707391	1.736518	0.3800127	1.701189
236.6371	1.657137	1.642124	1.663071	1.680432	1.719553	0.381054	1.690288
236.7895	1.756145	1.753816	1.763402	1.776478	1.809457	0.3782043	1.781893
236.9419	2.0918	2.124669	2.142853	2.176338	2.222241	0.3730952	2.229626
237.0943	1.72052	1.720902	1.752738	1.773255	1.813866	0.3776176	1.809418
237.2467	1.602301	1.58507	1.612661	1.637264	1.678488	0.3789171	1.655862
237.3991	1.624597	1.599433	1.629848	1.66467	1.712421	0.3759027	1.690997
237.5515	1.59319	1.580459	1.61359	1.648106	1.698866	0.3778776	1.690389
237.7039	1.65289	1.614946	1.649921	1.677348	1.719814	0.3776343	1.688788
237.8563	1.567933	1.568967	1.606265	1.623991	1.671909	0.376729	1.668149
238.0087	1.579519	1.54238	1.570698	1.60765	1.642248	0.3722787	1.604492
238.1611	1.746777	1.712726	1.71898	1.749537	1.78121	0.3634604	1.745239
238.3135	1.6245	1.606453	1.615666	1.644197	1.674424	0.3610502	1.645838
238.4659	1.622546	1.619135	1.642654	1.671306	1.690173	0.3614201	1.677339
238.6183	1.702505	1.672871	1.701267	1.7428	1.753683	0.3612085	1.72832
238.7707	1.672773	1.65882	1.690946	1.731307	1.750633	0.3647912	1.736958
238.9231	1.642353	1.62615	1.66159	1.705676	1.720133	0.3677296	1.706395
239.0755	1.608206	1.591598	1.614342	1.650143	1.671498	0.3694984	1.647443
239.2279	1.646955	1.632985	1.665512	1.697675	1.721017	0.3688518	1.707673
239.3803	1.702176	1.696595	1.72885	1.757054	1.778118	0.3673168	1.763257
239.5327	1.586011	1.574642	1.602988	1.628477	1.650757	0.3682544	1.632592
239.6851	1.557297	1.550125	1.578337	1.594269	1.619135	0.3689	1.603415
239.8375	1.488927	1.486852	1.518206	1.547553	1.574415	0.3689935	1.56925
239.9899	1.504753	1.509673	1.535423	1.556007	1.588119	0.3690472	1.579618
240.1423	1.508657	1.501105	1.523323	1.541935	1.566286	0.3710404	1.546445
240.2947	1.464492	1.468988	1.478211	1.496808	1.526052	0.3766527	1.507415
240.4471	1.502375	1.511115	1.520003	1.539531	1.566181	0.3839646	1.554082
240.5995	1.582428	1.593785	1.621488	1.634459	1.658882	0.3901028	1.648878
240.7519	1.665756	1.66124	1.687867	1.703144	1.733881	0.3956704	1.716156
240.9043	1.648626	1.647532	1.681164	1.701321	1.733225	0.4010735	1.724088
241.0567	1.69925	1.66555	1.696555	1.720928	1.738603	0.4016265	1.710186
241.2091	1.65914	1.64186	1.674982	1.689836	1.719641	0.4016571	1.694233
241.3615	1.679819	1.672214	1.703974	1.724637	1.744182	0.4025491	1.729377
241.5139	1.678172	1.667067	1.697503	1.716034	1.732602	0.4032079	1.713817
241.6663	1.73218	1.729008	1.755372	1.783094	1.785927	0.4046867	1.776233
241.8187	1.671698	1.661583	1.679375	1.68074	1.685678	0.4092008	1.67633
241.9711	1.741189	1.738337	1.762367	1.750888	1.766792	0.4117144	1.75472
242.1235	1.791264	1.788924	1.797318	1.797553	1.79653	0.414564	1.794549
242.2759	1.837854	1.81424	1.822338	1.816471	1.811663	0.4165667	1.818301
242.4283	1.802253	1.802733	1.805415	1.80428	1.810212	0.4039162	1.804981
242.5807	1.810151	1.796472	1.79663	1.799711	1.799279	0.3867756	1.799781
242.7331	1.589394	1.575512	1.582067	1.588203	1.587415	0.3743876	1.584235
242.8855	1.649757	1.616457	1.629095	1.638776	1.62907	0.3609234	1.6302
243.0379	1.60577	1.568753	1.560356	1.565899	1.557549	0.3532496	1.559876
243.1903	1.61476	1.597976	1.582875	1.589327	1.585042	0.3558098	1.589738
243.3427	1.687099	1.65206	1.624842	1.633947	1.614015	0.3600199	1.610988
243.4951	1.698891	1.676927	1.666524	1.665317	1.659731	0.3638759	1.664432
243.6475	1.780043	1.776875	1.781494	1.771169	1.756942	0.3691888	1.771847
243.7999	1.689065	1.696069	1.711005	1.720574	1.694476	0.3785566	1.702505
243.9523	1.840993	1.8221	1.84839	1.848951	1.840714	0.3819463	1.840592
244.1047	1.905254	1.845702	1.871928	1.891655	1.868261	0.3833888	1.876115
244.2571	1.835873	1.789226	1.814084	1.825242	1.810122	0.3854849	1.813569
244.4095	1.857793	1.800268	1.82113	1.833092	1.813063	0.3828114	1.82114
244.5619	1.880563	1.807493	1.832537	1.851548	1.832313	0.3809147	1.83469
244.7143	1.868048	1.800102	1.828966	1.85094	1.838648	0.3824469	1.835652
244.8667	1.80636	1.78271	1.800493	1.812886	1.805895	0.3772199	1.801713
245.0191	1.907982	1.869736	1.863642	1.877672	1.862988	0.3712837	1.869651
245.1715	1.745842	1.718484	1.722778	1.730444	1.727669	0.3671844	1.726533
245.3239	1.854878	1.80521	1.806115	1.816845	1.813463	0.3591852	1.813768
245.4763	1.863859	1.826456	1.8328	1.835024	1.826073	0.3560205	1.832152
245.6287	1.863299	1.814308	1.824853	1.823324	1.821735	0.3564309	1.82417
245.7811	1.848098	1.81511	1.822612	1.821114	1.816617	0.3575287	1.821819
245.9335	1.885803	1.836789	1.843093	1.850503	1.839413	0.3591999	1.842316
246.0859	1.874539	1.826935	1.83308	1.830845	1.826901	0.3602445	1.828962
246.2383	1.893794	1.835757	1.835165	1.834867	1.830353	0.3608034	1.831855
246.3907	1.861694	1.811818	1.810282	1.82735	1.822179	0.3612202	1.822511
246.5431	1.9294	1.861712	1.866803	1.873098	1.861895	0.3596941	1.862831
246.6955	1.980221	1.913929	1.916496	1.926916	1.914599	0.3561907	1.913418
246.8479	2.020695	1.93099	1.935009	1.944125	1.934837	0.3541313	1.925003
247.0003	1.985238	1.916691	1.920951	1.939896	1.926114	0.3530231	1.928853
247.1527	1.978871	1.91898	1.925093	1.938305	1.929049	0.3513876	1.930171
247.3051	2.025545	1.92253	1.93395	1.945465	1.931998	0.3495399	1.919935
247.4575	1.879039	1.818225	1.830822	1.842986	1.835479	0.3492693	1.836002
247.6099	1.947541	1.883979	1.891669	1.903678	1.893657	0.3468675	1.894732
247.7623	1.957697	1.909458	1.909088	1.913599	1.910235	0.3435705	1.911757
247.9147	1.957273	1.903012	1.895632	1.893568	1.889548	0.3420324	1.889447
248.0671	1.915345	1.874582	1.873256	1.875429	1.871904	0.3400006	1.877398
248.2195	1.945421	1.885618	1.889009	1.896098	1.893325	0.3382274	1.896757
248.3719	1.909905	1.864476	1.869651	1.872674	1.871253	0.337932	1.874256
248.5243	1.944555	1.901569	1.898833	1.901156	1.896227	0.3391256	1.899394
248.6767	2.052877	1.970376	1.960331	1.967214	1.95789	0.3424998	1.949149
248.8291	1.887737	1.831711	1.834089	1.857956	1.852152	0.346422	1.849037
248.9815	1.978157	1.899006	1.911449	1.939174	1.929219	0.3488455	1.926536
249.1339	1.938342	1.866928	1.886984	1.889131	1.886888	0.3501129	1.885351
249.2863	1.938642	1.867335	1.873487	1.89079	1.878984	0.3498071	1.881292
249.4387	1.878946	1.843553	1.851702	1.865463	1.860179	0.3499897	1.858546
249.5911	1.915609	1.866017	1.870494	1.883382	1.876503	0.3513664	1.878923
249.7435	1.935302	1.887484	1.899776	1.907342	1.902092	0.3516633	1.902817
249.8959	2.073958	2.01117	2.012635	2.010371	2.003794	0.3475757	2.006443
250.0483	2.037727	1.986189	2.0051	2.003664	1.989895	0.3475573	2.00424
250.2007	1.738153	1.697528	1.699959	1.699228	1.696151	0.3485926	1.694503
250.3531	2.000494	1.942915	1.945822	1.945467	1.943631	0.345817	1.945932
250.5055	1.965466	1.899034	1.89458	1.90671	1.890508	0.3467997	1.888467
250.6579	2.068084	1.991924	1.986041	1.997432	1.984159	0.3484807	1.972555
250.8103	2.065142	1.973398	1.971239	1.972204	1.959368	0.3486553	1.932306
250.9627	2.015815	1.939926	1.931609	1.944582	1.929959	0.3492086	1.919153
251.1151	2.02575	1.93378	1.936426	1.940446	1.931407	0.3497598	1.912467
251.2675	1.971141	1.888243	1.880045	1.899628	1.883418	0.3542588	1.874182
251.4199	1.967294	1.891125	1.901868	1.902742	1.89089	0.3610685	1.88176
251.5723	2.008137	1.951063	1.961169	1.967191	1.959783	0.3686667	1.967143
251.7247	1.981201	1.944912	1.975258	1.970752	1.964552	0.375526	1.967208
251.8771	1.92506	1.868272	1.86793	1.872246	1.856552	0.3799024	1.862041
252.0295	1.924898	1.930474	1.938045	1.930287	1.925463	0.3798926	1.930037
252.1819	1.863519	1.836832	1.837981	1.843031	1.831778	0.3771825	1.840313
252.3342	1.809368	1.802263	1.819109	1.819465	1.809541	0.3752955	1.812246
252.4866	1.811742	1.79591	1.811268	1.810687	1.803944	0.3729905	1.806415
252.6390	1.888779	1.850523	1.866635	1.862321	1.854172	0.3707166	1.862025
252.7914	1.980965	1.946947	1.961801	1.961089	1.952524	0.3682137	1.959885
252.9438	1.99039	1.96429	1.976296	1.979758	1.965311	0.3646755	1.97482
253.0962	1.893358	1.893509	1.898221	1.906579	1.898699	0.3615714	1.898417
253.2486	2.031063	1.985224	1.984834	1.990451	1.981523	0.3587618	1.990155
253.4010	1.954903	1.916868	1.936273	1.940186	1.939596	0.3591569	1.936807
253.5534	1.996683	1.974369	1.985751	1.989489	1.992742	0.3617487	1.987649
253.7058	2.126136	2.101434	2.102285	2.109668	2.111372	0.36542	2.110404
253.8582	2.115414	2.078952	2.07871	2.088349	2.087157	0.3706719	2.089024
254.0106	2.058482	2.059771	2.068267	2.072037	2.081161	0.3504299	2.071572
254.1630	1.930596	1.966508	1.994732	2.016539	2.035978	0.2911893	2.045026
254.3154	1.832275	1.911276	1.935301	1.966452	1.99995	0.2211588	2.068507
254.4678	1.63801	1.736244	1.777319	1.800675	1.855172	0.1507174	1.969005
254.6202	1.477717	1.589796	1.645976	1.684674	1.757997	0.09520283	1.941605
254.7726	1.489798	1.578436	1.634671	1.681389	1.744604	0.08859606	1.901544
254.9250	1.486222	1.586565	1.647139	1.694101	1.757293	0.08847564	1.935316
255.0774	1.518955	1.604732	1.662513	1.705233	1.767386	0.08855626	1.918169
255.2298	1.501094	1.60476	1.660051	1.702194	1.767635	0.08981081	1.93884
255.3822	1.547534	1.647595	1.701856	1.749785	1.814749	0.09023561	1.981208
255.5346	1.54679	1.675126	1.73017	1.772456	1.836777	0.09393343	2.040145
255.6870	1.498492	1.578643	1.640593	1.676453	1.740949	0.0990462	1.881767
255.8394	1.55288	1.65212	1.721026	1.753633	1.822222	0.1020056	1.993088
255.9918	1.574548	1.664904	1.715663	1.749922	1.815371	0.1047347	1.951746
256.1442	1.552393	1.685231	1.743792	1.789507	1.866185	0.1058449	2.050388
256.2966	1.530494	1.644928	1.705115	1.733496	1.80339	0.1055866	1.97145
256.4490	1.5799	1.67292	1.73167	1.774526	1.846701	0.1021662	2.003585
256.6014	1.55432	1.661777	1.727929	1.765311	1.837072	0.09701957	2.023507
256.7538	1.447439	1.550356	1.604632	1.64074	1.709399	0.0933508	1.876743
256.9062	1.448908	1.557851	1.610629	1.645683	1.714257	0.08909886	1.889738
257.0586	1.387693	1.510002	1.557222	1.58846	1.652285	0.0859888	1.833514
257.2110	1.515377	1.630433	1.680856	1.721247	1.783839	0.08215956	1.962261
257.3634	1.524075	1.635073	1.69615	1.732045	1.797849	0.08146296	1.9823
257.5158	1.511995	1.61983	1.67494	1.713471	1.779251	0.08177069	1.95409
257.6682	1.506983	1.619023	1.673887	1.712009	1.775881	0.08175628	1.956175
257.8206	1.500505	1.610634	1.665273	1.711779	1.774145	0.08167367	1.958829
257.9730	1.520989	1.631665	1.681261	1.72369	1.786067	0.08173986	1.960406
258.1254	1.454775	1.573494	1.628824	1.668163	1.737808	0.0849046	1.911659
258.2778	1.424631	1.533471	1.583458	1.625584	1.682155	0.09116618	1.854667
258.4302	1.463616	1.584137	1.64867	1.690787	1.741521	0.09806124	1.946536
258.5826	1.409653	1.518207	1.579434	1.607351	1.665565	0.1069804	1.838001
258.7350	1.551902	1.640464	1.684429	1.694397	1.753713	0.1136556	1.860556
258.8874	1.474691	1.567193	1.613881	1.633482	1.697053	0.1153293	1.820447
259.0398	1.571941	1.646472	1.682268	1.710987	1.762817	0.1173288	1.855492
259.1922	1.459455	1.552953	1.597526	1.614687	1.682846	0.1200322	1.806555
259.3446	1.480994	1.568128	1.612868	1.631642	1.696455	0.1202786	1.810163
259.4970	1.450684	1.556029	1.606879	1.644728	1.702087	0.1207256	1.861782
259.6494	1.451836	1.544044	1.585954	1.605266	1.665399	0.1245778	1.784585
259.8018	1.440809	1.540436	1.584855	1.604187	1.670238	0.1247417	1.802218
259.9542	1.555214	1.664682	1.704253	1.718351	1.784241	0.1210147	1.914284
260.1066	1.475215	1.570985	1.610698	1.628528	1.690472	0.1216624	1.809044
260.2590	1.499992	1.582673	1.610266	1.640535	1.678836	0.121085	1.769991
260.4114	1.511517	1.597093	1.629859	1.654154	1.703977	0.1187521	1.80326
260.5638	1.477821	1.573047	1.607497	1.637029	1.687576	0.1179937	1.805835
260.7162	1.491429	1.584039	1.617938	1.650624	1.692057	0.1179017	1.806121
260.8686	1.485373	1.591546	1.620839	1.652303	1.692821	0.1163629	1.816355
261.0210	1.525004	1.611269	1.635286	1.666964	1.718031	0.1170012	1.814678
261.1734	1.427051	1.503132	1.538266	1.57304	1.608183	0.1179511	1.702797
261.3258	1.519359	1.625995	1.672171	1.710878	1.740834	0.1171773	1.887251
261.4782	1.501956	1.616337	1.657127	1.68048	1.716091	0.1193165	1.8568
261.6306	1.481534	1.599418	1.64509	1.663051	1.702064	0.1212578	1.850331
261.7830	1.467651	1.593809	1.638924	1.655191	1.695775	0.1208133	1.853835
261.9354	1.498515	1.610881	1.658947	1.68645	1.718462	0.1200301	1.866642
262.0878	1.460746	1.575954	1.624294	1.653181	1.695061	0.118901	1.851542
262.2402	1.470957	1.563457	1.615192	1.643129	1.681923	0.1147295	1.809769
262.3926	1.457875	1.550102	1.599642	1.622758	1.65446	0.1118731	1.777434
262.5450	1.359235	1.459915	1.496934	1.514656	1.539937	0.1089926	1.654938
262.6974	1.370433	1.459543	1.49373	1.526084	1.557267	0.1059352	1.66937
262.8498	1.411654	1.506791	1.547592	1.569976	1.597836	0.1048218	1.712853
263.0022	1.401415	1.478111	1.524171	1.542493	1.576783	0.1060671	1.675053
263.1546	1.416474	1.519532	1.562533	1.579801	1.605699	0.1093255	1.730023
263.3070	1.412033	1.510652	1.559634	1.577223	1.606944	0.1097019	1.733346
263.4594	1.409402	1.494483	1.543035	1.559486	1.592877	0.110375	1.704286
263.6118	1.407327	1.501581	1.542885	1.560278	1.596224	0.1119785	1.71052
263.7642	1.449278	1.540996	1.583289	1.595013	1.62493	0.1121824	1.729539
263.9166	1.540254	1.654729	1.695218	1.710632	1.751418	0.1258762	1.889099
264.0690	1.446553	1.498451	1.534276	1.567325	1.605349	0.1547202	1.670302
264.2214	1.957878	2.014691	2.059092	2.080966	2.141347	0.1731468	2.198172
264.3738	2.169158	2.249327	2.302108	2.342066	2.407064	0.2032236	2.517022
264.5262	2.178108	2.235341	2.303422	2.333236	2.404853	0.2446927	2.486189
264.6786	2.120842	2.214312	2.271801	2.310861	2.387471	0.2510971	2.508353
264.8310	2.190028	2.272004	2.319714	2.356993	2.428944	0.2526427	2.522198
264.9834	2.119677	2.253048	2.288787	2.324899	2.399673	0.237409	2.540074
265.1358	1.938968	2.055754	2.106739	2.133074	2.200298	0.2010327	2.348899
265.2882	1.59787	1.632274	1.667411	1.690366	1.73565	0.1735944	1.766304
265.4406	1.428014	1.478	1.503843	1.53645	1.568284	0.1435941	1.618237
265.5930	1.473528	1.583281	1.614354	1.626937	1.65692	0.1208042	1.769856
265.7454	1.431488	1.558552	1.593194	1.60019	1.624708	0.1126385	1.759362
265.8978	1.434714	1.533385	1.572783	1.578369	1.607587	0.1116482	1.710876
266.0502	1.446187	1.555342	1.594727	1.603736	1.631139	0.1107249	1.751471
266.2026	1.441044	1.546354	1.589883	1.598661	1.620134	0.1105016	1.734831
266.3550	1.368074	1.489642	1.538187	1.547844	1.576823	0.1076972	1.727395
266.5074	1.433581	1.535001	1.576664	1.586683	1.608301	0.1022989	1.717416
266.6598	1.399282	1.498511	1.541262	1.55961	1.578869	0.09792855	1.695796
266.8122	1.370674	1.46705	1.504921	1.524593	1.550171	0.09480915	1.662848
266.9646	1.417829	1.506737	1.542817	1.562846	1.58565	0.09140201	1.685665
267.1170	1.34065	1.45703	1.502476	1.523588	1.558892	0.09082868	1.714564
267.2694	1.396694	1.504069	1.54337	1.570126	1.594906	0.0906274	1.731106
267.4218	1.415289	1.510708	1.549031	1.567961	1.592895	0.08980351	1.703524
267.5742	1.42379	1.532247	1.562814	1.575911	1.596367	0.08981535	1.709505
267.7266	1.400304	1.491756	1.53123	1.552202	1.581865	0.09108891	1.694461
267.8790	1.372114	1.468545	1.506628	1.529792	1.561412	0.09255195	1.681416
268.0314	1.393917	1.496737	1.532781	1.562974	1.589526	0.09307297	1.718469
268.1838	1.376837	1.475366	1.513754	1.535883	1.574897	0.0930119	1.698706
268.3362	1.377585	1.473086	1.512905	1.54747	1.583912	0.09253877	1.714969
268.4886	1.38243	1.486663	1.537608	1.571794	1.605165	0.09202042	1.760931
268.6410	1.402383	1.509203	1.560179	1.588932	1.626391	0.09068297	1.780665
268.7934	1.422657	1.511711	1.569105	1.592615	1.630191	0.08960928	1.764217
268.9458	1.402484	1.504925	1.555447	1.585715	1.618532	0.0899991	1.766956
269.0982	1.438765	1.52066	1.570473	1.60587	1.631199	0.09009945	1.752693
269.2506	1.404326	1.498429	1.552147	1.587695	1.620702	0.0895381	1.766688
269.4030	1.410157	1.505891	1.550086	1.584636	1.619045	0.08828341	1.755082
269.5554	1.344744	1.448665	1.493437	1.524354	1.56604	0.08675036	1.714595
269.7078	1.411394	1.496815	1.532248	1.549499	1.58444	0.08481564	1.684519
269.8602	1.395587	1.446039	1.491373	1.502054	1.545209	0.08326174	1.611613
270.0126	1.355493	1.427541	1.459952	1.481466	1.534451	0.0818465	1.622259
270.1650	1.372656	1.442338	1.479383	1.503289	1.541198	0.08120535	1.627662
270.3174	1.351249	1.429343	1.473839	1.486927	1.524869	0.08117466	1.62248
270.4698	1.328114	1.412428	1.458271	1.473007	1.52067	0.08111982	1.634341
270.6222	1.355907	1.427668	1.465729	1.489025	1.525562	0.08124223	1.618828
270.7746	1.329825	1.391648	1.434523	1.457037	1.492258	0.08124296	1.575332
270.9270	1.361537	1.438136	1.466931	1.486259	1.520406	0.08057738	1.603663
271.0794	1.39406	1.447854	1.483378	1.496452	1.530907	0.08007046	1.588966
271.2318	1.32525	1.402251	1.43964	1.453476	1.48857	0.0806698	1.576344
271.3842	1.348382	1.398552	1.431617	1.451578	1.482482	0.08088596	1.539271
271.5366	1.341823	1.400426	1.433008	1.446032	1.477944	0.08098164	1.538465
271.6890	1.326543	1.392617	1.42359	1.44017	1.472608	0.08090308	1.540876
271.8414	1.362278	1.428246	1.455725	1.468467	1.499782	0.08050913	1.561703
271.9938	1.369019	1.431277	1.456223	1.480036	1.512052	0.08011937	1.575152
272.1462	1.379472	1.441321	1.473031	1.494421	1.530332	0.0796112	1.599937
272.2986	1.398657	1.456409	1.482593	1.504535	1.540718	0.07873715	1.59919
272.4510	1.369633	1.432371	1.469102	1.489404	1.527175	0.07827389	1.604477
272.6034	1.362108	1.432052	1.468644	1.489538	1.526273	0.07812739	1.612087
272.7558	1.394235	1.448214	1.475157	1.496057	1.535	0.07772534	1.591676
272.9082	1.359056	1.427763	1.45852	1.47647	1.519068	0.07841152	1.597317
273.0606	1.352836	1.413405	1.448465	1.471968	1.512391	0.07902431	1.588979
273.2130	1.31815	1.403135	1.438393	1.469963	1.515027	0.07928802	1.631428
273.3654	1.336441	1.402225	1.445787	1.475473	1.521651	0.08078649	1.622446
273.5178	1.34389	1.414932	1.45218	1.466532	1.513203	0.08249486	1.600819
273.6702	1.38856	1.463733	1.498099	1.526595	1.570894	0.08146949	1.668585
273.8226	1.33176	1.412422	1.4452	1.47468	1.518498	0.08142871	1.623412
273.9750	1.395898	1.422521	1.467015	1.49144	1.535515	0.08149146	1.586692
274.1274	1.355218	1.430556	1.479665	1.503918	1.556511	0.07941263	1.671334
274.2798	1.36315	1.438929	1.476536	1.514086	1.564278	0.07925175	1.677318
274.4322	1.350228	1.421438	1.46	1.487734	1.539371	0.08007362	1.638958
274.5846	1.351068	1.418444	1.456326	1.481353	1.53227	0.08016706	1.624713
274.7370	1.388308	1.446147	1.487697	1.52219	1.570507	0.08015974	1.661771
274.8894	1.337274	1.406471	1.447896	1.476295	1.528752	0.08061036	1.630998
275.0418	1.337439	1.399503	1.436218	1.469512	1.517362	0.08074603	1.607819
275.1942	1.325388	1.405928	1.444016	1.475858	1.523927	0.0810587	1.639159
275.3466	1.3417	1.402677	1.441147	1.469357	1.518987	0.08077574	1.606341
275.4990	1.333592	1.385371	1.429508	1.466141	1.515462	0.08044536	1.605567
275.6514	1.353549	1.421027	1.455575	1.487524	1.530866	0.08050439	1.622714
275.8038	1.339408	1.409981	1.44333	1.472286	1.514364	0.08025113	1.607138
275.9562	1.343485	1.421405	1.456321	1.480808	1.524836	0.07924901	1.624424
276.1086	1.339735	1.417452	1.459996	1.477222	1.523842	0.07798897	1.628187
276.2610	1.317832	1.395624	1.43069	1.454091	1.491786	0.07712776	1.590781
276.4134	1.348654	1.412205	1.451196	1.468693	1.506865	0.07615144	1.587817
276.5658	1.321349	1.404904	1.441594	1.464315	1.503554	0.07565925	1.611767
276.7182	1.357057	1.418968	1.460302	1.476779	1.514059	0.07528798	1.594029
276.8706	1.325465	1.399534	1.435767	1.460327	1.499086	0.07541034	1.596223
277.0230	1.342654	1.41793	1.450143	1.467188	1.508832	0.07525402	1.597913
277.1754	1.316558	1.386179	1.421688	1.443079	1.480284	0.07521344	1.567984
277.3278	1.335251	1.411742	1.449467	1.472529	1.507658	0.07601811	1.60677
277.4802	1.32584	1.419516	1.454048	1.480924	1.519467	0.07731266	1.640695
277.6326	1.360299	1.438136	1.476772	1.496696	1.538457	0.07902716	1.639446
277.7850	1.363807	1.438629	1.479561	1.493906	1.534562	0.08124845	1.628351
277.9374	1.368397	1.440485	1.483018	1.49782	1.536104	0.08251735	1.628374
278.0898	1.327093	1.416788	1.45713	1.475652	1.515867	0.08443194	1.631647
278.2422	1.355711	1.435746	1.473653	1.489233	1.524441	0.08822445	1.62045
278.3946	1.342088	1.424547	1.468271	1.487954	1.526263	0.09565184	1.638511
278.5470	1.368067	1.468348	1.500718	1.524147	1.558564	0.1027971	1.676399
278.6994	1.355675	1.470335	1.516553	1.532573	1.565252	0.1088134	1.713459
278.8518	1.365903	1.468132	1.50544	1.524228	1.554751	0.1144878	1.677676
279.0042	1.38773	1.48571	1.529831	1.538735	1.572074	0.1161523	1.688793
279.1566	1.316104	1.432407	1.473419	1.495831	1.527049	0.1166754	1.677559
279.3090	1.367149	1.457954	1.499023	1.508964	1.544074	0.115696	1.648679
279.4614	1.369833	1.475495	1.510621	1.530464	1.559109	0.1151885	1.68289
279.6138	1.387472	1.476719	1.518013	1.532469	1.562984	0.1140147	1.667781
279.7662	1.41539	1.510442	1.541207	1.564477	1.585903	0.113209	1.690797
279.9186	1.47386	1.563074	1.595043	1.611891	1.632209	0.1104083	1.7127
280.0710	1.411493	1.497355	1.538244	1.556928	1.585992	0.1103287	1.689224
280.2234	1.439991	1.539313	1.572826	1.587824	1.610047	0.1119204	1.713314
280.3758	1.406085	1.508068	1.552403	1.572697	1.597406	0.1125508	1.724817
280.5282	1.407625	1.510805	1.545544	1.559836	1.595524	0.1134407	1.711553
280.6806	1.436255	1.535925	1.567265	1.58376	1.61826	0.1137645	1.726781
280.8330	1.301774	1.413022	1.465965	1.476991	1.529717	0.1156651	1.667959
280.9854	1.56171	1.647566	1.676427	1.679745	1.717822	0.1153328	1.802869
281.1378	1.390027	1.489624	1.526244	1.548408	1.580149	0.1147951	1.699201
281.2902	1.418192	1.509905	1.548676	1.56477	1.596956	0.1144194	1.703439
281.4426	1.38179	1.480838	1.522134	1.545771	1.575902	0.1148039	1.700679
281.5950	1.346547	1.439841	1.497791	1.506677	1.550087	0.1159051	1.682983
281.7474	1.369494	1.48575	1.532693	1.547788	1.584695	0.1149781	1.736232
281.8998	1.638249	1.704739	1.736231	1.741324	1.736012	0.1121389	1.790231
282.0522	1.480894	1.591079	1.619615	1.628346	1.651102	0.1121933	1.760525
282.2046	1.373439	1.475867	1.518004	1.538577	1.57709	0.115113	1.708285
282.3570	1.39683	1.489284	1.539292	1.55608	1.592188	0.1149688	1.71532
282.5094	1.400797	1.502631	1.543086	1.557895	1.594973	0.1151462	1.717754
282.6618	1.356899	1.472627	1.521769	1.53801	1.574418	0.1155851	1.727551
282.8142	1.369974	1.477063	1.51703	1.531592	1.567279	0.115318	1.695873
282.9666	1.403202	1.500134	1.545426	1.557506	1.589662	0.1149493	1.707281
283.1190	1.402161	1.513183	1.552895	1.571415	1.602134	0.1152804	1.737109
283.2714	1.408013	1.491445	1.53788	1.553919	1.587931	0.1148215	1.692675
283.4238	1.410016	1.50791	1.546026	1.566185	1.598519	0.1144127	1.715316
283.5762	1.398086	1.49822	1.536645	1.557734	1.589095	0.1145808	1.708371
283.7286	1.388604	1.507172	1.541284	1.561885	1.592362	0.1150167	1.732059
283.8810	1.399483	1.498911	1.543513	1.553852	1.588969	0.1153022	1.70783
284.0334	1.38917	1.486972	1.530001	1.546222	1.581881	0.1150441	1.702342
284.1858	1.419131	1.507623	1.54498	1.561923	1.592743	0.1146647	1.692702
284.3382	1.416708	1.514498	1.553026	1.571412	1.604237	0.1145952	1.719011
284.4906	1.423543	1.523834	1.561498	1.573945	1.604775	0.1146299	1.716632
284.6430	1.389246	1.497532	1.539717	1.55787	1.593294	0.1151887	1.728709
284.7954	1.404196	1.498087	1.535902	1.556754	1.590028	0.1153272	1.703844
284.9478	1.395034	1.500021	1.543172	1.562743	1.597991	0.1153526	1.731103
285.1002	1.381677	1.494136	1.528467	1.551148	1.583327	0.1154609	1.717613
285.2526	1.402683	1.497118	1.535211	1.552125	1.588721	0.1149864	1.699147
