HOLE:	U1513A
EXPEDITION:	369
TOP:	193.2031
BOTTOM:	254.1630
DEPTH_WMSF	LCAL
m	in
193.2031	13.79337
193.3555	13.79244
193.5079	13.79244
193.6603	13.7971
193.8127	13.80177
193.9651	13.80646
194.1175	13.88109
194.2699	13.89042
194.4223	13.88576
194.5747	13.87176
194.7271	13.89508
194.8795	13.87642
195.0319	13.87549
195.1843	13.87642
195.3367	13.88575
195.4891	13.87176
195.6415	13.87176
195.7939	13.87922
195.9463	13.88109
196.0987	13.89041
196.2511	13.87643
196.4035	13.87176
196.5559	13.82697
196.7083	13.82043
196.8607	13.81578
197.0131	13.82976
197.1655	13.79244
197.3179	13.77098
197.4703	13.76912
197.6227	13.77378
197.7751	13.75512
197.9275	13.76445
198.0799	13.75996
198.2323	13.79401
198.3847	13.83951
198.5371	13.85852
198.6895	13.88071
198.8419	13.87233
198.9943	13.88258
199.1467	13.87642
199.2991	13.87714
199.4515	13.88575
199.6039	13.88584
199.7563	13.89044
199.9087	13.92829
200.0611	13.97928
200.2135	14.05755
200.3659	14.11643
200.5183	14.13329
200.6707	14.15637
200.8231	14.15868
200.9755	14.16795
201.1279	14.16301
201.2803	14.21346
201.4327	14.31224
201.5851	14.35602
201.7375	14.34013
201.8899	14.29105
202.0423	14.27345
202.1947	14.27556
202.3471	14.27533
202.4995	14.27201
202.6519	14.25836
202.8043	14.08065
202.9567	13.72471
203.1091	13.55827
203.2615	13.54373
203.4139	13.54196
203.5663	13.54817
203.7187	13.5669
203.8711	13.60456
204.0235	13.64061
204.1759	13.66515
204.3283	13.67079
204.4807	13.67055
204.6331	13.67113
204.7855	13.67297
204.9379	13.71522
205.0903	13.79107
205.2427	13.8197
205.3951	13.82109
205.5475	13.8219
205.6999	13.82768
205.8523	13.92093
206.0047	14.22498
206.1571	14.67389
206.3095	14.93088
206.4619	14.94005
206.6143	14.94628
206.7667	14.94396
206.9191	14.95212
207.0715	14.95396
207.2239	14.94954
207.3763	14.94193
207.5287	14.93812
207.6811	14.88254
207.8335	14.65099
207.9859	14.13184
208.1383	13.75391
208.2907	13.67248
208.4431	13.66364
208.5955	13.6618
208.7479	13.6618
208.9003	13.62228
209.0527	13.52868
209.2051	13.2797
209.3575	13.23791
209.5099	13.37422
209.6623	13.42385
209.8147	13.43025
209.9671	13.42345
210.1195	13.42903
210.2719	13.41989
210.4243	13.35132
210.5767	13.29546
210.7291	13.26666
210.8815	13.24661
211.0339	13.17841
211.1863	13.16433
211.3387	13.16702
211.4911	13.15993
211.6435	13.16898
211.7959	13.16143
211.9483	13.16186
212.1007	13.10149
212.2531	12.87578
212.4055	12.73763
212.5579	12.73431
212.7103	12.73387
212.8627	12.75342
213.0151	12.78914
213.1675	12.90488
213.3199	13.03176
213.4723	13.07104
213.6247	13.07392
213.7771	13.07819
213.9295	13.07341
214.0819	12.9868
214.2343	12.97621
214.3867	13.20231
214.5391	13.37063
214.6915	13.37178
214.8439	13.37706
214.9963	13.3634
215.1487	13.37248
215.3011	13.37053
215.4535	12.86197
215.6059	12.70451
215.7583	12.89129
215.9107	13.01877
216.0631	13.0397
216.2155	13.04775
216.3679	13.08721
216.5203	13.21583
216.6727	13.28138
216.8251	13.0887
216.9775	12.9862
217.1299	12.99306
217.2823	12.98137
217.4347	12.99992
217.5871	13.10562
217.7395	13.22262
217.8919	13.24511
218.0443	13.23782
218.1967	13.2427
218.3491	13.25037
218.5015	13.23331
218.6539	13.03584
218.8063	12.43438
218.9587	12.31205
219.1111	12.29112
219.2635	12.29258
219.4159	12.28541
219.5683	12.28541
219.7207	12.28901
219.8731	12.29329
220.0255	12.27237
220.1779	12.26132
220.3303	12.27286
220.4827	12.30874
220.6351	12.30873
220.7875	12.31061
220.9399	12.31336
221.0923	12.3115
221.2447	12.31527
221.3971	12.30731
221.5495	12.30839
221.7019	12.3166
221.8543	12.31192
222.0067	12.30874
222.1591	12.31209
222.3115	12.30325
222.4639	12.21522
222.6163	12.09554
222.7687	12.08652
222.9211	12.09229
223.0735	12.08833
223.2259	12.09515
223.3783	12.08851
223.5307	11.99001
223.6831	11.74537
223.8355	12.16425
223.9879	13.01511
224.1403	12.99484
224.2927	12.71327
224.4451	12.31581
224.5975	12.2024
224.7499	12.20049
224.9023	12.16125
225.0547	11.95558
225.2071	11.70931
225.3595	11.6462
225.5119	11.64423
225.6643	11.64392
225.8167	11.64273
225.9691	11.63485
226.1215	11.6363
226.2739	11.64402
226.4263	11.64463
226.5787	11.64364
226.7311	11.64407
226.8835	11.6673
227.0359	11.73307
227.1883	11.82996
227.3407	11.9023
227.4931	11.92106
227.6455	11.92181
227.7979	11.91441
227.9503	12.04715
228.1027	12.34196
228.2551	12.5722
228.4075	12.67288
228.5599	12.70769
228.7123	12.70282
228.8647	12.70804
229.0171	12.7305
229.1695	12.6757
229.3219	12.51057
229.4743	12.36123
229.6267	12.29632
229.7791	12.27611
229.9315	12.25356
230.0839	12.20277
230.2363	12.04131
230.3887	11.92242
230.5411	11.9174
230.6935	11.91618
230.8459	11.92551
230.9983	11.92415
231.1507	11.91913
231.3031	11.91602
231.4555	11.91766
231.6079	11.91593
231.7603	11.91215
231.9127	11.91496
232.0651	11.95929
232.2175	12.04957
232.3699	12.086
232.5223	12.08442
232.6747	12.08187
232.8271	12.08892
232.9795	12.08761
233.1319	12.08147
233.2843	12.08909
233.4367	12.07299
233.5891	11.97946
233.7415	11.92509
233.8939	11.91777
234.0463	11.91991
234.1987	11.92771
234.3511	11.92329
234.5035	11.92718
234.6559	11.94668
234.8083	11.95094
234.9607	11.95462
235.1131	11.955
235.2655	11.95088
235.4179	11.95275
235.5703	11.96073
235.7227	11.95352
235.8751	11.95281
236.0275	11.9575
236.1799	11.95881
236.3323	11.95745
236.4847	11.95489
236.6371	11.95758
236.7895	11.95534
236.9419	11.95344
237.0943	11.95391
237.2467	11.95766
237.3991	11.95173
237.5515	12.13459
237.7039	12.29587
237.8563	12.3274
238.0087	12.33102
238.1611	12.31895
238.3135	12.32112
238.4659	12.31906
238.6183	12.37726
238.7707	12.39644
238.9231	12.25892
239.0755	12.08191
239.2279	12.02855
239.3803	12.02413
239.5327	12.02413
239.6851	12.02797
239.8375	12.02493
239.9899	12.03577
240.1423	12.03812
240.2947	11.97154
240.4471	11.91942
240.5995	11.8963
240.7519	11.89349
240.9043	11.89749
241.0567	11.88448
241.2091	11.89199
241.3615	11.90973
241.5139	11.89172
241.6663	11.79444
241.8187	11.77336
241.9711	11.76816
242.1235	11.77937
242.2759	11.76597
242.4283	11.77812
242.5807	11.77399
242.7331	11.7707
242.8855	11.80082
243.0379	12.06997
243.1903	12.21316
243.3427	12.12335
243.4951	12.08452
243.6475	12.08147
243.7999	12.09569
243.9523	12.09041
244.1047	12.0879
244.2571	12.08945
244.4095	12.12175
244.5619	12.18143
244.7143	12.26051
244.8667	12.59151
245.0191	12.37631
245.1715	12.07677
245.3239	12.07078
245.4763	12.07995
245.6287	12.09849
245.7811	12.12017
245.9335	12.1526
246.0859	12.21923
246.2383	12.26896
246.3907	12.25631
246.5431	12.19264
246.6955	12.13204
246.8479	12.12677
247.0003	12.12753
247.1527	12.13893
247.3051	12.19028
247.4575	12.27553
247.6099	12.35834
247.7623	12.43678
247.9147	12.45512
248.0671	12.37731
248.2195	12.23033
248.3719	12.18758
248.5243	12.1294
248.6767	12.09998
248.8291	12.10231
248.9815	12.09663
249.1339	12.09065
249.2863	12.09391
249.4387	12.09386
249.5911	12.10902
249.7435	12.09251
249.8959	12.09602
250.0483	12.08074
250.2007	12.08512
250.3531	12.08778
250.5055	12.08988
250.6579	12.0977
250.8103	12.13589
250.9627	12.07817
251.1151	12.04128
251.2675	12.0016
251.4199	11.99633
251.5723	12.01473
251.7247	12.01479
251.8771	12.0383
252.0295	12.02034
252.1819	11.9404
252.3342	11.86884
252.4866	11.75024
252.6390	11.63456
252.7914	11.58147
252.9438	11.58437
253.0962	11.57754
253.2486	11.58805
253.4010	11.57857
253.5534	11.57927
253.7058	11.5882
253.8582	11.57915
254.0106	11.58201
254.1630	11.58154


