HOLE:	U1513A
EXPEDITION:	369
TOP:	82.3580
BOTTOM:	283.9832
DEPTH_WMSF	RLA1	RLA2	RLA3	RLA4	RLA5	RM_HRLT	RT_HRLT
m	ohm.m	ohm.m	ohm.m	ohm.m	ohm.m	ohm.m	ohm.m
82.3580	0.6748415	0.868688	0.5599937	0.6915836	0.7415698	0.2124818	0.7181305
82.5104	1.292961	1.293814	1.21199	1.276384	1.192021	0.3535393	1.065124
82.6628	1.262669	1.288187	1.304036	1.354254	1.256904	0.3526728	1.285321
82.8152	2.12906	1.954468	1.924882	1.881337	1.695436	0.3703312	1.446558
82.9676	1.733254	1.291328	1.281755	1.260782	1.125002	0.4060511	0.5502341
83.1200	1.109165	0.5091799	0.586947	0.756583	0.906199	0.4595253	0.6561986
83.2724	0.516325	9419.63	0.1491359	0.319714	0.4969971	0.531583	0.1404883
83.4248	1.041554	1.214988	0.9871306	1.102461	1.130365	0.5686387	1.152487
83.5772	1.532332	1.609935	1.743196	1.77297	1.692418	0.5612049	1.841492
83.7296	14289.24	14043.79	0.2428907	0.3596809	0.3397316	0.5157865	0.3666733
83.8820	1.473382	1.500851	1.576844	1.645465	1.089453	0.5305315	1.029083
84.0344	1.08733	1.235244	1.346905	1.472659	0.9729922	0.5693188	1.229714
84.1868	0.8718233	0.9842319	1.111066	1.249267	1.28725	0.5674902	1.46576
84.3392	1.067102	1.122733	1.23794	1.31488	1.142557	0.5455747	1.226506
84.4916	1.264461	1.316449	1.408869	1.474701	1.040916	0.5234021	1.125695
84.6440	1.490231	1.51801	1.586096	1.623039	1.233721	0.4848573	1.22023
84.7964	2.958964	2.579606	2.422004	2.375999	1.907592	0.4780341	1.028811
84.9488	1.111572	1.187503	1.279747	1.361879	1.299011	0.5070766	1.480968
85.1012	1.603652	1.595421	1.65076	1.767023	1.424671	0.5087886	1.546104
85.2536	1.22057	1.326078	1.489411	1.53574	1.402633	0.548871	1.601244
85.4060	1.774778	1.662844	1.685733	1.624095	1.682801	0.5450155	1.668426
85.5584	1.554687	1.675193	1.745659	1.850348	1.218842	0.5651757	1.324116
85.7108	1.425462	1.427333	1.603409	1.664179	0.5173352	0.5536816	0.1053105
85.8632	0.9142156	1.088863	1.234185	1.336147	1.458954	0.5267393	1.728574
86.0156	0.9955218	1.096338	1.228562	1.318194	1.446502	0.5080504	1.666097
86.1680	1.260176	1.340298	1.420956	1.47564	1.595793	0.4950178	1.770644
86.3204	1.179595	1.290262	1.384728	1.477296	1.619152	0.4881255	1.818743
86.4728	1.400273	1.468899	1.564611	1.617267	1.742184	0.4828713	1.901365
86.6252	1.118649	1.245313	1.337533	1.403815	1.540713	0.4967919	1.742464
86.7776	1.392483	1.465481	1.541528	1.614568	1.724974	0.5000914	1.892607
86.9300	2.66441	2.415686	2.402546	2.359983	2.394337	0.4890105	2.253876
87.0824	0.2598584	0.4578461	0.6196738	0.7942128	1.028293	0.490916	1.370593
87.2348	2.018559	1.979659	1.973145	2.03594	2.064974	0.4871975	2.033865
87.3872	97597.57	0.2062471	0.2782382	0.5577009	0.8204797	0.5113624	0.00899782
87.5396	1.516077	1.592993	1.614608	1.732142	1.836954	0.5097454	1.901152
87.6920	1.926041	1.910917	1.955675	1.95349	2.053164	0.4970518	2.052669
87.8444	1.242614	1.30713	1.444377	1.511768	1.592007	0.5227864	1.897304
87.9968	1.627559	1.668716	1.740702	1.788245	1.892868	0.5249004	2.003289
88.1492	1.241257	1.424361	1.505585	1.587987	1.724361	0.512091	1.907959
88.3016	1.082323	1.177522	1.322414	1.404276	1.569674	0.5120626	1.785334
88.4540	1.382677	1.487001	1.586182	1.637398	1.749321	0.5073544	1.914083
88.6064	1.465643	1.490281	1.592957	1.650783	1.677251	0.4920885	1.780707
88.7588	2.198614	2.060091	2.084595	2.110439	2.085954	0.4872488	2.101499
88.9112	1.161141	1.316004	1.392948	1.474146	1.600249	0.5104659	1.894783
89.0636	1.290879	1.422013	1.488332	1.528602	1.619804	0.5148742	1.767963
89.2160	1.397926	1.455974	1.562656	1.589349	1.698367	0.5257728	1.849333
89.3684	1.392797	1.510435	1.645845	1.660832	1.77934	0.5306768	1.987316
89.5208	1.365361	1.569817	1.710005	1.750432	1.935549	0.5475916	2.159843
89.6732	0.9377304	1.166561	1.334098	1.489715	1.766253	0.5611024	2.104529
89.8256	1.42871	1.554862	1.583014	1.667982	1.85268	0.5388603	2.036394
89.9780	1.250955	1.299076	1.395476	1.452632	1.608184	0.5419099	1.697054
90.1304	1.395414	1.469138	1.546855	1.596472	1.759302	0.5325114	1.861363
90.2828	2.26616	2.295278	2.32014	2.399184	2.474231	0.5261431	2.511461
90.4352	2.416604	2.38072	2.375014	2.422558	2.498932	0.5452692	2.481938
90.5876	1.98638	2.000503	2.059605	2.169626	2.297972	0.5631568	2.385469
90.7400	1.940243	1.967501	2.037834	2.103886	2.270301	0.5614414	2.360017
90.8924	2.436896	2.363773	2.38053	2.43535	2.55137	0.5526292	2.506832
91.0448	1.917648	1.963209	2.041053	2.086386	2.271441	0.5610477	2.376128
91.1972	1.472376	1.559976	1.662833	1.791408	1.95962	0.5654277	2.144931
91.3496	2.370717	2.426925	2.452578	2.450598	2.608526	0.5506115	2.641191
91.5020	2.307828	2.23704	2.275733	2.342197	2.422469	0.5541158	2.395017
91.6544	1.025078	1.304088	1.45564	1.588155	1.821347	0.5760853	2.319335
91.8068	1.887514	1.928209	1.958251	2.033219	2.216661	0.5640599	2.283715
91.9592	2.021839	2.076045	2.122443	2.196277	2.345282	0.5590464	2.449049
92.1116	1.979553	2.004954	2.057571	2.091883	2.24837	0.5674868	2.301172
92.2640	1.424784	1.48926	1.557417	1.609192	1.720462	0.5841979	1.831904
92.4164	1.757632	1.747169	1.798185	1.843284	1.953553	0.5847377	1.976508
92.5688	1.763439	1.777353	1.824408	1.862479	1.977169	0.5850473	2.013064
92.7212	1.551849	1.610998	1.670468	1.717249	1.846493	0.586937	1.948077
92.8736	1.69681	1.740411	1.808855	1.852226	1.995097	0.5789536	2.095323
93.0260	1.49719	1.536866	1.60295	1.657618	1.797616	0.5700494	1.890646
93.1784	1.520538	1.55918	1.621254	1.673023	1.799527	0.5551342	1.889811
93.3308	1.510231	1.561525	1.612119	1.654343	1.765399	0.5423493	1.798306
93.4832	1.713818	1.690374	1.749571	1.774171	1.956841	0.536954	1.972118
93.6356	1.743947	1.760657	1.774885	1.831549	1.916093	0.5459624	1.942802
93.7880	1.40462	1.437225	1.553902	1.640962	1.78504	0.5612021	1.920746
93.9404	2.188887	2.121905	2.120227	2.152665	2.217532	0.5635043	2.175144
94.0928	1.741293	1.765519	1.846286	1.867498	2.016065	0.5566007	2.050931
94.2452	1.611604	1.724938	1.842541	1.878921	2.029289	0.5407666	2.192585
94.3976	1.733529	1.762759	1.793756	1.819585	1.897084	0.5253857	1.931364
94.5500	1.208183	1.3733	1.458407	1.554234	1.707055	0.4955217	1.836309
94.7024	1.527375	1.638329	1.72858	1.780529	1.878904	0.4592801	2.050737
94.8548	2.024226	2.105894	2.192409	2.20789	2.289654	0.4362015	2.401897
95.0072	1.721015	1.772774	1.836784	1.882528	1.957995	0.4247907	2.055085
95.1596	1.956617	2.022415	2.097806	2.14747	2.222325	0.4108661	2.338964
95.3120	1.773091	1.875615	1.950475	2.02882	2.127848	0.4102368	2.298036
95.4644	1.914919	1.927346	1.977884	1.989206	2.037807	0.4012807	2.044718
95.6168	1.983159	2.034848	2.10624	2.140518	2.210551	0.3835575	2.294431
95.7692	1.66598	1.741505	1.788251	1.811284	1.877576	0.3799772	1.966323
95.9216	1.690674	1.816934	1.884938	1.865062	1.964649	0.3754002	2.058055
96.0740	1.738753	1.861371	1.906112	1.904166	1.951319	0.3825083	2.077279
96.2264	1.671979	1.756826	1.81924	1.86632	1.90588	0.3961601	2.027286
96.3788	1.661447	1.719688	1.806524	1.834257	1.922392	0.4027832	2.032616
96.5312	1.600851	1.702758	1.775635	1.806345	1.883306	0.4144177	2.030865
96.6836	1.723522	1.782783	1.83645	1.870239	1.933735	0.4263242	2.016299
96.8360	1.79066	1.832016	1.899597	1.933246	1.983694	0.4425783	2.058947
96.9884	1.665756	1.729217	1.834129	1.865977	1.969241	0.4684416	2.085648
97.1408	1.905761	1.958596	2.053647	2.105256	2.187849	0.5061011	2.312329
97.2932	1.924573	2.006608	2.091032	2.140574	2.214244	0.5528685	2.362347
97.4456	1.649612	1.829355	1.972735	2.038338	2.176396	0.5828246	2.471457
97.5980	2.40728	2.604867	2.853103	2.989684	3.158105	0.5738437	3.587259
97.7504	2.062078	2.141205	2.285451	2.383819	2.485091	0.5694129	2.649309
97.9028	2.048829	2.079515	2.186163	2.275155	2.327674	0.5502067	2.442709
98.0552	2.290051	2.176396	2.297291	2.362897	2.421639	0.52174	2.428189
98.2076	1.895915	1.934407	2.036241	2.119467	2.219878	0.4906377	2.333194
98.3600	1.880401	1.890421	1.968164	2.046352	2.130733	0.4473031	2.2072
98.5124	1.886986	2.013773	2.085979	2.12715	2.214456	0.4119636	2.395355
98.6648	1.864576	2.013689	2.084588	2.114941	2.20821	0.379689	2.380978
98.8172	1.895454	1.984626	2.058566	2.045558	2.132965	0.3642591	2.241259
98.9696	1.705663	1.836196	1.927259	1.930557	1.986952	0.3728959	2.167814
99.1220	1.773247	1.929179	2.022618	2.058501	2.134162	0.3832265	2.378754
99.2744	2.122029	2.324958	2.413302	2.457506	2.549191	0.3931964	2.813237
99.4268	2.167642	2.362943	2.453895	2.481568	2.559809	0.4072769	2.805853
99.5792	2.27177	2.51412	2.654821	2.693995	2.80347	0.4064918	3.128077
99.7316	2.488341	2.769746	2.890994	2.957177	3.070607	0.396493	3.423257
99.8840	1.921604	2.039209	2.116571	2.165176	2.248281	0.3926279	2.426248
100.0364	1.955433	1.975943	2.043425	2.072943	2.137775	0.3812349	2.183031
100.1888	2.24101	2.202048	2.233624	2.247464	2.300516	0.3693138	2.275346
100.3412	1.691947	1.758632	1.87537	1.916231	2.028375	0.3701763	2.179739
100.4936	1.766552	1.83117	1.93062	1.982999	2.075586	0.3693501	2.227569
100.6460	2.100323	2.07511	2.143896	2.154564	2.218297	0.3646082	2.212389
100.7984	1.958361	1.983963	2.049462	2.088498	2.168149	0.3647349	2.22385
100.9508	2.057558	2.052192	2.103769	2.135321	2.216752	0.3701946	2.237868
101.1032	1.983655	1.991352	2.036295	2.058122	2.118299	0.3844837	2.129487
101.2556	2.083937	2.203629	2.285637	2.337664	2.435085	0.397907	2.616562
101.4080	2.85848	3.255832	3.490857	3.588675	3.776647	0.3905964	4.335657
101.5604	2.488032	2.63205	2.712399	2.776506	2.871617	0.3874503	3.067948
101.7128	2.037595	2.107473	2.19995	2.23018	2.330499	0.3811001	2.462672
101.8652	1.900677	1.905842	1.974298	2.030457	2.129918	0.3608985	2.190558
102.0176	1.837788	1.975549	2.022091	2.075791	2.221334	0.3501926	2.379209
102.1700	1.85494	1.964284	2.044944	2.049187	2.15035	0.3480281	2.305719
102.3224	1.942936	2.147631	2.277425	2.312421	2.435088	0.3487487	2.734094
102.4748	1.793566	1.943357	2.098722	2.204955	2.339869	0.3502736	2.636694
102.6272	1.97329	2.047468	2.14998	2.231941	2.378332	0.3525999	2.568282
102.7796	2.041411	2.157683	2.300328	2.413622	2.606038	0.3563671	2.868881
102.9320	1.972236	2.06942	2.169926	2.27635	2.436487	0.355408	2.648688
103.0844	2.020025	2.212739	2.3546	2.50292	2.690592	0.3542811	3.032869
103.2368	1.740414	1.847822	1.947125	2.06375	2.20458	0.3544027	2.434364
103.3892	1.835787	1.956201	2.070946	2.183359	2.361378	0.346786	2.604873
103.5416	1.751965	1.854623	1.969639	2.023424	2.11705	0.3409244	2.313679
103.6940	1.654562	1.873826	1.993235	2.044051	2.156439	0.3397922	2.434934
103.8464	1.552709	1.753739	1.82357	1.848332	1.94498	0.3378276	2.159675
103.9988	1.658061	1.836428	1.897307	1.917354	1.990075	0.3341371	2.191576
104.1512	1.604347	1.776572	1.849558	1.867344	1.956908	0.334039	2.156825
104.3036	1.702062	1.828587	1.890838	1.911222	2.005351	0.3335633	2.169494
104.4560	1.767008	1.827596	1.892007	1.906118	1.989748	0.3332856	2.071713
104.6084	1.867909	1.897014	1.952533	1.972228	2.038982	0.3352081	2.087117
104.7608	1.859756	1.88776	1.956817	1.974934	2.049407	0.3420912	2.101236
104.9132	1.797396	1.854282	1.962761	2.019956	2.085387	0.3532752	2.239848
105.0656	2.121928	2.379643	2.655882	2.745221	2.93756	0.3582895	3.419229
105.2180	2.49991	2.732966	2.972679	3.063867	3.172956	0.3589963	3.603158
105.3704	2.33116	2.442673	2.561142	2.620538	2.669613	0.3666011	2.873451
105.5228	1.94241	2.049612	2.133862	2.151824	2.199466	0.3901089	2.345731
105.6752	1.922293	2.002137	2.065319	2.069055	2.128819	0.4140238	2.197109
105.8276	2.137855	2.179632	2.152112	2.132162	2.179832	0.455938	2.171798
105.9800	2.00934	2.067257	2.111364	2.091351	2.173372	0.5226691	2.218158
106.1324	2.639186	2.720742	2.914632	2.922148	3.034741	0.5572734	3.233415
106.2848	2.195604	2.104356	2.189451	2.204485	2.29587	0.5625805	2.218391
106.4372	4.238528	4.321475	4.439196	4.597564	4.714597	0.5462441	4.897676
106.5896	2.394362	2.416433	2.51392	2.565836	2.683439	0.5410398	2.743317
106.7420	2.796988	2.904658	3.006918	3.134355	3.218622	0.5140725	3.406343
106.8944	3.420643	3.39551	3.466029	3.521643	3.601269	0.4637312	3.596383
107.0468	2.451494	2.412311	2.473628	2.520428	2.601537	0.4386078	2.593817
107.1992	2.134793	2.115675	2.080003	2.112338	2.169316	0.4120446	2.124125
107.3516	2.826402	2.952557	2.936818	2.960387	3.012646	0.3809105	3.057703
107.5040	2.119334	2.129644	2.200476	2.216445	2.269325	0.3757335	2.295046
107.6564	2.538199	2.628445	2.834826	2.928313	2.952283	0.3716021	3.213265
107.8088	2.039652	2.216435	2.272972	2.344942	2.379833	0.371198	2.615486
107.9612	1.967446	2.047023	2.085826	2.129936	2.144617	0.3727844	2.22326
108.1136	2.251485	2.42415	2.512754	2.594146	2.602445	0.3602742	2.853623
108.2660	2.218193	2.412512	2.520467	2.600656	2.632099	0.3567359	2.943288
108.4184	2.006141	2.095696	2.117165	2.156439	2.169069	0.3552908	2.231812
108.5708	2.014399	2.052374	2.104776	2.115183	2.13551	0.3476627	2.161175
108.7232	2.027737	2.113437	2.161617	2.156595	2.197878	0.3444123	2.26386
108.8756	2.037373	2.17453	2.197926	2.193701	2.228067	0.3478512	2.322121
109.0280	2.213342	2.416607	2.510963	2.516463	2.560999	0.3517945	2.803952
109.1804	2.365324	2.579022	2.714436	2.739044	2.826046	0.3553428	3.156947
109.3328	2.522121	2.713316	2.835504	2.847438	2.919576	0.3586007	3.188704
109.4852	2.365968	2.601004	2.721785	2.745848	2.817173	0.3624608	3.156449
109.6376	2.450487	2.646236	2.772568	2.802629	2.866189	0.3652658	3.153775
109.7900	2.678251	2.788204	2.869376	2.895204	2.950586	0.3639205	3.069981
109.9424	2.533032	2.527489	2.648762	2.675301	2.736669	0.373827	2.788367
110.0948	2.441009	2.45582	2.558808	2.615558	2.706664	0.3664145	2.782394
110.2472	2.516739	2.71663	2.781825	2.87156	2.915357	0.356461	3.195966
110.3996	2.030458	2.141959	2.173632	2.211627	2.233596	0.354793	2.330523
110.5520	2.046472	2.169049	2.194922	2.192688	2.205648	0.3431979	2.28444
110.7044	2.042987	2.280532	2.332445	2.289136	2.337201	0.3374906	2.551934
110.8568	2.31335	2.533159	2.597413	2.565377	2.603215	0.3383988	2.811831
111.0092	2.308619	2.576433	2.661837	2.639895	2.688926	0.342884	2.986173
111.1616	2.602382	2.875489	3.0322	2.991067	3.057238	0.3459909	3.422339
111.3140	2.685781	2.918971	3.126957	3.084939	3.150993	0.351732	3.520144
111.4664	2.668867	2.881734	3.121588	3.082317	3.155288	0.3570239	3.533782
111.6188	2.814965	3.077026	3.3379	3.336001	3.435311	0.3556733	3.908822
111.7712	2.674361	2.790285	2.90023	2.923865	3.006698	0.3574597	3.171789
111.9236	2.295611	2.197704	2.211982	2.25298	2.303565	0.3601362	2.252434
112.0760	2.760829	2.747797	2.819893	2.892727	3.014392	0.354609	3.039176
112.2284	2.749033	2.741482	2.749261	2.808009	2.880049	0.3548067	2.842376
112.3808	2.769059	2.76386	2.77018	2.791614	2.842602	0.3551319	2.820383
112.5332	3.008132	3.215252	3.302781	3.403095	3.470647	0.3489365	3.757869
112.6856	2.532759	2.588984	2.661021	2.709245	2.702528	0.3539111	2.832619
112.8380	1.745278	1.910772	2.024967	2.163758	2.184894	0.3572378	2.451819
112.9904	2.402844	2.413018	2.450779	2.494563	2.473077	0.34486	2.506188
113.1428	2.284496	2.336658	2.41474	2.472606	2.464575	0.3409662	2.542302
113.2952	2.314216	2.44061	2.496389	2.53907	2.526532	0.347887	2.654597
113.4476	2.200482	2.373748	2.473201	2.484484	2.474339	0.3680849	2.684206
113.6000	2.28061	2.45912	2.506575	2.442107	2.406748	0.4014083	2.519042
113.7524	1.885817	2.129024	2.302812	2.321448	2.312578	0.4480822	2.641365
113.9048	2.217187	2.443773	2.558312	2.545298	2.567894	0.4771618	2.841728
114.0572	2.772037	3.195469	3.372108	3.403093	3.410486	0.4787135	3.933295
114.2096	3.066567	3.538203	3.708471	3.749268	3.746339	0.4642238	4.323259
114.3620	2.991467	3.46824	3.64484	3.690769	3.7061	0.4312648	4.294217
114.5144	2.930513	3.307567	3.435078	3.496507	3.499844	0.3948895	3.979698
114.6668	2.357712	2.369425	2.392553	2.409171	2.382979	0.3744941	2.393543
114.8192	2.255682	2.129423	2.178359	2.198151	2.200471	0.3627492	2.183253
114.9716	2.424356	2.267538	2.274743	2.26919	2.276151	0.3511032	2.196904
115.1240	5.10011	5.902663	6.24758	6.241802	6.253033	0.3423297	7.228186
115.2764	3.003294	3.273024	3.345587	3.278181	3.24782	0.3575706	3.449836
115.4288	2.794699	3.078379	3.19539	3.14378	3.135753	0.3659727	3.412452
115.5812	3.885161	4.437589	4.747136	4.684483	4.617871	0.35057	5.415277
115.7336	3.336392	3.739491	3.868262	3.813722	3.745219	0.3455937	4.149823
115.8860	2.40616	2.541094	2.523246	2.493316	2.424821	0.3442645	2.487175
116.0384	2.189346	2.301291	2.26943	2.225283	2.154552	0.340441	2.213924
116.1908	2.467392	2.498512	2.431329	2.441264	2.294856	0.334103	2.313779
116.3432	1.734038	1.763343	1.945612	1.921336	1.996543	0.3395272	2.128377
116.4956	2.256427	2.321817	2.424975	2.469384	2.431759	0.3455158	2.532778
116.6480	2.293135	2.450962	2.549618	2.591451	2.620447	0.344299	2.848575
116.8004	1.92562	2.086827	2.191589	2.209413	2.251072	0.3464488	2.484092
116.9528	1.945443	2.105594	2.199468	2.224056	2.253132	0.3420538	2.474189
117.1052	1.955298	2.116773	2.206204	2.219138	2.259434	0.3394182	2.471591
117.2576	1.851376	2.022615	2.114493	2.147607	2.189394	0.3397212	2.435174
117.4100	1.965767	2.080708	2.174745	2.184201	2.218263	0.3392785	2.376387
117.5624	1.898999	2.045731	2.147992	2.168844	2.198715	0.3382097	2.409067
117.7148	1.871593	2.043471	2.131833	2.165722	2.193221	0.3367788	2.432459
117.8672	1.930292	2.058504	2.129885	2.141676	2.172449	0.3335961	2.324091
118.0196	1.846586	1.958142	1.990839	2.003428	2.037507	0.334453	2.13245
118.1720	1.912073	1.984268	2.024939	2.03949	2.062789	0.3385544	2.116318
118.3244	2.036964	2.095962	2.191422	2.210613	2.274331	0.3349112	2.385825
118.4768	1.798267	1.897103	1.955209	1.997761	2.044906	0.3377246	2.164665
118.6292	1.745155	1.82328	1.833362	1.87328	1.917441	0.3404702	1.977968
118.7816	1.72464	1.791067	1.811691	1.853119	1.894087	0.3321083	1.949396
118.9340	1.766572	1.845199	1.877368	1.907249	1.948701	0.3313238	2.021766
119.0864	1.656957	1.758887	1.780982	1.825012	1.881116	0.3332102	1.984569
119.2388	1.731202	1.793653	1.795173	1.827997	1.883007	0.3409631	1.91189
119.3912	1.690658	1.774375	1.81486	1.817847	1.868045	0.3519849	1.940441
119.5436	2.424077	2.602403	2.766911	2.766145	2.858427	0.3506712	3.159861
119.6960	2.453011	2.581353	2.697022	2.668345	2.707361	0.3532323	2.876681
119.8484	1.582082	1.694567	1.750212	1.7593	1.816773	0.3586296	1.946319
120.0008	1.703285	1.788226	1.799119	1.805349	1.851407	0.3528178	1.900359
120.1532	1.69772	1.776049	1.809419	1.806015	1.851986	0.3427051	1.906948
120.3056	2.0699	2.260809	2.437155	2.485627	2.563715	0.3416496	2.856219
120.4580	1.788623	1.819401	1.864984	1.881636	1.939653	0.3420131	1.985203
120.6104	1.657004	1.773877	1.906778	1.976375	2.035879	0.3388715	2.263832
120.7628	1.52592	1.597036	1.672366	1.729069	1.803269	0.3339071	1.947738
120.9152	1.557747	1.642577	1.714269	1.74618	1.818164	0.3350746	1.957341
121.0676	1.545376	1.632538	1.712477	1.754111	1.813084	0.3383592	1.968448
121.2200	1.519394	1.642582	1.741798	1.799624	1.839879	0.3452372	2.046888
121.3724	1.7384	1.847971	1.928755	1.981619	2.027653	0.3510948	2.207852
121.5248	1.745256	1.886632	1.954426	2.020093	2.081221	0.3485631	2.296719
121.6772	1.712901	1.843952	1.88241	1.927153	1.972885	0.3475531	2.129236
121.8296	1.555913	1.653337	1.756222	1.809943	1.866779	0.3426352	2.042541
121.9820	1.454674	1.560887	1.651934	1.697266	1.769013	0.3350765	1.952659
122.1344	1.559923	1.668633	1.765263	1.774507	1.894859	0.3319233	2.046683
122.2868	1.717491	1.784176	1.856866	1.885877	1.947781	0.3302933	2.056657
122.4392	1.89764	2.087338	2.218494	2.248891	2.333031	0.327995	2.602871
122.5916	1.706741	1.835276	1.93317	1.963274	2.048681	0.3346215	2.233544
122.7440	1.620889	1.737931	1.804772	1.850181	1.915794	0.3403723	2.090326
122.8964	1.587305	1.666575	1.750563	1.787048	1.859424	0.3403583	2.002789
123.0488	1.905406	1.995265	2.088246	2.13762	2.205284	0.3403895	2.37279
123.2012	1.657678	1.753096	1.839252	1.885858	1.960911	0.3422493	2.13572
123.3536	1.683744	1.762805	1.845859	1.881684	1.958017	0.3395182	2.097526
123.5060	1.636218	1.724599	1.798284	1.815955	1.882163	0.3346832	2.011799
123.6584	1.755798	1.915782	2.007771	2.021091	2.08293	0.3316801	2.303098
123.8108	1.719781	1.81648	1.869675	1.878755	1.947614	0.3282137	2.05933
123.9632	1.66317	1.733813	1.7965	1.812325	1.864236	0.3295966	1.959066
124.1156	1.405474	1.547715	1.611583	1.643222	1.720673	0.3301545	1.880419
124.2680	1.512708	1.625605	1.694581	1.736596	1.798407	0.329021	1.955571
124.4204	1.758006	1.832495	1.869762	1.896534	1.939166	0.3286763	2.022044
124.5728	1.645896	1.723638	1.782395	1.803922	1.867361	0.3286697	1.970945
124.7252	1.635964	1.73257	1.786392	1.811429	1.871181	0.3287068	1.99264
124.8776	1.663124	1.743397	1.795264	1.823761	1.881423	0.3289804	1.98233
125.0300	1.670318	1.751557	1.809494	1.842037	1.901421	0.3297587	2.015019
125.1824	1.681634	1.77122	1.836763	1.862773	1.931961	0.3362645	2.060382
125.3348	1.80461	1.895374	1.966517	1.991899	2.054384	0.3317901	2.177894
125.4872	1.543657	1.688507	1.757858	1.79581	1.870456	0.331049	2.055457
125.6396	1.530246	1.595139	1.673414	1.717093	1.772709	0.3326169	1.899508
125.7920	1.484447	1.596998	1.652009	1.698175	1.755347	0.326223	1.919918
125.9444	1.519029	1.610009	1.667969	1.707296	1.761989	0.3247782	1.896629
126.0968	1.460791	1.590744	1.651229	1.680129	1.736377	0.326585	1.907161
126.2492	1.484695	1.631905	1.72109	1.7558	1.812197	0.3250036	2.027868
126.4016	1.492482	1.618002	1.735036	1.78978	1.843684	0.3246163	2.059024
126.5540	1.540536	1.629364	1.733008	1.79671	1.855005	0.3244754	2.036466
126.7064	1.622604	1.697914	1.798101	1.876307	1.922425	0.3221011	2.110528
126.8588	1.658206	1.745943	1.83701	1.90848	1.947777	0.322771	2.126926
127.0112	1.516967	1.618605	1.727729	1.807324	1.859492	0.3247283	2.06966
127.1636	1.595235	1.688954	1.795745	1.866356	1.91574	0.3227043	2.12482
127.3160	1.520953	1.646285	1.765181	1.840245	1.908357	0.321693	2.132155
127.4684	1.509727	1.644921	1.761774	1.794532	1.862129	0.3219545	2.08045
127.6208	1.53279	1.622288	1.706604	1.761308	1.813632	0.3230757	1.987082
127.7732	1.669906	1.86551	2.02625	2.088587	2.172561	0.3231539	2.496843
127.9256	1.669879	1.852161	1.998476	2.05986	2.131814	0.3224664	2.427717
128.0780	1.778684	1.963521	2.124002	2.182889	2.256468	0.3215564	2.559738
128.2304	1.529413	1.657941	1.764614	1.810379	1.878495	0.3207995	2.09382
128.3828	1.534643	1.634542	1.737962	1.78945	1.852441	0.3166737	2.037237
128.5352	1.488672	1.605616	1.711563	1.768606	1.831171	0.3159272	2.033165
128.6876	1.547006	1.681489	1.789422	1.832033	1.896072	0.3170356	2.115359
128.8400	1.700619	1.907811	2.068827	2.144059	2.228836	0.3172397	2.559431
128.9924	1.551214	1.681185	1.758068	1.790112	1.838164	0.3223016	2.032737
129.1448	1.592681	1.716742	1.780249	1.791612	1.824171	0.3270782	1.976023
129.2972	1.714962	1.888239	2.014586	2.037395	2.095443	0.3266045	2.348571
129.4496	1.784903	1.983443	2.123762	2.152601	2.213246	0.329222	2.496785
129.6020	1.67112	1.814082	1.910315	1.920642	1.959957	0.3362903	2.171575
129.7544	1.674399	1.834135	1.929895	1.939364	1.980031	0.3367689	2.207557
129.9068	1.809699	1.968252	2.085131	2.119081	2.168983	0.3354463	2.40463
130.0592	1.598284	1.71174	1.808925	1.851606	1.897783	0.3336989	2.080558
130.2116	1.801589	1.924482	1.999614	2.047398	2.065067	0.3305657	2.246722
130.3640	1.553504	1.643856	1.709025	1.749186	1.77234	0.3263684	1.905395
130.5164	1.64984	1.708778	1.775574	1.799791	1.80277	0.320271	1.884888
130.6688	1.576743	1.662062	1.732634	1.773398	1.789984	0.3196155	1.921763
130.8212	1.605882	1.716198	1.777786	1.811739	1.826501	0.3209901	1.971099
130.9736	1.636073	1.765075	1.826913	1.867541	1.881411	0.3214664	2.052789
131.1260	1.641869	1.762274	1.815392	1.872162	1.8849	0.3227645	2.048633
131.2784	1.616805	1.720243	1.77571	1.810823	1.828759	0.3232361	1.957901
131.4308	1.71119	1.796274	1.871784	1.891674	1.895889	0.3224943	2.011515
131.5832	1.685762	1.839481	1.927998	1.967163	1.964971	0.3298211	2.188987
131.7356	1.629765	1.711429	1.78277	1.807559	1.83927	0.336692	1.954859
131.8880	1.818865	1.964057	2.085027	2.124462	2.173202	0.3389639	2.41942
132.0404	1.928666	2.093157	2.231948	2.27161	2.329042	0.3432495	2.606915
132.1928	1.852766	2.050991	2.191181	2.235612	2.294417	0.3438942	2.593601
132.3452	1.874247	2.036472	2.151236	2.200829	2.243629	0.3402299	2.506871
132.4976	1.736789	1.848076	1.94144	1.978709	2.015301	0.3394565	2.18404
132.6500	1.517487	1.64887	1.75136	1.812398	1.856152	0.3386863	2.062388
132.8024	1.702007	1.823766	1.915622	1.955406	1.985118	0.3341835	2.18063
132.9548	1.679957	1.782754	1.885114	1.937669	1.976052	0.3316158	2.172953
133.1072	1.597504	1.715243	1.801542	1.848862	1.882099	0.3375504	2.079828
133.2596	1.604966	1.666828	1.720892	1.756933	1.795456	0.3439709	1.87689
133.4120	1.706872	1.80706	1.872328	1.890057	1.97369	0.3390622	2.106642
133.5644	1.891512	1.954502	2.028935	2.047191	2.100442	0.3394353	2.199356
133.7168	1.616195	1.666898	1.746721	1.78661	1.84936	0.3423231	1.959685
133.8692	1.591971	1.705799	1.777631	1.84451	1.916176	0.3345094	2.097466
134.0216	1.67404	1.788278	1.875755	1.920664	1.99507	0.3319476	2.196996
134.1740	1.728936	1.851395	1.914121	1.975808	2.035681	0.3332852	2.22765
134.3264	1.621376	1.764824	1.837816	1.910272	1.97164	0.3345791	2.174113
134.4788	1.675508	1.797526	1.887045	1.938803	2.016699	0.3340141	2.211554
134.6312	1.674345	1.818094	1.888617	1.947394	2.022501	0.3328022	2.222903
134.7836	1.686886	1.828455	1.911416	1.973868	2.037121	0.3319258	2.247968
134.9360	1.607377	1.732275	1.809023	1.870372	1.923859	0.3325653	2.112885
135.0884	1.546816	1.64023	1.742673	1.789578	1.849919	0.3345956	2.041805
135.2408	1.486997	1.589206	1.67591	1.713125	1.794424	0.3421868	1.960678
135.3932	1.583812	1.679509	1.77997	1.834421	1.895329	0.3482795	2.10243
135.5456	1.587496	1.689804	1.780616	1.837178	1.911459	0.355727	2.105913
135.6980	1.599939	1.708115	1.78506	1.833438	1.90423	0.3646222	2.091262
135.8504	1.62157	1.736449	1.823804	1.871904	1.947256	0.3662827	2.160956
136.0028	1.69296	1.795348	1.891115	1.933133	2.006308	0.3671778	2.200031
136.1552	1.64363	1.776575	1.865446	1.919804	1.99096	0.3671424	2.192429
136.3076	1.544998	1.646531	1.742095	1.789435	1.867319	0.3698497	2.0502
136.4600	1.638407	1.710104	1.787738	1.842455	1.906375	0.3772147	2.046601
136.6124	1.733809	1.83179	1.914933	1.946699	2.011755	0.3758862	2.168715
136.7648	1.738043	1.7693	1.841133	1.876788	1.917057	0.3829744	1.991171
136.9172	1.702715	1.788516	1.873058	1.902912	1.954727	0.3899103	2.089559
137.0696	1.877506	1.926058	2.012901	2.052247	2.092847	0.3826066	2.195984
137.2220	1.658929	1.710258	1.797943	1.841666	1.893582	0.3864158	2.007897
137.3744	1.67	1.701179	1.777531	1.827232	1.883706	0.3849639	1.967849
137.5268	1.690163	1.734804	1.808769	1.845276	1.902004	0.3817449	1.98615
137.6792	1.770479	1.821484	1.922337	1.971816	2.029276	0.3787737	2.15696
137.8316	1.626133	1.722169	1.78138	1.812092	1.844856	0.3794266	1.952762
137.9840	1.653426	1.75874	1.812005	1.814361	1.845216	0.3852014	1.947738
138.1364	2.073502	2.115334	2.151283	2.118176	2.134844	0.3897533	2.149741
138.2888	2.051827	2.044995	2.090304	2.077375	2.101358	0.396556	2.09175
138.4412	1.759141	1.831214	1.891418	1.889993	1.935505	0.4088382	2.003294
138.5936	1.831856	1.883717	1.949051	1.936304	1.990571	0.4097103	2.033593
138.7460	1.931468	1.971448	2.035992	2.030917	2.064942	0.4099063	2.101754
138.8984	1.96794	1.991933	2.065679	2.04679	2.079956	0.4110799	2.09698
139.0508	1.920913	1.981872	2.045559	2.032266	2.066147	0.4106692	2.118155
139.2032	1.903573	1.952511	2.019295	2.005632	2.041603	0.4092122	2.084314
139.3556	1.921621	2.002457	2.055654	2.054194	2.07954	0.3938436	2.153051
139.5080	1.881051	1.950263	1.992962	2.052258	2.057759	0.3869003	2.139174
139.6604	1.95853	1.959167	1.992258	2.030558	1.992932	0.379052	2.007266
139.8128	2.219928	2.340139	2.460981	2.435084	2.403987	0.3649135	2.551832
139.9652	1.834377	1.941558	2.029737	2.043936	2.013165	0.364456	2.148002
140.1176	1.743534	1.852418	1.941934	1.956982	1.944537	0.3627422	2.087934
140.2700	1.729599	1.849362	1.942962	1.952736	1.939484	0.3568971	2.095398
140.4224	1.903318	1.967759	2.043882	2.043885	2.017127	0.3548592	2.07689
140.5748	1.687086	1.799863	1.903052	1.905571	1.907085	0.355262	2.062834
140.7272	1.776899	1.869292	1.959375	1.967699	1.955522	0.3560203	2.076261
140.8796	1.829655	1.914198	1.994867	2.012561	1.988492	0.3573436	2.094652
141.0320	1.765098	1.868824	1.963094	1.97298	1.960199	0.3623414	2.101079
141.1844	1.844264	1.930511	2.02563	2.045325	2.040618	0.3638895	2.159472
141.3368	2.017814	2.09585	2.172229	2.193135	2.197641	0.3635909	2.293847
141.4892	2.245548	2.357932	2.472664	2.507401	2.547285	0.3565503	2.729354
141.6416	1.963864	2.002203	2.046963	2.07004	2.083156	0.3490488	2.115918
141.7940	1.871925	1.919868	1.953776	1.983388	2.007255	0.3458378	2.032752
141.9464	2.128314	2.220733	2.31692	2.33303	2.353315	0.3337588	2.479098
142.0988	1.987945	2.116559	2.163529	2.184324	2.208457	0.3375264	2.339968
142.2512	1.830149	1.926239	2.000262	2.021459	2.022993	0.3430836	2.138186
142.4036	2.289081	2.448215	2.588062	2.639567	2.644132	0.3360749	2.919828
142.5560	2.00678	2.122831	2.193114	2.239363	2.232102	0.3371006	2.385719
142.7084	1.740211	1.863285	1.945274	1.992284	1.999347	0.3407993	2.183668
142.8608	1.823463	1.932756	2.010495	2.054423	2.050453	0.3393939	2.203729
143.0132	1.88896	2.007882	2.10295	2.153867	2.165624	0.3410921	2.35419
143.1656	2.044562	2.165279	2.263558	2.306951	2.304496	0.3438007	2.486546
143.3180	1.989649	2.11849	2.223319	2.283269	2.28231	0.347566	2.49402
143.4704	1.811915	1.96081	2.036817	2.092526	2.090603	0.3591492	2.302987
143.6228	1.992512	2.092846	2.224152	2.28291	2.284432	0.3606193	2.484959
143.7752	1.873806	2.020098	2.148385	2.166934	2.203309	0.3601131	2.41997
143.9276	1.918112	2.020336	2.088127	2.118195	2.128423	0.3737987	2.24389
144.0800	1.938478	2.024129	2.077562	2.067876	2.078101	0.3808832	2.147324
144.2324	2.17012	2.290153	2.376874	2.37866	2.415168	0.3834417	2.555978
144.3848	2.179366	2.335011	2.403585	2.401377	2.432789	0.3840572	2.592628
144.5372	1.973366	2.08259	2.14936	2.138651	2.169461	0.3850553	2.278903
144.6896	1.97099	2.011228	2.060804	2.060005	2.074367	0.3789313	2.102611
144.8420	2.038452	2.131213	2.197889	2.229218	2.251955	0.3693378	2.363731
144.9944	2.034579	2.172176	2.246506	2.280949	2.309812	0.3695732	2.477297
145.1468	2.050917	2.090106	2.142021	2.155045	2.163842	0.3796377	2.198254
145.2992	2.126447	2.292396	2.38303	2.39417	2.441036	0.387388	2.652266
145.4516	2.05399	2.184865	2.246429	2.293567	2.310394	0.3938696	2.468976
145.6040	2.19804	2.401127	2.513533	2.543506	2.564846	0.4018362	2.806281
145.7564	2.184161	2.324614	2.423815	2.457884	2.459296	0.3984303	2.642658
145.9088	2.283021	2.419281	2.506546	2.532117	2.540595	0.4015369	2.705417
146.0612	1.980213	2.108797	2.18457	2.202828	2.206947	0.413029	2.352727
146.2136	2.388221	2.591835	2.732382	2.76181	2.778619	0.4155733	3.080549
146.3660	2.576012	2.789907	2.944299	2.983616	2.998057	0.4177357	3.330357
146.5184	2.522452	2.742641	2.893404	2.936229	2.955897	0.4157269	3.296216
146.6708	2.367695	2.543506	2.657472	2.674634	2.683557	0.4131832	2.918753
146.8232	2.017475	2.127814	2.2079	2.218883	2.235354	0.4126706	2.360271
146.9756	2.095418	2.222675	2.287431	2.310824	2.325404	0.3979817	2.459787
147.1280	2.067829	2.199822	2.268749	2.307241	2.324894	0.3891954	2.490985
147.2804	1.992837	2.082077	2.154532	2.183407	2.182392	0.3897654	2.29015
147.4328	1.894633	1.952191	2.016611	2.037469	2.033353	0.3839027	2.094138
147.5852	2.062629	2.182978	2.268533	2.30349	2.318588	0.3809781	2.48265
147.7376	1.893369	1.970794	2.034173	2.066849	2.076558	0.3844496	2.155822
147.8900	1.984411	2.063444	2.127601	2.158183	2.164717	0.3802773	2.256113
148.0424	2.025552	2.082926	2.163831	2.1847	2.190861	0.3764544	2.273448
148.1948	1.875876	1.989904	2.037899	2.063218	2.06775	0.3774596	2.181778
148.3472	2.166109	2.242999	2.340158	2.364412	2.414783	0.3766492	2.540076
148.4996	1.905346	1.969426	2.045361	2.096154	2.136393	0.3778201	2.248334
148.6520	2.148205	2.27266	2.416893	2.474411	2.538932	0.3765036	2.792653
148.8044	1.827929	1.931912	2.013006	2.03657	2.069804	0.3755247	2.212059
148.9568	1.880261	1.979482	2.037392	2.047437	2.069575	0.3755593	2.167551
149.1092	1.885313	1.966945	2.037569	2.061712	2.084538	0.375156	2.188967
149.2616	1.950706	2.057509	2.158061	2.188947	2.233751	0.3759748	2.402072
149.4140	1.904107	2.010283	2.107969	2.171231	2.229319	0.3716695	2.423586
149.5664	1.985489	2.066291	2.127693	2.168126	2.227418	0.368254	2.342337
149.7188	1.776542	1.905522	1.957708	1.997211	2.056238	0.3612114	2.21747
149.8712	1.831521	1.941181	1.99378	2.035635	2.082971	0.3547948	2.220274
150.0236	1.812315	1.936274	1.983445	2.025647	2.073068	0.3526847	2.22238
150.1760	1.803198	1.926939	1.993774	2.033053	2.087494	0.3536429	2.25643
150.3284	1.826785	1.941485	2.021897	2.068386	2.122535	0.3567672	2.30134
150.4808	1.886652	1.967694	2.076247	2.131304	2.17978	0.3607414	2.350329
150.6332	2.023761	2.157769	2.245019	2.304144	2.347786	0.363731	2.556492
150.7856	1.992202	2.109745	2.213158	2.280039	2.32813	0.3657215	2.540898
150.9380	1.882542	1.986702	2.095798	2.168314	2.232109	0.3612092	2.449891
151.0904	2.128282	2.237009	2.370114	2.418883	2.480159	0.3489392	2.695256
151.2428	1.803099	1.953293	2.033902	2.053124	2.113116	0.3401435	2.303106
151.3952	1.975063	2.048172	2.091985	2.11199	2.15676	0.3328761	2.229571
151.5476	1.893071	1.981379	2.041218	2.058132	2.107669	0.3288628	2.21105
151.7000	1.852686	1.984355	2.032169	2.051695	2.103412	0.3295834	2.24516
151.8524	1.866802	1.998926	2.052197	2.075895	2.123253	0.3303672	2.273283
152.0048	1.84401	1.969766	2.029254	2.047046	2.109365	0.3311093	2.258747
152.1572	1.932064	1.996894	2.063687	2.07722	2.133737	0.3340011	2.215793
152.3096	1.919389	2.011908	2.080804	2.095098	2.144787	0.3454766	2.260031
152.4620	2.201237	2.36548	2.525639	2.572093	2.644911	0.3448911	2.90909
152.6144	2.270246	2.357108	2.405279	2.439177	2.463565	0.3485773	2.55111
152.7668	2.03917	2.079092	2.168698	2.215455	2.245439	0.3553081	2.328743
152.9192	2.19084	2.252363	2.317521	2.356014	2.378532	0.346044	2.450215
153.0716	2.186204	2.243339	2.318943	2.348324	2.37073	0.3451175	2.438689
153.2240	2.143523	2.235207	2.304348	2.335987	2.355537	0.3459809	2.460867
153.3764	2.184483	2.230093	2.302575	2.328105	2.355677	0.3460768	2.409632
153.5288	2.249122	2.309214	2.364461	2.396199	2.413869	0.3463224	2.471287
153.6812	2.137326	2.196349	2.249353	2.264734	2.276816	0.3530449	2.314684
153.8336	2.030349	2.148841	2.207447	2.194643	2.212972	0.368617	2.307578
153.9860	1.971255	2.091461	2.1314	2.119041	2.151254	0.3788503	2.223288
154.1384	2.432225	2.471517	2.515024	2.513849	2.564161	0.3844922	2.575228
154.2908	2.16248	2.16828	2.18301	2.246441	2.255924	0.392715	2.262259
154.4432	1.9647	2.010752	2.052115	2.142695	2.141864	0.3904007	2.207488
154.5956	2.057175	2.084709	2.138359	2.193748	2.218385	0.3825201	2.254067
154.7480	2.040132	2.053667	2.09273	2.1442	2.16262	0.3967368	2.177649
154.9004	2.213707	2.274231	2.307758	2.371639	2.382995	0.4051336	2.434052
155.0528	2.82015	2.989321	3.059499	3.138705	3.186704	0.4001997	3.402532
155.2052	2.269351	2.31219	2.333058	2.391578	2.418015	0.4063356	2.445983
155.3576	2.152481	2.136481	2.173638	2.224786	2.233747	0.4075919	2.218415
155.5100	2.001884	2.062691	2.109144	2.140919	2.142747	0.3960371	2.194535
155.6624	2.221397	2.361944	2.451778	2.475445	2.462551	0.3939618	2.639629
155.8148	1.987902	2.080753	2.172311	2.215078	2.218526	0.4028441	2.354995
155.9672	1.957133	2.05186	2.124633	2.145019	2.17546	0.4032144	2.282928
156.1196	2.426363	2.556605	2.680022	2.740198	2.787512	0.3984319	3.00651
156.2720	2.4435	2.569878	2.687795	2.714342	2.763946	0.404785	2.946712
156.4244	2.48038	2.58274	2.695414	2.734294	2.77881	0.4038007	2.935428
156.5768	2.268233	2.365882	2.456591	2.488479	2.518732	0.4006228	2.658573
156.7292	1.906756	1.987329	2.051954	2.091094	2.107655	0.4031631	2.215455
156.8816	1.905402	1.977983	2.049355	2.086296	2.106621	0.4050666	2.20536
157.0340	2.283618	2.399137	2.515665	2.549531	2.593797	0.411405	2.775719
157.1864	2.217069	2.308661	2.372736	2.399292	2.458946	0.4149383	2.547965
157.3388	2.288864	2.314196	2.396912	2.396937	2.474273	0.4080397	2.49997
157.4912	2.167851	2.206043	2.221606	2.236406	2.276621	0.4097695	2.265423
157.6436	2.156321	2.182253	2.181475	2.178362	2.217627	0.4041654	2.199826
157.7960	2.215567	2.267912	2.277772	2.30042	2.342388	0.3943332	2.345965
157.9484	2.16869	2.230189	2.255073	2.266012	2.317765	0.3938319	2.337692
158.1008	2.104468	2.12252	2.146172	2.150679	2.197643	0.3972199	2.18445
158.2532	2.148802	2.215004	2.234803	2.242184	2.296692	0.3954511	2.321749
158.4056	2.523841	2.568414	2.616096	2.598419	2.654432	0.4019689	2.666715
158.5580	2.423907	2.51934	2.569805	2.58092	2.649613	0.426543	2.719619
158.7104	3.097844	3.381199	3.507086	3.513389	3.567257	0.4297722	3.907095
158.8628	3.081444	3.396423	3.542948	3.539354	3.599737	0.422022	4.014621
159.0152	2.225025	2.273573	2.312717	2.328219	2.345396	0.422152	2.364155
159.1676	2.086429	2.120438	2.150466	2.154104	2.179246	0.3987478	2.167769
159.3200	2.215883	2.208801	2.226683	2.244825	2.254487	0.3810778	2.236645
159.4724	2.222719	2.204996	2.224952	2.232061	2.238764	0.384629	2.227556
159.6248	2.147542	2.161784	2.201817	2.201547	2.222162	0.3924705	2.203749
159.7772	2.706364	2.80814	2.856644	2.88736	2.894947	0.3947055	2.969488
159.9296	2.271045	2.335233	2.380454	2.410043	2.402724	0.403026	2.454283
160.0820	2.912941	3.111126	3.308531	3.368595	3.38639	0.4044121	3.747886
160.2344	2.979689	3.194343	3.389007	3.471775	3.479686	0.3981752	3.872627
160.3868	2.988576	3.190574	3.37661	3.445083	3.436667	0.3929838	3.787759
160.5392	2.814229	3.016256	3.167982	3.257101	3.254408	0.379131	3.597048
160.6916	2.338063	2.433391	2.51457	2.569398	2.554678	0.3701575	2.687473
160.8440	2.173083	2.282456	2.382402	2.428188	2.41972	0.3606686	2.580524
160.9964	2.261009	2.374437	2.468306	2.471745	2.449954	0.3533222	2.556377
161.1488	2.532734	2.670341	2.781923	2.760269	2.76337	0.3521983	2.899709
161.3012	2.60055	2.77193	2.894766	2.867107	2.87532	0.3544517	3.06264
161.4536	2.61815	2.757273	2.86991	2.845702	2.856157	0.3587893	2.996796
161.6060	2.636869	2.779178	2.88588	2.859966	2.857027	0.3589221	2.982858
161.7584	2.651476	2.815985	2.928985	2.897189	2.901046	0.3597003	3.06274
161.9108	2.373857	2.51774	2.612479	2.589848	2.596662	0.3635797	2.723704
162.0632	3.292068	3.505049	3.607265	3.615315	3.6271	0.367153	3.822294
162.2156	2.620151	2.568147	2.620232	2.600769	2.629194	0.3711996	2.611432
162.3680	4.318045	4.479254	4.677763	4.733988	4.751136	0.3744399	4.981186
162.5204	4.08513	4.204585	4.367685	4.415944	4.40893	0.3801068	4.565061
162.6728	4.328166	4.366408	4.541113	4.577005	4.571874	0.3803211	4.622049
162.8252	4.046624	4.074702	4.190595	4.222619	4.211514	0.3754882	4.222343
162.9776	3.094393	3.061415	3.10252	3.110118	3.082769	0.378332	3.092697
163.1300	3.306524	3.451626	3.420445	3.45648	3.412056	0.3784087	3.456128
163.2824	2.494486	2.420755	2.393155	2.375936	2.323081	0.4033822	2.27456
163.4348	3.133212	3.261789	3.277273	3.205515	3.133436	0.420006	3.202474
163.5872	3.657105	3.720803	3.792289	3.768438	3.700754	0.431277	3.742788
163.7396	2.985994	2.969727	3.077622	3.0549	3.021235	0.4651001	3.02778
163.8920	3.277981	3.307824	3.382962	3.379977	3.317377	0.4666011	3.343777
164.0444	3.516107	3.628523	3.71138	3.701041	3.647093	0.4755255	3.687768
164.1968	3.734671	3.850116	3.904779	3.884327	3.825962	0.4769012	3.855433
164.3492	3.643201	3.673292	3.74089	3.708114	3.651312	0.4584631	3.68856
164.5016	3.063595	2.991699	3.09022	3.066949	3.025884	0.4301039	3.047632
164.6540	3.175799	3.154186	3.294317	3.282604	3.262151	0.400541	3.246399
164.8064	3.660794	3.586537	3.657558	3.675918	3.665973	0.3730876	3.649374
164.9588	5.323473	5.829716	5.976859	6.112014	6.106074	0.3532015	6.752032
165.1112	3.315504	3.481962	3.426952	3.495068	3.477001	0.3504254	3.521796
165.2636	2.596516	2.513597	2.518394	2.544425	2.527671	0.3482993	2.528909
165.4160	2.549231	2.517241	2.516114	2.526603	2.494889	0.3433517	2.516934
165.5684	2.954288	3.178102	3.247128	3.241025	3.199168	0.3353914	3.380548
165.7208	2.763102	2.907636	2.965286	3.002445	2.943631	0.3340292	3.053599
165.8732	2.265882	2.33383	2.401757	2.434292	2.389332	0.3375167	2.439441
166.0256	2.265853	2.338199	2.40748	2.424044	2.381137	0.3319679	2.428161
166.1780	2.366224	2.43961	2.508779	2.529327	2.480398	0.3291346	2.523809
166.3304	2.355742	2.434044	2.491497	2.520905	2.475333	0.328675	2.526429
166.4828	2.326208	2.40702	2.46433	2.493681	2.438277	0.3279358	2.48947
166.6352	2.231102	2.268575	2.337547	2.348938	2.3014	0.3297614	2.322537
166.7876	2.239146	2.305047	2.336267	2.344404	2.300155	0.3300999	2.322249
166.9400	2.812074	2.831856	2.92135	2.912833	2.92742	0.328866	2.959418
167.0924	2.727595	2.764517	2.86485	2.939254	2.990993	0.3325192	3.079406
167.2448	2.623971	2.621794	2.682837	2.745314	2.786364	0.3347424	2.795643
167.3972	2.663776	2.686111	2.751183	2.812156	2.864463	0.3346669	2.900606
167.5496	2.691615	2.697029	2.762083	2.824818	2.867828	0.3350548	2.889398
167.7020	2.657492	2.680053	2.759331	2.816988	2.865331	0.3357101	2.920243
167.8544	2.61708	2.637098	2.717494	2.776202	2.830817	0.3340275	2.871624
168.0068	2.567558	2.547444	2.600166	2.648645	2.689392	0.3291203	2.667726
168.1592	2.415346	2.34645	2.339989	2.38156	2.412325	0.3277489	2.381325
168.3116	2.220557	2.253996	2.266868	2.313038	2.363065	0.3241633	2.364411
168.4640	2.319265	2.398757	2.415378	2.438006	2.485524	0.3203681	2.526101
168.6164	2.182277	2.217351	2.309925	2.340293	2.379049	0.3206178	2.45085
168.7688	2.160856	2.216109	2.305773	2.349451	2.393743	0.3197851	2.491389
168.9212	2.225323	2.270574	2.353216	2.384921	2.417889	0.3187122	2.489765
169.0736	2.155707	2.22005	2.301224	2.34769	2.386904	0.3195564	2.490033
169.2260	2.145434	2.178984	2.285166	2.321534	2.362578	0.321408	2.442959
169.3784	2.14415	2.189674	2.265696	2.30727	2.342806	0.3213587	2.419774
169.5308	2.217574	2.276239	2.337821	2.395605	2.443664	0.3224034	2.53849
169.6832	1.999514	2.057354	2.127892	2.148456	2.211476	0.3238489	2.288961
169.8356	2.053464	2.104775	2.142645	2.162902	2.21696	0.3223863	2.261662
169.9880	2.026941	2.077164	2.132448	2.157415	2.203475	0.321748	2.259744
170.1404	2.054794	2.079734	2.119364	2.157938	2.211411	0.3214046	2.238995
170.2928	2.042449	2.094214	2.129108	2.149749	2.202977	0.3234857	2.242385
170.4452	2.119477	2.163557	2.214144	2.2545	2.311025	0.3247583	2.363845
170.5976	2.196817	2.226667	2.305123	2.347028	2.41742	0.3288331	2.478178
170.7500	2.683675	2.790504	2.912319	2.976352	3.060319	0.3308099	3.257249
170.9024	2.927792	3.110302	3.257171	3.323488	3.410651	0.332271	3.731188
171.0548	2.949409	3.120872	3.271609	3.330503	3.424821	0.3362682	3.730637
171.2072	2.941751	3.116292	3.255843	3.320096	3.407054	0.3343936	3.704291
171.3596	2.84815	3.026557	3.154123	3.216223	3.297017	0.325622	3.589019
171.5120	2.325459	2.44888	2.511554	2.547609	2.610515	0.3204276	2.75773
171.6644	1.945856	1.983535	2.026205	2.056065	2.104631	0.318537	2.137259
171.8168	1.982073	2.012185	2.025617	2.036622	2.069368	0.3162772	2.062419
171.9692	2.253212	2.319679	2.355705	2.340658	2.369547	0.3203169	2.394426
172.1216	2.235981	2.281476	2.369042	2.362814	2.394678	0.3340069	2.435
172.2740	2.48121	2.579626	2.646152	2.640761	2.672289	0.3424982	2.744436
172.4264	2.607608	2.705042	2.784125	2.808592	2.847619	0.3447494	2.944924
172.5788	2.566533	2.670927	2.748856	2.771165	2.805629	0.3473701	2.904549
172.7312	2.695796	2.79526	2.885686	2.876648	2.907099	0.344849	2.991884
172.8836	2.638902	2.74066	2.846117	2.845037	2.877103	0.3416197	2.983493
173.0360	2.623497	2.745587	2.834342	2.853134	2.878095	0.3418224	3.009199
173.1884	2.161841	2.201716	2.231802	2.254699	2.270899	0.3445411	2.276635
173.3408	2.26301	2.267276	2.308174	2.329882	2.368957	0.3435075	2.363074
173.4932	2.332116	2.413535	2.463819	2.48683	2.517126	0.3427542	2.594001
173.6456	1.987368	2.02773	2.072571	2.100847	2.130427	0.3456189	2.163814
173.7980	1.992803	2.018977	2.055722	2.09047	2.102911	0.3473806	2.119244
173.9504	2.126734	2.185921	2.226285	2.260086	2.291738	0.3482859	2.331212
174.1028	2.297323	2.38886	2.438461	2.447673	2.471248	0.3488494	2.536886
174.2552	2.371731	2.483165	2.543936	2.554436	2.579711	0.3516493	2.666605
174.4076	2.255289	2.350908	2.397145	2.403127	2.422564	0.3517174	2.483974
174.5600	2.124276	2.20899	2.250119	2.274942	2.309971	0.3495215	2.381375
174.7124	1.979856	2.006274	2.060048	2.093299	2.124376	0.3471509	2.149032
174.8648	2.09952	2.143034	2.217347	2.232002	2.26051	0.3461976	2.317907
175.0172	2.173658	2.28123	2.361789	2.399786	2.435308	0.341269	2.575052
175.1696	2.226401	2.325381	2.385579	2.416966	2.45835	0.3403414	2.573714
175.3220	1.896194	1.967895	2.029645	2.074902	2.122771	0.3418025	2.224705
175.4744	1.910771	1.960459	2.026746	2.067247	2.11484	0.3377395	2.195174
175.6268	1.886289	1.94603	2.0033	2.049252	2.096033	0.3356292	2.180421
175.7792	1.945293	1.990265	2.05282	2.088305	2.137619	0.3355813	2.206724
175.9316	1.892541	1.951043	2.011148	2.052998	2.103809	0.3370666	2.190174
176.0840	1.946743	1.999742	2.058394	2.100099	2.138441	0.3385307	2.211573
176.2364	1.969617	2.010817	2.062515	2.097015	2.141655	0.3395285	2.19588
176.3888	2.01402	2.084047	2.144049	2.174054	2.231116	0.3397889	2.320442
176.5412	1.945148	2.021214	2.09319	2.121282	2.171346	0.3394817	2.277161
176.6936	1.949895	2.000924	2.062818	2.09718	2.140878	0.3388301	2.215577
176.8460	1.876082	1.966634	2.033346	2.074859	2.125538	0.3375402	2.253838
176.9984	1.913856	2.000911	2.075077	2.112549	2.169334	0.3365356	2.300142
177.1508	1.885172	1.968786	2.062918	2.091121	2.147586	0.336437	2.287011
177.3032	1.888412	1.97346	2.040174	2.094024	2.143025	0.3369698	2.275188
177.4556	1.869026	1.959687	2.037872	2.073113	2.125808	0.3383304	2.26341
177.6080	1.940389	2.013839	2.086604	2.122473	2.175203	0.338365	2.286454
177.7604	1.966748	2.02847	2.094977	2.12762	2.177225	0.3372405	2.268088
177.9128	1.869969	1.946483	2.020372	2.052961	2.104488	0.336597	2.219545
178.0652	1.826426	1.879281	1.951326	1.986689	2.030376	0.3362058	2.120619
178.2176	1.749631	1.80528	1.867396	1.887786	1.936787	0.3365556	2.012897
178.3700	1.817419	1.890214	1.947258	1.976057	2.02177	0.3357392	2.110809
178.5224	1.874364	1.950258	2.013449	2.044602	2.0956	0.3357544	2.198422
178.6748	1.855875	1.920187	1.987844	2.015843	2.063614	0.3370048	2.15461
178.8272	1.86715	1.935283	2.003672	2.024017	2.076717	0.3384762	2.16864
178.9796	1.846645	1.905729	1.986273	2.011403	2.06655	0.3407659	2.166683
179.1320	1.827172	1.905915	1.973095	2.002093	2.049103	0.3432665	2.157912
179.2844	1.897675	1.967709	2.038152	2.063327	2.115021	0.3447542	2.213907
179.4368	1.844621	1.89818	1.972651	1.993243	2.045596	0.3475509	2.131742
179.5892	1.767833	1.824811	1.886052	1.908969	1.956609	0.346963	2.031327
179.7416	1.95747	2.040182	2.093816	2.138615	2.191086	0.3434784	2.299264
179.8940	1.814579	1.83225	1.88513	1.908341	1.949111	0.3439341	1.978516
180.0464	1.779765	1.842503	1.902637	1.938417	1.992528	0.3440895	2.079032
180.1988	1.869165	1.911376	1.975007	2.000582	2.048631	0.3438691	2.112934
180.3512	2.053412	2.128453	2.201659	2.237969	2.287858	0.3453985	2.397175
180.5036	1.98524	2.116022	2.175182	2.225487	2.279521	0.3467072	2.448795
180.6560	2.075217	2.140106	2.217821	2.25926	2.31759	0.3459972	2.420794
180.8084	2.050231	2.142272	2.227937	2.273397	2.330959	0.3406155	2.479833
180.9608	1.961486	2.0601	2.125819	2.175332	2.231993	0.3342082	2.374958
181.1132	1.653413	1.726517	1.809551	1.841528	1.892931	0.3287166	2.021374
181.2656	1.643297	1.679724	1.727771	1.752726	1.787577	0.3231335	1.834426
181.4180	1.570793	1.630348	1.682727	1.706326	1.739424	0.3207896	1.817096
181.5704	1.590732	1.667597	1.72901	1.762603	1.79529	0.3215952	1.903211
181.7228	1.583218	1.658126	1.718126	1.74939	1.783546	0.3233004	1.887323
181.8752	1.681815	1.742195	1.799998	1.828582	1.858373	0.324925	1.936953
182.0276	1.635529	1.707339	1.767012	1.794304	1.825528	0.3274021	1.923867
182.1800	1.605918	1.688103	1.754152	1.788472	1.822789	0.3286214	1.942556
182.3324	1.671247	1.740532	1.806643	1.833355	1.867143	0.3311551	1.96659
182.4848	1.60749	1.678018	1.735602	1.771062	1.796001	0.3356373	1.893961
182.6372	1.779683	1.825986	1.895994	1.911983	1.950979	0.3379082	2.02286
182.7896	1.728177	1.763935	1.808884	1.843226	1.889599	0.3377478	1.939749
182.9420	1.624135	1.679897	1.736229	1.758217	1.80809	0.3374583	1.882967
183.0944	1.685705	1.723479	1.778616	1.796768	1.842427	0.3347983	1.893326
183.2468	1.669873	1.709291	1.765756	1.793388	1.836054	0.3321853	1.892878
183.3992	1.62513	1.684636	1.738516	1.767672	1.816671	0.3315578	1.898679
183.5516	1.673583	1.719899	1.770297	1.79871	1.841897	0.330764	1.903904
183.7040	1.707238	1.725876	1.776486	1.806816	1.853423	0.3321816	1.888731
183.8564	1.680199	1.724126	1.778998	1.809266	1.861751	0.334164	1.929163
184.0088	1.751414	1.799347	1.836069	1.859186	1.906303	0.3344124	1.951962
184.1612	1.688406	1.706807	1.755596	1.761519	1.814577	0.3350489	1.836249
184.3136	1.588211	1.634237	1.685766	1.710291	1.759969	0.3347623	1.82299
184.4660	1.597384	1.646152	1.696889	1.723442	1.766453	0.3308904	1.829096
184.6184	1.571916	1.62884	1.676033	1.707102	1.749999	0.3287354	1.824573
184.7708	1.5571	1.623878	1.670366	1.693169	1.743163	0.3287503	1.823242
184.9232	1.581102	1.624348	1.673995	1.705272	1.750245	0.3293916	1.813488
185.0756	1.549207	1.600936	1.649868	1.676712	1.724328	0.3331535	1.791659
185.2280	1.60621	1.639839	1.700887	1.733889	1.777788	0.3363882	1.8408
185.3804	1.645136	1.660656	1.717347	1.746134	1.791499	0.3389164	1.82827
185.5328	1.683668	1.737981	1.803866	1.838534	1.882043	0.3391446	1.969798
185.6852	1.654176	1.716202	1.766191	1.803363	1.837713	0.3372493	1.919078
185.8376	1.518536	1.561423	1.599632	1.627479	1.657692	0.3368923	1.707887
185.9900	1.479382	1.532683	1.574661	1.606088	1.637652	0.335231	1.707298
186.1424	1.452488	1.505164	1.549226	1.585009	1.617539	0.3331996	1.686323
186.2948	1.505936	1.533339	1.571311	1.59813	1.625849	0.332149	1.65842
186.4472	1.493356	1.510742	1.558397	1.585003	1.616639	0.3328579	1.649195
186.5996	1.484807	1.550159	1.606953	1.639925	1.674645	0.3327821	1.769316
186.7520	1.586584	1.638682	1.700594	1.730148	1.759512	0.3323709	1.837074
186.9044	1.511731	1.56772	1.635427	1.662958	1.698434	0.3361657	1.791586
187.0568	1.47545	1.534574	1.607432	1.630376	1.665731	0.3388298	1.76232
187.2092	1.527308	1.592298	1.664517	1.68565	1.727937	0.3382498	1.829481
187.3616	1.555377	1.606416	1.682609	1.707581	1.741413	0.3364672	1.831019
187.5140	1.597771	1.626487	1.686978	1.698784	1.728862	0.3348337	1.771227
187.6664	1.540439	1.590571	1.625032	1.64547	1.681523	0.3361782	1.726272
187.8188	1.620542	1.647445	1.691761	1.706481	1.753373	0.3373809	1.780922
187.9712	1.632486	1.670754	1.724583	1.731671	1.776246	0.3415993	1.818759
188.1236	1.694168	1.761342	1.824277	1.85195	1.900257	0.3463307	1.994805
188.2760	1.732169	1.798988	1.851819	1.879797	1.924915	0.3487194	2.007963
188.4284	1.708634	1.766836	1.819514	1.851439	1.90464	0.3499451	1.980956
188.5808	1.74993	1.803333	1.842885	1.872285	1.918637	0.3506004	1.977207
188.7332	1.644458	1.693175	1.736075	1.761629	1.810263	0.3509562	1.861722
188.8856	1.645695	1.673259	1.70743	1.733479	1.780079	0.34957	1.804468
189.0380	1.585205	1.607712	1.639183	1.668738	1.698868	0.3484192	1.718392
189.1904	1.708809	1.765315	1.838322	1.8569	1.895158	0.3430036	1.978579
189.3428	1.591682	1.630641	1.685013	1.71339	1.730766	0.341614	1.790101
189.4952	1.53875	1.57649	1.63742	1.661356	1.684711	0.343351	1.741158
189.6476	1.53186	1.582496	1.64053	1.655732	1.683695	0.341567	1.747637
189.8000	1.693979	1.728098	1.789324	1.819664	1.831951	0.3342141	1.883096
189.9524	1.592935	1.639486	1.683036	1.713976	1.734852	0.3291298	1.793535
190.1048	1.408858	1.459201	1.497343	1.52152	1.546192	0.3260503	1.603566
190.2572	1.411528	1.455598	1.494404	1.517474	1.533648	0.3167804	1.578449
190.4096	1.428699	1.45612	1.486318	1.511816	1.539404	0.3111249	1.565908
190.5620	1.369009	1.409687	1.449162	1.466765	1.494084	0.3115354	1.539317
190.7144	1.470726	1.5017	1.545823	1.568117	1.599651	0.3173257	1.639781
190.8668	1.438938	1.513639	1.558066	1.580029	1.616137	0.3258582	1.699458
191.0192	1.581248	1.649772	1.701737	1.729977	1.754043	0.335499	1.835678
191.1716	1.59473	1.655219	1.712681	1.73969	1.771356	0.3471115	1.852994
191.3240	1.62816	1.675958	1.733377	1.758138	1.799818	0.3513713	1.868442
191.4764	1.634321	1.677005	1.733582	1.764035	1.800912	0.3520786	1.865697
191.6288	1.653246	1.676646	1.733545	1.762588	1.795753	0.3511424	1.833898
191.7812	1.696086	1.721798	1.767359	1.794036	1.816756	0.3507887	1.85166
191.9336	1.609184	1.637797	1.704165	1.722757	1.772649	0.3500726	1.81969
192.0860	1.637234	1.662469	1.714443	1.738728	1.782377	0.3488946	1.818774
192.2384	1.618619	1.634386	1.673657	1.699407	1.732963	0.3491951	1.751004
192.3908	1.622805	1.673629	1.727078	1.746774	1.776063	0.3472733	1.834891
192.5432	1.704321	1.740802	1.801177	1.820203	1.85507	0.3454586	1.907627
192.6956	1.700539	1.748398	1.810596	1.835452	1.871052	0.3438268	1.939649
192.8480	1.75697	1.784132	1.843277	1.863765	1.894727	0.3411894	1.931351
193.0004	1.779746	1.811999	1.855776	1.888566	1.908227	0.3406056	1.94695
193.1528	1.731025	1.791801	1.848643	1.866414	1.905071	0.3404863	1.976836
193.3052	1.709335	1.768581	1.832957	1.859412	1.89552	0.3403673	1.979777
193.4576	1.675662	1.718822	1.781421	1.807142	1.840626	0.3403677	1.904945
193.6100	1.721408	1.752308	1.816106	1.831875	1.864354	0.3386874	1.908507
193.7624	1.753015	1.782539	1.824518	1.848693	1.880592	0.3366786	1.905994
193.9148	1.671942	1.712141	1.762796	1.779202	1.815029	0.3367339	1.862076
194.0672	1.655602	1.68454	1.732754	1.752841	1.781727	0.3359494	1.811216
194.2196	1.683986	1.70821	1.752771	1.766615	1.79403	0.3355535	1.8165
194.3720	1.702711	1.70648	1.752769	1.774978	1.805578	0.3355991	1.81251
194.5244	1.866633	1.91373	1.97822	1.999801	2.027962	0.3346472	2.086769
194.6768	1.773059	1.821578	1.87281	1.893264	1.921385	0.3352551	1.970991
194.8292	1.704695	1.734199	1.79209	1.81876	1.847772	0.335644	1.893041
194.9816	1.64966	1.679031	1.732588	1.751091	1.77467	0.3346325	1.812304
195.1340	1.618444	1.662179	1.716468	1.733251	1.758888	0.333199	1.810065
195.2864	1.628513	1.658003	1.707963	1.727377	1.747295	0.3318635	1.779416
195.4388	1.61359	1.64896	1.696696	1.706452	1.726208	0.3313223	1.756122
195.5912	1.62504	1.65326	1.691669	1.700742	1.719483	0.3309351	1.734359
195.7436	1.682281	1.722649	1.762781	1.770167	1.783476	0.331201	1.806869
195.8960	1.60671	1.635676	1.670028	1.687423	1.700556	0.3323156	1.714422
196.0484	1.686431	1.706518	1.757265	1.773357	1.78118	0.3343219	1.799521
196.2008	1.692217	1.732165	1.783776	1.803824	1.813437	0.3361981	1.855425
196.3532	1.698167	1.74811	1.81147	1.830785	1.842355	0.3365293	1.904102
196.5056	1.73955	1.774719	1.831513	1.85352	1.857974	0.337391	1.9004
196.6580	1.68958	1.742319	1.796286	1.829519	1.835574	0.3371756	1.897858
196.8104	1.637984	1.681303	1.72155	1.754943	1.759276	0.3369767	1.804404
196.9628	1.584268	1.622975	1.653292	1.669725	1.674658	0.3371015	1.692054
197.1152	1.54039	1.596287	1.646934	1.658239	1.668113	0.3351052	1.720498
197.2676	1.659109	1.69823	1.746635	1.754334	1.761874	0.3317838	1.791107
197.4200	1.619266	1.67497	1.730552	1.742186	1.75655	0.3326535	1.815418
197.5724	1.574621	1.635886	1.70516	1.712999	1.729446	0.3346922	1.807438
197.7248	1.625364	1.67689	1.720918	1.732584	1.738918	0.3374709	1.781158
197.8772	1.684477	1.739436	1.788776	1.799422	1.809309	0.3410629	1.859894
198.0296	1.708033	1.75602	1.81228	1.827506	1.842854	0.3425679	1.89521
198.1820	1.851241	1.905887	1.95606	1.979715	1.999632	0.3399963	2.054051
198.3344	1.76761	1.808031	1.869606	1.895042	1.92742	0.338096	1.978827
198.4868	1.810528	1.819236	1.870591	1.894946	1.921718	0.3349383	1.934211
198.6392	1.689466	1.722857	1.770949	1.794227	1.827633	0.333741	1.869769
198.7916	1.644996	1.699635	1.756188	1.772299	1.809715	0.3339882	1.874851
198.9440	1.681071	1.719193	1.769279	1.789451	1.817672	0.3334578	1.857782
199.0964	1.658937	1.71649	1.765023	1.778871	1.814767	0.3353342	1.877476
199.2488	1.629562	1.681894	1.728908	1.750189	1.787003	0.3380936	1.848022
199.4012	1.719072	1.742634	1.795427	1.811854	1.839026	0.338355	1.865438
199.5536	1.676229	1.731208	1.783318	1.811641	1.842539	0.3401636	1.910143
199.7060	1.727192	1.768245	1.805078	1.828681	1.846694	0.3396285	1.882468
199.8584	1.707254	1.72684	1.765897	1.79143	1.809178	0.3357315	1.827267
200.0108	1.601491	1.658788	1.7007	1.718433	1.737247	0.3321805	1.790527
200.1632	1.645298	1.696576	1.757746	1.780542	1.791611	0.3270834	1.860267
200.3156	1.559606	1.618577	1.681849	1.709245	1.73663	0.3230166	1.821872
200.4680	1.613184	1.668072	1.727744	1.753308	1.772835	0.3238296	1.851958
200.6204	1.551247	1.608646	1.667662	1.698685	1.722066	0.3272977	1.805219
200.7728	1.538183	1.580427	1.628014	1.661201	1.680784	0.3318464	1.737483
200.9252	1.478836	1.532982	1.589239	1.612912	1.648804	0.3387614	1.725389
201.0776	1.536163	1.615923	1.662313	1.687301	1.709518	0.3416117	1.798463
201.2300	1.580376	1.614555	1.656696	1.685646	1.704476	0.3414244	1.742975
201.3824	1.536811	1.58618	1.64324	1.669765	1.68288	0.3436888	1.751738
201.5348	1.504662	1.553168	1.598854	1.636246	1.654857	0.3501886	1.719207
201.6872	1.571149	1.61644	1.667758	1.692802	1.716373	0.3556997	1.769713
201.8396	1.588733	1.63493	1.680491	1.705257	1.741104	0.3665423	1.797531
201.9920	1.543668	1.611726	1.675563	1.697836	1.72579	0.3864983	1.818923
202.1444	1.566734	1.625529	1.680266	1.708452	1.749217	0.4049499	1.830739
202.2968	1.5154	1.570199	1.640668	1.66899	1.721185	0.4232811	1.816371
202.4492	1.54618	1.604529	1.658094	1.694341	1.736434	0.4401143	1.820657
202.6016	1.494255	1.586281	1.642683	1.67745	1.726582	0.4513641	1.855398
202.7540	1.546271	1.634169	1.695501	1.730212	1.778242	0.4506828	1.904293
202.9064	1.482789	1.554778	1.615363	1.646984	1.697966	0.4508218	1.80687
203.0588	1.507775	1.581596	1.638468	1.67419	1.718153	0.4543027	1.825987
203.2112	1.497596	1.565179	1.62882	1.669047	1.716245	0.4598351	1.826251
203.3636	1.620061	1.678602	1.739658	1.771979	1.824128	0.4621463	1.913796
203.5160	1.614422	1.671126	1.726471	1.760491	1.813187	0.4676139	1.89868
203.6684	1.401436	1.458337	1.541468	1.567655	1.619292	0.468275	1.733849
203.8208	1.511718	1.554639	1.598727	1.625464	1.677536	0.4566342	1.731708
203.9732	1.449851	1.505464	1.544008	1.579507	1.638631	0.4482954	1.712463
204.1256	1.512775	1.525712	1.55808	1.584748	1.639236	0.4444104	1.658892
204.2780	1.445927	1.486486	1.528581	1.556727	1.611043	0.440306	1.664619
204.4304	1.449741	1.485343	1.533553	1.563692	1.619361	0.4386283	1.676992
204.5828	1.475482	1.514004	1.558928	1.581815	1.634682	0.4397101	1.686291
204.7352	1.550553	1.582587	1.634935	1.663904	1.709178	0.4365716	1.759741
204.8876	1.535675	1.579579	1.641965	1.675585	1.728746	0.4351368	1.808618
205.0400	1.50924	1.552343	1.604972	1.647305	1.688594	0.4317006	1.760185
205.1924	1.471104	1.516108	1.572383	1.607973	1.652937	0.4214795	1.729119
205.3448	1.482527	1.53148	1.576492	1.608929	1.648027	0.4106224	1.713689
205.4972	1.472396	1.498834	1.551171	1.585659	1.620549	0.3988969	1.670035
205.6496	1.441859	1.484456	1.527767	1.56611	1.601978	0.3887608	1.664539
205.8020	1.403067	1.435776	1.482807	1.515636	1.548446	0.3829223	1.602592
205.9544	1.383828	1.433605	1.485379	1.507726	1.540237	0.3715961	1.607879
206.1068	1.406815	1.460016	1.514511	1.550228	1.58321	0.355651	1.667376
206.2592	1.391246	1.449915	1.500437	1.534628	1.565449	0.3449346	1.651537
206.4116	1.330017	1.374521	1.429783	1.456035	1.49354	0.3345175	1.565611
206.5640	1.408643	1.449381	1.499989	1.524971	1.561345	0.3263915	1.622294
206.7164	1.371863	1.413504	1.468149	1.492771	1.534082	0.3252402	1.600083
206.8688	1.365823	1.417466	1.470128	1.497854	1.538012	0.3259562	1.617143
207.0212	1.400105	1.45591	1.497407	1.523178	1.566436	0.3253981	1.636517
207.1736	1.378455	1.433949	1.487261	1.512346	1.557061	0.3241512	1.638232
207.3260	1.414707	1.467329	1.517776	1.546642	1.58345	0.3217179	1.659353
207.4784	1.445768	1.470528	1.527919	1.546887	1.584938	0.3187646	1.631397
207.6308	1.432525	1.479126	1.525199	1.561132	1.597712	0.3157715	1.664448
207.7832	1.446247	1.478995	1.518575	1.549578	1.568671	0.3132504	1.609298
207.9356	1.450179	1.472772	1.518401	1.550012	1.575676	0.3124559	1.612699
208.0880	1.439457	1.466663	1.514612	1.546144	1.568563	0.3116392	1.614421
208.2404	1.438037	1.47527	1.522227	1.549331	1.575254	0.3119422	1.628212
208.3928	1.430017	1.46456	1.514689	1.542498	1.569937	0.3127169	1.623448
208.5452	1.48078	1.51801	1.561482	1.584891	1.603233	0.314528	1.648617
208.6976	1.412188	1.454995	1.494934	1.513192	1.541431	0.317188	1.585636
208.8500	1.504242	1.52606	1.578908	1.584477	1.60904	0.3208615	1.629945
209.0024	1.481991	1.529012	1.561598	1.572442	1.609521	0.325721	1.6447
209.1548	1.524416	1.558338	1.57454	1.592401	1.620021	0.3293634	1.630038
209.3072	1.484394	1.497552	1.536842	1.540687	1.583874	0.3344512	1.587465
209.4596	1.492728	1.514204	1.544544	1.556584	1.592632	0.3372318	1.598121
209.6120	1.463763	1.499955	1.524126	1.537029	1.572519	0.337381	1.590935
209.7644	1.483653	1.505732	1.535928	1.540859	1.576653	0.3371749	1.584438
209.9168	1.502155	1.509731	1.546082	1.5562	1.586169	0.3356501	1.583126
210.0692	1.54808	1.548667	1.588295	1.603397	1.639069	0.3451751	1.638342
210.2216	1.446976	1.480128	1.49444	1.514514	1.55265	0.3602086	1.560781
210.3740	1.656166	1.642667	1.663062	1.694677	1.717238	0.3747069	1.702542
210.5264	1.461635	1.503693	1.541574	1.572371	1.603306	0.3957704	1.655542
210.6788	1.478306	1.505526	1.543121	1.573842	1.603527	0.4073367	1.637965
210.8312	1.380821	1.444688	1.495468	1.521288	1.566432	0.408803	1.651684
210.9836	1.493183	1.511227	1.557731	1.581629	1.609254	0.4236344	1.636276
211.1360	1.510992	1.509488	1.556508	1.583136	1.608156	0.4175107	1.610038
211.2884	1.53355	1.559181	1.602106	1.63169	1.670859	0.4038915	1.706247
211.4408	1.649919	1.646752	1.698641	1.731156	1.756934	0.3887201	1.768531
211.5932	1.541354	1.516673	1.565406	1.592118	1.62147	0.3643089	1.605333
211.7456	1.571039	1.544145	1.585917	1.606719	1.632308	0.3467304	1.604268
211.8980	1.556144	1.540972	1.582456	1.590446	1.630517	0.3386351	1.608277
212.0504	1.529993	1.526897	1.564192	1.594819	1.622769	0.3328696	1.620614
212.2028	1.592449	1.573913	1.599447	1.622061	1.647705	0.3295998	1.627702
212.3552	1.503288	1.51504	1.529018	1.543382	1.575749	0.3312589	1.564068
212.5076	1.616405	1.628214	1.649116	1.656587	1.69549	0.3330367	1.680317
212.6600	1.585258	1.606486	1.634188	1.637645	1.667726	0.3369509	1.665816
212.8124	1.673117	1.688985	1.740078	1.761542	1.787639	0.3391897	1.811027
212.9648	1.623849	1.633336	1.668099	1.696145	1.719792	0.3363168	1.724011
213.1172	1.647588	1.623342	1.654078	1.674745	1.684347	0.3322333	1.665269
213.2696	1.61971	1.608469	1.641161	1.665528	1.680614	0.3271567	1.664218
213.4220	1.627861	1.617443	1.642624	1.669387	1.680229	0.3234138	1.662156
213.5744	1.619402	1.598894	1.625489	1.649032	1.665068	0.3213876	1.639952
213.7268	1.600345	1.577643	1.608893	1.631824	1.646129	0.3209921	1.623553
213.8792	1.577615	1.576795	1.601076	1.622315	1.635868	0.3214327	1.622786
214.0316	1.582199	1.599312	1.627468	1.639429	1.653693	0.3216701	1.649859
214.1840	1.545959	1.565736	1.603321	1.614937	1.632552	0.3220263	1.640345
214.3364	1.580232	1.606092	1.644808	1.656621	1.671736	0.3215518	1.685983
214.4888	1.576906	1.607957	1.647969	1.657437	1.674581	0.3195656	1.692334
214.6412	1.608227	1.625412	1.667944	1.679883	1.690516	0.3182602	1.69714
214.7936	1.569388	1.597437	1.628963	1.646927	1.664152	0.3170926	1.679383
214.9460	1.575084	1.589559	1.626559	1.638261	1.6534	0.3162788	1.653696
215.0984	1.52552	1.529137	1.561486	1.576544	1.591456	0.3196887	1.584195
215.2508	1.583345	1.574278	1.60854	1.627862	1.646559	0.3257626	1.633689
215.4032	1.682796	1.691882	1.730649	1.749201	1.775776	0.3306755	1.774726
215.5556	1.688669	1.695519	1.729892	1.752275	1.780463	0.3374462	1.781764
215.7080	1.691655	1.691427	1.729352	1.745339	1.775133	0.3427336	1.768063
215.8604	1.649133	1.663604	1.706478	1.730343	1.762625	0.341906	1.773484
216.0128	1.698071	1.691772	1.733793	1.752997	1.785524	0.3415753	1.777493
216.1652	1.633363	1.652071	1.696265	1.717324	1.755559	0.3439312	1.777082
216.3176	1.682889	1.694535	1.734259	1.770322	1.803888	0.3451318	1.820413
216.4700	1.708778	1.728864	1.772544	1.810407	1.850388	0.3445835	1.88127
216.6224	1.644127	1.650756	1.688484	1.722014	1.755538	0.3455885	1.764063
216.7748	1.613406	1.628829	1.668895	1.700736	1.739518	0.3458164	1.761956
216.9272	1.636264	1.640535	1.682774	1.706402	1.745	0.3436605	1.752701
217.0796	1.651443	1.640899	1.682492	1.719317	1.749869	0.3448277	1.74772
217.2320	1.687001	1.680237	1.710404	1.736872	1.76565	0.3496515	1.756239
217.3844	1.628633	1.639645	1.670586	1.69032	1.724627	0.3627104	1.727807
217.5368	1.585506	1.603357	1.637598	1.670901	1.695499	0.3758931	1.716163
217.6892	1.628183	1.671752	1.708326	1.735115	1.772956	0.3767389	1.813926
217.8416	1.637326	1.672038	1.728408	1.750718	1.786138	0.3682375	1.833973
217.9940	1.578831	1.618506	1.670516	1.702031	1.733331	0.3544057	1.788974
218.1464	1.621109	1.640939	1.687711	1.713408	1.748336	0.3376014	1.773183
218.2988	1.645744	1.663017	1.705776	1.731879	1.758746	0.3280651	1.776995
218.4512	1.625971	1.6609	1.691602	1.716367	1.751534	0.3268393	1.781078
218.6036	1.588909	1.584497	1.629856	1.650366	1.689933	0.3306637	1.69398
218.7560	1.550074	1.566885	1.592332	1.623618	1.644008	0.3367826	1.657901
218.9084	1.58606	1.621059	1.66774	1.680947	1.720441	0.3431136	1.755655
219.0608	1.684347	1.728441	1.76513	1.771994	1.809357	0.3496568	1.844606
219.2132	1.671288	1.710482	1.753595	1.767624	1.820299	0.3559752	1.851564
219.3656	1.712001	1.731223	1.7761	1.796204	1.833545	0.3547005	1.851578
219.5180	1.729905	1.758128	1.809472	1.831539	1.872858	0.3488903	1.906636
219.6704	1.568293	1.580448	1.617523	1.63811	1.675543	0.3461408	1.684277
219.8228	1.529158	1.566018	1.612115	1.638544	1.686996	0.3525528	1.735264
219.9752	1.504683	1.519749	1.540802	1.568198	1.612423	0.3661917	1.620638
220.1276	1.556921	1.583534	1.602369	1.631016	1.6739	0.3727461	1.689779
220.2800	1.548062	1.546939	1.578491	1.604525	1.645501	0.3761923	1.644038
220.4324	1.48026	1.500883	1.52977	1.572689	1.609785	0.375185	1.634059
220.5848	1.496341	1.490698	1.523158	1.566963	1.592812	0.3572377	1.591859
220.7372	1.483642	1.501188	1.525945	1.565625	1.596084	0.3508901	1.61026
220.8896	1.466746	1.477665	1.50533	1.551084	1.578536	0.3521662	1.593775
221.0420	1.498145	1.492284	1.519611	1.56242	1.585441	0.3578303	1.582286
221.1944	1.498899	1.510023	1.533607	1.58953	1.606362	0.3663684	1.622282
221.3468	1.51279	1.538305	1.586545	1.639869	1.668327	0.3826936	1.719492
221.4992	1.559793	1.563405	1.602048	1.650665	1.662703	0.3869739	1.671502
221.6516	1.522614	1.543287	1.600068	1.628796	1.645206	0.3896608	1.687817
221.8040	1.440939	1.465916	1.513896	1.519815	1.528893	0.3923445	1.552054
221.9564	1.370634	1.415056	1.469516	1.482603	1.506427	0.3830443	1.558998
222.1088	1.439248	1.453879	1.501683	1.514198	1.528704	0.3799239	1.546517
222.2612	1.459016	1.473298	1.519519	1.529128	1.545103	0.379224	1.557261
222.4136	1.488565	1.511105	1.561582	1.56471	1.590152	0.3767713	1.604469
222.5660	1.583748	1.584322	1.619363	1.612336	1.631759	0.3828641	1.617081
222.7184	1.576356	1.557989	1.582426	1.56345	1.592119	0.4090185	1.57475
222.8708	1.566516	1.558025	1.567488	1.554606	1.589266	0.4488663	1.566956
223.0232	2.227558	2.136331	2.159455	2.14224	2.184983	0.4810548	2.164914
223.1756	1.943775	1.903493	1.947716	1.929941	1.983201	0.5179936	1.952315
223.3280	2.199394	2.228793	2.308267	2.316894	2.378056	0.5395075	2.421624
223.4804	2.249694	2.3034	2.371189	2.38759	2.443216	0.5241947	2.498817
223.6328	2.274918	2.306493	2.36945	2.401402	2.459074	0.5246162	2.498966
223.7852	2.307842	2.371865	2.433402	2.475943	2.526365	0.5204418	2.598752
223.9376	2.368096	2.417436	2.49165	2.560747	2.61198	0.4986242	2.690804
224.0900	2.053056	2.018478	2.052954	2.108938	2.11399	0.4769843	2.087089
224.2424	1.706149	1.650143	1.650775	1.692046	1.69342	0.457303	1.675551
224.3948	1.662111	1.677497	1.663576	1.674459	1.656219	0.436493	1.666618
224.5472	1.631876	1.630383	1.654819	1.654228	1.636497	0.4262999	1.642284
224.6996	1.672031	1.680194	1.72935	1.729795	1.708998	0.4292451	1.707796
224.8520	1.687392	1.679982	1.730837	1.730804	1.708758	0.4379024	1.710465
225.0044	1.745626	1.749511	1.7946	1.795402	1.769813	0.4403817	1.771949
225.1568	1.934419	1.926906	2.004459	1.994464	1.970479	0.4291706	1.973634
225.3092	1.707665	1.687921	1.730657	1.742716	1.718188	0.4223087	1.719663
225.4616	1.769275	1.757691	1.791075	1.824881	1.820992	0.4101118	1.799948
225.6140	1.797902	1.769913	1.785616	1.784483	1.78285	0.3978983	1.783762
225.7664	1.812904	1.760148	1.760299	1.787519	1.781217	0.3974068	1.779256
225.9188	1.76151	1.732708	1.749504	1.779453	1.775116	0.3990757	1.760345
226.0712	1.80399	1.809851	1.83487	1.855213	1.864896	0.401907	1.850909
226.2236	1.88074	1.84934	1.857949	1.88347	1.890857	0.4055563	1.873137
226.3760	1.876988	1.88814	1.920627	1.934878	1.959632	0.409848	1.949849
226.5284	2.016737	2.008631	2.027565	2.049736	2.092061	0.4107727	2.060684
226.6808	1.915225	1.889925	1.901824	1.923856	1.956312	0.4134349	1.922705
226.8332	1.689169	1.665383	1.674655	1.702489	1.748437	0.4193758	1.706407
226.9856	1.715049	1.657039	1.668395	1.688391	1.728126	0.4215341	1.689774
227.1380	1.720381	1.667522	1.692513	1.706339	1.756235	0.4232554	1.711772
227.2904	1.686929	1.653823	1.676013	1.695822	1.745902	0.425335	1.705526
227.4428	1.728594	1.704981	1.710878	1.735386	1.772389	0.4255603	1.7344
227.5952	1.754217	1.711837	1.729111	1.747119	1.795952	0.4229942	1.753991
227.7476	1.833539	1.88772	1.909625	1.924732	1.9784	0.4128968	2.001341
227.9000	1.962584	1.965467	1.99961	2.028966	2.069596	0.4014794	2.066859
228.0524	1.815774	1.803919	1.83438	1.869382	1.907333	0.3970035	1.890035
228.2048	1.722564	1.717457	1.763373	1.804772	1.84362	0.3912776	1.850744
228.3572	1.681968	1.70747	1.74922	1.787917	1.833581	0.38673	1.867205
228.5096	1.714387	1.728059	1.766701	1.808481	1.83533	0.3887629	1.853187
228.6620	1.696902	1.716115	1.740938	1.779643	1.806418	0.3893073	1.815572
228.8144	1.711994	1.734768	1.75217	1.787046	1.817895	0.3875222	1.819011
228.9668	1.71709	1.716004	1.728012	1.764831	1.78698	0.3840428	1.773092
229.1192	1.675182	1.712277	1.742952	1.779503	1.810986	0.3801764	1.842936
229.2716	1.606232	1.614174	1.658073	1.685866	1.708856	0.3760815	1.719004
229.4240	1.630747	1.647637	1.683575	1.712729	1.735069	0.3676131	1.747971
229.5764	1.687972	1.716261	1.747266	1.769323	1.796513	0.3636133	1.808436
229.7288	1.63421	1.62826	1.667976	1.695051	1.718561	0.3641387	1.707947
229.8812	1.693386	1.698056	1.72334	1.73792	1.764386	0.3628577	1.74809
230.0336	1.767836	1.759732	1.778891	1.790973	1.821949	0.3650523	1.797412
230.1860	1.776202	1.773633	1.781207	1.796216	1.822882	0.3684905	1.798927
230.3384	1.756552	1.757349	1.780264	1.792989	1.82531	0.3688982	1.805753
230.4908	1.742711	1.743042	1.766155	1.780367	1.808569	0.3691061	1.787981
230.6432	1.73166	1.717604	1.740688	1.745228	1.777252	0.3703821	1.750093
230.7956	1.667845	1.66299	1.683849	1.695238	1.721492	0.3683093	1.699236
230.9480	1.811771	1.774148	1.793258	1.805263	1.838012	0.3636581	1.806937
231.1004	1.713583	1.670133	1.700527	1.713444	1.746776	0.3622201	1.711305
231.2528	1.751801	1.714844	1.738668	1.756435	1.787006	0.3573597	1.751462
231.4052	1.943886	1.913217	1.924933	1.946413	1.975954	0.3518014	1.945122
231.5576	1.800642	1.770984	1.789392	1.802479	1.823887	0.3523387	1.798983
231.7100	1.805779	1.792822	1.802817	1.817214	1.842629	0.3515864	1.81651
231.8624	1.916397	1.853768	1.874084	1.872343	1.893559	0.349379	1.880301
232.0148	1.857213	1.823298	1.846498	1.859483	1.883751	0.3498347	1.856106
232.1672	1.837188	1.813057	1.833922	1.84505	1.873342	0.3505424	1.844234
232.3196	1.875166	1.850201	1.861165	1.874747	1.900861	0.3506013	1.874594
232.4720	1.895412	1.861242	1.887465	1.899408	1.931198	0.3498012	1.899552
232.6244	1.799848	1.756687	1.776992	1.777455	1.813379	0.3501634	1.784762
232.7768	1.811112	1.782515	1.804704	1.813701	1.835485	0.3482049	1.811108
232.9292	1.824401	1.78217	1.782588	1.799809	1.815321	0.3464446	1.80045
233.0816	1.709903	1.697108	1.708585	1.716354	1.741114	0.3473463	1.717128
233.2340	1.753725	1.721864	1.725041	1.742534	1.762855	0.3468236	1.741062
233.3864	1.786221	1.751148	1.75292	1.763795	1.780899	0.3477604	1.766208
233.5388	1.776547	1.741965	1.750478	1.764514	1.782374	0.3495187	1.762881
233.6912	1.797043	1.757268	1.763682	1.775253	1.792542	0.3501413	1.776401
233.8436	1.773653	1.762497	1.78342	1.784623	1.807398	0.3498214	1.786011
233.9960	1.760337	1.756004	1.772658	1.796111	1.814764	0.3490328	1.792964
234.1484	1.821788	1.792081	1.814064	1.837824	1.847572	0.3460902	1.825488
234.3008	1.781734	1.760168	1.782285	1.813377	1.826244	0.3431654	1.800319
234.4532	1.80249	1.752979	1.770236	1.800002	1.80175	0.3395135	1.784724
234.6056	1.754341	1.723545	1.750657	1.767133	1.778386	0.3368779	1.756856
234.7580	1.728807	1.700826	1.721181	1.741194	1.750035	0.3355519	1.730013
234.9104	1.662055	1.648527	1.673804	1.686636	1.704358	0.3348657	1.681851
235.0628	1.705198	1.682244	1.698599	1.711543	1.719836	0.3336479	1.704514
235.2152	1.716063	1.690414	1.697599	1.713099	1.721478	0.3324494	1.707834
235.3676	1.643843	1.638505	1.652449	1.668288	1.682907	0.3325583	1.663625
235.5200	1.620529	1.593759	1.618327	1.630732	1.645166	0.3333297	1.623311
235.6724	1.648534	1.621427	1.653115	1.671875	1.69753	0.3333294	1.66566
235.8248	1.800202	1.784717	1.82039	1.829336	1.858951	0.3328156	1.83189
235.9772	1.830135	1.803052	1.832699	1.844072	1.869883	0.3345169	1.841241
236.1296	1.845697	1.797474	1.828348	1.833347	1.863127	0.3356055	1.835059
236.2820	1.757043	1.76463	1.791933	1.806705	1.835169	0.3355391	1.815049
236.4344	1.803273	1.771274	1.803303	1.810069	1.840291	0.3365746	1.811973
236.5868	1.694748	1.676507	1.695695	1.70999	1.745588	0.3392771	1.714017
236.7392	1.726855	1.707104	1.741948	1.762378	1.803592	0.3384365	1.772222
236.8916	1.695064	1.668589	1.690336	1.711106	1.752965	0.3395619	1.719901
237.0440	1.687444	1.673156	1.697045	1.713602	1.755491	0.3411282	1.730196
237.1964	1.657429	1.659033	1.681095	1.703556	1.745905	0.3396697	1.72595
237.3488	1.677337	1.684545	1.701929	1.711758	1.757719	0.3395037	1.738275
237.5012	1.749884	1.73311	1.745656	1.759244	1.800957	0.3411579	1.769348
237.6536	1.927716	1.968277	2.005631	2.027082	2.082024	0.33527	2.099385
237.8060	1.896609	1.861301	1.868015	1.895916	1.94035	0.3330828	1.904346
237.9584	1.599053	1.579945	1.612102	1.634891	1.683744	0.3358309	1.665911
238.1108	1.649316	1.627221	1.652782	1.685413	1.730335	0.3304349	1.700371
238.2632	1.715319	1.686074	1.698073	1.73118	1.769451	0.3274446	1.733726
238.4156	1.676652	1.677265	1.695419	1.717159	1.758417	0.3290017	1.738041
238.5680	1.756779	1.736501	1.759771	1.777267	1.814465	0.3286721	1.785598
238.7204	1.696604	1.711052	1.711977	1.743459	1.779275	0.3288897	1.766732
238.8728	1.607708	1.631594	1.655739	1.685892	1.720836	0.3299451	1.732775
239.0252	1.623457	1.617512	1.654059	1.690014	1.71282	0.3302357	1.707985
239.1776	1.598371	1.61346	1.653457	1.686584	1.721691	0.3302745	1.73478
239.3300	1.712181	1.696476	1.734843	1.76731	1.792417	0.331298	1.778074
239.4824	1.653669	1.652287	1.68832	1.721249	1.746036	0.3354034	1.746149
239.6348	1.662395	1.644235	1.672852	1.710084	1.73008	0.3390105	1.71275
239.7872	1.59774	1.588602	1.623292	1.654952	1.696874	0.343776	1.690663
239.9396	1.653416	1.640166	1.682139	1.709562	1.741022	0.3484271	1.729143
240.0920	1.739367	1.729329	1.769801	1.790409	1.831	0.3487193	1.818042
240.2444	1.65203	1.643316	1.681347	1.698876	1.732154	0.350961	1.718437
240.3968	1.510552	1.50686	1.540322	1.54912	1.592286	0.351987	1.574
240.5492	1.538602	1.512807	1.530981	1.537793	1.57465	0.3481626	1.543448
240.7016	1.517582	1.492495	1.510101	1.519492	1.554285	0.3469495	1.523835
240.8540	1.526746	1.499243	1.508157	1.521245	1.551489	0.348099	1.522915
241.0064	1.540328	1.51052	1.525007	1.551064	1.582371	0.3506544	1.548966
241.1588	1.669423	1.626509	1.657873	1.657101	1.69131	0.3526225	1.662478
241.3112	1.715755	1.700738	1.724268	1.733905	1.761659	0.3543903	1.737388
241.4636	1.712465	1.704544	1.731449	1.748327	1.770763	0.356768	1.74832
241.6160	1.747557	1.746924	1.758492	1.777778	1.798151	0.3568957	1.776553
241.7684	1.736053	1.71709	1.749195	1.769441	1.789172	0.3567909	1.763044
241.9208	1.717056	1.711244	1.740203	1.761034	1.784927	0.3574626	1.765406
242.0732	1.726194	1.711058	1.74749	1.761502	1.784562	0.3584561	1.762465
242.2256	1.764235	1.756107	1.784307	1.808957	1.829002	0.358939	1.805062
242.3780	1.808957	1.781961	1.808747	1.819153	1.834804	0.3584133	1.813001
242.5304	1.715422	1.702107	1.712264	1.705902	1.725001	0.3499834	1.712037
242.6828	1.701224	1.689602	1.695449	1.686939	1.693958	0.3415924	1.693402
242.8352	1.516822	1.491186	1.493399	1.498775	1.500379	0.3347917	1.498136
242.9876	1.504818	1.472191	1.478004	1.474843	1.47876	0.3252321	1.477686
243.1400	1.525327	1.489521	1.491881	1.490378	1.492003	0.3218574	1.490426
243.2924	1.52204	1.481009	1.491647	1.491979	1.490641	0.3219659	1.492352
243.4448	1.530654	1.495626	1.504179	1.505225	1.505728	0.3218768	1.505736
243.5972	1.511483	1.473731	1.486207	1.48686	1.493577	0.3226037	1.48771
243.7496	1.652545	1.631921	1.632254	1.632953	1.633811	0.322207	1.63521
243.9020	1.689143	1.670209	1.671444	1.669982	1.665516	0.3238041	1.672403
244.0544	1.622575	1.594991	1.587818	1.591995	1.582907	0.3292227	1.589516
244.2068	1.722673	1.701147	1.699087	1.685488	1.678429	0.3322952	1.69004
244.3592	1.783543	1.767965	1.759884	1.746834	1.737214	0.3347952	1.75206
244.5116	1.761294	1.741708	1.73894	1.736021	1.72661	0.3379932	1.736484
244.6640	1.762107	1.764424	1.762539	1.748096	1.736511	0.3390806	1.753752
244.8164	1.730141	1.730797	1.732236	1.728165	1.723137	0.3393808	1.728645
244.9688	1.799653	1.778105	1.775597	1.758847	1.74768	0.3384908	1.761852
245.1212	1.760823	1.757653	1.755068	1.748016	1.736392	0.3390435	1.749625
245.2736	1.735471	1.751524	1.758214	1.747309	1.744023	0.3397864	1.747674
245.4260	1.766285	1.77623	1.786254	1.769539	1.759943	0.3406171	1.771272
245.5784	1.832602	1.795686	1.82194	1.830395	1.824522	0.3415268	1.820993
245.7308	1.904018	1.879448	1.886922	1.892231	1.884949	0.3416881	1.889973
245.8832	1.783964	1.785667	1.788554	1.790819	1.797295	0.3421617	1.790123
246.0356	1.744341	1.746613	1.744183	1.749746	1.749203	0.341249	1.747202
246.1880	1.713829	1.710832	1.719693	1.715945	1.723387	0.337949	1.717409
246.3404	1.687411	1.677081	1.696162	1.691791	1.701653	0.3350118	1.69145
246.4928	1.753853	1.725576	1.746474	1.735453	1.740409	0.3332858	1.740617
246.6452	1.818799	1.788849	1.809913	1.806252	1.811447	0.3312964	1.806536
246.7976	1.8882	1.837181	1.846672	1.848947	1.858725	0.3292317	1.85362
246.9500	1.86807	1.841865	1.844049	1.855034	1.870024	0.3298626	1.856372
247.1024	1.82862	1.808832	1.816847	1.828964	1.834428	0.3296534	1.823855
247.2548	1.888343	1.845878	1.854977	1.86235	1.868506	0.3280117	1.863315
247.4072	1.885858	1.839476	1.845267	1.858689	1.867333	0.3274752	1.858382
247.5596	1.851224	1.811947	1.818893	1.832354	1.830944	0.3306105	1.828859
247.7120	1.814818	1.778182	1.79264	1.80324	1.808735	0.3334037	1.798957
247.8644	1.9467	1.913842	1.90845	1.918799	1.918707	0.3317731	1.920281
248.0168	1.961658	1.922793	1.943345	1.94278	1.947244	0.3297813	1.9432
248.1692	1.956776	1.891311	1.916521	1.910761	1.917147	0.3301542	1.916813
248.3216	1.921767	1.910661	1.916209	1.914684	1.927949	0.3298439	1.91912
248.4740	1.937821	1.904485	1.917869	1.922994	1.932712	0.3309004	1.923065
248.6264	1.952695	1.923723	1.926366	1.932736	1.943372	0.3346249	1.935677
248.7788	1.96012	1.91309	1.932962	1.935439	1.943045	0.3371147	1.936275
248.9312	1.99118	1.931681	1.935931	1.945862	1.953245	0.3376702	1.949103
249.0836	1.945437	1.916666	1.938362	1.940894	1.950918	0.3384354	1.93873
249.2360	1.970236	1.931421	1.93952	1.944685	1.954878	0.3399875	1.947763
249.3884	1.943419	1.912943	1.921015	1.92891	1.94801	0.3453161	1.93158
249.5408	1.947724	1.903008	1.935584	1.9413	1.948246	0.3520437	1.934885
249.6932	1.977258	1.946817	1.955378	1.967715	1.969602	0.3586533	1.963643
249.8456	2.018554	2.034589	2.048921	2.06307	2.070298	0.3640767	2.055331
249.9980	2.025001	2.020616	2.043273	2.040365	2.045244	0.3671488	2.037424
250.1504	2.015991	2.005824	2.017972	2.015411	2.019992	0.3669212	2.016079
250.3028	2.028338	2.022053	2.031607	2.033254	2.035437	0.3661424	2.031237
250.4552	2.078395	2.051447	2.054474	2.059395	2.048593	0.3657227	2.058301
250.6076	2.003784	1.996284	2.010962	2.019183	2.022192	0.3654087	2.012128
250.7600	1.992211	1.982621	1.997352	2.010214	2.005726	0.3626205	1.998772
250.9124	2.028331	1.99445	2.015074	2.013865	2.015524	0.3542792	2.014002
251.0648	1.907557	1.915235	1.930013	1.927655	1.938579	0.3510256	1.928192
251.2172	1.928398	1.901031	1.91854	1.919949	1.92479	0.3458266	1.918396
251.3696	2.017892	1.969705	1.981864	1.984376	1.98734	0.3399553	1.987264
251.5220	1.949029	1.904477	1.916576	1.933685	1.93861	0.3412147	1.927711
251.6744	2.052804	1.996096	1.996368	2.00534	2.004058	0.3430206	2.008156
251.8268	1.950234	1.897066	1.920037	1.924433	1.921714	0.3474135	1.921729
251.9792	2.028168	1.972715	1.987022	1.996699	1.985899	0.3508343	1.991589
252.1316	2.0314	1.989033	1.990635	1.999802	1.997657	0.3543808	1.999663
252.2840	2.025301	1.990516	1.999466	2.003759	2.000132	0.3572839	2.002821
252.4364	2.061565	2.002213	2.014539	2.013582	2.009291	0.3584306	2.016033
252.5888	1.989393	1.967376	1.98367	1.993736	1.987805	0.3605788	1.984518
252.7412	2.032345	1.999496	2.004214	2.016605	2.005246	0.3680371	2.011413
252.8936	2.028811	2.001184	2.013579	2.016597	2.005353	0.3789595	2.012781
253.0460	2.004283	1.98946	2.006668	2.006598	2.001342	0.3872611	2.001858
253.1984	2.040028	2.016408	2.029624	2.013857	2.010104	0.39519	2.02032
253.3508	2.057869	2.048835	2.058922	2.056426	2.055788	0.3987273	2.05565
253.5032	2.11694	2.084405	2.094852	2.086762	2.081961	0.3953498	2.087802
253.6556	2.103637	2.08789	2.093797	2.082234	2.077318	0.394633	2.087758
253.8080	2.078689	2.063553	2.069911	2.069824	2.068251	0.395048	2.069818
253.9604	2.138217	2.103187	2.115021	2.109246	2.094715	0.3948705	2.108687
254.1128	2.099402	2.087949	2.087946	2.085554	2.078605	0.3962863	2.087567
254.2652	2.102601	2.084463	2.090049	2.0949	2.093819	0.3968592	2.093086
254.4176	1.992082	1.964608	1.989056	1.989684	1.991945	0.4001485	1.985569
254.5700	2.040138	2.014631	2.031559	2.031999	2.038591	0.4024187	2.031108
254.7224	2.186617	2.175063	2.186841	2.18048	2.190137	0.4026718	2.184206
254.8748	2.092592	2.107975	2.100005	2.104837	2.117027	0.4056205	2.105868
255.0272	2.135987	2.136399	2.135623	2.137967	2.143991	0.4078954	2.138848
255.1796	2.145342	2.133916	2.140712	2.13938	2.146611	0.4073262	2.141291
255.3320	2.132483	2.11741	2.122063	2.135669	2.137003	0.4064767	2.129208
255.4844	2.141019	2.129246	2.130971	2.137257	2.141858	0.4054634	2.136361
255.6368	2.113143	2.117448	2.11393	2.125427	2.132547	0.4055682	2.122081
255.7892	2.044959	2.046607	2.056689	2.072937	2.081536	0.4116974	2.064741
255.9416	2.086938	2.07091	2.096069	2.114375	2.12204	0.4069481	2.099769
256.0940	2.157456	2.133636	2.16105	2.155139	2.16605	0.4012302	2.155509
256.2464	2.084541	2.025922	2.048814	2.046662	2.065174	0.3978587	2.051388
256.3988	2.040683	2.008059	2.0245	2.029498	2.039459	0.3879393	2.028176
256.5512	2.11387	2.045911	2.061703	2.063426	2.06868	0.3832794	2.067022
256.7036	2.095253	2.040303	2.061567	2.046635	2.070347	0.3827574	2.061965
256.8560	2.086199	2.027785	2.053152	2.05137	2.063916	0.3792696	2.053903
257.0084	2.077899	2.033176	2.056944	2.052947	2.070262	0.3696456	2.057564
257.1608	1.986968	1.953064	1.965277	1.95784	1.972772	0.3590673	1.966371
257.3132	2.081391	2.046796	2.043547	2.032583	2.047432	0.3493559	2.049978
257.4656	1.967284	1.920815	1.92198	1.91914	1.927298	0.341861	1.925675
257.6180	1.946138	1.912099	1.915333	1.91069	1.923365	0.3396967	1.921082
257.7704	1.950445	1.913648	1.925536	1.915208	1.931139	0.3400641	1.926239
257.9228	2.007587	1.942382	1.954153	1.929526	1.952412	0.3399637	1.949898
258.0752	2.002112	1.944618	1.944312	1.938318	1.947127	0.34061	1.949134
258.2276	1.91032	1.88739	1.898198	1.882384	1.901244	0.3494194	1.895635
258.3800	1.901827	1.887091	1.893716	1.892688	1.914113	0.3736535	1.898352
258.5324	1.961808	1.909749	1.923505	1.948247	1.962042	0.4011554	1.940837
258.6848	1.912639	1.884106	1.896941	1.916081	1.931293	0.4377507	1.910359
258.8372	1.871852	1.900265	1.925446	1.93589	1.940468	0.4768404	1.939498
258.9896	1.910745	1.905712	1.924722	1.943213	1.944229	0.4893945	1.927981
259.1420	1.909643	1.9146	1.926875	1.937084	1.954414	0.4855851	1.930504
259.2944	2.092826	2.044099	2.055259	2.061398	2.063187	0.4586618	2.061113
259.4468	1.845994	1.840907	1.847224	1.845302	1.85953	0.4356269	1.847532
259.5992	1.877572	1.832665	1.84179	1.83904	1.850111	0.4131199	1.844598
259.7516	1.880843	1.844194	1.843285	1.840518	1.852352	0.3917833	1.849063
259.9040	1.866321	1.821247	1.835141	1.825528	1.843133	0.3911009	1.835687
260.0564	1.842168	1.791514	1.809922	1.810733	1.823546	0.3959754	1.81359
260.2088	1.847503	1.811909	1.818362	1.82356	1.835993	0.4030977	1.825723
260.3612	1.935727	1.872269	1.863377	1.870213	1.879862	0.4059441	1.872525
260.5136	1.956468	1.888319	1.880994	1.861702	1.876844	0.3963243	1.842283
260.6660	1.959331	1.889354	1.889339	1.874075	1.880375	0.3844912	1.858452
260.8184	2.057188	1.989911	1.962654	1.956649	1.937229	0.3757992	1.897081
260.9708	1.939943	1.862863	1.85969	1.853721	1.831293	0.365356	1.793648
261.1232	2.131965	2.049904	2.036874	2.040812	2.000014	0.3657914	1.961643
261.2756	2.122977	2.054503	2.046008	2.038195	2.002679	0.3695367	1.974435
261.4280	2.075823	2.014771	2.008311	2.00146	1.971529	0.3725848	1.955295
261.5804	2.086805	2.02228	2.021676	2.011103	1.983336	0.3733049	1.96488
261.7328	2.171048	2.07951	2.074279	2.051613	2.015304	0.3740078	1.958933
261.8852	2.090393	2.038394	2.030848	2.028165	1.991969	0.3744066	1.988126
262.0376	2.087931	2.048153	2.040052	2.0297	1.992825	0.3716207	1.991999
262.1900	2.090103	2.02055	2.010114	1.995743	1.966414	0.3656917	1.935134
262.3424	1.954799	1.906478	1.887615	1.867382	1.85036	0.3604186	1.829716
262.4948	1.869072	1.818475	1.804984	1.799513	1.778821	0.3591799	1.760923
262.6472	1.914901	1.831641	1.821415	1.821064	1.79866	0.3683202	1.758926
262.7996	1.889735	1.849117	1.837703	1.845589	1.832074	0.3788652	1.830248
262.9520	2.125659	2.056613	2.053253	2.038496	2.027558	0.3900141	2.0133
263.1044	2.067198	2.000215	1.991152	1.984374	1.967002	0.4010521	1.944732
263.2568	2.080425	2.00787	2.002332	1.984045	1.964025	0.3985403	1.935561
263.4092	2.023573	1.96742	1.970498	1.940965	1.930793	0.3936499	1.91969
263.5616	1.983241	1.928803	1.935971	1.921184	1.90802	0.3869871	1.907101
263.7140	2.061262	2.012419	2.014565	2.010509	1.999814	0.3800318	2.00802
263.8664	2.04777	1.99179	1.989729	1.986532	1.977579	0.3801185	1.975576
264.0188	2.011441	1.934105	1.910251	1.899449	1.890071	0.3936298	1.836761
264.1712	2.030721	1.963846	1.958749	1.928816	1.928274	0.4101881	1.895699
264.3236	2.344357	2.28362	2.263422	2.238002	2.233759	0.4268984	2.21575
264.4760	2.351954	2.286066	2.269237	2.250243	2.244932	0.4459099	2.225684
264.6284	2.379781	2.31922	2.286457	2.259387	2.245982	0.4494614	2.195046
264.7808	2.350058	2.290382	2.266428	2.234503	2.236962	0.4353745	2.203258
264.9332	2.16623	2.091652	2.079461	2.055827	2.052003	0.4155656	2.021365
265.0856	1.895346	1.824264	1.815583	1.807876	1.797181	0.3992872	1.764057
265.2380	1.879532	1.80513	1.803668	1.789697	1.786912	0.3867761	1.75451
265.3904	1.978065	1.936775	1.889256	1.888422	1.86894	0.3829063	1.831518
265.5428	2.067563	2.00446	1.991195	1.968185	1.948952	0.3903136	1.913175
265.6952	2.088696	2.033208	2.011764	2.001459	1.970532	0.4022417	1.943686
265.8476	2.101783	2.051948	2.03465	2.014086	1.975579	0.4079976	1.945316
266.0000	2.042836	1.978953	1.969167	1.960163	1.932237	0.4051818	1.90247
266.1524	2.108792	2.04121	2.029985	2.009119	1.983092	0.3938809	1.944283
266.3048	2.00327	1.952552	1.941531	1.928646	1.897103	0.3809328	1.883148
266.4572	1.948891	1.900497	1.90728	1.885433	1.85947	0.3667454	1.85648
266.6096	1.937663	1.878481	1.868042	1.853788	1.828074	0.3539118	1.803954
266.7620	1.903742	1.857574	1.843668	1.830413	1.805094	0.3472561	1.788179
266.9144	1.931725	1.882095	1.870683	1.855265	1.832709	0.3445093	1.816732
267.0668	1.922852	1.876429	1.870252	1.853747	1.828933	0.3444068	1.819757
267.2192	1.958336	1.896979	1.885105	1.865468	1.836509	0.3454664	1.807144
267.3716	1.933542	1.879115	1.864551	1.850699	1.83448	0.3453273	1.80863
267.5240	1.909343	1.873859	1.855398	1.848979	1.822164	0.3446388	1.819762
267.6764	1.91212	1.870918	1.865589	1.854526	1.835608	0.3447709	1.840509
267.8288	1.903547	1.846769	1.834158	1.825992	1.806803	0.3438834	1.790313
267.9812	1.84798	1.813123	1.805902	1.797724	1.786074	0.3429636	1.788005
268.1336	1.903126	1.845088	1.830539	1.835632	1.816818	0.3421328	1.812408
268.2860	1.855441	1.837643	1.837963	1.832538	1.818676	0.340972	1.831023
268.4384	1.886633	1.846043	1.840317	1.845941	1.82721	0.3392094	1.835563
268.5908	1.924576	1.8751	1.869134	1.872367	1.851296	0.3385834	1.855669
268.7432	1.866483	1.826364	1.831027	1.834653	1.817772	0.3383193	1.829064
268.8956	1.945455	1.87363	1.877937	1.88137	1.853327	0.3373189	1.841477
269.0480	1.907218	1.871511	1.874166	1.874944	1.859515	0.3350682	1.868654
269.2004	1.918103	1.866817	1.872894	1.874956	1.857691	0.3316771	1.866015
269.3528	1.916524	1.871483	1.878123	1.883419	1.862038	0.3288888	1.870618
269.5052	1.809452	1.789577	1.793361	1.788679	1.789104	0.3255404	1.791347
269.6576	1.8777	1.830086	1.828405	1.829723	1.818151	0.3216846	1.822865
269.8100	1.836245	1.780412	1.772637	1.765591	1.76004	0.3190908	1.749705
269.9624	1.818457	1.759515	1.753289	1.751616	1.749283	0.3178913	1.74067
270.1148	1.781921	1.731873	1.7374	1.731477	1.714072	0.3175102	1.715561
270.2672	1.847588	1.773348	1.767912	1.757493	1.737636	0.3167739	1.707006
270.4196	1.792597	1.730245	1.725016	1.715107	1.708691	0.3165652	1.691099
270.5720	1.806841	1.73952	1.737955	1.731456	1.718036	0.3164853	1.69861
270.7244	1.840057	1.767901	1.757441	1.749008	1.73713	0.3158319	1.703462
270.8768	1.848732	1.764177	1.764844	1.762138	1.750253	0.3159896	1.716297
271.0292	1.858706	1.79042	1.785734	1.775397	1.765107	0.3159182	1.738518
271.1816	1.852565	1.77128	1.763176	1.745795	1.736304	0.3162943	1.687057
271.3340	1.824401	1.748487	1.731874	1.729217	1.714892	0.3170943	1.670784
271.4864	1.818102	1.729969	1.722651	1.710854	1.702582	0.3174097	1.649993
271.6388	1.775963	1.718627	1.712382	1.705453	1.700366	0.3175827	1.686357
271.7912	1.799395	1.735164	1.726309	1.719922	1.712177	0.3167437	1.684682
271.9436	1.847996	1.773294	1.754119	1.750463	1.738608	0.3160047	1.692975
272.0960	1.8249	1.75851	1.744341	1.740646	1.72772	0.3162661	1.695472
272.2484	1.79381	1.732411	1.723603	1.716242	1.710643	0.3167986	1.694281
272.4008	1.848752	1.759169	1.744902	1.749681	1.739438	0.3156793	1.689403
272.5532	1.848797	1.775823	1.765837	1.763642	1.750598	0.3142006	1.721244
272.7056	1.843421	1.769882	1.759936	1.757305	1.745089	0.3138508	1.716962
272.8580	1.85688	1.786356	1.775234	1.776953	1.764048	0.3134839	1.739727
273.0104	1.816403	1.731425	1.728749	1.724407	1.72109	0.3138478	1.695973
273.1628	1.822885	1.749822	1.749487	1.750708	1.746018	0.3146811	1.729311
273.3152	1.791408	1.732828	1.73006	1.732558	1.729775	0.3153217	1.727583
273.4676	1.809336	1.74279	1.740434	1.735188	1.736166	0.3154545	1.72137
273.6200	1.816087	1.737275	1.744547	1.745195	1.740408	0.3148683	1.727041
273.7724	1.822878	1.750949	1.746017	1.756052	1.752152	0.314908	1.73507
273.9248	1.871495	1.797083	1.793205	1.793081	1.789331	0.3144597	1.773533
274.0772	1.865813	1.803073	1.800734	1.804009	1.806469	0.3140482	1.798899
274.2296	1.919527	1.826268	1.827853	1.817596	1.816309	0.3139132	1.781759
274.3820	1.864937	1.780832	1.78056	1.782949	1.773639	0.3133073	1.751708
274.5344	1.824816	1.760344	1.757428	1.755971	1.753422	0.3130684	1.748881
274.6868	1.81586	1.762687	1.757362	1.749788	1.750114	0.3136331	1.74442
274.8392	1.830456	1.759225	1.755052	1.756729	1.756797	0.3133853	1.741394
274.9916	1.855112	1.785835	1.785605	1.786902	1.786261	0.3134608	1.778614
275.1440	1.839555	1.742187	1.735345	1.743383	1.740236	0.3145778	1.702996
275.2964	1.767689	1.705665	1.704883	1.708142	1.71096	0.3152316	1.705026
275.4488	1.794025	1.733468	1.724363	1.726833	1.730455	0.3150667	1.722992
275.6012	1.831062	1.766098	1.760105	1.764219	1.757468	0.3146417	1.748728
275.7536	1.805999	1.745639	1.741771	1.750644	1.746755	0.3137907	1.740176
275.9060	1.809964	1.730045	1.732196	1.73039	1.729344	0.3128133	1.706426
276.0584	1.813573	1.748468	1.742505	1.746228	1.734885	0.3115716	1.724274
276.2108	1.806898	1.744472	1.748687	1.741408	1.744187	0.3102944	1.73777
276.3632	1.807729	1.755465	1.742979	1.748487	1.743265	0.3089418	1.741609
276.5156	1.816055	1.766974	1.758527	1.752685	1.751358	0.3078297	1.749978
276.6680	1.806099	1.748388	1.751984	1.743898	1.744302	0.3059208	1.743135
276.8204	1.762309	1.711393	1.715966	1.711576	1.709486	0.3037945	1.711625
276.9728	1.767692	1.71092	1.713029	1.712952	1.70539	0.3015777	1.701327
277.1252	1.834646	1.773149	1.755762	1.7448	1.718592	0.2995327	1.679209
277.2776	1.805792	1.746001	1.734479	1.736291	1.71636	0.2991967	1.704635
277.4300	1.795539	1.745722	1.745244	1.738177	1.721213	0.2999439	1.720248
277.5824	1.788314	1.755106	1.741657	1.741779	1.717612	0.3007806	1.721353
277.7348	1.794785	1.744589	1.747943	1.737418	1.721481	0.3020725	1.721286
277.8872	1.807285	1.750971	1.740612	1.741686	1.723152	0.3067824	1.715593
278.0396	1.816514	1.781939	1.767131	1.758395	1.739971	0.3129753	1.739121
278.1920	1.785535	1.745556	1.737772	1.739916	1.722422	0.3202862	1.724872
278.3444	1.822065	1.76931	1.758631	1.754519	1.736408	0.3275911	1.72846
278.4968	1.837663	1.777906	1.77078	1.761989	1.74688	0.3310507	1.724053
278.6492	1.842029	1.780316	1.775807	1.768862	1.749909	0.3322772	1.736142
278.8016	1.787918	1.756625	1.754367	1.747215	1.734055	0.3332334	1.741756
278.9540	1.880134	1.797568	1.795383	1.779673	1.765029	0.3327491	1.72433
279.1064	1.817741	1.769313	1.756336	1.753403	1.738301	0.332581	1.731569
279.2588	1.837427	1.780056	1.774266	1.767966	1.746547	0.3322348	1.733786
279.4112	1.799881	1.752503	1.741431	1.740861	1.72513	0.3332981	1.721535
279.5636	1.791167	1.741351	1.739175	1.726445	1.706184	0.3367629	1.698241
279.7160	1.819398	1.76564	1.757235	1.757679	1.733878	0.3419624	1.726382
279.8684	1.805532	1.76781	1.763018	1.752654	1.730136	0.3492919	1.734768
280.0208	1.798698	1.771847	1.765628	1.766562	1.738635	0.3569368	1.747788
280.1732	1.775987	1.76711	1.76252	1.757567	1.740122	0.3629882	1.752204
280.3256	1.801316	1.789772	1.780105	1.777874	1.752555	0.3676559	1.77057
280.4780	1.763657	1.749917	1.753166	1.755449	1.733165	0.3708669	1.747571
280.6304	1.790372	1.761638	1.766589	1.761706	1.739128	0.373115	1.752927
280.7828	1.798439	1.778476	1.775673	1.772646	1.74723	0.3760868	1.761565
280.9352	1.777226	1.761284	1.762123	1.76144	1.731163	0.3850362	1.75334
281.0876	1.743554	1.746687	1.752004	1.756859	1.735896	0.3948092	1.746833
281.2400	1.746241	1.751547	1.754068	1.749848	1.732625	0.4030218	1.745862
281.3924	1.796664	1.779701	1.78001	1.769216	1.747346	0.4114042	1.764589
281.5448	1.781473	1.77895	1.782498	1.777656	1.759249	0.4147083	1.773812
281.6972	1.788386	1.775929	1.782545	1.779188	1.758596	0.4151406	1.772951
281.8496	1.838333	1.828094	1.832665	1.819336	1.799492	0.4161443	1.817025
282.0020	1.81642	1.815207	1.817563	1.808267	1.792351	0.4178992	1.808045
282.1544	1.797506	1.811843	1.817413	1.813346	1.795254	0.4191525	1.807011
282.3068	1.808848	1.814389	1.81917	1.808562	1.793356	0.4196712	1.807789
282.4592	1.833692	1.830918	1.831901	1.821443	1.804916	0.4198133	1.82207
282.6116	1.816295	1.818011	1.821324	1.815783	1.797883	0.4204263	1.812442
282.7640	1.824853	1.819927	1.824296	1.818043	1.798776	0.4205424	1.814423
282.9164	1.841111	1.83538	1.838853	1.827999	1.805466	0.4200668	1.824825
283.0688	1.822087	1.824687	1.822705	1.8188	1.797819	0.4198923	1.814532
283.2212	1.848287	1.841618	1.841082	1.831911	1.81162	0.4201812	1.830316
283.3736	1.814523	1.814351	1.817477	1.806242	1.791678	0.4198877	1.805673
283.5260	1.837679	1.832913	1.830283	1.82549	1.802528	0.4194658	1.820194
283.6784	1.842878	1.848023	1.844868	1.831692	1.812284	0.4199499	1.832364
283.8308	1.815899	1.823098	1.81813	1.815635	1.798821	0.4202627	1.812994
283.9832	1.82074	1.814178	1.823118	1.812203	1.789948	0.4204707	1.808906

