HOLE:	U1513A
EXPEDITION:	369
TOP:	80.8365
BOTTOM:	258.2300
DEPTH_WMSF	RHOM	DRH	PEFL	NRHB
m	g/cm3	g/cm3	barns/e-	g/cm3
80.8365	1.882978	-0.5278422	16.89137	1.882978
80.9889	1.472228	-0.4009486	16.8846	1.472228
81.1413	1.384829	-0.2506982	17.39937	1.384829
81.2937	1.421456	-0.112483	17.636	1.421456
81.4461	1.532198	-0.005505574	17.61819	1.557625
81.5985	1.56058	-0.0001446176	16.16414	1.581209
81.7509	1.610394	0.006696821	13.45647	1.610394
81.9033	1.664625	0.00900048	11.34591	1.664625
82.0557	1.697059	0.008378234	9.499038	1.697059
82.2081	1.71564	0.00840385	8.319557	1.71564
82.3605	1.727629	0.005742157	6.768014	1.727629
82.5129	1.749494	0.003059664	5.374967	1.749494
82.6653	1.766581	0.004833674	4.783519	1.766581
82.8177	1.764633	0.001855773	4.478905	1.764633
82.9701	1.75211	-0.001469538	4.741997	1.75211
83.1225	1.744725	-0.0002428594	4.750283	1.744725
83.2749	1.728614	0.006134504	5.10089	1.728614
83.4273	1.703222	0.005564032	5.692923	1.703222
83.5797	1.688836	0.005836192	6.688042	1.688836
83.7321	1.69496	0.008175576	7.910216	1.69496
83.8845	1.698088	0.006269707	8.376128	1.698088
84.0369	1.696965	-0.002785304	8.168732	1.696848
84.1893	1.702002	-0.005938753	6.896625	1.733736
84.3417	1.71383	0.0001717789	6.492043	1.71383
84.4941	1.714003	0.004869633	6.577202	1.714003
84.6465	1.714536	0.01204598	7.271999	1.714536
84.7989	1.719852	0.02316612	7.332416	1.719852
84.9513	1.747531	0.03799123	7.537477	1.747531
85.1037	1.752321	0.03821879	7.232934	1.752321
85.2561	1.753565	0.03788727	7.608016	1.753565
85.4085	1.724998	0.03109156	7.466583	1.724998
85.5609	1.709584	0.0228171	7.723937	1.709584
85.7133	1.707201	0.01992381	7.149555	1.707201
85.8657	1.732078	0.02267661	5.789499	1.732078
86.0181	1.754901	0.02568376	5.038783	1.754901
86.1705	1.770058	0.02614077	4.839145	1.770058
86.3229	1.779539	0.03211174	5.739724	1.779539
86.4753	1.769688	0.02584563	6.830171	1.769688
86.6277	1.756403	0.01836959	7.290933	1.756403
86.7801	1.745006	0.01216154	7.051819	1.745006
86.9325	1.746905	0.01326446	6.413516	1.746905
87.0849	1.752319	0.01243296	6.359707	1.752319
87.2373	1.735687	0.01343237	6.887802	1.735687
87.3897	1.708061	0.01842821	7.631851	1.708061
87.5421	1.681947	0.01311374	7.998728	1.681947
87.6945	1.686472	0.004055874	8.212847	1.686472
87.8469	1.705727	-0.001381442	8.790756	1.705297
87.9993	1.725728	0.001162429	7.626011	1.730455
88.1517	1.726506	0.003693251	7.630542	1.726506
88.3041	1.712057	0.005978843	7.431811	1.712057
88.4565	1.708544	0.01855009	8.73815	1.708544
88.6089	1.714058	0.03613887	8.795283	1.714058
88.7613	1.712947	0.03581237	7.799111	1.712947
88.9137	1.713746	0.03229377	6.190322	1.713746
89.0661	1.717073	0.02829496	4.812312	1.717073
89.2185	1.73926	0.02727771	4.793839	1.73926
89.3709	1.736157	0.0199284	5.338057	1.736157
89.5233	1.727609	0.0157129	6.087716	1.727609
89.6757	1.692861	0.0114698	6.327189	1.692861
89.8281	1.670831	0.005634251	5.725451	1.670831
89.9805	1.66969	0.004529259	5.229004	1.66969
90.1329	1.687349	0.007028693	4.675194	1.687349
90.2853	1.703375	0.01155771	4.959915	1.703375
90.4377	1.70462	0.01685418	5.302846	1.70462
90.5901	1.717337	0.03170075	5.609303	1.717337
90.7425	1.715896	0.03509413	5.802466	1.715896
90.8949	1.724334	0.04553065	5.957773	1.724334
91.0473	1.723223	0.04556338	5.776241	1.723223
91.1997	1.718627	0.03993059	5.564555	1.718627
91.3521	1.718189	0.03488105	5.309958	1.718189
91.5045	1.715898	0.02744304	5.152454	1.715898
91.6569	1.722851	0.01365056	5.211294	1.722851
91.8093	1.733953	0.008199099	5.145908	1.733953
91.9617	1.764825	0.008410113	4.854254	1.764825
92.1141	1.777833	0.008242477	4.347567	1.777833
92.2665	1.790441	0.009055182	4.195282	1.790441
92.4189	1.79178	0.01499344	4.757694	1.79178
92.5713	1.78886	0.01174131	5.781734	1.78886
92.7237	1.787802	0.01008538	6.567079	1.787802
92.8761	1.785745	0.007599039	6.646145	1.785745
93.0285	1.769506	0.004044135	5.805674	1.769506
93.1809	1.753938	0.002450536	5.849414	1.753938
93.3333	1.737762	0.005536075	5.718954	1.737762
93.4857	1.736313	0.006595793	5.748569	1.736313
93.6381	1.744576	0.008823718	5.186153	1.744576
93.7905	1.757021	0.009926821	4.878736	1.757021
93.9429	1.75956	0.00848646	4.833299	1.75956
94.0953	1.759805	0.006291278	5.218589	1.759805
94.2477	1.756523	0.006940147	6.11834	1.756523
94.4001	1.749526	0.006933894	6.406875	1.749526
94.5525	1.751887	0.008519029	6.364287	1.751887
94.7049	1.773584	0.009847173	6.081692	1.773584
94.8573	1.784974	0.01115885	6.44591	1.784974
95.0097	1.770208	0.008642122	6.474461	1.770208
95.1621	1.743219	0.009177099	6.021553	1.743219
95.3145	1.73465	0.0138603	5.99759	1.73465
95.4669	1.734872	0.02036024	5.980029	1.734872
95.6193	1.743283	0.02913066	6.054692	1.743283
95.7717	1.746997	0.03353349	6.058922	1.746997
95.9241	1.746101	0.02897168	6.192411	1.746101
96.0765	1.747583	0.03062768	6.243884	1.747583
96.2289	1.745133	0.02761834	6.984289	1.745133
96.3813	1.739251	0.02200103	7.681482	1.739251
96.5337	1.748546	0.01989068	9.020231	1.748546
96.6861	1.760674	0.0184107	8.429336	1.760674
96.8385	1.779557	0.02002526	8.701098	1.779557
96.9909	1.780979	0.01430572	8.802495	1.780979
97.1433	1.7818	0.0113525	9.397273	1.7818
97.2957	1.778882	0.0083707	9.668643	1.778882
97.4481	1.778758	0.01089317	9.711103	1.778758
97.6005	1.772936	0.00796349	9.742775	1.772936
97.7529	1.771355	0.007088882	9.648442	1.771355
97.9053	1.773081	0.007803648	9.56202	1.773081
98.0577	1.760985	0.007762494	9.904666	1.760985
98.2101	1.752455	0.006520749	9.174676	1.752455
98.3625	1.754011	0.01045894	8.340472	1.754011
98.5149	1.784951	0.01978964	8.21055	1.784951
98.6673	1.784611	0.03387327	8.720108	1.784611
98.8197	1.774784	0.03331317	8.396717	1.774784
98.9721	1.760005	0.0344106	7.505079	1.760005
99.1245	1.765222	0.02850483	6.964777	1.765222
99.2769	1.767842	0.03211515	6.963689	1.767842
99.4293	1.753907	0.02506347	7.115733	1.753907
99.5817	1.74176	0.02628313	7.407221	1.74176
99.7341	1.730209	0.02730437	7.703165	1.730209
99.8865	1.726012	0.02807677	7.735672	1.726012
100.0389	1.744766	0.02871775	7.740491	1.744766
100.1913	1.766527	0.02462249	7.798693	1.766527
100.3437	1.796891	0.023301	8.537371	1.796891
100.4961	1.806392	0.01803083	9.82234	1.806392
100.6485	1.810825	0.009533133	11.81205	1.810825
100.8009	1.811973	0.004603449	13.13754	1.811995
100.9533	1.813345	-0.0003822217	12.68794	1.847464
101.1057	1.811749	-0.005463495	12.67122	1.844361
101.2581	1.803421	-0.01407578	12.1355	1.795871
101.4105	1.804687	-0.01162635	10.42833	1.848753
101.5629	1.821155	-0.003145474	10.19419	1.888498
101.7153	1.817862	0.006749842	9.329475	1.817885
101.8677	1.813021	0.009643176	9.047318	1.813021
102.0201	1.791876	0.008345336	7.872507	1.791876
102.1725	1.787924	0.007516779	8.653573	1.787924
102.3249	1.773711	0.006619223	9.05584	1.773711
102.4773	1.786338	0.004216442	8.942138	1.786338
102.6297	1.793054	0.01164007	8.34298	1.793054
102.7821	1.804009	0.01314579	7.840886	1.804009
102.9345	1.792825	0.01014486	7.875467	1.792825
103.0869	1.801299	0.005686478	7.362429	1.801299
103.2393	1.810061	0.006155658	7.467982	1.81006
103.3917	1.816032	-0.001195336	6.482718	1.807004
103.5441	1.840709	0.009013142	6.973393	1.840709
103.6965	1.825778	0.01137827	6.67543	1.825778
103.8489	1.811937	0.01019873	7.30834	1.811937
104.0013	1.787118	0.00880562	6.646739	1.787118
104.1537	1.792838	0.00952991	6.716669	1.792838
104.3061	1.785377	0.00791061	6.764461	1.785377
104.4585	1.787273	0.009262273	6.528389	1.787273
104.6109	1.772952	0.008105646	6.242652	1.772952
104.7633	1.791199	0.008463419	5.720139	1.791199
104.9157	1.82041	0.009130416	5.835057	1.82041
105.0681	1.841689	0.01575616	6.323931	1.841689
105.2205	1.820311	0.01932904	6.43723	1.820311
105.3729	1.789147	0.01144654	7.401531	1.789147
105.5253	1.788274	0.01174548	8.833468	1.788274
105.6777	1.786096	0.01959746	12.13496	1.786096
105.8301	1.760592	0.01674463	12.16136	1.760592
105.9825	1.75112	0.006819391	11.80975	1.75112
106.1349	1.769821	0.003244298	10.85966	1.769831
106.2873	1.799104	0.001183702	11.42974	1.812499
106.4397	1.81968	0.00521053	10.25515	1.824587
106.5921	1.815058	0.00348819	9.914143	1.885017
106.7445	1.838368	0.01556849	8.81402	1.838368
106.8969	1.859365	0.04446866	10.10475	1.859365
107.0493	1.851259	0.0603661	10.49156	1.851259
107.2017	1.814181	0.04607781	10.95048	1.814181
107.3541	1.809574	0.04187731	10.16373	1.809574
107.5065	1.828802	0.0419845	9.746005	1.828802
107.6589	1.81562	0.02441908	9.864039	1.81562
107.8113	1.800539	0.01021731	9.787282	1.800539
107.9637	1.802206	0.01079765	10.48612	1.802206
108.1161	1.801466	0.008531892	10.53423	1.801466
108.2685	1.807983	0.009958483	9.492885	1.807983
108.4209	1.820674	0.01227403	8.875994	1.820674
108.5733	1.815264	0.01886025	8.911398	1.815264
108.7257	1.805403	0.01647846	9.808311	1.805403
108.8781	1.788754	0.01200386	10.48896	1.788754
109.0305	1.791613	0.007446428	10.49154	1.791613
109.1829	1.795509	0.008243511	9.880424	1.795509
109.3353	1.789438	0.0005230464	9.457633	1.793755
109.4877	1.784566	-0.0006101327	9.899146	1.792129
109.6401	1.803081	0.002152176	11.20335	1.807528
109.7925	1.812339	0.002111492	12.88243	1.793859
109.9449	1.829471	0.0150944	13.81283	1.829471
110.0973	1.831534	0.03424875	14.50226	1.831534
110.2497	1.841862	0.05489855	11.57652	1.841862
110.4021	1.845689	0.06220514	10.44345	1.845689
110.5545	1.883402	0.07909396	9.235754	1.883402
110.7069	1.887924	0.07564406	10.87955	1.887924
110.8593	1.877866	0.05659769	11.62784	1.877866
111.0117	1.831165	0.03597024	11.47226	1.831165
111.1641	1.818509	0.02738312	9.967064	1.818509
111.3165	1.806117	0.01442226	8.164637	1.806117
111.4689	1.808548	0.005750087	7.899772	1.808548
111.6213	1.816899	0.009540606	8.019415	1.816899
111.7737	1.828563	0.01561945	9.065626	1.828563
111.9261	1.82947	0.01415101	10.75366	1.82947
112.0785	1.807701	0.01601107	11.93925	1.807701
112.2309	1.826398	0.02265091	11.2173	1.826398
112.3833	1.813644	0.03048319	12.44114	1.813644
112.5357	1.79744	0.03191451	14.11571	1.79744
112.6881	1.754621	0.03972314	17.79006	1.754621
112.8405	1.747189	0.05086748	17.22664	1.747189
112.9929	1.7535	0.05795867	17.06073	1.7535
113.1453	1.753793	0.0570595	17.15145	1.753793
113.2977	1.749476	0.05454409	16.47525	1.749476
113.4501	1.74372	0.04649138	13.67482	1.74372
113.6025	1.791348	0.04560996	14.08417	1.791348
113.7549	1.77546	0.03856724	14.81214	1.77546
113.9073	1.827254	0.03622425	13.15959	1.827254
114.0597	1.863311	0.04951642	8.228721	1.863311
114.2121	1.994139	0.08566529	5.941888	1.994139
114.3645	2.023523	0.1054212	5.7523	2.023523
114.5169	2.020612	0.1141581	5.623946	2.020612
114.6693	2.046998	0.1387382	5.474082	2.046998
114.8217	2.048545	0.1373294	5.288383	2.048545
114.9741	2.032871	0.1307822	6.236072	2.032871
115.1265	1.956298	0.1107455	7.531812	1.956298
115.2789	1.887904	0.08168812	10.03422	1.887904
115.4313	1.824375	0.05202966	10.3684	1.824375
115.5837	1.854091	0.05205217	11.63435	1.854091
115.7361	1.827104	0.04307837	12.11189	1.827104
115.8885	1.811806	0.03470694	14.62887	1.811806
116.0409	1.779814	0.0328674	15.22514	1.779814
116.1933	1.796981	0.04219408	13.92378	1.796981
116.3457	1.818256	0.04381201	12.76415	1.818256
116.4981	1.848359	0.04332905	11.6786	1.848359
116.6505	1.85577	0.03802484	10.80723	1.85577
116.8029	1.833499	0.0270333	9.688904	1.833499
116.9553	1.79857	0.01479919	8.282598	1.79857
117.1077	1.789161	0.01011345	7.872784	1.789161
117.2601	1.786552	0.008118221	7.6071	1.786552
117.4125	1.785371	0.007446643	8.128774	1.785371
117.5649	1.779407	0.006714323	9.500295	1.779407
117.7173	1.771042	0.007400896	10.70043	1.771042
117.8697	1.807321	0.009228814	11.18284	1.807321
118.0221	1.810897	0.01237423	9.657594	1.810897
118.1745	1.822956	0.01215757	8.800008	1.822956
118.3269	1.791208	0.008140557	8.00134	1.791208
118.4793	1.802986	0.006551497	7.741198	1.802986
118.6317	1.806861	0.007337578	7.588268	1.806861
118.7841	1.802975	0.0003933311	8.180072	1.802975
118.9365	1.794872	0.001368982	10.38969	1.794872
119.0889	1.796503	0.0008861427	10.87051	1.799663
119.2413	1.787683	0.007026446	12.54071	1.787683
119.3937	1.776357	0.01238154	9.978866	1.776357
119.5461	1.765247	0.00946709	9.921432	1.765247
119.6985	1.761724	0.005185734	8.52417	1.761724
119.8509	1.774024	0.008904755	9.593384	1.774024
120.0033	1.752922	0.003232136	11.74037	1.752925
120.1557	1.757241	0.00213156	13.41331	1.760966
120.3081	1.77271	0.01075877	12.78986	1.772711
120.4605	1.806514	0.01746287	10.1876	1.806514
120.6129	1.829417	0.02486635	7.533331	1.829417
120.7653	1.842624	0.02251341	5.755723	1.842624
120.9177	1.841017	0.01928532	4.972324	1.841017
121.0701	1.820833	0.008786276	4.627294	1.820833
121.2225	1.819565	0.008248206	5.339226	1.819565
121.3749	1.808859	0.006316513	6.619627	1.808859
121.5273	1.811043	0.006350306	8.238479	1.811043
121.6797	1.816117	0.00674262	8.947469	1.816117
121.8321	1.822784	0.007525329	8.855968	1.822784
121.9845	1.826421	0.00428842	10.14171	1.826412
122.1369	1.816492	-0.0000424	11.18798	1.802553
122.2893	1.818426	-0.002151995	10.56923	1.888411
122.4417	1.813123	-0.004563861	8.136535	1.822016
122.5941	1.808072	-0.002736165	7.203208	1.846084
122.7465	1.796568	-0.0003983387	7.288651	1.795308
122.8989	1.790017	0.005175684	9.795948	1.790017
123.0513	1.77757	0.00611392	12.82496	1.77757
123.2037	1.777272	0.006908078	15.77966	1.777269
123.3561	1.774908	0.003615428	15.81898	1.76642
123.5085	1.787664	0.005213641	14.08857	1.794607
123.6609	1.791005	0.0005544857	12.63586	1.824379
123.8133	1.794056	-0.0005833355	10.95889	1.782026
123.9657	1.808473	0.0003349484	10.57526	1.824307
124.1181	1.8033	0.003009392	10.70456	1.801957
124.2705	1.815984	0.005899187	8.374188	1.815984
124.4229	1.80605	0.01495271	8.089093	1.80605
124.5753	1.791057	0.025674	8.221888	1.791057
124.7277	1.762743	0.03782945	11.29067	1.762743
124.8801	1.744883	0.04510284	11.56091	1.744883
125.0325	1.761244	0.05998256	11.19304	1.761244
125.1849	1.763148	0.06015777	10.83865	1.763148
125.3373	1.774961	0.05318039	11.30791	1.774961
125.4897	1.791154	0.04089874	11.34046	1.791154
125.6421	1.824781	0.03564728	10.307	1.824781
125.7945	1.821871	0.02095591	9.193531	1.821871
125.9469	1.808981	0.008234755	8.375722	1.808981
126.0993	1.795133	0.007019497	8.506207	1.795133
126.2517	1.791731	0.006172089	9.26081	1.791731
126.4041	1.790436	0.004547435	11.80575	1.790436
126.5565	1.787629	0.004021885	13.26306	1.787825
126.7089	1.797991	0.006912852	10.66072	1.797991
126.8613	1.803766	0.01167743	8.733483	1.803766
127.0137	1.812322	0.02024304	8.876395	1.812322
127.1661	1.806434	0.02523802	10.3199	1.806434
127.3185	1.804702	0.02357678	10.30374	1.804702
127.4709	1.80651	0.01480662	9.249037	1.80651
127.6233	1.809347	0.01499898	11.00191	1.809347
127.7757	1.791823	0.009469968	13.86917	1.791823
127.9281	1.773993	0.007146851	12.88304	1.773993
128.0805	1.779575	0.0156935	10.67393	1.779575
128.2329	1.787453	0.02140651	8.663243	1.787453
128.3853	1.791546	0.01102278	8.62338	1.791546
128.5377	1.807688	0.01355157	8.432007	1.807688
128.6901	1.815808	0.01035034	8.9091	1.815808
128.8425	1.812208	0.006366777	9.05801	1.812208
128.9949	1.81338	0.006098656	9.082177	1.81338
129.1473	1.819306	0.01007171	9.602156	1.819306
129.2997	1.819916	0.009330431	10.49372	1.819916
129.4521	1.818047	0.008806784	9.470675	1.818047
129.6045	1.823672	0.007850675	9.298793	1.823672
129.7569	1.819862	0.008480844	8.595578	1.819862
129.9093	1.815621	0.00921915	10.14184	1.815621
130.0617	1.796828	0.005160687	10.87368	1.796828
130.2141	1.785366	0.002858019	11.76363	1.777911
130.3665	1.783844	0.003780253	12.02124	1.785991
130.5189	1.79423	0.005357743	11.24212	1.79423
130.6713	1.811363	0.006517797	8.745875	1.811363
130.8237	1.825479	0.008654424	6.384049	1.825479
130.9761	1.830609	0.00913265	5.007151	1.830609
131.1285	1.832349	0.009855962	5.416959	1.832349
131.2809	1.822268	0.007984924	7.07229	1.822268
131.4333	1.799119	0.007957052	8.018433	1.799119
131.5857	1.794739	0.007112047	7.030034	1.794739
131.7381	1.804492	0.008029808	5.329434	1.804492
131.8905	1.828348	0.009293373	4.960527	1.828348
132.0429	1.840845	0.02089177	4.957696	1.840845
132.1953	1.841122	0.02384568	4.919562	1.841122
132.3477	1.849459	0.03030564	5.702331	1.849459
132.5001	1.824356	0.02865705	7.917173	1.824356
132.6525	1.79371	0.02301142	8.161594	1.79371
132.8049	1.779263	0.01885338	8.5171	1.779263
132.9573	1.77897	0.02257306	8.180501	1.77897
133.1097	1.785923	0.01982717	10.69676	1.785923
133.2621	1.774876	0.009819983	11.45058	1.774876
133.4145	1.786459	0.007374502	10.84626	1.786459
133.5669	1.791511	0.006969091	10.67846	1.791511
133.7193	1.785124	0.001596651	11.20929	1.772543
133.8717	1.785275	0.0004760176	10.96757	1.816116
134.0241	1.782755	0.001584044	10.30716	1.787353
134.1765	1.778014	0.0007234229	8.443523	1.77156
134.3289	1.773474	0.001016815	7.665191	1.766807
134.4813	1.757274	-0.0008267897	7.373371	1.761712
134.6337	1.742664	-0.00278201	8.313646	1.745985
134.7861	1.733272	-0.005238987	10.7891	1.733143
134.9385	1.7425	0.001787261	14.74382	1.742482
135.0909	1.751476	0.004625685	18.72023	1.751476
135.2433	1.758304	0.005592129	17.45776	1.758304
135.3957	1.771797	0.009026965	17.59391	1.771797
135.5481	1.77365	0.009947602	14.8436	1.77365
135.7005	1.769619	0.006532593	13.07276	1.769619
135.8529	1.771154	0.006336537	9.033916	1.771154
136.0053	1.794153	0.01194716	7.66153	1.794153
136.1577	1.795867	0.009795632	7.389179	1.795867
136.3101	1.793692	0.01085494	8.350224	1.793692
136.4625	1.77712	0.005806382	9.044645	1.77712
136.6149	1.7777	0.005995669	8.891975	1.7777
136.7673	1.780281	0.0029241	9.082687	1.780281
136.9197	1.783218	-0.002271312	9.335208	1.775506
137.0721	1.782101	-0.007661804	9.132124	1.758339
137.2245	1.783904	-0.006061289	8.358848	1.849971
137.3769	1.780443	-0.004769866	7.230579	1.856005
137.5293	1.780636	-0.00205204	6.833169	1.735772
137.6817	1.783132	0.001809049	6.193058	1.783132
137.8341	1.781323	0.004785695	5.675	1.781323
137.9865	1.780145	0.004329161	5.251243	1.780145
138.1389	1.775235	0.002575157	5.498878	1.775235
138.2913	1.78333	-0.00265042	5.866142	1.77979
138.4437	1.809338	0.006477568	5.597274	1.809338
138.5961	1.824453	0.008401193	6.734649	1.824453
138.7485	1.809441	0.009432854	8.450769	1.809441
138.9009	1.786131	0.009220981	11.63072	1.786131
139.0533	1.788096	0.02395009	11.54272	1.788096
139.2057	1.787743	0.02356825	10.68865	1.787743
139.3581	1.790538	0.02600367	10.37858	1.790538
139.5105	1.780054	0.02117288	8.482125	1.780054
139.6629	1.779916	0.02468916	8.392426	1.779916
139.8153	1.780991	0.01616755	8.543263	1.780991
139.9677	1.792417	0.01207562	9.89676	1.792417
140.1201	1.810276	0.009733245	9.632998	1.810276
140.2725	1.816156	0.0097828	8.913718	1.816156
140.4249	1.816609	0.00878283	7.377807	1.816609
140.5773	1.815493	0.01025072	6.710343	1.815493
140.7297	1.798921	0.006879076	5.973737	1.798921
140.8821	1.805797	0.01776048	7.167729	1.805797
141.0345	1.791113	0.02164487	7.672328	1.791113
141.1869	1.788147	0.01050995	8.212113	1.788147
141.3393	1.792277	0.007713777	7.647256	1.792277
141.4917	1.816687	0.01041661	7.687129	1.816687
141.6441	1.818223	0.006453756	8.042397	1.818223
141.7965	1.817021	0.0004817784	7.573822	1.817021
141.9489	1.833532	0.006860768	7.234106	1.833532
142.1013	1.818613	0.005942922	7.090765	1.818613
142.2537	1.796636	0.002427507	8.837633	1.796636
142.4061	1.753135	-0.005030801	10.71702	1.73365
142.5585	1.770997	-0.00815447	11.56176	1.710028
142.7109	1.801106	-0.008525753	9.801833	1.758855
142.8633	1.852429	-0.005195394	8.419748	1.932452
143.0157	1.85144	-0.01313619	7.84676	1.892834
143.1681	1.84229	-0.02036965	6.427912	1.800799
143.3205	1.827404	-0.01533662	5.88928	1.905614
143.4729	1.805543	-0.009639501	6.77797	1.89394
143.6253	1.766028	-0.009577814	8.585279	1.68603
143.7776	1.753277	-0.003928779	11.13165	1.672604
143.9300	1.742525	-0.0007754384	11.19169	1.72172
144.0824	1.744211	-0.002224957	11.67659	1.744231
144.2348	1.736761	-0.007349944	11.69562	1.77075
144.3872	1.737426	-0.01125237	10.39862	1.744356
144.5396	1.748144	-0.008261386	8.070035	1.775295
144.6920	1.769475	-0.005340635	5.949883	1.805993
144.8444	1.794599	-0.003389816	5.20678	1.698749
144.9968	1.83239	0.006247266	4.867796	1.83239
145.1492	1.859425	0.009182836	4.760068	1.859425
145.3016	1.879229	0.01108132	4.683055	1.879229
145.4540	1.887315	0.01684238	4.732802	1.887315
145.6064	1.896029	0.02418247	4.90083	1.896029
145.7588	1.885732	0.02108862	5.705308	1.885732
145.9112	1.874797	0.02233549	6.321388	1.874797
146.0636	1.873304	0.02150159	7.062026	1.873304
146.2160	1.862392	0.01925168	6.560719	1.862392
146.3684	1.850208	0.01419808	6.468518	1.850208
146.5208	1.832708	0.004368927	6.162166	1.832708
146.6732	1.844472	0.006302003	6.101848	1.844472
146.8256	1.846517	0.006107471	6.890165	1.846517
146.9780	1.83093	0.003906142	8.41151	1.83093
147.1304	1.812089	0.00530696	9.215312	1.812089
147.2828	1.808661	0.007747519	8.522352	1.808661
147.4352	1.813811	0.007833257	8.067281	1.813811
147.5876	1.822575	0.007856465	7.69065	1.822575
147.7400	1.828511	0.007751738	7.734674	1.828511
147.8924	1.82156	0.006604566	7.13838	1.82156
148.0448	1.809973	0.004570978	7.277152	1.809973
148.1972	1.804629	0.006103906	7.564785	1.804629
148.3496	1.795978	0.006785183	7.821562	1.795978
148.5020	1.794099	0.006840246	8.983539	1.794099
148.6544	1.796432	0.005208107	9.664465	1.796432
148.8068	1.814171	0.007028142	10.65561	1.814171
148.9592	1.825184	0.007905535	10.18454	1.825184
149.1116	1.808853	0.007196829	9.513256	1.808853
149.2640	1.794878	0.007041171	9.497334	1.794878
149.4164	1.783012	0.008308413	9.359834	1.783012
149.5688	1.794213	0.008935614	9.568464	1.794213
149.7212	1.80019	0.007769809	9.398143	1.80019
149.8736	1.803189	0.006254126	9.407681	1.803229
150.0260	1.798446	0.001266178	9.576829	1.853495
150.1784	1.791707	-0.00420332	9.632837	1.771271
150.3308	1.792804	-0.0017807	8.087615	1.784649
150.4832	1.806114	-0.0004581497	6.44018	1.832945
150.6356	1.832303	0.003080033	5.267513	1.828001
150.7880	1.864656	0.009103444	5.089474	1.864655
150.9404	1.875199	0.008386272	5.157714	1.875199
151.0928	1.877051	0.01023243	6.015502	1.877051
151.2452	1.85891	0.01150796	7.53406	1.85891
151.3976	1.832336	0.008866271	10.64346	1.832336
151.5500	1.813977	0.004225375	13.42505	1.813364
151.7024	1.837241	-0.004028419	15.7622	1.758366
151.8548	1.873867	-0.004696799	15.92817	1.884699
152.0072	1.899595	-0.005201304	15.87873	2.075917
152.1596	1.886081	-0.01243534	15.73898	1.856514
152.3120	1.883538	-0.01346568	15.36606	1.848895
152.4644	1.894782	-0.003024467	9.961616	1.909965
152.6168	1.891159	0.004255923	8.609839	1.891169
152.7692	1.860056	0.003872831	7.14834	1.860056
152.9216	1.840082	0.005081712	8.316442	1.840082
153.0740	1.827145	0.006213385	7.852128	1.827145
153.2264	1.83591	0.00620507	7.0339	1.83591
153.3788	1.838739	0.006618026	5.60526	1.838739
153.5312	1.845597	0.00573982	4.961782	1.845597
153.6836	1.843042	-0.00113348	4.868322	1.733606
153.8360	1.845212	-0.00456948	4.94754	1.825782
153.9884	1.856092	-0.003462981	4.789234	1.955875
154.1408	1.858421	-0.01101227	4.911416	1.852195
154.2932	1.865949	-0.01556938	5.306362	1.83503
154.4456	1.867919	-0.008153778	6.587721	1.916444
154.5980	1.841159	-0.01073036	7.565388	1.951676
154.7504	1.825222	-0.008332103	7.070387	1.716842
154.9028	1.829247	-0.0005177251	6.235265	1.85254
155.0552	1.847043	0.008905533	5.269928	1.847043
155.2076	1.850962	0.008328271	5.207795	1.850962
155.3600	1.85296	0.008854141	4.878499	1.85296
155.5124	1.848427	0.008362073	5.45956	1.848427
155.6648	1.823922	0.007606077	6.323367	1.823922
155.8172	1.805482	0.005767815	7.556011	1.805482
155.9696	1.794562	0.00418184	8.47606	1.794562
156.1220	1.799773	0.00389775	8.935712	1.799773
156.2744	1.802601	0.003888284	8.963031	1.802601
156.4268	1.800732	0.0004186111	8.787773	1.804522
156.5792	1.802328	0.0008132753	9.023345	1.802674
156.7316	1.804688	-0.0007516709	8.530946	1.808169
156.8840	1.832784	-0.003498195	6.88036	1.753793
157.0364	1.877869	0.004938116	6.400844	1.877869
157.1888	1.908322	0.008184434	6.857781	1.908322
157.3412	1.881551	0.006404934	9.055193	1.881551
157.4936	1.849798	0.003980339	9.776743	1.85597
157.6460	1.837434	0.01157193	11.09258	1.837434
157.7984	1.846655	0.02025454	11.26218	1.846655
157.9508	1.857544	0.02926542	11.07013	1.857544
158.1032	1.857486	0.02449869	10.3472	1.857486
158.2556	1.858212	0.02178166	8.991247	1.858212
158.4080	1.87732	0.01723834	8.747808	1.87732
158.5604	1.874327	0.01237758	9.227614	1.874327
158.7128	1.867071	0.01189479	10.25262	1.867071
158.8652	1.849279	0.01016895	11.17769	1.849279
159.0176	1.84222	0.007893628	11.22333	1.84222
159.1700	1.857249	0.0103731	10.49227	1.857249
159.3224	1.851394	0.009750257	9.164077	1.851394
159.4748	1.862805	0.009440031	7.211039	1.862805
159.6272	1.856334	0.01082295	7.552448	1.856334
159.7796	1.843822	0.0118862	9.179332	1.843822
159.9320	1.814809	0.009449701	12.66154	1.814809
160.0844	1.801375	0.009272335	15.3878	1.801375
160.2368	1.803846	0.01211135	13.30715	1.803846
160.3892	1.810224	0.01030141	10.41466	1.810224
160.5416	1.816804	0.008052431	7.945599	1.816804
160.6940	1.832495	0.009686853	7.481065	1.832495
160.8464	1.842325	0.008041819	7.971367	1.842325
160.9988	1.84445	0.007912406	8.682542	1.84445
161.1512	1.840024	0.008242146	8.425605	1.840024
161.3036	1.839326	0.009749776	8.169361	1.839326
161.4560	1.839395	0.009092877	7.659612	1.839395
161.6084	1.846027	0.009411253	8.008343	1.846027
161.7608	1.861392	0.008470001	7.923542	1.861392
161.9132	1.896294	0.008675816	7.940065	1.896294
162.0656	1.918359	0.008228879	8.425783	1.918359
162.2180	1.933844	0.003701046	9.572595	1.923893
162.3704	1.937854	-0.003350346	11.66324	1.993098
162.5228	1.952381	-0.007075537	12.10093	1.982422
162.6752	1.95089	-0.01216627	12.1611	1.954183
162.8276	1.938012	-0.01616522	12.02707	1.918861
162.9800	1.936618	-0.01619166	8.955396	1.934358
163.1324	1.947096	-0.009731217	8.009841	2.010041
163.2848	1.921757	-0.009099562	6.261988	1.968222
163.4372	1.906426	-0.007733133	6.083447	1.847471
163.5896	1.883042	-0.004796868	5.674146	1.843123
163.7420	1.896851	0.001671567	6.33484	1.911827
163.8944	1.895628	0.001974034	6.599456	1.871006
164.0468	1.904444	0.00387656	6.574945	1.919295
164.1992	1.908614	0.006578229	6.211718	1.909581
164.3516	1.904202	0.002938146	6.452651	1.879359
164.5040	1.90701	0.002636211	6.795279	1.885888
164.6564	1.938255	0.003113803	6.607391	1.943806
164.8088	1.959941	0.00747676	6.817307	1.960411
164.9612	1.945508	0.002794317	6.886806	2.059633
165.1136	1.920676	0.006450665	6.739287	1.913478
165.2660	1.905076	0.009651817	6.053988	1.905073
165.4184	1.922025	0.02484136	5.566008	1.922025
165.5708	1.931261	0.0399573	5.51071	1.931261
165.7232	1.948649	0.05304176	5.384751	1.948649
165.8756	1.949625	0.05404364	5.926713	1.949625
166.0280	1.919803	0.03920478	6.750201	1.919803
166.1804	1.893629	0.02825932	8.221698	1.893629
166.3328	1.870535	0.01412204	8.405399	1.870535
166.4852	1.890021	0.01075506	7.241724	1.890021
166.6376	1.89827	0.008714722	6.385149	1.89827
166.7900	1.902685	0.007240711	5.956726	1.902685
166.9424	1.894837	0.003119505	6.922191	1.827076
167.0948	1.897205	0.004282943	8.335813	1.924905
167.2472	1.899059	0.008373061	7.808435	1.899073
167.3996	1.886824	0.010706	8.197035	1.886824
167.5520	1.86521	0.01119908	8.564731	1.86521
167.7044	1.864586	0.01882187	9.193013	1.864586
167.8568	1.857962	0.01559957	8.392517	1.857962
168.0092	1.855579	0.008665099	7.021935	1.855579
168.1616	1.849209	0.005737098	7.466841	1.849863
168.3140	1.839938	0.003799151	7.375942	1.844639
168.4664	1.839263	0.003113728	7.426925	1.837013
168.6188	1.839831	0.004499466	7.231276	1.83974
168.7712	1.843712	0.006783989	7.369888	1.843712
168.9236	1.8486	0.007819492	7.031604	1.8486
169.0760	1.838868	0.006322116	6.384332	1.838868
169.2284	1.831299	0.004622791	5.634366	1.831299
169.3808	1.811606	-0.0002261015	5.224469	1.793816
169.5332	1.812316	-0.0005892635	5.153615	1.831423
169.6856	1.810235	-0.0005197264	5.143277	1.816457
169.8380	1.81003	-0.001943508	5.545092	1.794862
169.9904	1.810599	-0.001581985	5.75133	1.798105
170.1428	1.823373	-0.0007560734	6.457455	1.820291
170.2952	1.849447	0.000296436	6.093927	1.848049
170.4476	1.871354	0.003371065	6.133945	1.871353
170.6000	1.864409	0.002759531	5.890578	1.887424
170.7524	1.843453	0.002370799	6.127816	1.84389
170.9048	1.827762	0.003777042	6.213762	1.828428
171.0572	1.82964	0.007630104	6.191621	1.82964
171.2096	1.83468	0.008354842	6.393336	1.83468
171.3620	1.833871	0.008385216	6.837579	1.833871
171.5144	1.826743	0.008107481	7.468163	1.826743
171.6668	1.830709	0.008443699	8.210563	1.830709
171.8192	1.851469	0.009184202	7.317209	1.851469
171.9716	1.88001	0.008377691	6.275456	1.88001
172.1240	1.890965	0.008323274	5.171376	1.890965
172.2764	1.892522	0.008165022	4.998253	1.892522
172.4288	1.889725	0.007975173	5.050951	1.889725
172.5812	1.882721	0.008338701	6.050946	1.882721
172.7336	1.872563	0.008078806	6.283333	1.872563
172.8860	1.856466	0.008077649	6.34848	1.856466
173.0384	1.849017	0.005729794	6.410251	1.849004
173.1908	1.830678	0.003084486	6.760893	1.810858
173.3432	1.820118	-0.0001743374	6.85918	1.8746
173.4956	1.826523	0.00358139	6.24843	1.815166
173.6480	1.830785	0.003080362	6.555363	1.834426
173.8004	1.827623	0.005762389	6.847057	1.827626
173.9528	1.810892	-0.00135685	6.965525	1.743937
174.1052	1.812339	-0.002151895	6.710819	1.786699
174.2576	1.825757	-0.002625531	6.678396	1.83676
174.4100	1.83168	-0.005345791	6.593422	1.855136
174.5624	1.842606	-0.005146273	6.900543	1.889376
174.7148	1.860222	-0.003699389	7.636844	1.834915
174.8672	1.879555	-0.003873507	8.011842	1.820138
175.0196	1.892602	0.0006976988	7.584929	1.914922
175.1720	1.880256	-0.001750781	6.933544	1.981619
175.3244	1.859006	-0.006119426	6.619253	1.803535
175.4768	1.844769	-0.008098611	6.554143	1.831854
175.6292	1.846814	-0.004044332	6.401124	1.852215
175.7816	1.848058	-0.004679358	6.291707	1.848556
175.9340	1.850663	-0.00380516	6.168386	1.847259
176.0864	1.852418	-0.003892268	6.257064	1.85388
176.2388	1.849717	-0.003254193	6.33581	1.835584
176.3912	1.846402	-0.002569245	6.199205	1.864003
176.5436	1.838714	-0.0023153	5.992986	1.846448
176.6960	1.836097	-0.002022614	5.981217	1.816349
176.8484	1.834555	0.000470922	6.317891	1.836332
177.0008	1.834451	0.002236604	6.540019	1.834451
177.1532	1.825713	0.001754532	6.773678	1.825713
177.3056	1.822816	0.002928212	6.623585	1.822816
177.4580	1.814108	0.00117506	6.337481	1.814108
177.6104	1.8058	-0.001565627	6.140666	1.803772
177.7628	1.80733	-0.001394835	5.772462	1.812065
177.9152	1.804576	-0.003863455	5.892824	1.817011
178.0676	1.809803	-0.006425662	5.721204	1.769566
178.2200	1.81225	-0.006295654	5.808134	1.816028
178.3724	1.82102	-0.005418027	5.655506	1.865517
178.5248	1.823884	-0.00571184	5.639797	1.831738
178.6772	1.826693	-0.004210324	5.663023	1.823398
178.8296	1.832318	-0.0000444	5.836387	1.830295
178.9820	1.83211	0.0003529226	6.24536	1.832546
179.1344	1.820114	-0.0006457628	6.176807	1.80512
179.2868	1.815454	-0.0009580036	6.04642	1.828286
179.4392	1.809305	-0.001247203	6.149776	1.808287
179.5916	1.812746	-0.004782271	6.820483	1.791411
179.7440	1.817478	-0.00432223	7.679454	1.779921
179.8964	1.818852	-0.005761408	7.609942	1.887385
180.0488	1.817305	-0.008521704	7.664714	1.797294
180.2012	1.810204	-0.01142773	7.571444	1.805602
180.3536	1.813255	-0.008487046	7.208481	1.840159
180.5060	1.829635	-0.006737645	6.727187	1.816852
180.6584	1.845719	-0.003679746	6.385112	1.818874
180.8108	1.836467	-0.001325943	7.113034	1.879896
180.9632	1.796572	-0.006468777	6.868777	1.84513
181.1156	1.772254	-0.008855897	6.7885	1.709447
181.2680	1.77747	-0.006929732	6.458236	1.761894
181.4204	1.786526	-0.006727098	7.062454	1.752431
181.5728	1.784786	-0.009567986	7.005659	1.791624
181.7252	1.786424	-0.01060957	7.35744	1.850499
181.8776	1.78256	-0.01412821	6.934386	1.75919
182.0300	1.788506	-0.01081027	6.711867	1.788241
182.1824	1.77812	-0.009936725	6.3699	1.822631
182.3348	1.785126	-0.008029866	6.811048	1.719923
182.4872	1.782072	-0.008816643	7.31412	1.777936
182.6396	1.788044	-0.005412312	7.247931	1.809585
182.7920	1.778487	-0.006932213	6.748679	1.819998
182.9444	1.775292	-0.005926168	6.585681	1.766133
183.0968	1.779157	-0.004579883	6.413093	1.747367
183.2492	1.779107	-0.002554707	6.54928	1.766251
183.4016	1.783514	-0.001205955	6.335894	1.791877
183.5540	1.780832	-0.003107586	6.413012	1.780021
183.7064	1.782793	-0.00462156	6.191304	1.763234
183.8588	1.784081	-0.005401287	6.670069	1.78805
184.0112	1.780738	-0.003853767	6.861429	1.803491
184.1636	1.769841	-0.003968701	8.097267	1.834082
184.3160	1.751696	-0.004650891	8.909258	1.702917
184.4684	1.746024	-0.002103307	10.11336	1.714371
184.6208	1.744484	-0.0004607379	10.0343	1.749834
184.7732	1.748169	0.000908364	9.098514	1.741795
184.9256	1.762038	0.004031623	8.115299	1.762038
185.0780	1.778352	0.005219008	7.763492	1.778352
185.2304	1.800655	0.005545067	7.383536	1.800655
185.3828	1.814904	0.006727734	7.945489	1.814905
185.5352	1.814125	0.002713605	7.423333	1.827471
185.6876	1.806272	-0.001925473	7.566408	1.843154
185.8400	1.797424	-0.005131019	6.963951	1.794911
185.9924	1.796178	-0.00505611	6.748967	1.775217
186.1448	1.79889	-0.003479963	6.561584	1.815262
186.2972	1.801037	-0.00477443	6.580892	1.786104
186.4496	1.805598	-0.005268239	7.153521	1.781569
186.6020	1.812898	-0.00272913	7.448061	1.854643
186.7544	1.815225	-0.00192161	7.769595	1.834894
186.9068	1.811957	-0.002800808	7.579617	1.78113
187.0592	1.807904	-0.002699758	7.655751	1.789801
187.2116	1.808604	-0.001749738	7.682121	1.821044
187.3640	1.808917	-0.002787326	7.472394	1.826284
187.5164	1.812795	-0.002297373	7.377672	1.793803
187.6688	1.811328	-0.003211249	7.294023	1.817037
187.8212	1.810875	-0.002410564	7.315484	1.804052
187.9736	1.807266	-0.003259554	7.381004	1.823708
188.1260	1.807209	-0.003460227	7.473227	1.797879
188.2784	1.819307	-0.001920286	6.833445	1.809217
188.4308	1.826848	0.0004682786	6.477458	1.848529
188.5832	1.844787	0.002247705	6.531647	1.84295
188.7356	1.848492	0.003210746	7.368199	1.841195
188.8880	1.863248	0.00797618	8.161969	1.863248
189.0404	1.856742	0.007647969	8.205798	1.856742
189.1928	1.854786	0.007243333	8.134546	1.854786
189.3452	1.852139	0.008267935	7.468174	1.852139
189.4976	1.845747	0.008288454	7.70159	1.845747
189.6500	1.828734	0.005916278	8.895115	1.829281
189.8024	1.809076	0.003712521	11.71586	1.798953
189.9548	1.802831	0.003417991	13.10808	1.805073
190.1072	1.809093	0.00529436	13.62943	1.809093
190.2596	1.812797	0.006874014	13.71928	1.812797
190.4120	1.799772	0.007239177	15.92497	1.799772
190.5644	1.781262	0.005603896	11.39187	1.781262
190.7168	1.785163	0.006362083	7.792826	1.785163
190.8692	1.798601	0.00912712	5.516214	1.798601
191.0216	1.806695	0.009559036	4.990138	1.806695
191.1740	1.804389	0.006824591	4.989982	1.804389
191.3264	1.799637	0.004034506	4.879774	1.799637
191.4788	1.806364	0.00564556	5.153398	1.806364
191.6312	1.807161	0.007662452	6.031094	1.807161
191.7836	1.808122	0.008739616	7.086904	1.808122
191.9360	1.807021	0.007909784	8.505289	1.807021
192.0884	1.810384	0.008750879	8.332271	1.810384
192.2408	1.820336	0.009611917	8.915206	1.820336
192.3932	1.823625	0.00965896	8.343749	1.823625
192.5456	1.828946	0.009380595	7.858449	1.828946
192.6980	1.83336	0.008077115	7.289601	1.83336
192.8504	1.835664	0.007476732	8.061003	1.835664
193.0028	1.834551	0.007678621	9.134703	1.834551
193.1552	1.830905	0.008610383	10.05351	1.830905
193.3076	1.829954	0.009278283	9.353989	1.829954
193.4600	1.832469	0.008651105	7.449337	1.832469
193.6124	1.83029	0.01034963	6.304362	1.83029
193.7648	1.830403	0.009072074	5.737017	1.830403
193.9172	1.831092	0.005733786	6.102044	1.831092
194.0696	1.844739	0.004801562	6.232194	1.844739
194.2220	1.858423	0.007162829	6.491026	1.858423
194.3744	1.861867	0.006727105	6.557179	1.861867
194.5268	1.866671	0.007336672	6.390889	1.866671
194.6792	1.871824	0.01151718	5.880737	1.871824
194.8316	1.865233	0.01076622	5.623269	1.865233
194.9840	1.834512	0.00743742	5.389966	1.834512
195.1364	1.809556	0.005986716	5.406176	1.809556
195.2888	1.793884	0.005847813	5.283908	1.793884
195.4412	1.78952	0.005672822	5.260473	1.78952
195.5936	1.784974	0.005409868	5.085263	1.784974
195.7460	1.797283	0.006768338	5.306945	1.797283
195.8984	1.827292	0.01000721	6.270326	1.827292
196.0508	1.858219	0.01679549	7.758114	1.858219
196.2032	1.864321	0.01808239	7.891746	1.864321
196.3556	1.845705	0.0127204	6.207855	1.845705
196.5080	1.821848	0.007679873	5.341592	1.821848
196.6604	1.800674	0.006265092	5.02517	1.800674
196.8128	1.786202	0.006505116	5.218986	1.786202
196.9652	1.781187	0.007116038	5.033226	1.781187
197.1176	1.775554	0.007051805	5.045981	1.775554
197.2700	1.772964	0.00694362	5.610522	1.772964
197.4224	1.798273	0.008889269	6.188586	1.798273
197.5748	1.835918	0.01239195	6.136327	1.835918
197.7272	1.858792	0.01434054	5.316884	1.858792
197.8796	1.85621	0.01724941	4.942716	1.85621
198.0320	1.840576	0.01430885	5.173813	1.840576
198.1844	1.841281	0.01409811	5.683101	1.841281
198.3368	1.843547	0.01361256	6.19748	1.843547
198.4892	1.832434	0.01076758	5.747463	1.832434
198.6416	1.831788	0.009165017	5.534965	1.831788
198.7940	1.817351	0.008422971	5.812772	1.817351
198.9464	1.803023	0.00946155	6.70609	1.803023
199.0988	1.791956	0.008869941	7.047989	1.791956
199.2512	1.787632	0.01022329	6.796796	1.787632
199.4036	1.800904	0.01319749	6.446203	1.800904
199.5560	1.807578	0.0157635	6.416481	1.807578
199.7084	1.809903	0.01332873	6.37988	1.809903
199.8608	1.812833	0.01357069	5.612008	1.812833
200.0132	1.811332	0.01172946	5.010315	1.811332
200.1656	1.8211	0.0132493	4.810895	1.8211
200.3180	1.824721	0.01346809	5.182531	1.824721
200.4704	1.824049	0.01416587	5.438796	1.824049
200.6228	1.82529	0.02023929	5.453738	1.82529
200.7752	1.828399	0.0229421	5.504561	1.828399
200.9276	1.831426	0.02444785	6.559242	1.831426
201.0800	1.830405	0.0233262	6.851845	1.830405
201.2324	1.820083	0.01769292	8.158904	1.820083
201.3848	1.81064	0.01203234	8.272852	1.81064
201.5372	1.806466	0.01081176	9.272275	1.806466
201.6896	1.801618	0.008982696	8.213818	1.801618
201.8420	1.801948	0.00918374	7.367823	1.801948
201.9944	1.803846	0.01855283	8.465744	1.803846
202.1468	1.804125	0.01926884	9.763376	1.804125
202.2992	1.785987	0.01854776	11.33528	1.785987
202.4516	1.776371	0.02087356	10.19527	1.776371
202.6040	1.767992	0.0207157	10.15694	1.767992
202.7564	1.767745	0.01710584	9.990731	1.767745
202.9088	1.775455	0.01774397	7.787307	1.775455
203.0612	1.774071	0.01312365	6.160898	1.774071
203.2136	1.777248	0.01077493	4.765541	1.777248
203.3660	1.769541	0.00860016	4.431757	1.769541
203.5184	1.762553	0.007430868	4.163982	1.762553
203.6708	1.754135	0.00724956	4.193791	1.754135
203.8232	1.751971	0.007593377	4.199441	1.751971
203.9756	1.751011	0.008351867	4.272854	1.751011
204.1280	1.748394	0.007989223	4.277926	1.748394
204.2804	1.750607	0.008024877	4.501227	1.750607
204.4328	1.75675	0.008143347	4.861814	1.75675
204.5852	1.768145	0.008175167	5.614302	1.768145
204.7376	1.776489	0.008717524	6.557932	1.776489
204.8900	1.783	0.009646412	6.458535	1.783
205.0424	1.786433	0.009092936	5.866853	1.786433
205.1948	1.79107	0.009012557	5.095775	1.79107
205.3472	1.795	0.01025022	5.059321	1.795
205.4996	1.790855	0.00767995	5.054001	1.790855
205.6520	1.792791	0.007212772	5.091351	1.792791
205.8044	1.789277	0.006385088	5.431361	1.789277
205.9568	1.790058	0.008988879	5.937629	1.790058
206.1092	1.787921	0.006715916	7.296684	1.787921
206.2616	1.799437	0.005669886	8.221739	1.799437
206.4140	1.80418	0.006002137	9.235751	1.80418
206.5664	1.796467	0.005348692	9.365633	1.796467
206.7188	1.776139	0.0000281	9.705568	1.753428
206.8712	1.767285	-0.002639976	9.539362	1.744276
207.0236	1.772059	-0.0004331772	9.300727	1.772047
207.1760	1.772312	-0.0007554637	9.134568	1.772312
207.3284	1.770064	-0.001054848	9.39519	1.770064
207.4808	1.781482	0.00246904	10.41592	1.781482
207.6332	1.797701	0.005560154	12.59142	1.797701
207.7856	1.815091	0.007114984	13.53516	1.815091
207.9380	1.82422	0.007982447	13.56441	1.82422
208.0904	1.819943	0.005922692	12.59191	1.825786
208.2428	1.816225	0.003748347	12.4349	1.824185
208.3952	1.812001	0.0009606123	12.1155	1.78378
208.5476	1.815611	0.001231604	12.73337	1.803151
208.7000	1.808611	0.005242362	16.38243	1.81751
208.8524	1.787694	0.006663033	20.68622	1.787702
209.0048	1.772509	0.01458448	25.7643	1.772509
209.1572	1.778956	0.02793613	24.45531	1.778956
209.3096	1.787283	0.0386483	12.3085	1.787283
209.4620	1.785295	0.04092092	9.33375	1.785295
209.6144	1.786442	0.03381678	8.754957	1.786442
209.7668	1.79593	0.02404908	13.60702	1.79593
209.9192	1.824871	0.02248512	19.31521	1.824871
210.0716	1.829319	0.01339772	19.46935	1.829319
210.2240	1.82854	0.008400526	18.77771	1.82854
210.3764	1.831407	0.007545044	19.08307	1.831407
210.5288	1.826947	0.006995983	18.49815	1.826947
210.6812	1.816548	0.005156423	16.77005	1.809898
210.8336	1.811297	0.003401155	13.4869	1.793483
210.9860	1.811111	0.002420911	10.25893	1.845476
211.1384	1.826701	0.005233414	7.826243	1.832284
211.2908	1.834242	0.005906609	6.870647	1.834242
211.4432	1.835281	0.006182801	7.166176	1.835281
211.5956	1.827678	0.00535044	7.917743	1.827678
211.7480	1.820445	0.004256	8.254282	1.830876
211.9004	1.820643	0.004097952	8.175407	1.820382
212.0528	1.825665	0.006434446	8.332176	1.825304
212.2052	1.82611	0.006443758	9.903869	1.826656
212.3576	1.820075	0.007111906	11.45892	1.820076
212.5100	1.799399	0.006166482	8.909896	1.799399
212.6624	1.788013	0.009059933	6.485785	1.788013
212.8148	1.780531	0.01334663	5.376918	1.780531
212.9672	1.791255	0.02208771	6.870883	1.791255
213.1196	1.803885	0.02504664	9.616754	1.803885
213.2720	1.810686	0.02105097	13.53841	1.810686
213.4244	1.807178	0.01263417	14.23168	1.807178
213.5768	1.803401	0.00743492	14.17131	1.803401
213.7292	1.804152	0.006991971	14.40292	1.804152
213.8816	1.804048	0.006937195	14.82134	1.80318
214.0340	1.794779	0.005413626	15.73691	1.792462
214.1864	1.781972	0.004475292	10.19296	1.784525
214.3388	1.773915	0.004207246	9.445568	1.773916
214.4912	1.771933	0.003795223	9.529147	1.771933
214.6436	1.779879	0.008183894	15.07928	1.779879
214.7960	1.787297	0.01131507	17.62162	1.787297
214.9484	1.788197	0.01241424	17.94212	1.788197
215.1008	1.786209	0.01190185	18.21316	1.786209
215.2532	1.784195	0.01399261	18.46771	1.784195
215.4056	1.78042	0.01252444	18.61481	1.78042
215.5580	1.777484	0.01102923	15.4495	1.777484
215.7104	1.783236	0.008577762	9.261006	1.783236
215.8628	1.798706	0.01028469	6.369236	1.798706
216.0152	1.811802	0.01114756	6.463183	1.811802
216.1676	1.823803	0.009885939	8.003636	1.823803
216.3200	1.828112	0.007954779	10.22341	1.828112
216.4724	1.831293	0.007627382	9.360365	1.831293
216.6248	1.823812	0.00590237	9.328517	1.823814
216.7772	1.819767	0.001736743	9.131057	1.829292
216.9296	1.818455	-0.0003534467	9.198659	1.82567
217.0820	1.820526	-0.0002698947	9.710863	1.827127
217.2344	1.81816	0.0000403	8.498081	1.825813
217.3868	1.817722	0.001096068	8.038201	1.819241
217.5392	1.824012	0.001679362	7.63468	1.819182
217.6916	1.832813	0.003144192	8.642651	1.828472
217.8440	1.835064	0.002730418	9.111555	1.838622
217.9964	1.826997	0.0000698	9.065701	1.830166
218.1488	1.819541	-0.0009906157	8.984239	1.822857
218.3012	1.82003	0.0009023042	8.777341	1.823014
218.4536	1.816798	0.001134146	9.776873	1.80825
218.6060	1.817173	0.00446016	11.65306	1.817173
218.7584	1.813445	0.006726169	10.9495	1.813445
218.9108	1.812664	0.008009951	7.874489	1.812664
219.0632	1.812837	0.01053463	5.863889	1.812837
219.2156	1.811495	0.01754613	5.806509	1.811495
219.3680	1.798081	0.0159086	6.428798	1.798081
219.5204	1.793224	0.01950445	7.251174	1.793224
219.6728	1.788025	0.0221425	7.156372	1.788025
219.8252	1.794059	0.02378929	7.504544	1.794059
219.9776	1.783952	0.01535151	8.230594	1.783952
220.1300	1.793138	0.01963953	8.7429	1.793138
220.2824	1.783199	0.01647134	8.332598	1.783199
220.4348	1.783172	0.01356781	7.79107	1.783172
220.5872	1.785787	0.009694431	7.327583	1.785787
220.7396	1.800837	0.01079467	7.057249	1.800837
220.8920	1.808504	0.008969845	6.840757	1.808504
221.0444	1.809069	0.006894773	6.956278	1.809069
221.1968	1.805993	0.005899454	7.128946	1.805993
221.3492	1.801344	0.006671886	6.653582	1.801344
221.5016	1.799904	0.006470624	6.032095	1.799904
221.6540	1.800884	0.006554428	5.558955	1.800884
221.8064	1.808212	0.0070262	5.496978	1.808212
221.9588	1.808208	0.006724695	5.954658	1.808208
222.1112	1.804264	0.003421769	6.667847	1.804264
222.2636	1.799736	0.001917101	7.963389	1.799736
222.4160	1.798715	0.001850485	8.338196	1.796367
222.5684	1.803956	0.005194642	8.531213	1.803956
222.7208	1.805374	0.00661671	7.709078	1.805374
222.8732	1.810702	0.007619995	7.42941	1.810702
223.0256	1.80852	0.006859098	6.959468	1.80852
223.1780	1.832873	0.006363107	6.938552	1.832873
223.3304	1.864517	0.008216226	7.139652	1.864517
223.4828	1.872567	0.01016103	7.402224	1.872567
223.6352	1.843014	0.007424955	7.562201	1.843014
223.7876	1.806981	0.003292707	7.040352	1.806981
223.9400	1.807901	0.005022179	6.697603	1.807901
224.0924	1.811406	0.005708335	6.616154	1.811406
224.2448	1.808733	0.002243365	7.204674	1.808733
224.3972	1.801016	-0.0002502898	7.662777	1.801016
224.5496	1.796094	-0.001474978	7.336751	1.796185
224.7020	1.798191	0.003402082	6.649826	1.798191
224.8544	1.78775	0.003466408	5.982674	1.78775
225.0068	1.785049	0.002792287	6.17737	1.785049
225.1592	1.792485	0.003652411	6.618915	1.792485
225.3116	1.80911	0.004523293	7.454576	1.80911
225.4640	1.804359	-0.003002255	7.423429	1.79161
225.6164	1.796707	-0.007577404	7.774499	1.790548
225.7688	1.792467	-0.007678771	8.048883	1.848707
225.9212	1.791096	-0.0085763	8.024759	1.788251
226.0736	1.792767	-0.007374898	6.928103	1.781395
226.2260	1.80159	-0.002830046	7.036009	1.799884
226.3784	1.828799	0.0008403718	7.651713	1.826478
226.5308	1.812182	0.002884028	8.745014	1.812187
226.6832	1.780862	-0.0000113	8.034431	1.805585
226.8356	1.748716	-0.004549687	7.03594	1.646869
226.9880	1.776122	-0.002297956	6.159566	1.708308
227.1404	1.828266	0.007927788	5.8367	1.828266
227.2928	1.855097	0.008728425	5.740346	1.855097
227.4452	1.845803	0.004680222	5.429651	1.845803
227.5976	1.826602	0.002391791	5.290404	1.826602
227.7500	1.805949	0.005954374	5.966238	1.805949
227.9024	1.793101	0.004502953	7.365291	1.793101
228.0548	1.79527	0.006345429	9.498221	1.79527
228.2072	1.794414	0.006630961	9.778043	1.794414
228.3596	1.787795	0.003775341	10.15661	1.790049
228.5120	1.768275	-0.003086811	9.775043	1.774887
228.6644	1.768116	-0.002908034	9.215051	1.773356
228.8168	1.775465	-0.0006953537	8.542606	1.760661
228.9692	1.776333	-0.0002192938	8.015389	1.788807
229.1216	1.778995	0.0001223396	8.669809	1.760166
229.2740	1.774612	-0.0000339	9.146566	1.779729
229.4264	1.775174	0.002297885	9.531178	1.78899
229.5788	1.769346	0.002172688	9.862021	1.761659
229.7312	1.763588	0.002469523	10.69875	1.746033
229.8836	1.766597	0.005419431	13.44116	1.768223
230.0360	1.756507	0.004544159	12.31324	1.775064
230.1884	1.764339	0.004132703	8.319389	1.760818
230.3408	1.760415	0.002327045	5.769363	1.760263
230.4932	1.771248	0.005185562	4.966015	1.771248
230.6456	1.76497	0.006648074	5.600792	1.76497
230.7980	1.763627	0.004093493	5.909775	1.763627
230.9504	1.773042	0.005560403	6.300531	1.773042
231.1028	1.786464	0.00771203	5.836917	1.786464
231.2552	1.799102	0.008344993	5.774198	1.799102
231.4076	1.791862	0.002459221	5.699508	1.791862
231.5600	1.787358	0.002226617	5.788054	1.787358
231.7124	1.786104	0.001567343	5.988844	1.786104
231.8648	1.781794	0.0004765891	5.827912	1.781794
232.0172	1.782385	0.0008947349	5.831711	1.782385
232.1696	1.769583	0.0008257086	5.52065	1.769583
232.3220	1.749267	-0.002424041	5.634695	1.748966
232.4744	1.736201	-0.004244725	5.987911	1.727464
232.6268	1.724571	-0.004468886	6.154404	1.724562
232.7792	1.717569	-0.006526473	6.179082	1.732952
232.9316	1.707826	-0.008526423	5.87559	1.642174
233.0840	1.707492	-0.009181157	5.682769	1.724507
233.2364	1.711873	-0.006579507	5.496213	1.709413
233.3888	1.716954	-0.007380441	5.770602	1.744348
233.5412	1.733366	-0.003689723	6.12061	1.722657
233.6936	1.74338	-0.001772578	6.345893	1.743531
233.8460	1.745859	0.0002652126	6.314637	1.745859
233.9984	1.737925	-0.001756319	6.542483	1.737925
234.1508	1.741273	-0.001458907	6.595717	1.741273
234.3032	1.750315	-0.0003951139	6.156862	1.750315
234.4556	1.758424	0.001944253	5.806319	1.758424
234.6080	1.762316	0.002444418	5.668974	1.762316
234.7604	1.763323	0.003189635	5.690774	1.763323
234.9128	1.767503	0.005094579	5.75917	1.767503
235.0652	1.765148	0.0051763	5.701439	1.765148
235.2176	1.759895	0.0006144796	6.046308	1.759895
235.3700	1.783776	0.002059098	5.904374	1.783776
235.5224	1.808527	0.003929079	5.899608	1.808527
235.6748	1.830169	0.005391671	5.382638	1.830169
235.8272	1.815184	-0.001231509	5.220428	1.810361
235.9796	1.810657	-0.003493394	5.179769	1.811683
236.1320	1.808262	-0.00435172	5.184144	1.814311
236.2844	1.806147	-0.005326427	5.391739	1.825967
236.4368	1.812378	-0.004563197	5.697606	1.806229
236.5892	1.816147	-0.004787645	6.028667	1.807207
236.7416	1.840768	-0.001418743	6.134985	1.830316
236.8940	1.857586	0.002436977	6.112982	1.857582
237.0464	1.875191	0.007503951	6.197455	1.875191
237.1988	1.871609	0.007662228	6.371539	1.871609
237.3512	1.867657	0.009452684	5.880169	1.867657
237.5036	1.849874	0.009778309	5.917852	1.849874
237.6560	1.840784	0.005802875	5.996872	1.840784
237.8084	1.822505	0.002071125	6.497651	1.820998
237.9608	1.822383	0.000887066	6.195446	1.845843
238.1132	1.811735	-0.003132658	6.06975	1.767831
238.2656	1.806925	-0.005703822	6.266149	1.803246
238.4180	1.806729	-0.003354879	6.435198	1.845574
238.5704	1.804444	-0.00562923	6.91529	1.796035
238.7228	1.808795	-0.005308915	7.199941	1.76465
238.8752	1.810828	-0.00388197	8.397528	1.832935
239.0276	1.812997	-0.003262063	9.142837	1.838224
239.1800	1.813386	-0.004883951	9.071176	1.801557
239.3324	1.816523	-0.003868449	7.689974	1.815168
239.4848	1.794556	-0.005337575	7.117642	1.825455
239.6372	1.768533	-0.006578137	7.279279	1.774666
239.7896	1.748036	-0.004766156	7.70266	1.760127
239.9420	1.737662	-0.00233595	7.632401	1.733718
240.0944	1.73823	0.002219806	7.507031	1.738227
240.2468	1.736645	0.005076009	7.802045	1.736645
240.3992	1.731211	0.004895103	8.560992	1.731211
240.5516	1.711128	0.0005846622	9.642324	1.711128
240.7040	1.693909	-0.0001259886	9.124966	1.693909
240.8564	1.690269	0.0003079889	7.929974	1.690269
241.0088	1.691061	0.001975947	7.015132	1.691061
241.1612	1.700103	0.003168498	6.959638	1.700103
241.3136	1.704261	0.003465577	7.383389	1.704261
241.4660	1.717502	0.003043951	7.881361	1.717502
241.6184	1.72116	0.003586436	8.640968	1.72116
241.7708	1.719284	0.001343648	8.954748	1.730712
241.9232	1.715744	0.001416687	8.89496	1.704137
242.0756	1.717773	0.0014957	8.413972	1.71716
242.2280	1.725487	0.006185201	8.039353	1.725487
242.3804	1.71911	0.00654626	7.024002	1.71911
242.5328	1.714245	0.005448677	6.691653	1.714245
242.6852	1.714777	0.005710931	7.726129	1.714777
242.8376	1.714103	0.006518812	9.203005	1.714103
242.9900	1.702941	0.005214968	9.601813	1.702941
243.1424	1.685397	0.00258266	7.960785	1.685397
243.2948	1.685348	0.004835233	7.311457	1.685348
243.4472	1.689257	0.006715985	7.338892	1.689257
243.5996	1.690478	0.008242336	7.393766	1.690478
243.7520	1.68871	0.007685558	7.558142	1.68871
243.9044	1.687097	0.008021617	8.013999	1.687097
244.0568	1.67975	0.007571984	7.049928	1.67975
244.2092	1.689336	0.00630517	6.369693	1.689336
244.3616	1.712477	0.006777462	5.906088	1.712477
244.5140	1.747719	0.008485368	7.055402	1.747719
244.6664	1.763109	0.005813094	7.635562	1.763109
244.8188	1.763124	-0.0003155118	8.053311	1.763124
244.9712	1.762603	-0.0035583	7.729486	1.803105
245.1236	1.765055	-0.004068155	8.448436	1.76016
245.2760	1.757533	-0.007198188	8.448457	1.796177
245.4284	1.75981	-0.003965058	7.658349	1.754066
245.5808	1.753597	-0.002361637	6.489481	1.753596
245.7332	1.751182	0.001496769	5.954738	1.751182
245.8856	1.748459	0.002426522	6.589435	1.748459
246.0380	1.750709	0.007316609	8.555783	1.750709
246.1904	1.756055	0.009049731	9.25852	1.756055
246.3428	1.750013	0.00939447	8.604945	1.750013
246.4952	1.746864	0.01015646	6.879109	1.746864
246.6476	1.741902	0.008335986	6.630957	1.741902
246.8000	1.741034	0.005710094	6.208371	1.741034
246.9524	1.744406	0.004037519	5.607504	1.744406
247.1048	1.750761	0.002162148	5.335483	1.750761
247.2572	1.763306	0.0008445159	5.743822	1.763306
247.4096	1.774361	0.0007873381	6.799897	1.774361
247.5620	1.779025	0.002761154	7.140542	1.779025
247.7144	1.777637	0.002496916	7.213845	1.777637
247.8668	1.777604	0.003405116	7.111978	1.777604
248.0192	1.769461	0.002769447	8.374504	1.769461
248.1716	1.753407	0.002137621	10.25632	1.753407
248.3240	1.743097	0.002340811	12.36048	1.743097
248.4764	1.750348	0.006878618	11.78051	1.750348
248.6288	1.757327	0.007541146	11.16082	1.757327
248.7812	1.764524	0.00929117	10.56545	1.764524
248.9336	1.761021	0.007284044	9.84196	1.761021
249.0860	1.763861	0.007331627	8.948416	1.763861
249.2384	1.759451	0.006243025	8.460964	1.759451
249.3908	1.758695	0.005577742	7.713622	1.758695
249.5432	1.766306	0.006080264	7.50455	1.766306
249.6956	1.774928	0.008665325	7.958649	1.774928
249.8480	1.776372	0.008471485	9.85516	1.776372
250.0004	1.76037	0.005267669	11.14378	1.76037
250.1528	1.75073	0.002432359	11.71918	1.75073
250.3052	1.743171	0.001014485	13.96355	1.743171
250.4576	1.71356	-0.005393081	25.01846	1.738156
250.6100	1.618508	-0.02585048	39.98705	1.61853
250.7624	1.532045	-0.04905368	40	1.532045
250.9148	1.482679	-0.05980866	40	1.482679
251.0672	1.480379	-0.06348117	40	1.480379
251.2196	1.480756	-0.06592124	40	1.480756
251.3720	1.487151	-0.06229782	40	1.487151
251.5244	1.493804	-0.06072697	40	1.493804
251.6768	1.49022	-0.06246046	40	1.49022
251.8292	1.481671	-0.06500615	40	1.481671
251.9816	1.473109	-0.06799867	40	1.473109
252.1340	1.46821	-0.07112032	40	1.46821
252.2864	1.467565	-0.0727554	40	1.467565
252.4388	1.469327	-0.07192201	40	1.469327
252.5912	1.471687	-0.06864699	40	1.471687
252.7436	1.471272	-0.07001223	40	1.471272
252.8960	1.474084	-0.06773506	40	1.474084
253.0484	1.473666	-0.06523164	40	1.473666
253.2008	1.47318	-0.06587912	40	1.47318
253.3532	1.470177	-0.06704344	40	1.470177
253.5056	1.474694	-0.06555707	40	1.474694
253.6580	1.473847	-0.06472293	40	1.473847
253.8104	1.472367	-0.065426	40	1.472367
253.9628	1.474338	-0.06505709	40	1.474338
254.1152	1.475256	-0.06397243	40	1.475256
254.2676	1.47916	-0.06239837	40	1.47916
254.4200	1.481811	-0.0612056	40	1.481811
254.5724	1.485359	-0.05939856	40	1.485359
254.7248	1.488701	-0.05853378	40	1.488701
254.8772	1.484861	-0.059589	40	1.484861
255.0296	1.487975	-0.05787063	40	1.487975
255.1820	1.480062	-0.06068508	40	1.480062
255.3344	1.485483	-0.05713532	40	1.485483
255.4868	1.486023	-0.05588065	40	1.486023
255.6392	1.489398	-0.05534821	40	1.489398
255.7916	1.485267	-0.0572556	40	1.485267
255.9440	1.485969	-0.05608018	40	1.485969
256.0964	1.483419	-0.05809169	40	1.483419
256.2488	1.486643	-0.05591815	40	1.486643
256.4012	1.488314	-0.05571252	40	1.488314
256.5536	1.488123	-0.05593998	40	1.488123
256.7060	1.490426	-0.0563322	40	1.490426
256.8584	1.49253	-0.05550568	40	1.49253
257.0108	1.49324	-0.05672949	40	1.49324
257.1632	1.489356	-0.05846326	40	1.489356
257.3156	1.490017	-0.05682689	40	1.490017
257.4680	1.487821	-0.05768343	40	1.487821
257.6204	1.488967	-0.0580687	40	1.488967
257.7728	1.487692	-0.05852393	40	1.487692
257.9252	1.494106	-0.05461218	40	1.494106
258.0776	1.496522	-0.05323032	40	1.496522
258.2300	1.501999	-0.0497485	40	1.501999

