HOLE:	U1513A
EXPEDITION:	369
TOP:	193.8127
BOTTOM:	292.4154
DEPTH_WMSF	HSGR	HCGR	HFK	HTHO	HURA	HBHK
m	gAPI	gAPI	%	ppm	ppm	m3/m3
193.8127	19.5044	17.38785	0.3578287	3.387156	0.3927236	0.002272087
193.9651	19.50465	17.38791	0.3578304	3.387166	0.3927394	0.002272087
194.1175	20.58137	17.64343	0.3648761	3.425929	0.4594827	0.002272087
194.2699	23.29259	20.73602	0.4533978	3.874883	0.3967909	0.002272087
194.4223	21.51029	19.29762	0.3687269	3.934502	0.3055702	0.002272087
194.5747	22.42134	20.30073	0.378001	4.2001	0.2969292	0.002272087
194.7271	21.62868	20.26338	0.4084449	4.000245	0.14047	0.002272087
194.8795	21.37907	20.32973	0.447588	3.780082	0.07277705	0.002272087
195.0319	19.68996	18.50292	0.3809295	3.603541	0.05349308	0.002272087
195.1843	20.44084	19.29842	0.4168097	3.638128	0.120636	0.002272087
195.3367	20.25455	18.31922	0.3698421	3.612839	0.208292	0.002272087
195.4891	20.99294	17.70748	0.3406205	3.596297	0.3107582	0.002272087
195.6415	18.67301	15.86521	0.2985821	3.262864	0.2559453	0.002272087
195.7939	18.31132	16.06365	0.3112421	3.248593	0.2036687	0.002272087
195.9463	17.7191	14.57191	0.2997682	2.839361	0.3655632	0.002272087
196.0987	18.20674	14.83147	0.3416059	2.664716	0.3828892	0.002272087
196.2511	18.33467	13.29672	0.3081165	2.377482	0.5338796	0.002272087
196.4035	19.01846	14.10929	0.3127279	2.610473	0.5944617	0.002272087
196.5559	20.78734	15.44538	0.2705652	3.300528	0.7322726	0.002272087
196.7083	20.28549	14.98209	0.2816049	3.083319	0.7894658	0.002272087
196.8607	19.7212	15.64353	0.3172984	3.075898	0.6094577	0.002272087
197.0131	19.34808	16.09624	0.3270077	3.161642	0.5178633	0.002272087
197.1655	20.23069	18.2295	0.3923777	3.444705	0.3977003	0.002272087
197.3179	18.86872	16.5731	0.3709874	3.043682	0.3904433	0.002272087
197.4703	18.63153	16.02681	0.3526788	2.980865	0.4498578	0.002272087
197.6227	18.23093	15.20341	0.3100015	2.979246	0.5081217	0.002272087
197.7751	18.72758	15.31682	0.2882078	3.150225	0.6065265	0.002272087
197.9275	20.59937	16.29852	0.3044509	3.365889	0.8336414	0.002272087
198.0799	21.91269	15.62991	0.2686767	3.371504	1.064289	0.002272087
198.2323	22.85877	15.73129	0.3054327	3.177353	1.112423	0.002272087
198.3847	21.98292	16.34575	0.271867	3.582213	0.8974496	0.002272087
198.5371	22.46956	17.22408	0.2775594	3.82975	0.8659644	0.002272087
198.6895	24.9233	19.35883	0.3209237	4.249134	0.9178523	0.002272087
198.8419	25.29434	19.38304	0.3233425	4.242031	1.016577	0.002272087
198.9943	24.97548	19.56643	0.3299843	4.260087	0.9159443	0.002272087
199.1467	24.16931	20.47177	0.3391066	4.495158	0.6983064	0.002272087
199.2991	23.69392	20.88888	0.3644349	4.473119	0.5237644	0.002272087
199.4515	22.18939	19.74598	0.3735841	4.048938	0.4331048	0.002272087
199.6039	19.63141	18.00401	0.3592751	3.576712	0.2590251	0.002272087
199.7563	17.34897	17.39833	0.3586144	3.385954	0.029926	0.002272087
199.9087	16.81194	17.1261	0.3196968	3.538536	0.008944468	0.002272087
200.0611	16.56348	15.18533	0.3130612	2.954978	0.2012304	0.002272087
200.2135	17.10704	14.87861	0.3109857	2.869153	0.3178561	0.002272087
200.3659	16.79661	14.12677	0.2783138	2.828859	0.3938469	0.002272087
200.5183	17.98236	15.74455	0.2846804	3.310272	0.3278315	0.002272087
200.6707	18.27736	16.88273	0.3122968	3.50625	0.2550807	0.002272087
200.8231	19.40855	16.95784	0.3277634	3.435101	0.3928564	0.002272087
200.9755	19.28215	17.81251	0.3305462	3.693081	0.251045	0.002272087
201.1279	18.3674	16.27399	0.312455	3.309608	0.3318766	0.002272087
201.2803	16.88741	14.58661	0.2770787	2.984852	0.3735732	0.002272087
201.4327	17.17227	13.51191	0.2725253	2.667105	0.5527532	0.002272087
201.5851	18.27921	15.15306	0.3411638	2.771795	0.5589737	0.002272087
201.7375	18.87929	16.45063	0.3493212	3.139079	0.5305441	0.002272087
201.8899	18.16751	16.13266	0.3284845	3.165329	0.443511	0.002272087
202.0423	18.54329	16.837	0.3348665	3.352618	0.3933042	0.002272087
202.1947	18.40652	15.6611	0.3072274	3.144624	0.5490199	0.002272087
202.3471	17.56836	14.19583	0.2707978	2.897672	0.6128239	0.002272087
202.4995	16.60529	13.47077	0.2474548	2.808189	0.5710977	0.002272087
202.6519	17.77412	13.76808	0.2596187	2.828628	0.6946415	0.002272087
202.8043	19.61542	15.42432	0.2778393	3.249066	0.6817077	0.002272087
202.9567	21.27569	17.61072	0.3291675	3.635794	0.5650808	0.002272087
203.1091	21.22411	17.90401	0.324032	3.761724	0.4736184	0.002272087
203.2615	20.77074	16.60194	0.2997873	3.492184	0.5240766	0.002272087
203.4139	19.09356	15.72064	0.2986215	3.215717	0.3919463	0.002272087
203.5663	18.37316	15.02286	0.310721	2.916432	0.3574059	0.002272087
203.7187	18.24477	14.75915	0.316282	2.79717	0.3367863	0.002272087
203.8711	19.48959	15.8388	0.3524857	2.921151	0.3071767	0.002272087
204.0235	20.35684	16.59142	0.3842658	2.967239	0.2688764	0.002272087
204.1759	19.82545	16.39555	0.3832396	2.91059	0.1937895	0.002272087
204.3283	19.21105	16.09358	0.3750015	2.864319	0.1884077	0.002272087
204.4807	18.58241	15.83039	0.3708589	2.805248	0.19392	0.002272087
204.6331	18.50038	15.35917	0.3634705	2.699263	0.2834528	0.002272087
204.7855	17.64046	14.83045	0.3507276	2.607813	0.2698001	0.002272087
204.9379	17.23208	14.76615	0.3604273	2.527304	0.2053286	0.002272087
205.0903	17.04391	14.58406	0.3818291	2.336707	0.1939657	0.002272087
205.2427	17.5939	14.80156	0.3878192	2.369805	0.2515953	0.002272087
205.3951	17.54585	14.37945	0.3925322	2.205034	0.3345435	0.002272087
205.5475	17.12311	14.10184	0.3950789	2.10019	0.3419161	0.002272087
205.6999	16.07647	12.88938	0.3639332	1.90238	0.3801065	0.002272087
205.8523	15.52313	11.60307	0.3536027	1.552331	0.475783	0.002272087
206.0047	15.95168	11.27805	0.3723343	1.332321	0.5696535	0.002272087
206.1571	16.68624	11.11238	0.3822468	1.217986	0.7028099	0.002272087
206.3095	17.22961	11.36097	0.3978718	1.201763	0.7476797	0.002272087
206.4619	17.38823	11.22581	0.3914221	1.198251	0.7837878	0.002272087
206.6143	17.80525	11.20066	0.3605866	1.380616	0.8469584	0.002272087
206.7667	18.32978	11.30464	0.3161839	1.688249	0.9094869	0.002272087
206.9191	18.51106	11.18319	0.2773913	1.888602	0.9773005	0.002272087
207.0715	18.05352	10.47641	0.2384228	1.901522	1.018283	0.002272087
207.2239	18.18728	9.9159	0.2139932	1.871743	1.090822	0.002272087
207.3763	19.27867	10.87569	0.216534	2.164849	1.104783	0.002272087
207.5287	20.52005	12.8142	0.2412812	2.635844	1.007925	0.002272087
207.6811	21.12277	13.86202	0.2521249	2.905965	0.9358976	0.002272087
207.8335	20.4001	13.50714	0.2342047	2.902129	0.8965809	0.002272087
207.9859	18.62057	11.90573	0.1938964	2.635185	0.8897625	0.002272087
208.1383	16.50541	10.46297	0.1772784	2.273096	0.8071473	0.002272087
208.2907	15.59367	9.997588	0.1782991	2.116628	0.7368397	0.002272087
208.4431	15.41002	9.021533	0.1752528	1.821138	0.868	0.002272087
208.5955	15.56469	9.032787	0.2063129	1.632787	0.8607922	-999.25
208.7479	15.6004	10.44667	0.2430195	1.860737	0.6605257	-999.25
208.9003	16.05692	12.25695	0.2647062	2.308887	0.5166485	-999.25
209.0527	17.3062	13.3896	0.3108878	2.387961	0.5931646	-999.25
209.2051	19.20094	14.26499	0.2965058	2.757849	0.7884729	-999.25
209.3575	21.75174	16.0967	0.3095525	3.266119	0.913097	-999.25
209.5099	22.95387	16.41832	0.3077857	3.380369	0.9584754	-999.25
209.6623	22.62134	17.02613	0.3018973	3.612088	0.8175312	-999.25
209.8147	21.47028	17.07383	0.2953693	3.667642	0.6361498	-999.25
209.9671	20.40748	16.57486	0.2935555	3.518339	0.5434667	-999.25
210.1195	21.24318	18.57811	0.3209004	3.993711	0.3398612	-999.25
210.2719	21.62403	19.18884	0.3094862	4.260489	0.3369251	-999.25
210.4243	20.65735	16.99178	0.2519618	3.908927	0.4975911	-999.25
210.5767	18.09674	14.14412	0.200354	3.311646	0.5830351	-999.25
210.7291	17.42662	12.5168	0.1606512	3.033331	0.7136404	-999.25
210.8815	17.896	12.37595	0.1794293	2.872135	0.7794795	-999.25
211.0339	19.1316	12.92567	0.1953148	2.950831	0.8807812	-999.25
211.1863	19.04069	14.03342	0.2303591	3.090748	0.7573249	-999.25
211.3387	20.68435	14.76827	0.2700969	3.081783	0.8886768	-999.25
211.4911	21.74946	14.52221	0.2612358	3.057259	1.079377	-999.25
211.6435	22.14463	14.32879	0.2456148	3.09132	1.1894	-999.25
211.7959	20.6305	13.87459	0.2349888	3.010712	1.061376	-999.25
211.9483	19.59017	13.36864	0.2190983	2.946002	0.9902347	-999.25
212.1007	19.44647	13.99012	0.2551041	2.923584	0.9246341	-999.25
212.2531	20.83151	15.06953	0.272707	3.161886	0.9051076	-999.25
212.4055	22.23523	18.135	0.3162315	3.878792	0.6324554	-999.25
212.5579	23.83986	19.42913	0.3287397	4.217596	0.6512365	-999.25
212.7103	23.2399	18.86607	0.3176512	4.104989	0.634997	-999.25
212.8627	23.23388	18.56021	0.3098689	4.05465	0.6889195	-999.25
213.0151	21.98106	17.46581	0.265506	3.976538	0.6467117	-999.25
213.1675	21.77583	17.88497	0.2779011	4.034871	0.5875466	-999.25
213.3199	20.82236	16.72226	0.2442865	3.868545	0.6333338	-999.25
213.4723	20.01996	15.87835	0.2218434	3.73579	0.6275707	-999.25
213.6247	20.27902	17.07664	0.26584	3.849718	0.478365	-999.25
213.7771	21.28392	17.83915	0.2615888	4.121222	0.4886071	-999.25
213.9295	22.77933	18.58227	0.2706968	4.304102	0.6493489	-999.25
214.0819	24.88976	20.41645	0.326401	4.55029	0.7425653	-999.25
214.2343	26.47767	22.77507	0.4069816	4.811558	0.6462187	-999.25
214.3867	27.08315	24.0978	0.4338607	5.071067	0.5394015	-999.25
214.5391	27.28281	24.20235	0.4253839	5.15706	0.5384557	-999.25
214.6915	25.29641	22.59394	0.3988942	4.803278	0.5243967	-999.25
214.8439	24.91977	22.99737	0.406994	4.882877	0.3854063	-999.25
214.9963	23.13594	20.99368	0.4072335	4.237177	0.3803492	-999.25
215.1487	24.19303	22.54301	0.4568429	4.429235	0.2742262	-999.25
215.3011	25.3516	21.69655	0.4316448	4.312517	0.5543898	-999.25
215.4535	24.24984	21.23718	0.4065258	4.319714	0.4177185	-999.25
215.6059	24.5525	21.72891	0.4549988	4.178661	0.2756818	-999.25
215.7583	23.17306	18.41121	0.3725008	3.620911	0.5039666	-999.25
215.9107	24.97653	19.53037	0.3566166	4.078681	0.6096572	-999.25
216.0631	22.53674	16.67159	0.3032738	3.488641	0.6672843	-999.25
216.2155	23.25737	15.42908	0.2835912	3.21054	0.9460409	-999.25
216.3679	22.83758	14.14948	0.3023881	2.683241	1.012213	-999.25
216.5203	23.83967	14.71546	0.3085374	2.827352	1.018417	-999.25
216.6727	23.39963	14.66249	0.29205	2.912062	0.9774792	-999.25
216.8251	22.60616	13.61642	0.2832058	2.630349	1.042014	-999.25
216.9775	23.6698	15.75162	0.3284854	3.037504	0.8755209	-999.25
217.1299	23.15725	15.9566	0.3347308	3.064938	0.8779323	-999.25
217.2823	23.37471	16.12541	0.3254194	3.176698	0.9587528	-999.25
217.4347	22.88892	15.47254	0.3251043	2.968735	1.034107	-999.25
217.5871	23.5896	15.24246	0.3511845	2.733834	1.127928	-999.25
217.7395	22.83447	15.32192	0.3682679	2.654	1.026989	-999.25
217.8919	22.95366	16.64876	0.3800981	3.007568	0.8634736	-999.25
218.0443	22.18748	17.05033	0.3609362	3.254733	0.7512153	-999.25
218.1967	23.49236	16.79878	0.3441329	3.277425	0.9874386	-999.25
218.3491	21.43274	15.14318	0.3019573	3.005263	0.9149932	-999.25
218.5015	21.05557	14.57425	0.2911457	2.888854	0.94062	-999.25
218.6539	20.29356	13.18374	0.2541184	2.67004	1.067913	-999.25
218.8063	22.14146	13.49165	0.2705204	2.667561	1.251795	-999.25
218.9587	23.31019	14.73704	0.2832034	2.989362	1.271328	-999.25
219.1111	25.31227	18.70517	0.3001375	4.160127	1.033582	-999.25
219.2635	26.59243	20.67436	0.3105012	4.728847	0.9412146	-999.25
219.4159	26.48812	20.20143	0.2714257	4.817784	0.9805191	-999.25
219.5683	26.15819	20.5106	0.289739	4.804029	0.8532183	-999.25
219.7207	25.61713	19.33858	0.2904643	4.422859	0.8999851	-999.25
219.8731	25.81162	19.58444	0.2979278	4.455827	0.9195811	-999.25
220.0255	25.49046	19.71697	0.3144539	4.396459	0.8826618	-999.25
220.1779	25.03777	19.29323	0.3032254	4.329559	0.8803999	-999.25
220.3303	24.77198	18.88158	0.3079769	4.167956	0.8315246	-999.25
220.4827	23.56997	18.34785	0.2945137	4.0795	0.707417	-999.25
220.6351	21.88066	16.65589	0.271427	3.678186	0.6501034	-999.25
220.7875	20.34703	13.89374	0.2559954	2.885707	0.7497544	-999.25
220.9399	19.0209	12.10219	0.2304233	2.467729	0.8021426	-999.25
221.0923	18.39733	12.09045	0.2559094	2.306721	0.7154272	-999.25
221.2447	18.43267	12.71755	0.2673134	2.437909	0.6683457	-999.25
221.3971	19.40096	14.55567	0.2806464	2.946381	0.5736063	-999.25
221.5495	21.27841	16.26583	0.3245682	3.225006	0.625618	-999.25
221.7019	21.35422	16.07349	0.3093579	3.257017	0.6336703	-999.25
221.8543	20.96398	15.37759	0.2930083	3.134209	0.6626872	-999.25
222.0067	20.4606	14.94447	0.2783367	3.0855	0.6715575	-999.25
222.1591	20.68793	15.09753	0.2886994	3.070702	0.7073218	-999.25
222.3115	20.35467	15.324	0.2917638	3.124514	0.6356829	-999.25
222.4639	20.25189	15.89801	0.3028741	3.240386	0.5819405	-999.25
222.6163	20.14566	15.8216	0.3026042	3.217456	0.6223494	-999.25
222.7687	20.74391	15.64986	0.2761829	3.325227	0.7122985	-999.25
222.9211	19.96661	13.83499	0.2305789	3.023241	0.8115753	-999.25
223.0735	20.05562	12.92352	0.2261941	2.757317	0.9356754	-999.25
223.2259	20.14743	12.62165	0.2174805	2.714193	0.9621716	-999.25
223.3783	20.30398	12.82628	0.2233922	2.743639	0.9733211	-999.25
223.5307	20.64868	13.72039	0.2370309	2.946982	0.9158124	-999.25
223.6831	21.92887	15.02251	0.2516017	3.275594	0.9090987	-999.25
223.8355	23.83233	15.52915	0.2469513	3.467139	1.076364	-999.25
223.9879	25.25872	15.47899	0.2561179	3.394505	1.293102	-999.25
224.1403	26.00394	15.93376	0.2634369	3.49551	1.366133	-999.25
224.2927	26.8852	17.76987	0.2911539	3.914451	1.262745	-999.25
224.4451	28.59274	20.51745	0.3484921	4.443457	1.207258	-999.25
224.5975	29.43013	21.00672	0.3564665	4.551441	1.281456	-999.25
224.7499	29.29024	20.7216	0.3496126	4.502021	1.283188	-999.25
224.9023	29.20067	21.53257	0.3616481	4.688043	1.158518	-999.25
225.0547	30.24986	22.80921	0.3946449	4.894341	1.11481	-999.25
225.2071	30.27397	22.72032	0.3917887	4.883072	1.118842	-999.25
225.3595	27.6573	20.98933	0.3650729	4.491501	0.9875995	-999.25
225.5119	24.77623	19.28666	0.3398208	4.100107	0.775589	-999.25
225.6643	23.64877	19.04151	0.3343312	4.055077	0.6086417	-999.25
225.8167	23.95761	19.73859	0.3550051	4.151321	0.5590333	-999.25
225.9691	23.25372	19.03991	0.3465164	3.979117	0.5506893	-999.25
226.1215	22.55239	17.86179	0.3235075	3.742544	0.6049765	-999.25
226.2739	22.93328	18.03118	0.3386254	3.703701	0.6667124	-999.25
226.4263	23.92796	19.3182	0.3731616	3.904158	0.6520141	-999.25
226.5787	24.02695	19.54922	0.3757042	3.962774	0.6458676	-999.25
226.7311	23.01261	18.74106	0.3546302	3.833221	0.6220295	-999.25
226.8835	21.54188	17.43997	0.3395781	3.50814	0.6145369	-999.25
227.0359	20.82068	15.99374	0.3246508	3.13563	0.7327421	-999.25
227.1883	20.37571	15.10215	0.3093506	2.943627	0.8601217	-999.25
227.3407	20.97411	15.18431	0.301091	3.021129	0.9667523	-999.25
227.4931	21.18291	14.79499	0.2807253	3.021936	1.02091	-999.25
227.6455	21.61629	14.66977	0.2474251	3.187445	1.084323	-999.25
227.7979	21.10877	13.94172	0.2209955	3.116753	1.058933	-999.25
227.9503	20.15521	13.56772	0.2052481	3.093868	0.9210104	-999.25
228.1027	19.6596	13.4545	0.2038544	3.066282	0.8243231	-999.25
228.2551	19.55232	13.07689	0.2297792	2.785183	0.8379761	-999.25
228.4075	20.36105	13.09056	0.2450907	2.695277	0.9250695	-999.25
228.5599	20.62674	13.50637	0.2494899	2.801896	0.8815897	-999.25
228.7123	20.3689	14.58159	0.2632312	3.062737	0.6885973	-999.25
228.8647	20.04506	14.56585	0.2678015	3.029489	0.6087734	-999.25
229.0171	20.40097	13.3859	0.2633749	2.677568	0.7840781	-999.25
229.1695	21.05084	12.18978	0.2592035	2.31884	1.002746	-999.25
229.3219	20.82728	11.51459	0.2639674	2.072336	1.042402	-999.25
229.4743	21.02878	12.00469	0.2871617	2.086621	0.9959106	-999.25
229.6267	22.23847	12.73537	0.3083234	2.190736	1.048034	-999.25
229.7791	24.08707	13.43532	0.3068799	2.424376	1.232495	-999.25
229.9315	25.29067	14.09716	0.2937373	2.717962	1.320008	-999.25
230.0839	25.61372	14.94194	0.2844355	3.046662	1.272372	-999.25
230.2363	26.62067	15.00803	0.268097	3.168564	1.392487	-999.25
230.3887	27.33791	14.10293	0.2627055	2.910871	1.560892	-999.25
230.5411	27.45085	14.60164	0.2786767	2.972506	1.515731	-999.25
230.6935	26.10629	15.6429	0.2737763	3.337308	1.222461	-999.25
230.8459	24.66395	16.2546	0.2780678	3.507369	0.9422755	-999.25
230.9983	24.19399	16.19589	0.299803	3.354348	0.8897547	-999.25
231.1507	24.11942	15.83443	0.2857749	3.324718	0.9514374	-999.25
231.3031	23.2091	15.26218	0.2635275	3.278117	0.966203	-999.25
231.4555	21.67711	14.30878	0.2548225	3.025517	0.8919463	-999.25
231.6079	20.11459	13.44314	0.235823	2.864638	0.7914538	-999.25
231.7603	19.18643	12.79983	0.2350283	2.662868	0.7338573	-999.25
231.9127	20.82894	14.12913	0.2901083	2.750214	0.7696125	-999.25
232.0651	24.2541	17.51757	0.3553506	3.436533	0.8185741	-999.25
232.2175	27.07862	20.9004	0.4124585	4.171267	0.741919	-999.25
232.3699	27.22527	22.34201	0.434297	4.499827	0.5864717	-999.25
232.5223	26.51257	22.26085	0.4057349	4.65001	0.5231863	-999.25
232.6747	26.52571	22.73835	0.3848076	4.9326	0.4559254	-999.25
232.8271	25.43707	22.50994	0.3894346	4.830648	0.3370002	-999.25
232.9795	23.79683	20.62021	0.379372	4.285488	0.381751	-999.25
233.1319	23.23897	19.95311	0.3813287	4.059019	0.4247845	-999.25
233.2843	24.60194	20.89498	0.4003785	4.244097	0.5459497	-999.25
233.4367	25.8726	22.15514	0.401944	4.639319	0.6454548	-999.25
233.5891	25.3706	22.59921	0.3635932	5.018576	0.5682657	-999.25
233.7415	25.94077	23.25286	0.3295235	5.43876	0.5846805	-999.25
233.8939	26.89403	22.83588	0.3317436	5.291021	0.7841795	-999.25
234.0463	28.15109	22.75658	0.3559694	5.116013	0.9628323	-999.25
234.1987	27.59821	21.54087	0.3489154	4.768848	1.048003	-999.25
234.3511	25.46978	18.73882	0.3103156	4.106597	1.15511	-999.25
234.5035	23.57307	16.03713	0.2642146	3.522907	1.302095	-999.25
234.6559	22.44176	16.31981	0.2638747	3.615839	1.104352	-999.25
234.8083	22.93653	17.34873	0.2654147	3.936965	1.051947	-999.25
234.9607	23.33105	18.03521	0.2681401	4.140739	0.950953	-999.25
235.1131	24.44527	17.88735	0.2911955	3.95099	1.058505	-999.25
235.2655	25.06008	17.24588	0.330566	3.501978	1.215107	-999.25
235.4179	25.67191	17.39436	0.3601962	3.366887	1.270494	-999.25
235.5703	23.86994	15.69716	0.3107651	3.126519	1.25247	-999.25
235.7227	22.43631	14.57736	0.2769034	2.97562	1.181217	-999.25
235.8751	20.46391	13.89645	0.2748198	2.769685	0.9787133	-999.25
236.0275	21.19908	15.5034	0.3014412	3.121789	0.8592921	-999.25
236.1799	22.08972	17.17154	0.3304655	3.478727	0.674711	-999.25
236.3323	23.49417	17.00706	0.3535142	3.283674	0.8317588	-999.25
236.4847	24.27195	17.01754	0.3682599	3.196063	0.8753518	-999.25
236.6371	24.48998	16.75186	0.3783562	3.048402	0.9229844	-999.25
236.7895	24.28637	17.35399	0.3682413	3.304337	0.8019536	-999.25
236.9419	23.4741	16.79082	0.3275854	3.374279	0.7837976	-999.25
237.0943	22.97091	17.59059	0.3303667	3.614261	0.6799723	-999.25
237.2467	21.78918	16.95621	0.3462709	3.312348	0.6161721	-999.25
237.3991	20.99678	16.18256	0.3381627	3.113858	0.6192404	-999.25
237.5515	20.83766	16.35533	0.3470614	3.114587	0.6198808	-999.25
237.7039	22.14844	16.96869	0.3731988	3.150541	0.6939904	-999.25
237.8563	22.36677	16.93329	0.376358	3.119772	0.7283362	-999.25
238.0087	22.15169	18.02516	0.3714409	3.50109	0.5392314	-999.25
238.1611	22.25905	17.92406	0.3695466	3.480362	0.5953324	-999.25
238.3135	22.30258	17.5904	0.3558134	3.45786	0.7131972	-999.25
238.4659	22.93239	17.87576	0.3486996	3.593406	0.8083659	-999.25
238.6183	22.73005	17.61967	0.3318833	3.614783	0.7921035	-999.25
238.7707	24.84846	17.67897	0.3416583	3.573424	1.000528	-999.25
238.9231	28.41227	20.85322	0.4062181	4.195092	1.049518	-999.25
239.0755	31.86423	23.18904	0.4594871	4.616964	1.217755	-999.25
239.2279	34.42889	25.62768	0.5104975	5.085776	1.214464	-999.25
239.3803	36.82373	28.2619	0.5784046	5.513216	1.217707	-999.25
239.5327	39.90672	31.45427	0.6481264	6.108764	1.249463	-999.25
239.6851	43.701	33.74986	0.6852851	6.616962	1.534401	-999.25
239.8375	44.40337	33.8611	0.6787158	6.69311	1.633907	-999.25
239.9899	44.69142	34.14888	0.7047193	6.625074	1.561114	-999.25
240.1423	43.47282	31.77453	0.6883664	5.962984	1.627462	-999.25
240.2947	45.5644	34.29419	0.7614036	6.321921	1.550762	-999.25
240.4471	49.47768	38.35911	0.836498	7.16469	1.52902	-999.25
240.5995	51.07329	40.15731	0.8352941	7.749847	1.483749	-999.25
240.7519	50.82962	41.02014	0.8209015	8.115809	1.395973	-999.25
240.9043	49.16828	40.42926	0.7796419	8.180318	1.259951	-999.25
241.0567	51.85579	43.21115	0.8072568	8.903605	1.326065	-999.25
241.2091	54.69796	47.32318	0.8754903	9.803693	1.178342	-999.25
241.3615	56.25526	49.22947	0.8951616	10.29473	1.040546	-999.25
241.5139	57.50648	49.58177	0.9324391	10.17787	1.12399	-999.25
241.6663	58.65688	49.9586	0.9313629	10.30554	1.256185	-999.25
241.8187	60.87953	54.19139	0.9723762	11.41245	1.036083	-999.25
241.9711	61.55395	54.05346	0.9419873	11.55554	1.171675	-999.25
242.1235	60.43774	52.08569	0.9040727	11.15716	1.278268	-999.25
242.2759	57.37838	49.08955	0.8194807	10.71651	1.344014	-999.25
242.4283	53.34665	45.86359	0.790828	9.857007	1.1637	-999.25
242.5807	50.68895	41.64223	0.7422192	8.800724	1.315309	-999.25
242.7331	49.89856	39.86133	0.724259	8.33949	1.317112	-999.25
242.8855	49.34403	38.76751	0.6980779	8.149825	1.308863	-999.25
243.0379	49.10784	37.7482	0.681648	7.923873	1.411433	-999.25
243.1903	46.44372	37.8331	0.6270307	8.288285	1.097787	-999.25
243.3427	43.12216	36.16963	0.5641718	8.141708	0.8751295	-999.25
243.4951	40.84741	33.99146	0.5386986	7.599117	0.8315165	-999.25
243.6475	40.27604	33.90426	0.5755675	7.343814	0.7385525	-999.25
243.7999	40.86838	35.54184	0.6185055	7.605313	0.558597	-999.25
243.9523	39.82735	34.86729	0.6102377	7.439649	0.4621838	-999.25
244.1047	39.02364	32.84342	0.5575237	7.114612	0.6258303	-999.25
244.2571	37.53296	32.39923	0.5193589	7.207369	0.5389748	-999.25
244.4095	35.67924	31.69525	0.4879756	7.174756	0.4269871	-999.25
244.5619	34.55772	30.38649	0.4585176	6.935932	0.4604719	-999.25
244.7143	35.32388	30.73971	0.4578721	7.053431	0.5211617	-999.25
244.8667	35.9949	31.03024	0.4809619	7.004349	0.5125917	-999.25
245.0191	35.54381	31.29518	0.488594	7.042416	0.3978253	-999.25
245.1715	34.47648	30.98023	0.4592912	7.12202	0.3495322	-999.25
245.3239	34.15971	30.44361	0.4213013	7.184002	0.4060254	-999.25
245.4763	34.93716	30.83721	0.4090216	7.38629	0.5053519	-999.25
245.6287	34.61092	30.62241	0.4221868	7.236039	0.5136194	-999.25
245.7811	33.67724	30.24566	0.4548102	6.913578	0.4449539	-999.25
245.9335	33.12596	29.69101	0.450565	6.761446	0.4736211	-999.25
246.0859	33.32473	29.3755	0.4322443	6.773113	0.5847632	-999.25
246.2383	34.1824	29.44975	0.4301759	6.809765	0.7281181	-999.25
246.3907	35.00207	30.14351	0.4462513	6.933555	0.7236031	-999.25
246.5431	35.3983	30.80609	0.4744798	6.972353	0.6869821	-999.25
246.6955	35.72707	30.32657	0.4851495	6.752498	0.8180252	-999.25
246.8479	36.39383	30.73305	0.5206957	6.663911	0.838888	-999.25
247.0003	37.30978	31.88037	0.5564201	6.812307	0.8032007	-999.25
247.1527	38.01421	32.45255	0.5652395	6.941846	0.7974239	-999.25
247.3051	36.43007	30.97886	0.5417187	6.613416	0.7700893	-999.25
247.4575	35.20321	29.48448	0.4875669	6.467283	0.8050348	-999.25
247.6099	34.00689	27.17225	0.4305023	6.076308	0.9207082	-999.25
247.7623	33.71028	25.94443	0.4174658	5.762177	1.009575	-999.25
247.9147	34.17201	25.52235	0.3996435	5.736509	1.130822	-999.25
248.0671	33.74261	24.19605	0.3599586	5.555128	1.326241	-999.25
248.2195	34.78322	24.13322	0.3298518	5.720671	1.529551	-999.25
248.3719	34.12384	24.52341	0.3511975	5.714273	1.383348	-999.25
248.5243	34.49354	24.08145	0.3284262	5.712638	1.530259	-999.25
248.6767	34.70936	23.87675	0.3052269	5.789841	1.578384	-999.25
248.8291	35.84946	24.09335	0.327971	5.718996	1.74059	-999.25
248.9815	36.40319	23.86241	0.3278706	5.645275	1.865323	-999.25
249.1339	37.6212	23.77784	0.3319628	5.592803	2.032659	-999.25
249.2863	39.39779	25.06731	0.3623702	5.819546	2.126702	-999.25
249.4387	42.43147	27.43948	0.4191587	6.231449	2.228686	-999.25
249.5911	41.68446	28.12958	0.4635803	6.179135	1.990986	-999.25
249.7435	38.57429	26.10819	0.4362168	5.698393	1.770815	-999.25
249.8959	35.17385	22.93007	0.4012409	4.892914	1.715433	-999.25
250.0483	34.19094	20.85106	0.3490011	4.547157	1.858521	-999.25
250.2007	34.77897	21.17163	0.3590474	4.588183	1.90457	-999.25
250.3531	34.37439	21.50937	0.3514054	4.743836	1.823895	-999.25
250.5055	34.31093	21.86623	0.3316859	4.980135	1.685574	-999.25
250.6579	36.31471	24.37102	0.3545288	5.644045	1.571205	-999.25
250.8103	37.92304	25.94702	0.3863256	5.954272	1.562416	-999.25
250.9627	38.2439	26.64048	0.3766883	6.236549	1.45814	-999.25
251.1151	35.41704	24.3036	0.3219872	5.823096	1.423553	-999.25
251.2675	33.74831	23.13034	0.2834283	5.683949	1.414523	-999.25
251.4199	33.92278	24.43495	0.2746944	6.156993	1.288885	-999.25
251.5723	35.85747	28.23725	0.3453425	6.942831	1.008742	-999.25
251.7247	36.7775	28.76822	0.342418	7.131355	1.1258	-999.25
251.8771	36.14523	31.10915	0.3574318	7.790634	0.7826631	-999.25
252.0295	34.3359	29.27702	0.3821274	7.049329	0.7376646	-999.25
252.1819	36.7674	30.69231	0.4027294	7.376814	0.9651657	-999.25
252.3342	36.59786	28.37709	0.3705293	6.831451	1.242902	-999.25
252.4866	38.41614	30.44481	0.4026098	7.297698	1.263038	-999.25
252.6390	37.56548	31.58254	0.4389244	7.439011	1.013241	-999.25
252.7914	39.98535	33.51864	0.4868416	7.765267	1.152083	-999.25
252.9438	39.2376	33.48903	0.4775629	7.812782	1.047189	-999.25
253.0962	38.10024	31.55083	0.4698729	7.237362	1.149893	-999.25
253.2486	37.4151	30.54336	0.4809978	6.844903	1.166584	-999.25
253.4010	38.27827	31.757	0.5007518	7.112861	1.099073	-999.25
253.5534	39.76837	31.41412	0.5013694	6.996884	1.280951	-999.25
253.7058	38.80554	30.17728	0.4671383	6.807286	1.321956	-999.25
253.8582	36.94748	29.44991	0.4728972	6.535136	1.13604	-999.25
254.0106	35.03964	29.56534	0.4842899	6.498348	0.8477758	-999.25
254.1630	31.57738	26.71682	0.4283376	5.926361	0.7181949	-999.25
254.3154	27.54286	22.72411	0.3479422	5.138415	0.6959689	-999.25
254.4678	22.57947	18.89315	0.2909864	4.259365	0.4929734	-999.25
254.6202	21.55774	17.7608	0.2854815	3.926669	0.4492314	-999.25
254.7726	22.07538	18.69007	0.3068034	4.089291	0.3654495	-999.25
254.9250	22.20453	19.42465	0.3011598	4.355786	0.3323876	-999.25
255.0774	21.48005	19.05919	0.2799872	4.365455	0.2729252	-999.25
255.2298	20.28662	17.63168	0.2664522	3.990999	0.2676219	-999.25
255.3822	19.56884	16.53776	0.2528981	3.724871	0.2971759	-999.25
255.5346	19.34402	16.53123	0.2407103	3.797982	0.2671714	-999.25
255.6870	19.41689	16.73535	0.2239289	3.966752	0.2802658	-999.25
255.8394	20.14904	17.23863	0.2206088	4.148077	0.3433445	-999.25
255.9918	20.62375	17.50867	0.233633	4.154023	0.3700774	-999.25
256.1442	20.68079	17.88554	0.2303787	4.294538	0.3453931	-999.25
256.2966	19.96285	17.44208	0.214589	4.250231	0.3346891	-999.25
256.4490	19.28976	16.45932	0.2103648	3.962217	0.3864923	-999.25
256.6014	18.81473	15.29816	0.1988219	3.662349	0.4446332	-999.25
256.7538	18.72347	14.82072	0.1904057	3.561693	0.4708459	-999.25
256.9062	19.19463	15.51946	0.2021832	3.712332	0.4599833	-999.25
257.0586	20.42138	16.79584	0.2240096	3.985579	0.492044	-999.25
257.2110	21.43018	17.3087	0.2354261	4.079041	0.5848868	-999.25
257.3634	21.63904	16.76195	0.2422636	3.862123	0.678736	-999.25
257.5158	21.89772	16.15483	0.2458245	3.646128	0.7850636	-999.25
257.6682	22.41368	16.19127	0.2301681	3.754366	0.8584887	-999.25
257.8206	23.49207	17.11878	0.2270289	4.070147	0.874146	-999.25
257.9730	23.91485	18.13301	0.2353915	4.342687	0.7938703	-999.25
258.1254	23.61715	18.82401	0.2413562	4.526724	0.6852427	-999.25
258.2778	23.29492	18.81622	0.2539771	4.44637	0.6562297	-999.25
258.4302	22.45732	18.78296	0.2574943	4.414041	0.5619761	-999.25
258.5826	23.23247	19.81271	0.270185	4.664839	0.5126306	-999.25
258.7350	25.36476	21.83476	0.2890532	5.194644	0.5368658	-999.25
258.8874	26.96412	23.20157	0.3021099	5.550902	0.5865748	-999.25
259.0398	27.87883	24.24808	0.3014659	5.889325	0.6140213	-999.25
259.1922	27.26745	25.06764	0.2996239	6.162609	0.4186695	-999.25
259.3446	26.67466	25.96205	0.3296791	6.263018	0.1899592	-999.25
259.4970	26.93137	25.50646	0.3361857	6.077277	0.2977937	-999.25
259.6494	27.26567	24.6217	0.3284898	5.842004	0.4722191	-999.25
259.8018	28.77637	24.28841	0.3334396	5.704952	0.7019989	-999.25
259.9542	29.97242	25.45817	0.3158708	6.187182	0.7249675	-999.25
260.1066	31.70496	27.51786	0.3267126	6.778535	0.691183	-999.25
260.2590	32.29589	27.69939	0.3293006	6.820582	0.7769338	-999.25
260.4114	32.44148	27.51896	0.3468395	6.65471	0.7942834	-999.25
260.5638	31.59887	27.63525	0.3512248	6.664821	0.6262082	-999.25
260.7162	32.39321	28.35823	0.3738668	6.756176	0.592232	-999.25
260.8686	32.94173	28.32979	0.3783361	6.719515	0.6415104	-999.25
261.0210	33.82405	28.19407	0.3602381	6.787797	0.8110239	-999.25
261.1734	33.77669	29.16586	0.3649212	7.069471	0.7097687	-999.25
261.3258	33.90496	30.40898	0.3878207	7.32547	0.5233766	-999.25
261.4782	33.00454	30.31174	0.3709692	7.398362	0.3924027	-999.25
261.6306	32.78308	30.5599	0.3717986	7.472553	0.3476754	-999.25
261.7830	32.70549	29.43013	0.3672005	7.139865	0.4951076	-999.25
261.9354	32.33751	29.00162	0.3430327	7.15203	0.5274823	-999.25
262.0878	31.94003	29.42265	0.3251576	7.396869	0.4171189	-999.25
262.2402	32.77772	28.74527	0.3133498	7.253238	0.5942928	-999.25
262.3926	34.82604	30.00273	0.3008243	7.732382	0.6873051	-999.25
262.5450	36.63132	31.26184	0.3307594	7.950079	0.776633	-999.25
262.6974	37.34873	31.65726	0.3237531	8.119677	0.8347771	-999.25
262.8498	39.61098	32.45397	0.3624806	8.135353	0.9912717	-999.25
263.0022	40.69346	32.96947	0.3523133	8.36283	1.099505	-999.25
263.1546	43.00967	34.92321	0.3905366	8.751387	1.219044	-999.25
263.3070	42.44584	34.36525	0.4246628	8.362525	1.207255	-999.25
263.4594	43.86884	34.96977	0.4500459	8.399116	1.279964	-999.25
263.6118	43.14811	33.23416	0.4086536	8.099818	1.392131	-999.25
263.7642	43.58549	32.9129	0.4248129	7.89745	1.473242	-999.25
263.9166	45.08015	33.63133	0.4539529	7.947264	1.578595	-999.25
264.0690	46.95724	35.02535	0.4942378	8.144222	1.666966	-999.25
264.2214	49.0539	35.83767	0.5010792	8.361619	1.84094	-999.25
264.3738	48.42577	35.68116	0.5028309	8.300791	1.75533	-999.25
264.5262	48.52005	36.49632	0.5165403	8.476718	1.623312	-999.25
264.6786	48.10221	36.53805	0.5439689	8.320832	1.531906	-999.25
264.8310	47.63089	35.9828	0.5477511	8.120048	1.53272	-999.25
264.9834	46.19738	34.80033	0.5416085	7.780045	1.504482	-999.25
265.1358	45.53038	34.52963	0.5425388	7.687794	1.457448	-999.25
265.2882	44.54277	34.37242	0.5889674	7.351102	1.31961	-999.25
265.4406	43.22223	33.05008	0.582604	6.967765	1.325573	-999.25
265.5930	40.85287	31.71713	0.5661306	6.643416	1.201622	-999.25
265.7454	38.95068	31.00698	0.5566025	6.475249	1.034484	-999.25
265.8978	37.62878	31.02676	0.550733	6.517783	0.8647405	-999.25
266.0502	37.03215	30.36618	0.5533746	6.290376	0.8657405	-999.25
266.2026	37.19194	30.19817	0.5654471	6.162196	0.9034609	-999.25
266.3550	38.32008	30.83908	0.5865926	6.236558	0.9744571	-999.25
266.5074	39.28893	31.5325	0.5983364	6.38571	0.9977739	-999.25
266.6598	40.04651	32.34787	0.5954657	6.664001	1.00005	-999.25
266.8122	39.69577	32.71374	0.5626283	6.983523	0.9099262	-999.25
266.9646	37.95424	31.38656	0.5106952	6.87979	0.8948257	-999.25
267.1170	35.62375	29.58555	0.4751464	6.523542	0.8282071	-999.25
267.2694	34.37325	28.82381	0.4514582	6.426253	0.7640166	-999.25
267.4218	34.46035	28.75066	0.4448219	6.443818	0.7890813	-999.25
267.5742	35.09552	29.14928	0.4775219	6.369461	0.780056	-999.25
267.7266	35.05886	29.05438	0.4967743	6.220349	0.7650973	-999.25
267.8790	35.24373	29.17318	0.4970944	6.256341	0.7701249	-999.25
268.0314	36.07961	29.35285	0.4992083	6.300719	0.846319	-999.25
268.1838	37.9319	30.60734	0.5267798	6.531526	0.905761	-999.25
268.3362	39.28786	31.42563	0.5470228	6.668143	0.9206042	-999.25
268.4886	39.41388	30.80826	0.5574483	6.406519	0.9851295	-999.25
268.6410	38.86355	30.77104	0.5748194	6.28745	0.8923978	-999.25
268.7934	38.52259	31.14513	0.5754057	6.403388	0.750866	-999.25
268.9458	39.23695	31.28697	0.5707441	6.477477	0.8033532	-999.25
269.0982	39.44141	31.22536	0.5703367	6.4603	0.8356425	-999.25
269.2506	38.63742	30.74086	0.5600845	6.368716	0.8301455	-999.25
269.4030	36.93197	29.22042	0.5218807	6.118516	0.8461451	-999.25
269.5554	36.42329	28.67192	0.5047769	6.04875	0.8829002	-999.25
269.7078	36.55316	28.85049	0.4965438	6.156614	0.8981214	-999.25
269.8602	36.10393	28.92046	0.4886028	6.227967	0.8353302	-999.25
270.0126	35.52179	27.85394	0.4632973	6.043252	0.9410359	-999.25
270.1650	35.33497	27.92824	0.4638029	6.063879	0.9657165	-999.25
270.3174	35.97896	28.81455	0.4896423	6.187707	0.980355	-999.25
270.4698	36.65961	29.30334	0.4854823	6.369584	1.043812	-999.25
270.6222	36.77031	29.74071	0.4873218	6.49801	1.02474	-999.25
270.7746	37.19365	30.02522	0.4891802	6.57747	1.059719	-999.25
270.9270	36.04606	28.62728	0.4465294	6.393852	1.093984	-999.25
271.0794	35.3121	28.10933	0.4385862	6.277335	1.063445	-999.25
271.2318	34.91707	28.16216	0.4495993	6.226271	0.994311	-999.25
271.3842	35.45132	27.97877	0.453982	6.140621	1.060956	-999.25
271.5366	35.72912	27.53545	0.4462841	6.046436	1.158213	-999.25
271.6890	35.4534	28.19364	0.4390851	6.3012	1.002988	-999.25
271.8414	34.36462	27.92782	0.4254362	6.300457	0.8616748	-999.25
271.9938	34.38158	27.69301	0.392448	6.428943	0.8670818	-999.25
272.1462	34.2491	27.4794	0.4335566	6.10705	0.8572623	-999.25
272.2986	35.49834	28.36157	0.4694441	6.167559	0.9270048	-999.25
272.4510	35.62236	28.25707	0.4702705	6.129066	0.948352	-999.25
272.6034	36.73734	28.96815	0.4941101	6.209234	1.054045	-999.25
272.7558	36.46118	28.41643	0.4697874	6.182975	1.103141	-999.25
272.9082	35.49572	28.47681	0.4420877	6.37317	0.9439204	-999.25
273.0606	34.04145	28.86522	0.4527835	6.431313	0.7377073	-999.25
273.2130	33.88818	29.9837	0.4628568	6.726609	0.5798734	-999.25
273.3654	33.6324	29.01879	0.4691949	6.379134	0.6837839	-999.25
273.5178	34.11566	30.27872	0.4987963	6.599158	0.5509563	-999.25
273.6702	32.79023	28.63725	0.4840865	6.165327	0.5919832	-999.25
273.8226	32.01464	27.45503	0.4310953	6.114447	0.6504127	-999.25
273.9750	31.21506	27.01817	0.4096839	6.106937	0.5772264	-999.25
274.1274	31.55992	27.4958	0.4172783	6.212723	0.5604708	-999.25
274.2798	32.91107	28.31385	0.4314586	6.386669	0.5413031	-999.25
274.4322	33.82251	30.78978	0.4678573	6.953365	0.3560128	-999.25
274.5846	32.90694	29.29054	0.4519548	6.572347	0.4758785	-999.25
274.7370	32.35127	28.1298	0.4413182	6.267017	0.5474932	-999.25
274.8894	33.92581	28.81747	0.4452367	6.462609	0.6046388	-999.25
275.0418	35.44571	29.87412	0.4304316	6.891642	0.6643198	-999.25
275.1942	36.25227	28.70965	0.406916	6.664579	0.9321145	-999.25
275.3466	34.77559	27.62222	0.4027303	6.342879	0.8870662	-999.25
275.4990	34.96132	27.75803	0.3959139	6.428334	0.8681122	-999.25
275.6514	35.92147	28.71541	0.3998387	6.710085	0.9040196	-999.25
275.8038	36.38665	29.90625	0.4145543	6.999866	0.8529529	-999.25
275.9562	37.21054	32.13495	0.4377374	7.569091	0.6609845	-999.25
276.1086	37.01957	31.39975	0.4224421	7.428501	0.6940154	-999.25
276.2610	36.69371	31.39683	0.4356346	7.346174	0.6814384	-999.25
276.4134	35.5249	30.64021	0.3975028	7.339631	0.6594071	-999.25
276.5658	35.81962	31.53637	0.4042069	7.584667	0.6313667	-999.25
276.7182	35.30431	31.97968	0.4380568	7.517498	0.5010839	-999.25
276.8706	34.31543	32.25753	0.4551063	7.501102	0.3489753	-999.25
277.0230	32.79659	31.41652	0.4248319	7.419114	0.2366453	-999.25
277.1754	32.41766	31.92257	0.4513635	7.417148	0.127369	-999.25
277.3278	32.66271	32.20293	0.4636306	7.431063	0.164666	-999.25
277.4802	31.56566	31.23049	0.4385093	7.275277	0.1269636	-999.25
277.6326	31.07666	30.4743	0.428522	7.095227	0.1649471	-999.25
277.7850	31.4032	30.8535	0.43455	7.179224	0.1598441	-999.25
277.9374	33.98592	32.92146	0.4647236	7.653946	0.1980723	-999.25
278.0898	35.78277	33.66292	0.4874891	7.750452	0.3084415	-999.25
278.2422	37.45107	33.41932	0.5169696	7.490713	0.555746	-999.25
278.3946	38.61248	33.76627	0.5209811	7.576845	0.6949536	-999.25
278.5470	39.6142	34.77625	0.5190234	7.911698	0.6943541	-999.25
278.6994	39.81459	34.57462	0.5323164	7.765244	0.7348187	-999.25
278.8518	39.17789	33.31244	0.5032433	7.541246	0.8634918	-999.25
279.0042	38.60482	32.4001	0.4832032	7.373317	0.8702257	-999.25
279.1566	38.71762	32.2044	0.5017354	7.196438	0.9038026	-999.25
279.3090	38.40907	31.10149	0.4834576	6.956735	1.046709	-999.25
279.4614	37.3684	29.30572	0.4380534	6.662965	1.164874	-999.25
279.6138	36.48663	28.07483	0.4112038	6.435247	1.222422	-999.25
279.7662	35.96875	28.09694	0.4097768	6.451115	1.167676	-999.25
279.9186	36.61074	29.31515	0.4121885	6.825558	1.070611	-999.25
280.0710	36.89517	29.71651	0.4075079	6.982703	1.009572	-999.25
280.2234	36.78882	29.21302	0.4028371	6.850613	1.046875	-999.25
280.3758	36.41462	27.90207	0.3711323	6.627265	1.193553	-999.25
280.5282	36.53889	27.16512	0.3454698	6.550076	1.291349	-999.25
280.6806	37.6475	27.67097	0.3341891	6.781338	1.36544	-999.25
280.8330	38.1674	27.52734	0.3017934	6.935308	1.464962	-999.25
280.9854	37.66639	27.20856	0.2928796	6.888428	1.404351	-999.25
281.1378	36.19071	26.83881	0.2992986	6.730658	1.255681	-999.25
281.2902	35.63034	26.78132	0.2951525	6.737869	1.214478	-999.25
281.4426	36.58946	27.79077	0.3141945	6.942988	1.218931	-999.25
281.5950	37.89653	29.32281	0.3361614	7.297075	1.190873	-999.25
281.7474	37.88111	30.0014	0.3266531	7.572606	1.141263	-999.25
281.8998	37.08611	29.3166	0.318557	7.403705	1.131507	-999.25
282.0522	36.44561	29.94991	0.3331805	7.51588	0.9749748	-999.25
282.2046	36.31488	31.50759	0.368194	7.797663	0.7696368	-999.25
282.3570	35.9825	31.08614	0.3768459	7.609595	0.7794101	-999.25
282.5094	35.18864	30.59269	0.3941498	7.345138	0.7259687	-999.25
282.6618	35.48795	30.88593	0.4023735	7.388115	0.7598515	-999.25
282.8142	36.31863	31.43424	0.4134164	7.495212	0.7743973	-999.25
282.9666	36.20232	31.70258	0.4240225	7.515534	0.7344422	-999.25
283.1190	35.65775	32.23681	0.419566	7.713762	0.5862869	-999.25
283.2714	34.80722	31.3756	0.4080744	7.50943	0.6179195	-999.25
283.4238	34.11754	30.176	0.4198443	7.053441	0.7043219	-999.25
283.5762	34.29389	30.48295	0.4106818	7.208066	0.6862324	-999.25
283.7286	33.17561	29.89347	0.3891949	7.152246	0.5945553	-999.25
283.8810	32.71966	28.72853	0.3750305	6.867338	0.6532199	-999.25
284.0334	32.47551	29.15958	0.40772	6.803408	0.5371034	-999.25
284.1858	34.07274	31.34007	0.4450423	7.269989	0.4587462	-999.25
284.3382	36.41344	33.79508	0.4844656	7.811343	0.3967252	-999.25
284.4906	37.47551	35.32385	0.5103124	8.140445	0.3529913	-999.25
284.6430	38.13234	35.78074	0.5069544	8.307176	0.3299298	-999.25
284.7954	38.82378	35.06971	0.4960515	8.147211	0.4643342	-999.25
284.9478	38.05822	34.49837	0.4956858	7.966877	0.4269783	-999.25
285.1002	36.64365	33.52229	0.4651877	7.843101	0.3207982	-999.25
285.2526	35.668	32.98526	0.467728	7.655801	0.2420866	-999.25
285.4050	37.66083	34.12905	0.5114988	7.751285	0.3377981	-999.25
285.5574	42.34814	38.65242	0.5920245	8.700058	0.3531561	-999.25
285.7098	46.57281	43.21505	0.6344519	9.89644	0.3425633	-999.25
285.8622	49.57724	45.45771	0.6531082	10.49805	0.4585758	-999.25
286.0146	50.99701	47.06286	0.7078214	10.67347	0.5366694	-999.25
286.1670	52.13889	46.78566	0.736753	10.40638	0.7610587	-999.25
286.3194	53.65936	48.52387	0.8031625	10.55215	0.7600543	-999.25
286.4718	53.42187	49.0943	0.8178868	10.64361	0.6650076	-999.25
286.6242	53.9792	49.97219	0.8102582	10.97124	0.6133424	-999.25
286.7766	53.48348	49.65783	0.8316286	10.73893	0.5826532	-999.25
286.9290	55.16389	51.02829	0.8788736	10.88542	0.6731164	-999.25
287.0814	54.0321	50.1646	0.8381394	10.86072	0.7085279	-999.25
287.2338	52.45576	49.6426	0.8132722	10.84731	0.6076488	-999.25
287.3862	50.69862	48.83952	0.8155712	10.57648	0.480717	-999.25
287.5386	51.74868	50.67412	0.8573885	10.90479	0.3424829	-999.25
287.6910	54.80774	53.13756	0.8615276	11.66652	0.3254087	-999.25
287.8434	54.88022	53.40838	0.837643	11.90043	0.2760786	-999.25
287.9958	55.16834	53.17321	0.8384293	11.82042	0.2976182	-999.25
288.1482	52.3127	50.38098	0.8085099	11.11267	0.3022021	-999.25
288.3006	52.95365	49.93352	0.8039073	10.99806	0.469144	-999.25
288.4530	52.14441	49.94537	0.7877189	11.10172	0.4020443	-999.25
288.6054	53.11116	49.71408	0.7663879	11.15941	0.5193514	-999.25
288.7578	52.54205	48.62661	0.7807097	10.72351	0.5448153	-999.25
288.9102	51.24725	46.1436	0.7527396	10.10255	0.6378623	-999.25
289.0626	50.98107	44.56989	0.7061296	9.887193	0.8238503	-999.25
289.2150	51.08493	43.94599	0.6747848	9.881193	0.9388848	-999.25
289.3674	53.06435	44.37461	0.7165872	9.760265	1.155788	-999.25
289.5198	53.00308	44.277	0.6748059	9.986849	1.124828	-999.25
289.6722	53.12472	44.25194	0.6602869	10.06842	1.166837	-999.25
289.8246	52.08407	42.74924	0.6350595	9.743827	1.186417	-999.25
289.9770	52.35163	43.84772	0.6727213	9.862521	1.04786	-999.25
290.1294	51.5662	42.41804	0.6564814	9.505814	1.098481	-999.25
290.2818	51.4172	43.51866	0.6927766	9.633621	1.00211	-999.25
290.4342	52.02103	44.79332	0.7091403	9.940022	0.9014335	-999.25
290.5866	50.94629	44.24775	0.7004175	9.819488	0.86695	-999.25
290.7390	49.35038	42.98846	0.6831467	9.523594	0.8275664	-999.25
290.8914	49.22062	42.31006	0.683757	9.30302	0.8747033	-999.25
291.0438	50.79902	45.24324	0.7238512	9.993046	0.7248207	-999.25
291.1962	53.56876	48.93849	0.8115174	10.63311	0.646701	-999.25
291.3486	53.51596	49.60621	0.8342226	10.70642	0.5839596	-999.25
291.5010	53.68504	49.56307	0.843515	10.6353	0.6595225	-999.25
291.6534	53.19612	47.32708	0.8025275	10.1736	0.9044012	-999.25
291.8058	53.00061	45.67092	0.7814279	9.774495	1.118698	-999.25
291.9582	53.08748	44.24309	0.7569913	9.468946	1.285854	-999.25
292.1106	53.14688	42.5917	0.7333767	9.086884	1.521599	-999.25
292.2630	53.31943	41.08213	0.7198493	8.687911	1.74229	-999.25
292.4154	53.48646	39.72607	0.7216009	8.24373	1.91125	-999.25

