HOLE:	U1513A
EXPEDITION:	369
TOP:	81.1413
BOTTOM:	284.1380
DEPTH_WMSF	RLA1	RLA2	RLA3	RLA4	RLA5	RM_HRLT	RT_HRLT
m	ohm.m	ohm.m	ohm.m	ohm.m	ohm.m	ohm.m	ohm.m
81.1413	0.8831589	0.7418094	0.9641487	1.277079	1.549418	0.4711888	1.90846
81.2937	0.948727	0.9333693	0.780972	0.8279403	0.7984809	0.2827052	0.6540043
81.4461	0.9209619	1.02009	1.01206	1.085261	1.051836	0.17144	1.153615
81.5985	0.9420564	0.9809563	1.052675	1.221594	1.260073	0.1408189	1.41521
81.7509	0.9378742	0.9426515	1.006863	1.053748	0.8943684	0.1438605	0.9440636
81.9033	0.7704471	0.7682881	0.8527306	0.9492161	1.002376	0.1563014	1.070652
82.0557	0.8737291	0.8231277	0.8774582	0.9352904	0.9665397	0.1066546	0.9803441
82.2081	1.06555	1.126095	1.015112	1.025671	1.007174	0.1073169	0.992847
82.3605	1.093099	1.026413	0.9408081	0.9317407	0.8646496	0.1022017	0.6753392
82.5129	1.070982	1.178638	1.269545	1.324798	1.261393	0.1070839	1.468611
82.6653	1.136485	1.231162	1.30687	1.384691	1.084327	0.1364896	1.251117
82.8177	1.048208	1.159203	1.250333	1.334305	0.9760301	0.1923066	1.159755
82.9701	1.126462	1.210937	1.291201	1.365812	1.039014	0.1913081	1.191574
83.1225	1.214614	1.314845	1.419339	1.486131	1.003396	0.1828493	1.103226
83.2749	1.114336	1.217495	1.303277	1.371131	0.9239155	0.1777115	1.019488
83.4273	1.038111	1.163777	1.250854	1.316028	0.8597443	0.171354	0.9563015
83.5797	1.071628	1.156851	1.258872	1.305692	0.7551436	0.16734	0.6278754
83.7321	0.9950482	1.151895	1.245354	1.323937	1.60212	0.161582	1.803663
83.8845	1.080392	1.213126	1.30876	1.373927	1.566144	0.1560941	1.771942
84.0369	0.9601474	1.088465	1.182191	1.245906	1.4322	0.1614061	1.626003
84.1893	1.167646	1.259068	1.344088	1.402694	1.574761	0.1552399	1.7495
84.3417	1.225862	1.317591	1.411907	1.485801	1.670562	0.1521655	1.866433
84.4941	1.105211	1.240294	1.336232	1.414976	1.593523	0.153323	1.811623
84.6465	1.129784	1.232582	1.319583	1.390543	1.545294	0.1622087	1.740826
84.7989	1.168977	1.29011	1.377159	1.449441	1.608116	0.1627882	1.814995
84.9513	1.076828	1.214461	1.316257	1.385201	1.556448	0.1608066	1.774246
85.1037	1.107881	1.223873	1.319699	1.377094	1.543107	0.164132	1.741264
85.2561	1.15282	1.276713	1.366823	1.436919	1.586349	0.1637773	1.795893
85.4085	1.087659	1.223674	1.314417	1.379979	1.542198	0.1652729	1.75529
85.5609	1.096617	1.218482	1.310838	1.387164	1.55533	0.1660236	1.760044
85.7133	1.022549	1.161708	1.263535	1.332196	1.501829	0.1669876	1.720244
85.8657	1.105846	1.250655	1.33258	1.395661	1.563611	0.164871	1.774291
86.0181	1.137289	1.247631	1.344108	1.404941	1.557895	0.1605006	1.756855
86.1705	1.138306	1.256464	1.331339	1.3974	1.542446	0.1604215	1.73471
86.3229	1.055463	1.170627	1.261855	1.319308	1.488115	0.1666253	1.679152
86.4753	1.006872	1.153948	1.244457	1.309206	1.47739	0.1679358	1.689592
86.6277	1.132404	1.219533	1.307047	1.357613	1.518312	0.1669761	1.689321
86.7801	1.145475	1.253201	1.340015	1.404134	1.561986	0.171038	1.754371
86.9325	1.11311	1.221156	1.307864	1.373954	1.549929	0.1756376	1.737484
87.0849	1.155423	1.274396	1.368602	1.425955	1.619	0.1748382	1.815264
87.2373	1.315747	1.433299	1.545082	1.620576	1.827819	0.1730204	2.047225
87.3897	1.190442	1.306421	1.396804	1.463669	1.649527	0.1885123	1.848064
87.5421	1.328279	1.469584	1.592738	1.678414	1.905344	0.1978778	2.153018
87.6945	1.339867	1.480735	1.598929	1.677779	1.904696	0.2262307	2.143468
87.8469	1.079962	1.201214	1.281814	1.338547	1.530786	0.2640237	1.713054
87.9993	1.306344	1.417042	1.494803	1.571355	1.748891	0.2912635	1.937464
88.1517	1.290936	1.39972	1.499265	1.575177	1.760466	0.3222223	1.962184
88.3041	1.328302	1.409351	1.51709	1.586466	1.768883	0.3502106	1.953851
88.4565	1.413069	1.515866	1.586411	1.67179	1.829707	0.3740327	2.010366
88.6089	1.335988	1.42393	1.506389	1.571024	1.732466	0.3994301	1.899321
88.7613	1.307019	1.359502	1.435287	1.494506	1.643444	0.4265245	1.777673
88.9137	1.316307	1.348119	1.440058	1.49793	1.648065	0.4516231	1.765436
89.0661	1.411028	1.454328	1.53923	1.608121	1.761516	0.4742628	1.867386
89.2185	1.426916	1.488873	1.542789	1.600595	1.736726	0.4954446	1.827011
89.3709	1.437378	1.470938	1.529825	1.587857	1.71478	0.5065187	1.821899
89.5233	1.437346	1.45933	1.514169	1.566649	1.685796	0.5138988	1.769855
89.6757	1.367735	1.389305	1.444599	1.493123	1.612569	0.516613	1.697538
89.8281	1.463088	1.486982	1.551548	1.598336	1.729259	0.5336767	1.824698
89.9805	1.427848	1.457382	1.512286	1.560704	1.685412	0.5520336	1.776826
90.1329	1.558387	1.571042	1.612309	1.659078	1.792998	0.5654518	1.843734
90.2853	1.520451	1.53945	1.604279	1.682276	1.822596	0.5640718	1.945143
90.4377	1.568367	1.574689	1.632771	1.677002	1.805877	0.5442604	1.86501
90.5901	1.531363	1.511006	1.56732	1.620018	1.741158	0.5298647	1.774885
90.7425	1.512733	1.502717	1.559361	1.618438	1.766179	0.5251724	1.821137
90.8949	1.656202	1.664774	1.705868	1.776243	1.916909	0.5198083	1.972567
91.0473	1.702463	1.719916	1.773007	1.841346	1.987375	0.5208431	2.061936
91.1997	1.368757	1.447476	1.55596	1.590069	1.8055	0.5222123	1.975049
91.3521	1.769957	1.766492	1.796838	1.888014	2.014861	0.5130303	2.058167
91.5045	1.681117	1.660164	1.712201	1.759039	1.881585	0.5066549	1.908484
91.6569	1.665829	1.651506	1.696132	1.758419	1.870014	0.500034	1.897258
91.8093	1.635696	1.643937	1.708061	1.761989	1.896116	0.4998868	1.965952
91.9617	1.974675	1.885462	1.890289	1.971118	2.049064	0.5090144	1.983652
92.1141	1.85153	1.747443	1.8001	1.823394	1.918652	0.5178372	1.842614
92.2665	2.036023	1.933692	1.978618	2.001314	2.122327	0.5163813	2.039912
92.4189	1.575091	1.632274	1.68319	1.707794	1.871606	0.5124439	1.922245
92.5713	1.901891	1.810237	1.845108	1.853999	1.944917	0.509457	1.880052
92.7237	2.004355	1.897091	1.8709	1.875887	1.93457	0.5043322	1.895882
92.8761	1.89864	1.809106	1.8116	1.831591	1.94321	0.5039293	1.861975
93.0285	1.837814	1.776792	1.793642	1.802361	1.9081	0.5069109	1.83771
93.1809	1.898164	1.829389	1.830629	1.827829	1.920617	0.5035866	1.86117
93.3333	1.796907	1.749153	1.781564	1.790227	1.887142	0.4882917	1.837267
93.4857	1.749461	1.725758	1.765787	1.77718	1.876578	0.4787253	1.854234
93.6381	1.704287	1.69957	1.748672	1.755796	1.859014	0.4799742	1.861136
93.7905	1.752057	1.717055	1.752223	1.766258	1.8668	0.4911262	1.830091
93.9429	1.883383	1.808951	1.819853	1.836225	1.912316	0.5143846	1.849798
94.0953	2.220501	2.085385	2.100488	2.114145	2.203599	0.5204013	2.136838
94.2477	2.22016	2.037485	2.058841	2.105807	2.157846	0.5163516	2.1045
94.4001	1.9611	1.87085	1.886028	1.950635	2.006935	0.5153512	1.940716
94.5525	1.854428	1.799842	1.814263	1.837612	1.893371	0.5058923	1.842798
94.7049	1.975124	1.983543	2.039735	2.062317	2.125991	0.4955255	2.138833
94.8573	1.810576	1.841758	1.856537	1.87228	1.921435	0.4979019	1.912568
95.0097	1.920622	1.914791	1.965251	1.979269	2.053381	0.5011994	2.040493
95.1621	2.021161	1.992861	2.016942	2.020714	2.088187	0.5079776	2.048506
95.3145	2.125926	2.0629	2.085338	2.078092	2.133116	0.5227755	2.097135
95.4669	1.970374	1.955902	1.996403	2.015722	2.068149	0.5271342	2.048858
95.6193	2.313223	2.298709	2.374931	2.41624	2.511918	0.5217864	2.52356
95.7717	2.060527	1.982621	2.0074	2.112174	2.148546	0.5205631	2.111893
95.9241	2.348187	2.280785	2.334056	2.393182	2.421529	0.5118807	2.386214
96.0765	2.074321	2.122211	2.141017	2.168235	2.194808	0.495609	2.198254
96.2289	1.954487	1.915732	1.96999	1.949595	1.998695	0.490465	1.960949
96.3813	2.097605	2.023983	2.072242	2.02047	2.071923	0.4853691	2.059483
96.5337	1.878785	1.878658	1.929084	1.902028	1.961626	0.4827147	1.951116
96.6861	1.891011	1.893528	1.94188	1.909211	1.97862	0.4794939	1.95111
96.8385	1.966993	1.91528	1.978637	1.954696	2.022912	0.4798818	1.980634
96.9909	1.945334	1.929868	1.992362	1.976969	2.041324	0.4958079	2.027254
97.1433	1.918357	1.89842	1.943615	1.923214	1.988938	0.5287652	1.95146
97.2957	2.22293	2.204405	2.238392	2.219973	2.299271	0.5469804	2.248004
97.4481	2.391175	2.48966	2.549106	2.574886	2.698439	0.583313	2.79301
97.6005	2.237086	2.045888	2.066674	2.076885	2.135434	0.6198569	2.055205
97.7529	2.338059	2.194981	2.192645	2.224505	2.292434	0.6276303	2.244294
97.9053	2.406126	2.294588	2.314417	2.290055	2.374881	0.6265574	2.324288
98.0577	3.243112	3.269243	3.242561	3.339573	3.434738	0.6110051	3.41782
98.2101	2.20791	2.170542	2.186613	2.267804	2.328199	0.6231027	2.310768
98.3625	2.15457	2.163694	2.212647	2.298525	2.365411	0.6196741	2.403342
98.5149	2.375464	2.379967	2.438911	2.511183	2.584576	0.626271	2.628032
98.6673	2.108939	2.120301	2.207804	2.271183	2.375507	0.643396	2.452083
98.8197	2.136347	2.172696	2.249802	2.336482	2.433182	0.6150442	2.53527
98.9721	2.114965	2.135168	2.206477	2.288012	2.370505	0.5724081	2.450198
99.1245	1.933458	1.96454	2.032955	2.121469	2.195204	0.5318145	2.289343
99.2769	1.706819	1.697123	1.779045	1.833526	1.949769	0.5017503	1.992578
99.4293	1.967528	1.974639	1.97704	2.05863	2.138322	0.4826976	2.142721
99.5817	1.830932	1.940442	1.947522	2.009215	2.110027	0.4760889	2.215186
99.7341	1.897133	1.967179	2.035501	2.073647	2.187329	0.480101	2.298823
99.8865	1.963859	2.007889	2.082267	2.095324	2.204838	0.4831702	2.271705
100.0389	2.107373	2.181374	2.288336	2.334855	2.479292	0.4841871	2.642387
100.1913	2.221234	2.320718	2.433396	2.494514	2.62722	0.4896687	2.835675
100.3437	2.184699	2.293125	2.404594	2.454786	2.587936	0.4945172	2.791964
100.4961	2.121599	2.19739	2.274237	2.283532	2.39919	0.5004184	2.494644
100.6485	2.072147	2.158875	2.244747	2.24536	2.358215	0.5101537	2.468974
100.8009	2.234761	2.281998	2.36309	2.454154	2.525955	0.5268661	2.639909
100.9533	2.684573	2.52811	2.548882	2.584884	2.630284	0.5490946	2.612441
101.1057	1.990825	1.938765	2.003699	2.062084	2.18061	0.594717	2.182379
101.2581	2.498801	2.489579	2.5616	2.646595	2.788471	0.6166157	2.824377
101.4105	2.921087	2.809352	2.862335	2.950579	3.105275	0.6062264	3.058356
101.5629	2.032283	1.960816	2.01102	2.114064	2.215164	0.6017249	2.208703
101.7153	2.000199	1.908452	1.942364	2.063872	2.153996	0.5633512	2.122581
101.8677	1.959865	1.892794	1.932065	2.06216	2.165164	0.5302466	2.167638
102.0201	1.919875	1.867442	1.928005	2.052919	2.156107	0.5227816	2.19226
102.1725	1.825029	1.831932	1.876812	2.016804	2.116381	0.5216753	2.20448
102.3249	1.80385	1.84788	1.910931	2.033247	2.156718	0.5345868	2.305054
102.4773	1.988263	2.038792	2.156501	2.258811	2.437481	0.5343313	2.61009
102.6297	1.928697	1.93483	2.011966	2.024899	2.130003	0.5257849	2.165594
102.7821	1.824127	1.893337	1.933827	1.976689	2.082816	0.5336561	2.167638
102.9345	1.659683	1.750534	1.809193	1.833816	1.937959	0.5382378	2.057458
103.0869	1.978882	1.946704	2.024337	2.017767	2.111289	0.5343403	2.091044
103.2393	2.029601	2.009334	2.081413	2.067196	2.158235	0.5411857	2.142631
103.3917	1.747479	1.802373	1.877844	1.880564	1.965701	0.5389687	2.043696
103.5441	1.814265	1.83916	1.914513	1.915271	2.014289	0.5215892	2.054764
103.6965	1.849252	1.850095	1.926706	1.937756	2.031587	0.5208536	2.060696
103.8489	2.133304	2.217931	2.305727	2.321246	2.468612	0.5080867	2.592647
104.0013	2.337088	2.394809	2.522405	2.579707	2.640504	0.5296155	2.785879
104.1537	1.85039	1.898636	1.962071	1.935011	2.023226	0.5864612	2.04133
104.3061	2.243194	2.275211	2.225827	2.200795	2.261973	0.6321702	2.240693
104.4585	2.531135	2.540031	2.616949	2.574142	2.665641	0.708975	2.648686
104.6109	2.231046	2.127733	2.210194	2.196393	2.278147	0.8107526	2.217669
104.7633	2.991745	2.943496	3.001733	3.040837	3.226506	0.8516346	3.173044
104.9157	4.523205	4.490733	4.642121	4.724846	5.030299	0.8270803	5.073939
105.0681	5.413836	5.446148	5.643557	5.863116	6.18985	0.823532	6.426583
105.2205	5.02847	5.288074	5.509901	5.812906	6.12196	0.8190239	6.674848
105.3729	5.00531	5.224705	5.450526	5.644302	5.987764	0.8019323	6.517956
105.5253	5.335651	5.53931	5.775402	5.897157	6.250988	0.7880707	6.675455
105.6777	2.877769	2.908559	2.987127	2.988176	3.173466	0.8148178	3.209032
105.8301	2.444692	2.417714	2.502526	2.5108	2.667477	0.7644811	2.636211
105.9825	2.935195	2.936915	2.987412	3.120865	3.22245	0.6777923	3.249092
106.1349	2.529104	2.513616	2.521676	2.590158	2.639989	0.6079904	2.592361
106.2873	2.113554	2.093723	2.047886	2.067569	2.093072	0.5451785	2.078912
106.4397	2.118157	2.037973	2.078933	2.091368	2.081207	0.5202092	2.082767
106.5921	2.345635	2.392588	2.486181	2.478327	2.494194	0.5056996	2.542215
106.7445	2.745944	2.8238	2.970558	2.998212	3.048826	0.5042971	3.197171
106.8969	2.931314	3.029481	3.188357	3.212566	3.245404	0.5207899	3.42443
107.0493	2.885995	2.9918	3.162471	3.205062	3.248893	0.5279778	3.441676
107.2017	3.37341	3.597842	3.801153	3.911988	3.919048	0.5320845	4.334507
107.3541	2.178999	2.146921	2.239204	2.302428	2.274647	0.5210964	2.280753
107.5065	2.46371	2.541548	2.590868	2.673636	2.659809	0.4995853	2.732008
107.6589	2.04236	2.03145	2.054389	2.045159	2.057303	0.484457	2.045971
107.8113	2.164193	2.23712	2.222895	2.205341	2.21917	0.4740359	2.218876
107.9637	2.565361	2.662937	2.730618	2.715992	2.753871	0.4675373	2.800506
108.1161	2.663226	2.567618	2.634194	2.675493	2.712523	0.4749067	2.662036
108.2685	2.53464	2.429361	2.528745	2.568468	2.627543	0.477172	2.566191
108.4209	2.170321	2.098776	2.19238	2.237491	2.30307	0.4671618	2.265085
108.5733	2.222789	2.102094	2.188418	2.22086	2.272747	0.4646145	2.210772
108.7257	2.159814	2.072062	2.157725	2.175646	2.241513	0.4797983	2.18843
108.8781	2.365542	2.286395	2.363268	2.394834	2.453796	0.4848014	2.403465
109.0305	3.400497	3.69149	3.919479	4.071738	4.226789	0.4749501	4.69638
109.1829	2.129043	2.243388	2.267416	2.37053	2.369538	0.4730988	2.479937
109.3353	2.137898	2.171168	2.168877	2.206982	2.189584	0.4681652	2.185466
109.4877	2.038367	2.097421	2.12451	2.10881	2.123562	0.4607401	2.117164
109.6401	2.871915	2.997711	3.164861	3.078311	3.104837	0.4582357	3.211937
109.7925	2.67087	2.632187	2.71012	2.71298	2.750808	0.469475	2.722687
109.9449	2.177279	2.061181	2.080916	2.102322	2.135125	0.4776031	2.103379
110.0973	2.18373	2.078726	2.087444	2.115507	2.140998	0.4666785	2.115013
110.2497	2.170159	2.066786	2.099542	2.122754	2.155351	0.4649429	2.119434
110.4021	2.236376	2.15015	2.186245	2.217306	2.257742	0.471406	2.208304
110.5545	2.619211	2.551557	2.595321	2.63849	2.709933	0.4776993	2.64858
110.7069	3.253229	3.314078	3.328453	3.456936	3.518642	0.4759495	3.568783
110.8593	2.720143	2.705043	2.686148	2.817354	2.844079	0.4782352	2.801874
111.0117	2.806696	2.810005	2.812874	2.841027	2.895722	0.4730923	2.860627
111.1641	2.739576	2.806613	2.863892	3.000664	2.93037	0.4770143	2.998924
111.3165	2.420611	2.404816	2.493167	2.590524	2.517203	0.4724102	2.534512
111.4689	2.586541	2.709449	2.671464	2.747211	2.637933	0.4695705	2.685052
111.6213	2.333801	2.345587	2.414591	2.364884	2.305982	0.4730035	2.352473
111.7737	2.885868	3.116126	3.064898	3.00735	2.967509	0.4595489	3.033673
111.9261	2.370836	2.200751	2.221134	2.216906	2.196177	0.4807698	2.120095
112.0785	2.584767	2.417268	2.437435	2.369328	2.385886	0.4877783	2.244736
112.2309	5.100677	5.906887	6.408739	6.360384	6.342531	0.4616039	7.275461
112.3833	2.38968	2.424357	2.368933	2.3658	2.31026	0.4652522	2.345957
112.5357	2.590852	2.456583	2.399524	2.349586	2.306989	0.4339584	2.107959
112.6881	2.394388	2.281591	2.231266	2.224077	2.185541	0.4114197	2.071704
112.8405	2.230064	2.227894	2.180379	2.181893	2.142129	0.4164303	2.157386
112.9929	2.413336	2.4515	2.411818	2.392224	2.323604	0.4219604	2.371009
113.1453	2.439385	2.535948	2.511576	2.50698	2.438278	0.429047	2.488593
113.2977	2.354492	2.421075	2.415105	2.39189	2.330571	0.4299432	2.38322
113.4501	2.232047	2.319337	2.247804	2.249914	2.20735	0.4285811	2.249456
113.6025	2.261138	2.277025	2.219436	2.1945	2.148075	0.4168361	2.137297
113.7549	2.713511	2.622129	2.549028	2.544582	2.422643	0.403753	2.25474
113.9073	2.78932	2.744013	2.68692	2.67415	2.566552	0.3995836	2.491737
114.0597	2.654506	2.629026	2.567162	2.558324	2.471583	0.3958601	2.432882
114.2121	2.375103	2.430221	2.376781	2.354605	2.274481	0.4028952	2.322413
114.3645	2.297484	2.385911	2.312508	2.315931	2.212815	0.4172659	2.276412
114.5169	2.196352	2.320175	2.299088	2.27064	2.197718	0.433615	2.259804
114.6693	3.299886	3.693628	3.896442	3.839278	3.768066	0.4256766	4.250881
114.8217	2.402329	2.605014	2.739038	2.852481	2.748096	0.4235352	3.074315
114.9741	1.805375	1.890305	1.940047	2.044312	1.969774	0.4349839	2.070977
115.1265	1.844711	1.908157	1.942882	2.036926	1.960522	0.450949	2.026919
115.2789	2.407555	2.540303	2.661756	2.764849	2.672513	0.4829478	2.869003
115.4313	4.274282	4.83176	5.313248	5.576292	5.380941	0.5114596	6.443404
115.5837	4.511572	5.265244	5.932273	6.081819	5.924898	0.539659	7.237831
115.7361	3.739944	4.182757	4.592506	4.604742	4.491254	0.5131193	5.246108
115.8885	4.281872	4.611167	5.077953	5.161838	5.011307	0.465022	5.716661
116.0409	1.682541	1.76101	1.809129	1.896445	1.821461	0.4539675	1.886412
116.1933	1.877141	1.972493	2.042752	2.025928	1.984541	0.4413827	2.049044
116.3457	2.174842	2.083665	2.144715	2.216021	2.196786	0.4269342	2.163351
116.4981	2.178457	2.369897	2.546625	2.658695	2.689747	0.4283964	3.026062
116.6505	2.080987	2.159639	2.229768	2.261349	2.25771	0.4226482	2.33402
116.8029	2.339979	2.36321	2.396701	2.399064	2.383484	0.4157249	2.391181
116.9553	1.711914	1.893012	1.952144	2.02409	2.065637	0.4162148	2.236202
117.1077	2.070086	2.127753	2.171458	2.207481	2.208761	0.416683	2.237563
117.2601	2.186956	2.19674	2.214046	2.230403	2.228507	0.4183782	2.219069
117.4125	2.117263	2.151748	2.165962	2.187907	2.191766	0.4204332	2.194061
117.5649	2.008003	2.077999	2.121729	2.147581	2.165972	0.4216504	2.214376
117.7173	2.092605	2.124799	2.165824	2.180235	2.189086	0.4186094	2.199219
117.8697	2.100509	2.131791	2.185322	2.20482	2.216369	0.410872	2.239509
118.0221	1.958753	1.995015	2.004831	2.042314	2.05698	0.4134643	2.050803
118.1745	2.020128	1.995564	2.049485	2.057537	2.092672	0.4148124	2.059175
118.3269	2.941437	3.028988	3.104897	3.131338	3.209644	0.4078737	3.320071
118.4793	1.839973	1.854057	1.832642	1.861514	1.899135	0.4136789	1.867796
118.6317	1.918147	1.861554	1.821767	1.875918	1.907673	0.4151087	1.87534
118.7841	1.898327	1.823603	1.783792	1.830478	1.86683	0.4040627	1.836493
118.9365	1.888775	1.829419	1.799912	1.851006	1.886636	0.4078667	1.850491
119.0889	1.899185	1.852129	1.815326	1.886311	1.911989	0.4202443	1.873447
119.2413	2.029341	1.943543	1.973476	2.047912	2.072779	0.4389331	2.023827
119.3937	1.990833	1.996181	2.050213	2.119883	2.146521	0.4357941	2.174782
119.5461	1.723243	1.717035	1.704006	1.737768	1.786628	0.4464414	1.756394
119.6985	1.833386	1.859597	1.860193	1.871219	1.919276	0.4340206	1.891935
119.8509	1.984818	2.010399	2.080252	2.150707	2.196178	0.4049833	2.257001
120.0033	1.724957	1.652637	1.701123	1.760805	1.79561	0.4039372	1.758751
120.1557	1.727952	1.662879	1.697721	1.754376	1.778092	0.3910075	1.733641
120.3081	1.721102	1.674992	1.686937	1.756707	1.779662	0.3845307	1.742044
120.4605	1.72375	1.686333	1.690186	1.760336	1.783649	0.3837737	1.745636
120.6129	1.72091	1.682699	1.692084	1.762723	1.790959	0.3819733	1.754864
120.7653	1.664183	1.642658	1.663808	1.731562	1.775897	0.3806562	1.756837
120.9177	1.760606	1.705692	1.729429	1.801771	1.83003	0.3812584	1.78877
121.0701	1.72166	1.673966	1.681406	1.746177	1.774798	0.3799919	1.728669
121.2225	1.693403	1.714729	1.775437	1.857882	1.894409	0.3788912	1.970612
121.3749	1.703567	1.834723	1.915105	1.967437	2.000736	0.3832584	2.196974
121.5273	1.676461	1.696762	1.739265	1.770169	1.834943	0.3839	1.862779
121.6797	1.763616	1.802641	1.865511	1.898894	1.985328	0.3825915	2.051369
121.8321	1.857004	1.880654	1.946282	1.980379	2.053593	0.3853109	2.106128
121.9845	1.856824	1.891151	1.949357	1.974149	2.054755	0.3883878	2.102565
122.1369	1.938699	1.942831	1.990226	2.012546	2.083727	0.3899847	2.089456
122.2893	1.966683	1.943584	1.993826	2.021516	2.084842	0.3919676	2.068396
122.4417	1.904616	1.895881	1.945756	1.97216	2.045232	0.3942497	2.041423
122.5941	1.932023	1.916827	1.966007	1.999174	2.06552	0.3954626	2.049467
122.7465	2.033459	1.991189	2.026983	2.044052	2.100884	0.3976533	2.059628
122.8989	2.120445	2.040488	2.104801	2.150014	2.19628	0.4011692	2.155421
123.0513	1.840695	1.851816	1.88137	1.900833	1.954309	0.4036434	1.947041
123.2037	1.878151	1.838721	1.852878	1.867321	1.9238	0.4018976	1.87723
123.3561	2.051976	2.04803	2.122824	2.129591	2.167298	0.3993513	2.158795
123.5085	2.028705	2.006463	2.008409	2.019025	2.047984	0.3962763	2.025052
123.6609	1.907487	1.934934	1.941205	1.960657	2.007633	0.395346	1.995837
123.8133	1.963356	1.972079	1.980707	1.99964	2.025835	0.3951089	2.006813
123.9657	1.932207	1.964147	1.978873	1.989255	2.03003	0.3948196	2.024753
124.1181	1.904763	1.944227	1.966087	1.981052	2.01705	0.3935891	2.01538
124.2705	1.908351	1.946274	1.969706	1.983713	2.020177	0.3906015	2.019846
124.4229	1.865928	1.930838	1.946181	1.969089	2.008716	0.3907707	2.038253
124.5753	1.850055	1.908626	1.918779	1.946247	1.983508	0.3945819	2.006295
124.7277	1.970332	1.977909	2.012586	2.038351	2.122933	0.3941164	2.128134
124.8801	2.096318	2.151822	2.21176	2.258206	2.325086	0.3907946	2.414432
125.0325	1.661804	1.684883	1.690655	1.740738	1.757601	0.3903556	1.768677
125.1849	1.611613	1.673585	1.693933	1.733849	1.764715	0.3836256	1.819286
125.3373	1.653823	1.722003	1.784145	1.825561	1.862058	0.3795108	1.961717
125.4897	1.662926	1.75098	1.824138	1.878087	1.920458	0.3821876	2.062765
125.6421	1.741725	1.760618	1.841162	1.8835	1.921465	0.387036	1.983815
125.7945	1.749454	1.785194	1.85351	1.894016	1.922186	0.3921987	1.982029
125.9469	1.800375	1.811997	1.883411	1.912563	1.944852	0.3971329	1.987005
126.0993	1.875624	1.878282	1.941613	1.974036	2.008861	0.3997573	2.028392
126.2517	1.837153	1.843376	1.914057	1.967053	1.991604	0.3997869	2.026624
126.4041	1.877086	1.857125	1.928018	1.970483	1.996544	0.3982514	2.003118
126.5565	1.819571	1.819363	1.881704	1.931422	1.960282	0.3964176	2.000224
126.7089	1.675943	1.673517	1.74347	1.815492	1.850875	0.394837	1.900491
126.8613	1.672408	1.688563	1.751579	1.819856	1.866667	0.3932119	1.923878
127.0137	1.754747	1.770621	1.830344	1.858672	1.901149	0.3918703	1.930142
127.1661	1.741078	1.752025	1.78932	1.816759	1.847966	0.3921175	1.859793
127.3185	1.674191	1.680454	1.717559	1.751656	1.782777	0.3937214	1.787052
127.4709	1.657079	1.685006	1.71894	1.754856	1.784048	0.3939427	1.806565
127.6233	1.646638	1.683621	1.711831	1.749781	1.779495	0.3942278	1.795664
127.7757	1.690041	1.692454	1.722778	1.741641	1.773265	0.3940029	1.760376
127.9281	1.648929	1.67904	1.719469	1.734039	1.771029	0.393658	1.783549
128.0805	1.716141	1.712137	1.744383	1.77256	1.802591	0.3920617	1.790027
128.2329	1.815445	1.802598	1.826861	1.84975	1.863836	0.3903022	1.84094
128.3853	1.778997	1.775013	1.794228	1.816669	1.832796	0.3910877	1.805814
128.5377	1.645102	1.660667	1.708022	1.724282	1.753175	0.3933191	1.753127
128.6901	1.935982	1.891898	1.893617	1.888435	1.888148	0.3931129	1.896639
128.8425	1.735928	1.732953	1.743353	1.753059	1.774815	0.3929903	1.750445
128.9949	1.856843	1.805409	1.824629	1.814991	1.830345	0.3955928	1.823146
129.1473	1.828465	1.803023	1.826989	1.806284	1.824851	0.400954	1.817431
129.2997	2.145999	2.153004	2.211375	2.197529	2.225768	0.4041692	2.209489
129.4521	2.140631	2.045229	2.068073	2.086187	2.088185	0.4090651	2.078577
129.6045	2.191442	2.064568	2.077169	2.080473	2.065869	0.4135882	2.062869
129.7569	1.826232	1.844277	1.893754	1.907096	1.916447	0.4144523	1.904061
129.9093	1.964943	1.898108	1.912687	1.92294	1.928527	0.4091454	1.919964
130.0617	2.009223	1.99907	2.007597	2.08596	2.062699	0.4040211	2.044156
130.2141	1.929744	1.822466	1.816781	1.86495	1.835299	0.4009419	1.815937
130.3665	1.851297	1.773672	1.791448	1.815472	1.794795	0.3977192	1.796322
130.5189	1.917042	1.831917	1.859761	1.876161	1.849311	0.3972753	1.850275
130.6713	1.863948	1.816928	1.837993	1.838039	1.821908	0.3981362	1.829484
130.8237	1.889488	1.809523	1.840378	1.862251	1.841786	0.3997266	1.837466
130.9761	1.864712	1.813586	1.832661	1.849689	1.82838	0.4006716	1.832373
131.1285	1.897178	1.898738	1.936972	1.952475	1.943617	0.3994115	1.933119
131.2809	2.053139	2.020906	2.043171	2.065165	2.034784	0.4034768	2.042892
131.4333	1.937742	1.821806	1.842286	1.865731	1.854936	0.4085202	1.842117
131.5857	2.178013	2.163417	2.189474	2.175876	2.197286	0.4057612	2.184409
131.7381	2.085397	2.063876	2.130309	2.158205	2.164156	0.404413	2.144845
131.8905	1.864605	1.831612	1.85687	1.886173	1.888853	0.3998193	1.866944
132.0429	1.930665	1.852659	1.849494	1.888037	1.863868	0.3919918	1.866017
132.1953	1.690808	1.663095	1.695483	1.718627	1.747207	0.3893972	1.71507
132.3477	1.82432	1.752911	1.760295	1.797835	1.804041	0.3901667	1.785361
132.5001	1.843363	1.759108	1.766403	1.795572	1.799747	0.3930377	1.787465
132.6525	1.788401	1.752668	1.74757	1.776172	1.78708	0.3968853	1.769844
132.8049	1.905575	1.824076	1.827198	1.83159	1.855632	0.4020298	1.841178
132.9573	1.867472	1.837004	1.841346	1.856865	1.886302	0.4095936	1.859216
133.1097	1.946063	1.935074	1.942149	1.947278	1.984573	0.4096793	1.954296
133.2621	2.054949	2.051554	2.10233	2.126817	2.165183	0.4096364	2.175791
133.4145	1.838499	1.743259	1.764062	1.808154	1.832959	0.4093606	1.79436
133.5669	1.996878	1.906251	1.886005	1.939415	1.955481	0.404103	1.931126
133.7193	2.025979	1.964744	1.971913	2.021695	2.0486	0.4014667	2.008283
133.8717	1.836958	1.852064	1.881333	1.9456	1.977715	0.4026499	1.98843
134.0241	1.954222	1.90575	1.921584	1.986482	2.006678	0.4023515	1.962723
134.1765	2.097756	2.036273	2.02223	2.073817	2.0825	0.4013945	2.061965
134.3289	1.955113	1.912164	1.92422	1.979561	2.012403	0.4010625	1.969593
134.4813	1.902265	1.889506	1.906096	1.972603	2.003141	0.4011187	1.984484
134.6337	1.804538	1.814269	1.847514	1.906427	1.923037	0.4012276	1.926565
134.7861	1.806307	1.750208	1.786907	1.836119	1.844845	0.4032899	1.809983
134.9385	1.785733	1.747471	1.76582	1.780435	1.805324	0.4065754	1.77989
135.0909	1.87638	1.851529	1.896631	1.932626	1.969313	0.4096088	1.949159
135.2433	1.812523	1.769732	1.81117	1.842493	1.884266	0.4131477	1.848127
135.3957	1.927678	1.869639	1.9053	1.935742	1.964174	0.4148978	1.928184
135.5481	1.846545	1.791685	1.83856	1.872715	1.911746	0.4132335	1.878259
135.7005	1.76651	1.751359	1.806558	1.847422	1.895375	0.4145608	1.89543
135.8529	1.756513	1.735774	1.794897	1.830814	1.88251	0.4152991	1.881045
136.0053	1.760475	1.762226	1.814163	1.840448	1.892296	0.4214894	1.898713
136.1577	1.803063	1.782981	1.816156	1.835916	1.880669	0.4220543	1.850781
136.3101	2.145859	2.146056	2.202072	2.263152	2.310738	0.4190129	2.326206
136.4625	1.758638	1.722333	1.761215	1.791776	1.828302	0.4184007	1.801347
136.6149	1.723769	1.722618	1.756673	1.803018	1.838951	0.4136977	1.84521
136.7673	1.68299	1.692178	1.7391	1.775265	1.821866	0.4101381	1.838503
136.9197	1.787284	1.73668	1.781071	1.817296	1.855152	0.4087317	1.812708
137.0721	1.809849	1.791966	1.852417	1.947955	1.956361	0.4081148	1.985673
137.2245	1.864486	1.843881	1.877972	1.875313	1.886433	0.4067161	1.870697
137.3769	1.784894	1.808056	1.845171	1.835844	1.8478	0.4038542	1.837382
137.5293	1.816787	1.844697	1.862236	1.833744	1.842548	0.4024618	1.841684
137.6817	1.773543	1.842077	1.836862	1.807528	1.818984	0.4006189	1.823139
137.8341	1.734579	1.803568	1.816223	1.793028	1.805924	0.4003855	1.815296
137.9865	1.761324	1.817337	1.827584	1.799124	1.813793	0.4010247	1.812195
138.1389	1.743362	1.811861	1.820641	1.79596	1.810877	0.4053017	1.809967
138.2913	1.909885	1.933395	1.947217	1.921433	1.938447	0.412592	1.930911
138.4437	1.939317	1.912215	1.966801	1.930489	1.95223	0.4214396	1.941307
138.5961	1.981123	1.969289	2.008966	1.974729	2.012615	0.4198827	1.992411
138.7485	1.953308	1.9199	1.924872	2.029289	1.997947	0.4150687	1.971641
138.9009	1.889793	1.833054	1.841069	1.922211	1.876369	0.4101973	1.870656
139.0533	1.877134	1.809557	1.799509	1.84018	1.810554	0.3997973	1.806842
139.2057	2.019934	1.945088	1.923766	1.973496	1.923365	0.39725	1.92103
139.3581	1.906239	1.86438	1.858036	1.916973	1.877357	0.3996355	1.882839
139.5105	2.052769	1.961939	1.94659	1.999534	1.941367	0.3999926	1.930794
139.6629	2.002625	1.920907	1.91546	1.958572	1.913614	0.3998006	1.912079
139.8153	2.002809	1.952775	1.920399	1.979101	1.924368	0.4036499	1.935703
139.9677	1.948127	1.919456	1.893013	1.967985	1.919652	0.4068265	1.926763
140.1201	2.12009	2.144002	2.135427	2.151672	2.093803	0.4090905	2.128845
140.2725	2.172681	2.104743	2.112104	2.076639	2.031801	0.412471	2.015352
140.4249	2.006638	1.955574	1.98517	1.968847	1.991943	0.410154	1.978074
140.5773	2.332392	2.235349	2.252179	2.287138	2.253645	0.4037241	2.263039
140.7297	2.125118	2.057716	2.067185	2.107972	2.091587	0.4024248	2.086604
140.8821	2.096595	2.013897	2.029116	2.06802	2.058836	0.3989168	2.048629
141.0345	2.142244	2.035999	2.049184	2.077	2.065639	0.3996195	2.057353
141.1869	2.144541	2.057893	2.063647	2.097407	2.081684	0.4022794	2.076102
141.3393	2.251357	2.11298	2.105882	2.131799	2.10223	0.4039505	2.055861
141.4917	2.21532	2.085273	2.084644	2.108688	2.086337	0.4037506	2.044573
141.6441	2.211366	2.076043	2.050689	2.095191	2.073149	0.4060405	2.020215
141.7965	2.185157	2.063035	2.010908	2.033624	1.998018	0.4065901	1.89056
141.9489	2.114176	2.113124	2.105477	2.179495	2.153987	0.4037458	2.139025
142.1013	2.444688	2.434873	2.534369	2.584482	2.555422	0.4031179	2.568665
142.2537	1.850756	1.839736	1.853412	1.878168	1.85838	0.4030583	1.857059
142.4061	1.921564	1.939717	1.979146	2.009858	1.994522	0.3998795	1.991842
142.5585	1.928288	1.949782	1.983941	2.030421	2.01138	0.400576	2.008286
142.7109	1.977587	1.980949	2.014838	2.052987	2.026779	0.4081534	2.022249
142.8633	2.397905	2.363341	2.394708	2.424975	2.396054	0.4099824	2.395819
143.0157	2.507078	2.540727	2.631243	2.689785	2.669131	0.4111557	2.721658
143.1681	2.041105	2.091911	2.141642	2.171387	2.155983	0.4199019	2.19456
143.3205	1.917891	1.936645	1.974978	1.997639	1.989981	0.4195038	1.981624
143.4729	2.469514	2.4856	2.547723	2.553508	2.5457	0.4101459	2.544632
143.6253	2.39978	2.385761	2.437132	2.443026	2.427253	0.4079232	2.42536
143.7776	2.026661	1.995034	2.011992	2.03174	2.021844	0.4094982	2.017242
143.9300	1.96065	1.940932	1.960432	1.973139	1.960922	0.4073409	1.959469
144.0824	1.982805	1.894347	1.896596	1.89764	1.896251	0.4104243	1.87075
144.2348	2.264192	2.169981	2.164622	2.161367	2.16261	0.4226099	2.133434
144.3872	2.146756	2.024727	2.006079	1.992824	1.988408	0.4332395	1.89848
144.5396	2.46654	2.433242	2.460095	2.479336	2.46822	0.4441141	2.461683
144.6920	2.191304	2.134093	2.150095	2.160493	2.146271	0.4529464	2.151539
144.8444	2.231611	2.16387	2.173785	2.180908	2.179484	0.4515721	2.178056
144.9968	2.260745	2.228103	2.220387	2.260571	2.241225	0.4484274	2.241421
145.1492	2.308718	2.237771	2.242082	2.279247	2.267055	0.4469503	2.263838
145.3016	2.323507	2.283141	2.276996	2.292642	2.291829	0.4395947	2.29051
145.4540	2.359732	2.334674	2.360843	2.417241	2.411994	0.4403232	2.391531
145.6064	2.035918	2.021447	2.045823	2.045676	2.028825	0.4375011	2.03546
145.7588	2.416346	2.496091	2.564236	2.615207	2.601969	0.4331214	2.669932
145.9112	2.068394	2.050303	2.066883	2.082413	2.078732	0.4375973	2.069571
146.0636	2.38063	2.369128	2.400676	2.416385	2.404858	0.4369935	2.39913
146.2160	2.456099	2.455246	2.492046	2.50363	2.492806	0.4383207	2.48667
146.3684	2.428886	2.429225	2.471291	2.495749	2.485423	0.4388608	2.472067
146.5208	2.38283	2.425995	2.475592	2.496206	2.496388	0.4374101	2.500866
146.6732	2.214871	2.171276	2.203557	2.196131	2.192487	0.4354187	2.195914
146.8256	2.137855	2.227183	2.226809	2.263274	2.253921	0.4278428	2.280467
146.9780	2.047571	2.000804	2.01902	2.068083	2.046093	0.4188055	2.03602
147.1304	1.998507	1.990194	2.042023	2.083836	2.063689	0.4158551	2.054727
147.2828	1.944953	1.973309	2.022336	2.039993	2.029981	0.4090378	2.032358
147.4352	2.05924	2.129893	2.153481	2.1755	2.165771	0.4064992	2.18724
147.5876	2.124135	2.155962	2.182037	2.210163	2.18521	0.4060334	2.183877
147.7400	2.131459	2.144456	2.177611	2.202344	2.180955	0.4065078	2.176501
147.8924	2.14993	2.173302	2.194312	2.221224	2.195873	0.4054886	2.194234
148.0448	2.077981	2.068922	2.057621	2.049616	2.026082	0.4060141	2.051669
148.1972	2.007813	1.99788	2.002902	2.023648	2.008405	0.4121213	2.008366
148.3496	2.037441	2.001367	2.036568	2.040901	2.053585	0.4144135	2.034496
148.5020	2.373053	2.342802	2.434379	2.44773	2.477758	0.4175008	2.470349
148.6544	2.27185	2.249551	2.300819	2.370209	2.39351	0.4228109	2.390968
148.8068	2.208036	2.214258	2.275071	2.346023	2.36744	0.4209249	2.395606
148.9592	2.107488	2.091605	2.13991	2.208958	2.226004	0.4173991	2.218561
149.1116	1.951917	1.916808	1.949022	1.994762	2.015732	0.4126872	1.981126
149.2640	2.239333	2.201725	2.231604	2.306072	2.332233	0.4038746	2.298181
149.4164	2.069855	2.016897	2.032765	2.081537	2.095778	0.398574	2.06477
149.5688	1.994869	1.996593	2.018441	2.060516	2.088234	0.3961019	2.078268
149.7212	2.014865	1.988197	2.023885	2.066678	2.089154	0.3925913	2.06216
149.8736	1.987907	1.97759	2.026862	2.077492	2.100747	0.3929586	2.099323
150.0260	2.033624	1.998669	2.050703	2.088236	2.1109	0.3928058	2.084565
150.1784	1.953954	1.950603	1.998863	2.0695	2.091395	0.3939625	2.103331
150.3308	1.97306	1.973367	2.015244	2.077825	2.103369	0.396608	2.112702
150.4832	2.045182	2.043587	2.102591	2.159575	2.181516	0.3978925	2.198107
150.6356	2.029292	2.033622	2.10504	2.168654	2.19337	0.3944395	2.223022
150.7880	2.04066	2.036848	2.12396	2.14944	2.186481	0.3922064	2.202747
150.9404	1.996119	2.020526	2.064047	2.075739	2.117021	0.3877136	2.112259
151.0928	1.979784	2.005764	2.023111	2.035928	2.074558	0.3814217	2.062745
151.2452	2.047757	2.044424	2.047878	2.058064	2.093789	0.3784234	2.067147
151.3976	2.020592	2.049437	2.053571	2.077393	2.10041	0.3761544	2.087411
151.5500	1.969374	2.013628	2.029952	2.032452	2.080412	0.3723491	2.076392
151.7024	1.972922	2.003476	2.022945	2.033868	2.079741	0.3672306	2.075247
151.8548	1.926016	1.998193	2.010019	2.024603	2.060361	0.368553	2.079534
152.0072	2.106681	2.076525	2.10925	2.118582	2.163894	0.3679162	2.126499
152.1596	2.960467	3.085436	3.243112	3.306551	3.344894	0.3673907	3.577421
152.3120	2.093151	2.037753	2.077057	2.130863	2.139451	0.3741914	2.101543
152.4644	2.305766	2.210775	2.257684	2.290303	2.29691	0.3762676	2.271089
152.6168	2.323637	2.276937	2.314127	2.366006	2.34481	0.373383	2.328884
152.7692	2.339158	2.290357	2.299518	2.34349	2.347743	0.3778864	2.324741
152.9216	2.106217	2.089928	2.119372	2.104692	2.114117	0.384678	2.107579
153.0740	2.520749	2.577391	2.580477	2.549221	2.556514	0.3868847	2.565458
153.2264	2.073344	2.133356	2.162456	2.125847	2.144668	0.3967173	2.144738
153.3788	2.002837	1.96787	1.979402	1.957305	1.96765	0.4063442	1.970331
153.5312	2.175576	2.108196	2.13933	2.088621	2.103248	0.4132014	2.105875
153.6836	2.325813	2.261532	2.295395	2.257225	2.268533	0.4175995	2.268865
153.8360	2.857998	2.848289	2.893355	2.881571	2.906626	0.4169675	2.889302
153.9884	2.195774	2.182482	2.209277	2.203139	2.229349	0.4295932	2.207369
154.1408	2.149747	2.12686	2.155188	2.143574	2.186189	0.428177	2.15101
154.2932	2.964863	3.063258	3.087653	3.217158	3.238779	0.4149784	3.337297
154.4456	2.176421	2.112157	2.102392	2.202055	2.191778	0.4152904	2.159414
154.5980	2.126969	2.032207	2.03033	2.116138	2.105061	0.4104953	2.083355
154.7504	2.088073	2.051009	2.040073	2.124181	2.107857	0.4098864	2.085257
154.9028	1.985133	2.040415	2.054384	2.13187	2.092335	0.4163485	2.111304
155.0552	2.354052	2.484097	2.530037	2.597765	2.56829	0.421399	2.691868
155.2076	2.426285	2.564026	2.616092	2.678161	2.642336	0.4292564	2.77462
155.3600	2.342507	2.522736	2.586344	2.658045	2.628978	0.4314774	2.827382
155.5124	2.438447	2.567893	2.618338	2.691957	2.660645	0.431527	2.786721
155.6648	2.406847	2.529822	2.568662	2.643851	2.602983	0.4276244	2.702218
155.8172	2.577955	2.706058	2.761979	2.808282	2.778086	0.4225159	2.89446
155.9696	2.103088	2.109499	2.148049	2.182249	2.139598	0.4364407	2.144796
156.1220	1.86204	1.893994	1.959923	2.009823	2.007497	0.4362398	2.044442
156.2744	2.201689	2.250661	2.305532	2.326361	2.352785	0.4442822	2.396741
156.4268	2.027357	2.08086	2.112237	2.118339	2.163589	0.4630223	2.157633
156.5792	3.341411	3.354431	3.473062	3.463819	3.551769	0.4539709	3.558867
156.7316	3.446334	3.4348	3.571747	3.567795	3.642254	0.4586898	3.645876
156.8840	3.333903	3.353628	3.489846	3.514815	3.591753	0.4558433	3.638619
157.0364	2.98999	2.996983	3.090555	3.121134	3.170247	0.4409083	3.187929
157.1888	2.230531	2.20225	2.244664	2.238997	2.291102	0.4358722	2.258184
157.3412	2.018617	2.026792	2.061965	2.054076	2.096609	0.4309311	2.078748
157.4936	2.073339	2.094266	2.13928	2.139281	2.195687	0.4295086	2.179611
157.6460	2.184576	2.20289	2.240863	2.225276	2.300727	0.4323589	2.269636
157.7984	3.130019	3.223065	3.202363	3.23754	3.308037	0.4279951	3.320851
157.9508	2.281647	2.181691	2.155355	2.166571	2.202646	0.4375522	2.174402
158.1032	2.38211	2.400011	2.426419	2.407566	2.456148	0.443836	2.419904
158.2556	3.303105	3.46421	3.559287	3.543419	3.574436	0.4428493	3.713266
158.4080	3.13324	3.268918	3.325238	3.336573	3.359415	0.4560081	3.446619
158.5604	3.269318	3.369819	3.421167	3.417312	3.427397	0.4600485	3.477881
158.7128	3.092088	3.259452	3.312689	3.330288	3.361346	0.4563293	3.466206
158.8652	3.05823	3.246588	3.294252	3.317894	3.335624	0.4380706	3.467615
159.0176	2.78791	2.871866	2.943251	2.963272	2.971348	0.4303313	3.025108
159.1700	2.172807	2.126624	2.113127	2.139014	2.144338	0.428102	2.134102
159.3224	2.586747	2.612728	2.63798	2.699848	2.664551	0.4125449	2.665149
159.4748	3.090667	3.168674	3.261456	3.377185	3.322547	0.4065413	3.43957
159.6272	2.331792	2.305942	2.359625	2.461701	2.40198	0.406941	2.399347
159.7796	2.245586	2.213387	2.273913	2.369309	2.324665	0.4012251	2.307809
159.9320	2.347579	2.270093	2.309556	2.412003	2.355075	0.3961182	2.33919
160.0844	2.293371	2.248927	2.3031	2.406898	2.346319	0.3963523	2.329483
160.2368	2.275378	2.226114	2.270718	2.361795	2.309191	0.3974417	2.294718
160.3892	2.244348	2.264563	2.297751	2.375228	2.326224	0.3997342	2.322822
160.5416	2.284612	2.261323	2.284036	2.306345	2.252264	0.3983958	2.280515
160.6940	2.586214	2.693635	2.755811	2.781467	2.752584	0.4002095	2.812681
160.8464	2.238241	2.203526	2.283393	2.255049	2.245668	0.4051137	2.246528
160.9988	2.580074	2.568581	2.654185	2.58834	2.59966	0.4034953	2.600842
161.1512	2.745412	2.782199	2.827661	2.75859	2.756274	0.4065539	2.776006
161.3036	2.364543	2.36106	2.405926	2.359836	2.361476	0.4158942	2.371063
161.4560	3.220909	3.213859	3.217811	3.157695	3.164784	0.4173596	3.180734
161.6084	4.029589	4.029508	4.059479	4.011358	4.021767	0.4198501	4.030246
161.7608	4.204061	4.187431	4.229486	4.191321	4.198072	0.4260676	4.202278
161.9132	4.073724	4.037773	4.038373	4.037442	4.04066	0.422389	4.043809
162.0656	4.001369	3.99971	4.028784	3.99236	4.017487	0.4215624	4.010514
162.2180	2.551768	2.44407	2.460048	2.420832	2.457617	0.4237795	2.412462
162.3704	3.096806	2.999192	3.030214	3.057239	3.059633	0.4085703	3.034303
162.5228	2.883358	2.90466	2.869185	2.927143	2.826295	0.4079081	2.885087
162.6752	2.297242	2.260079	2.251361	2.183864	2.144994	0.4098193	2.101925
162.8276	2.563096	2.555847	2.561633	2.490026	2.452219	0.3993377	2.460773
162.9800	2.803468	2.794129	2.803092	2.73723	2.680816	0.4000324	2.713705
163.1324	2.798337	2.794054	2.797504	2.754129	2.676906	0.4056534	2.721963
163.2848	2.867918	2.831575	2.858213	2.747864	2.699351	0.4124729	2.681267
163.4372	2.995981	3.030541	3.032587	2.946763	2.880283	0.4164302	2.927352
163.5896	3.283028	3.340092	3.397845	3.320051	3.236519	0.4200391	3.315493
163.7420	3.112961	3.208541	3.25118	3.188214	3.102151	0.4268038	3.173101
163.8944	3.051372	3.134862	3.073771	3.003697	2.939812	0.43397	2.994488
164.0468	3.156852	3.009265	3.075624	3.031229	3.012611	0.4395931	3.004044
164.1992	3.846556	3.863389	3.887033	3.87383	3.876348	0.4381082	3.875725
164.3516	4.282489	4.505448	4.508529	4.650057	4.541767	0.4339566	4.680991
164.5040	3.473542	3.592789	3.548112	3.687261	3.629779	0.429541	3.661301
164.6564	2.798172	2.82815	2.78549	2.875609	2.802781	0.4178168	2.818567
164.8088	2.561439	2.465089	2.431175	2.508237	2.454617	0.4082173	2.441771
164.9612	2.669343	2.616331	2.576354	2.649942	2.605486	0.4044992	2.616094
165.1136	2.421265	2.376733	2.363507	2.400332	2.344342	0.4122765	2.36556
165.2660	2.844465	2.925007	2.917949	2.910884	2.862518	0.4178602	2.895543
165.4184	3.37247	3.600686	3.651503	3.693905	3.609187	0.4222257	3.772747
165.5708	3.390393	3.611086	3.658564	3.688127	3.60654	0.4296263	3.732075
165.7232	3.429173	3.633653	3.679103	3.723642	3.64498	0.4256176	3.761547
165.8756	3.423483	3.700675	3.757689	3.813712	3.723563	0.4111178	3.943913
166.0280	2.514307	2.537553	2.572271	2.653671	2.560456	0.4096437	2.57953
166.1804	2.209497	2.212386	2.272181	2.291234	2.253422	0.4139539	2.253204
166.3328	2.58413	2.625595	2.636765	2.575151	2.568932	0.4067588	2.596254
166.4852	3.373458	3.37103	3.510093	3.462185	3.469503	0.4097858	3.466779
166.6376	3.057373	3.054248	3.158843	3.138013	3.157554	0.4196678	3.1422
166.7900	3.09212	3.084162	3.185395	3.157558	3.157702	0.4188177	3.150836
166.9424	3.192012	3.122208	3.228361	3.193649	3.19045	0.4139349	3.186659
167.0948	2.7944	2.795748	2.896931	2.864501	2.871269	0.4120574	2.869433
167.2472	2.34901	2.281833	2.331311	2.331938	2.375972	0.4032245	2.336809
167.3996	2.3551	2.284026	2.300691	2.361055	2.382576	0.3969774	2.339775
167.5520	2.256455	2.242373	2.222432	2.281758	2.302797	0.3985771	2.268252
167.7044	2.505411	2.52479	2.479471	2.536107	2.544803	0.3958196	2.524356
167.8568	2.544291	2.590588	2.588648	2.670877	2.683623	0.3999451	2.68859
168.0092	2.492628	2.533515	2.512096	2.580208	2.580616	0.4056128	2.573292
168.1616	2.342262	2.383636	2.369429	2.432744	2.443513	0.4038997	2.429243
168.3140	2.342837	2.340546	2.319245	2.368027	2.373505	0.4010276	2.354629
168.4664	2.181585	2.18088	2.176581	2.228677	2.237002	0.3988778	2.214791
168.6188	2.132239	2.115856	2.144539	2.200146	2.207023	0.3982921	2.188289
168.7712	2.168769	2.17921	2.245297	2.32293	2.340686	0.3942427	2.37839
168.9236	2.219654	2.252137	2.316509	2.398396	2.425857	0.3930164	2.488987
169.0760	1.987067	1.99134	2.040844	2.067592	2.107563	0.3938857	2.101113
169.2284	2.081045	2.057079	2.115113	2.129037	2.169445	0.3910629	2.142163
169.3808	2.118594	2.089765	2.127835	2.150054	2.187957	0.3905456	2.15543
169.5332	2.043538	2.053871	2.09813	2.106777	2.15669	0.3921734	2.140052
169.6856	2.109395	2.092219	2.12025	2.13348	2.177055	0.3939565	2.144985
169.8380	2.125892	2.097888	2.149302	2.164688	2.209222	0.3965057	2.179535
169.9904	2.27148	2.242568	2.246069	2.27837	2.305485	0.3971302	2.276369
170.1428	2.251611	2.221975	2.284913	2.316266	2.373167	0.3978589	2.349217
170.2952	2.304814	2.261836	2.328258	2.356719	2.411556	0.3998092	2.382715
170.4476	2.223833	2.215691	2.277633	2.314597	2.379663	0.3999571	2.379591
170.6000	2.177122	2.165179	2.249895	2.291912	2.352147	0.4015736	2.369016
170.7524	2.240211	2.213385	2.280955	2.328823	2.384794	0.4048012	2.377302
170.9048	2.282104	2.245883	2.30134	2.337575	2.390979	0.4041393	2.350084
171.0572	2.680902	2.657813	2.672185	2.715538	2.781264	0.3935267	2.743514
171.2096	2.14694	2.127957	2.150797	2.169739	2.193748	0.3908455	2.165323
171.3620	2.072373	2.031591	2.03808	2.031141	2.055598	0.390581	2.043858
171.5144	2.400104	2.372153	2.362582	2.359258	2.370338	0.3839761	2.371016
171.6668	2.541847	2.47013	2.476267	2.497795	2.502812	0.387788	2.49733
171.8192	2.472501	2.447102	2.452472	2.468082	2.491791	0.3920054	2.468096
171.9716	2.486192	2.450697	2.460654	2.466956	2.478718	0.3913133	2.468383
172.1240	2.410664	2.415417	2.436102	2.43957	2.466783	0.3910894	2.443552
172.2764	2.402459	2.420784	2.434145	2.446095	2.462751	0.3950436	2.447436
172.4288	2.271212	2.219262	2.267062	2.256574	2.27631	0.3984884	2.258418
172.5812	2.734654	2.707072	2.725389	2.707707	2.71555	0.4016378	2.719378
172.7336	2.384588	2.285848	2.259393	2.275968	2.265859	0.4023113	2.237741
172.8860	2.725754	2.69475	2.689011	2.702374	2.725982	0.4002623	2.706968
173.0384	2.215178	2.109551	2.104074	2.118379	2.116677	0.4014016	2.100163
173.1908	2.52649	2.52415	2.562994	2.605108	2.61928	0.4038227	2.598827
173.3432	2.229378	2.150409	2.160998	2.176676	2.177208	0.4048329	2.167212
173.4956	2.64941	2.673078	2.718707	2.764188	2.772655	0.4038959	2.767918
173.6480	2.241355	2.241429	2.232497	2.276024	2.268171	0.4025227	2.253754
173.8004	2.370224	2.339665	2.313893	2.358757	2.358459	0.398679	2.34889
173.9528	2.10044	2.072376	2.068323	2.092094	2.088526	0.3945639	2.083939
174.1052	2.124378	2.043416	2.054446	2.088108	2.088521	0.3916332	2.077342
174.2576	2.133451	2.036087	2.049932	2.09232	2.095719	0.3919959	2.078364
174.4100	2.133252	2.074853	2.103266	2.134783	2.145035	0.3938962	2.118506
174.5624	2.219194	2.185818	2.214757	2.247583	2.257471	0.3982923	2.229798
174.7148	2.264318	2.241878	2.270531	2.296399	2.304408	0.4036502	2.279348
174.8672	2.79663	2.802534	2.830809	2.886743	2.890512	0.4049816	2.872094
175.0196	2.915567	2.880202	2.936757	2.980235	2.9977	0.4049815	2.968935
175.1720	2.674742	2.667904	2.724441	2.794523	2.798383	0.4057225	2.787866
175.3244	2.505403	2.44771	2.468131	2.506526	2.506642	0.4023671	2.48643
175.4768	2.190367	2.145064	2.175583	2.216841	2.229023	0.3996353	2.19878
175.6292	1.981944	1.958278	1.985067	2.01225	2.028415	0.3978543	1.998892
175.7816	2.105553	2.082692	2.102814	2.129925	2.175005	0.3943265	2.134964
175.9340	2.015982	1.992932	2.017277	2.041132	2.084146	0.393025	2.046224
176.0864	2.022267	2.023066	2.055927	2.068495	2.097352	0.3927022	2.07708
176.2388	1.94362	1.958389	1.997527	2.018935	2.067087	0.3917729	2.053429
176.3912	2.016285	1.997057	2.04196	2.049839	2.090062	0.3919795	2.060792
176.5436	2.019503	2.003027	2.039638	2.05738	2.091702	0.3923995	2.061208
176.6960	2.018648	2.006733	2.04418	2.062899	2.101315	0.3913198	2.071451
176.8484	2.120222	2.067549	2.09814	2.128222	2.144542	0.3903492	2.116073
177.0008	2.016127	1.999768	2.036643	2.062345	2.10247	0.3895804	2.070087
177.1532	2.04818	2.035208	2.067193	2.091504	2.125704	0.3874449	2.097804
177.3056	2.068627	2.035362	2.073045	2.093506	2.125538	0.3868089	2.091058
177.4580	2.006777	1.999023	2.035822	2.063919	2.105141	0.3864376	2.076096
177.6104	2.071461	2.026645	2.071655	2.095038	2.126402	0.3857604	2.089694
177.7628	1.925316	1.905551	1.949265	1.969005	2.005154	0.3858669	1.977989
177.9152	1.84452	1.816939	1.860438	1.881915	1.911189	0.385724	1.876189
178.0676	1.946745	1.907594	1.922273	1.940409	1.967862	0.3842315	1.937782
178.2200	2.020005	1.995474	2.015851	2.012388	2.040186	0.3834026	2.019194
178.3724	1.977096	1.938659	1.968726	1.988672	2.020809	0.3833875	1.984978
178.5248	1.973254	1.951905	1.980437	1.992133	2.024831	0.3836435	1.994672
178.6772	1.980746	1.94553	1.974616	1.997471	2.027701	0.3832959	1.994108
178.8296	1.97869	1.957329	1.991353	1.995408	2.032757	0.3830688	1.998725
178.9820	1.990378	1.983097	1.994503	2.006609	2.040327	0.382767	2.011301
179.1344	1.946188	1.915998	1.95319	1.967026	2.001539	0.3857823	1.968203
179.2868	1.878916	1.857225	1.883078	1.893214	1.923638	0.387072	1.891305
179.4392	2.09527	2.07716	2.101	2.11729	2.157462	0.3858766	2.123731
179.5916	1.871775	1.822735	1.845463	1.868582	1.90573	0.3889081	1.865524
179.7440	1.819765	1.805783	1.844178	1.864888	1.91062	0.3898631	1.878254
179.8964	2.006355	1.979328	1.99699	2.027959	2.066299	0.3853916	2.026178
180.0488	2.16996	2.125699	2.161403	2.185794	2.215281	0.3835374	2.180571
180.2012	1.957144	1.929662	1.952726	1.971016	2.001508	0.3830482	1.969693
180.3536	1.949579	1.904518	1.929219	1.959454	1.989252	0.3801261	1.953513
180.5060	1.96784	1.922314	1.944635	1.964638	1.991985	0.3782557	1.959974
180.6584	1.949844	1.901694	1.927491	1.946793	1.976071	0.3760144	1.942587
180.8108	1.840897	1.828897	1.859475	1.872119	1.897978	0.3729209	1.873339
180.9632	1.736005	1.75815	1.779251	1.806284	1.833068	0.3716031	1.822935
181.1156	1.663119	1.655275	1.680279	1.705539	1.729749	0.3709933	1.701865
181.2680	1.762775	1.746337	1.786049	1.801029	1.822625	0.3712236	1.801187
181.4204	1.798864	1.76293	1.805049	1.822484	1.838521	0.3734934	1.81304
181.5728	1.803929	1.784177	1.816357	1.833925	1.851809	0.3756541	1.827554
181.7252	1.768226	1.756558	1.794389	1.820193	1.834063	0.3766907	1.817839
181.8776	1.78419	1.760113	1.80472	1.821823	1.842132	0.3764193	1.816382
182.0300	1.791652	1.760499	1.814874	1.829463	1.849403	0.3761854	1.823911
182.1824	1.759352	1.705018	1.747201	1.768832	1.77825	0.3765105	1.752678
182.3348	1.835577	1.785456	1.806073	1.817744	1.837208	0.3755134	1.815724
182.4872	1.796626	1.761691	1.782364	1.798458	1.828942	0.3751547	1.795938
182.6396	1.815815	1.76904	1.795412	1.802673	1.835621	0.3756704	1.804197
182.7920	1.824621	1.757325	1.777975	1.792721	1.821475	0.3751724	1.793289
182.9444	1.798955	1.760064	1.786421	1.803968	1.828351	0.3756184	1.799065
183.0968	1.79374	1.75172	1.770647	1.786252	1.812479	0.3753821	1.783451
183.2492	1.797619	1.767535	1.78265	1.794547	1.830748	0.3743404	1.7973
183.4016	1.833614	1.77263	1.786597	1.813302	1.836851	0.3747275	1.807563
183.5540	1.783393	1.734946	1.753055	1.768676	1.803952	0.373684	1.769284
183.7064	1.796554	1.791852	1.803941	1.824419	1.857194	0.3729191	1.827234
183.8588	1.7359	1.682388	1.699509	1.699393	1.735512	0.3734751	1.709249
184.0112	1.696574	1.676116	1.701803	1.704896	1.749295	0.3734858	1.713646
184.1636	1.752748	1.707461	1.734448	1.744061	1.770151	0.373952	1.743592
184.3160	1.730073	1.69431	1.721718	1.734069	1.773081	0.3743319	1.735066
184.4684	1.723539	1.706986	1.724668	1.734682	1.774053	0.374876	1.744108
184.6208	1.687226	1.670203	1.710061	1.716297	1.755922	0.3770036	1.728285
184.7732	1.697876	1.673904	1.689926	1.709804	1.741559	0.3779385	1.709205
184.9256	1.807997	1.770541	1.80052	1.823016	1.857458	0.3791246	1.822394
185.0780	1.740927	1.690649	1.726352	1.737986	1.771586	0.380664	1.737933
185.2304	1.761577	1.760244	1.786097	1.811424	1.834676	0.3812719	1.817066
185.3828	1.701922	1.72309	1.754443	1.796319	1.823228	0.3811889	1.829242
185.5352	1.805634	1.789222	1.810498	1.844203	1.871508	0.3798912	1.845306
185.6876	1.891175	1.847515	1.87116	1.894656	1.914632	0.3753754	1.886154
185.8400	1.658615	1.619485	1.650522	1.668923	1.692158	0.3753402	1.664286
185.9924	1.518436	1.511283	1.526649	1.556428	1.572972	0.3753262	1.548335
186.1448	1.710483	1.685297	1.717387	1.743327	1.76093	0.3723402	1.737655
186.2972	1.65093	1.651314	1.676648	1.70321	1.721341	0.3737535	1.70612
186.4496	1.682443	1.656123	1.691329	1.713157	1.728089	0.375134	1.703645
186.6020	1.65215	1.63103	1.670145	1.691267	1.708168	0.375387	1.687409
186.7544	1.726723	1.688606	1.728652	1.742474	1.753169	0.3743316	1.73217
186.9068	1.666808	1.644879	1.686551	1.700963	1.724352	0.3729332	1.698856
187.0592	1.703992	1.660777	1.696553	1.696126	1.717323	0.3719987	1.695395
187.2116	1.657255	1.657751	1.672767	1.6856	1.706651	0.3726557	1.68811
187.3640	1.647565	1.619056	1.632997	1.62863	1.669309	0.3737275	1.640985
187.5164	1.752717	1.661938	1.696608	1.699094	1.743375	0.3735316	1.707974
187.6688	1.716253	1.664691	1.68676	1.695186	1.731815	0.3742901	1.698689
187.8212	1.669451	1.637971	1.663581	1.668579	1.713143	0.3750358	1.675403
187.9736	1.697449	1.669846	1.700732	1.701408	1.741197	0.3763852	1.708663
188.1260	1.711893	1.671478	1.695485	1.700229	1.746684	0.3783452	1.708096
188.2784	1.789639	1.765076	1.793988	1.805122	1.843558	0.380446	1.814552
188.4308	1.631606	1.590874	1.601809	1.623378	1.651502	0.3837588	1.619637
188.5832	1.655645	1.634249	1.645305	1.661668	1.680903	0.3856731	1.656675
188.7356	1.742735	1.743198	1.763228	1.77459	1.791914	0.3862023	1.771022
188.8880	1.769577	1.755172	1.778652	1.791229	1.8136	0.3872995	1.788604
189.0404	1.793714	1.763466	1.797163	1.802985	1.823993	0.3889713	1.800396
189.1928	1.713333	1.717968	1.751178	1.774711	1.797441	0.3898219	1.78288
189.3452	1.762168	1.755067	1.784393	1.796869	1.819735	0.3906045	1.796961
189.4976	1.813441	1.769661	1.796427	1.811072	1.826756	0.3896907	1.803662
189.6500	1.860079	1.844998	1.882623	1.905254	1.91955	0.3863902	1.903315
189.8024	1.613144	1.58839	1.616092	1.637808	1.647168	0.38048	1.624999
189.9548	1.470342	1.461313	1.484177	1.498115	1.521501	0.3746828	1.4964
190.1072	1.612276	1.562146	1.57694	1.591567	1.608695	0.3670764	1.589214
190.2596	1.600214	1.559976	1.581914	1.585343	1.596798	0.3609209	1.584145
190.4120	1.580894	1.545282	1.561094	1.570831	1.581584	0.360164	1.567474
190.5644	1.599409	1.547108	1.568081	1.579396	1.588519	0.3579296	1.575092
190.7168	1.617154	1.554425	1.576187	1.583409	1.593534	0.3553566	1.582176
190.8692	1.585869	1.551025	1.571536	1.577403	1.593299	0.3560577	1.5758
191.0216	1.51874	1.504918	1.53997	1.547779	1.566784	0.3621226	1.547527
191.1740	1.613518	1.619628	1.644156	1.664274	1.677872	0.3684008	1.662382
191.3264	1.745078	1.714145	1.727655	1.734484	1.758764	0.374709	1.736331
191.4788	1.723356	1.687281	1.711667	1.731717	1.757143	0.3809475	1.724097
191.6312	1.725098	1.665219	1.681169	1.693334	1.714157	0.3822445	1.694313
191.7836	1.670245	1.633725	1.648971	1.664391	1.696776	0.3827921	1.664724
191.9360	1.630658	1.61702	1.636256	1.651276	1.678089	0.3821346	1.650577
192.0884	1.673179	1.638981	1.657676	1.669204	1.697293	0.3815263	1.668483
192.2408	1.671121	1.630748	1.648979	1.664377	1.691402	0.3821955	1.663109
192.3932	1.661016	1.636199	1.652994	1.672199	1.694443	0.3834966	1.667275
192.5456	1.752226	1.67954	1.709353	1.711415	1.733588	0.384648	1.715109
192.6980	1.742306	1.723088	1.748176	1.763324	1.782902	0.3857048	1.755965
192.8504	1.763054	1.725404	1.770612	1.791111	1.812196	0.3889481	1.781682
193.0028	1.809293	1.775695	1.80497	1.819944	1.841668	0.3904853	1.813173
193.1552	1.769149	1.737673	1.764977	1.786437	1.807001	0.3916442	1.777299
193.3076	1.801309	1.771777	1.785864	1.794935	1.814561	0.3930326	1.794114
193.4600	1.765987	1.747753	1.765047	1.784469	1.798154	0.3924262	1.775747
193.6124	1.751001	1.725603	1.746746	1.767042	1.783881	0.3911875	1.758518
193.7648	1.731652	1.716368	1.726782	1.750405	1.767779	0.3901887	1.742401
193.9172	1.687851	1.658461	1.671863	1.691333	1.712202	0.389874	1.685848
194.0696	1.749102	1.692169	1.707467	1.727757	1.74001	0.3900561	1.721703
194.2220	1.82154	1.750711	1.756672	1.768358	1.784252	0.3875963	1.769136
194.3744	1.947742	1.902576	1.92389	1.926592	1.93737	0.3856882	1.927313
194.5268	1.772985	1.701181	1.719792	1.727913	1.740361	0.3854998	1.728558
194.6792	1.753302	1.699875	1.720126	1.727364	1.736903	0.3826243	1.725499
194.8316	1.760453	1.70803	1.727611	1.737125	1.745634	0.3814373	1.734227
194.9840	1.77898	1.740727	1.744928	1.754007	1.763944	0.3816614	1.755165
195.1364	1.719343	1.700153	1.704991	1.720445	1.724225	0.3818772	1.713655
195.2888	1.807858	1.746136	1.746223	1.759792	1.75777	0.3827047	1.754815
195.4412	1.785655	1.741315	1.750564	1.749546	1.747241	0.3841121	1.749155
195.5936	1.758323	1.697634	1.716068	1.726637	1.72637	0.3850279	1.720903
195.7460	1.787586	1.720661	1.738206	1.758638	1.745667	0.3855952	1.744637
195.8984	1.80411	1.747366	1.762756	1.775472	1.765135	0.3859251	1.766771
196.0508	1.760485	1.713597	1.735828	1.752318	1.749802	0.3863276	1.741396
196.2032	1.744231	1.697105	1.726228	1.741479	1.742804	0.3865751	1.729847
196.3556	1.726672	1.702657	1.717232	1.736049	1.74412	0.386707	1.725404
196.5080	1.817248	1.768391	1.799342	1.814342	1.810697	0.3863844	1.801353
196.6604	1.673106	1.633041	1.650551	1.668248	1.662498	0.3858218	1.65669
196.8128	1.647781	1.617031	1.621761	1.6266	1.626057	0.3844226	1.625059
196.9652	1.710858	1.707171	1.723867	1.73257	1.726882	0.3804286	1.720925
197.1176	1.723203	1.667556	1.701953	1.71843	1.717592	0.3780586	1.704855
197.2700	1.738136	1.699374	1.726755	1.733208	1.732039	0.3772555	1.725767
197.4224	1.72561	1.705884	1.73219	1.731208	1.734857	0.3768743	1.72642
197.5748	1.767964	1.73333	1.76172	1.756253	1.752534	0.3768399	1.7542
197.7272	1.662855	1.659544	1.698741	1.705189	1.711197	0.3779181	1.694108
197.8796	1.754378	1.6936	1.731571	1.733635	1.73117	0.3790418	1.727031
198.0320	1.88597	1.86563	1.907513	1.930639	1.945938	0.3799521	1.920075
198.1844	1.908843	1.861063	1.87638	1.893017	1.914934	0.3824487	1.89041
198.3368	1.918364	1.852611	1.855908	1.871867	1.892047	0.3839882	1.87515
198.4892	1.914986	1.848574	1.8604	1.869308	1.884204	0.3845326	1.872238
198.6416	1.901476	1.838569	1.855283	1.864321	1.876155	0.3851994	1.865286
198.7940	1.860997	1.803715	1.809107	1.822102	1.845311	0.3852576	1.825924
198.9464	1.905068	1.823273	1.832758	1.85309	1.866828	0.3846269	1.852053
199.0988	1.846466	1.785656	1.806854	1.810462	1.827321	0.3848619	1.8135
199.2512	1.807746	1.762947	1.773711	1.787775	1.802595	0.3847286	1.786008
199.4036	1.72796	1.725784	1.726155	1.740294	1.751313	0.3836759	1.73496
199.5560	1.82082	1.753618	1.780893	1.788568	1.795378	0.3830886	1.785526
199.7084	1.777309	1.734168	1.741009	1.749803	1.751665	0.3825718	1.74813
199.8608	1.755958	1.716593	1.742036	1.755031	1.761853	0.3820383	1.74636
200.0132	1.694401	1.672601	1.704761	1.723748	1.727791	0.3811007	1.708364
200.1656	1.777381	1.738077	1.766214	1.783358	1.780618	0.379524	1.769092
200.3180	1.708779	1.680296	1.719927	1.743454	1.74405	0.3781288	1.722889
200.4704	1.714661	1.68584	1.70987	1.726428	1.731474	0.3780844	1.714908
200.6228	1.659553	1.620241	1.643065	1.659878	1.666741	0.3793131	1.650202
200.7752	1.599712	1.591682	1.614635	1.639811	1.646121	0.3808866	1.625684
200.9276	1.631787	1.6018	1.626115	1.642735	1.648442	0.3824882	1.630752
201.0800	1.59765	1.566939	1.601025	1.621189	1.637669	0.3839451	1.60872
201.2324	1.701037	1.66065	1.678453	1.690956	1.698079	0.3849899	1.685221
201.3848	1.640394	1.627279	1.654024	1.664275	1.676379	0.385902	1.656628
201.5372	1.649473	1.606086	1.629067	1.647619	1.660715	0.3857228	1.638775
201.6896	1.615559	1.602928	1.635	1.651835	1.66603	0.3850259	1.643825
201.8420	1.670177	1.637334	1.658794	1.676332	1.700846	0.3844302	1.671192
201.9944	1.64563	1.608764	1.632974	1.657467	1.677086	0.3850399	1.648159
202.1468	1.624104	1.591449	1.618155	1.646604	1.665635	0.3843983	1.63518
202.2992	1.595969	1.587699	1.624915	1.640826	1.678178	0.3823148	1.656704
202.4516	1.61112	1.604274	1.625958	1.654555	1.674855	0.3809009	1.657823
202.6040	1.637116	1.616042	1.646412	1.663812	1.688398	0.3805769	1.666624
202.7564	1.637882	1.616159	1.652804	1.67919	1.709486	0.3898452	1.697997
202.9088	1.480026	1.500462	1.542738	1.570263	1.607308	0.3972019	1.625061
203.0612	1.552307	1.558044	1.589414	1.605746	1.648598	0.4044174	1.64173
203.2136	1.525163	1.516495	1.54421	1.563057	1.601331	0.4108508	1.582573
203.3660	1.544062	1.51741	1.540587	1.558831	1.587357	0.4096971	1.561437
203.5184	1.513273	1.483407	1.503599	1.525945	1.570452	0.4087031	1.539321
203.6708	1.554971	1.512796	1.538944	1.554776	1.594146	0.4079649	1.558861
203.8232	1.525411	1.51082	1.531491	1.547703	1.585277	0.4052361	1.559353
203.9756	1.5788	1.545904	1.558328	1.58152	1.606313	0.4030074	1.578282
204.1280	1.507349	1.495297	1.514367	1.529259	1.565555	0.4018714	1.537235
204.2804	1.593076	1.593185	1.620718	1.625653	1.66481	0.4002842	1.65365
204.4328	1.507509	1.50837	1.536675	1.568028	1.603852	0.4006986	1.607502
204.5852	1.50524	1.495101	1.520593	1.550529	1.578265	0.4006185	1.561976
204.7376	1.494729	1.501668	1.517713	1.546399	1.583538	0.3994611	1.574114
204.8900	1.551485	1.549072	1.562243	1.583542	1.614636	0.3989835	1.593997
205.0424	1.501056	1.49551	1.52447	1.551898	1.584082	0.4003683	1.570398
205.1948	1.568864	1.534877	1.562443	1.586897	1.611065	0.4014513	1.58088
205.3472	1.548576	1.51738	1.54637	1.570665	1.595925	0.3996087	1.565998
205.4996	1.551743	1.501093	1.520722	1.544835	1.567927	0.3933294	1.536919
205.6520	1.547568	1.502698	1.522751	1.541845	1.560403	0.3836496	1.534745
205.8044	1.485735	1.464116	1.487249	1.507016	1.531387	0.3753625	1.504482
205.9568	1.523396	1.485391	1.50502	1.515537	1.536551	0.3690105	1.512667
206.1092	1.575009	1.522849	1.529246	1.549222	1.565401	0.3652807	1.546618
206.2616	1.541807	1.51183	1.522618	1.530644	1.551473	0.3659302	1.531412
206.4140	1.502416	1.489883	1.507413	1.520067	1.544388	0.3670274	1.519419
206.5664	1.575903	1.510004	1.517947	1.534623	1.554547	0.3673015	1.53511
206.7188	1.588912	1.525651	1.53728	1.546447	1.56369	0.3677616	1.549
206.8712	1.538567	1.491824	1.50373	1.515108	1.535344	0.3689434	1.515648
207.0236	1.562762	1.506515	1.519802	1.530527	1.549358	0.3697763	1.531442
207.1760	1.658804	1.577274	1.588609	1.595065	1.608544	0.3710004	1.597036
207.3284	1.582317	1.528414	1.534303	1.549814	1.574543	0.3727328	1.551921
207.4808	1.587068	1.509364	1.531863	1.53544	1.553386	0.3743238	1.538032
207.6332	1.636404	1.580641	1.581447	1.589204	1.597279	0.3742806	1.590957
207.7856	1.635343	1.570739	1.589765	1.599768	1.613232	0.3726859	1.599071
207.9380	1.647653	1.574008	1.589314	1.595256	1.607969	0.3711361	1.597435
208.0904	1.586748	1.544087	1.560828	1.569856	1.58538	0.3689421	1.568604
208.2428	1.60217	1.555886	1.582725	1.584357	1.598693	0.3679637	1.583906
208.3952	1.564872	1.532872	1.551949	1.565465	1.582201	0.3679405	1.560481
208.5476	1.526652	1.531632	1.548311	1.557935	1.576499	0.3664777	1.559235
208.7000	1.56014	1.510312	1.519234	1.523013	1.540579	0.3670512	1.528225
208.8524	1.540864	1.503729	1.52953	1.5337	1.557539	0.3678822	1.532626
209.0048	1.648501	1.610074	1.635778	1.645371	1.668425	0.3691317	1.643416
209.1572	1.550103	1.525296	1.560614	1.579046	1.612198	0.375101	1.591593
209.3096	1.522875	1.512451	1.535283	1.550916	1.586208	0.3787325	1.559376
209.4620	1.534589	1.531028	1.552551	1.565447	1.600856	0.3791297	1.581437
209.6144	1.527107	1.510122	1.538887	1.552494	1.580614	0.3762142	1.552285
209.7668	1.578767	1.556414	1.577095	1.594141	1.621287	0.3704223	1.591516
209.9192	1.60231	1.545616	1.566009	1.57503	1.600685	0.3657161	1.57664
210.0716	1.561315	1.545858	1.566689	1.577765	1.604652	0.3615893	1.57618
210.2240	1.60202	1.581147	1.594796	1.603837	1.61621	0.3607716	1.60028
210.3764	1.590809	1.555921	1.563	1.571818	1.584909	0.3662918	1.572504
210.5288	1.623285	1.573937	1.596823	1.60485	1.613515	0.37493	1.601584
210.6812	1.541178	1.498071	1.530783	1.548884	1.572943	0.3841757	1.541004
210.8336	1.546872	1.547742	1.578716	1.590656	1.608392	0.3923157	1.592838
210.9860	1.574502	1.546611	1.576247	1.593411	1.611521	0.3957812	1.584489
211.1384	1.530375	1.531358	1.567901	1.576977	1.610065	0.3958729	1.594809
211.2908	1.566941	1.560824	1.589176	1.606667	1.625336	0.3983365	1.605503
211.4432	1.552874	1.531299	1.569888	1.587759	1.609199	0.3993505	1.583316
211.5956	1.652857	1.630913	1.658617	1.672625	1.692588	0.3931004	1.667319
211.7480	1.625704	1.603085	1.622532	1.635929	1.645558	0.3930762	1.628128
211.9004	1.56197	1.520213	1.524583	1.537401	1.562985	0.3925239	1.540449
212.0528	1.627172	1.59161	1.606638	1.612729	1.636116	0.3901872	1.614659
212.2052	1.576589	1.554822	1.563214	1.577395	1.597011	0.3948204	1.574122
212.3576	1.590317	1.566909	1.582879	1.588298	1.6166	0.3975184	1.589941
212.5100	1.624905	1.600503	1.610357	1.620438	1.640473	0.3973666	1.6199
212.6624	1.642795	1.602165	1.6096	1.619859	1.643964	0.3961529	1.622799
212.8148	1.583196	1.589949	1.600462	1.601156	1.634311	0.3983923	1.614085
212.9672	1.548555	1.554816	1.573416	1.583219	1.615818	0.4014041	1.596498
213.1196	1.685841	1.680444	1.708368	1.716688	1.74762	0.3951599	1.723687
213.2720	1.721599	1.660602	1.692093	1.71785	1.737753	0.3887548	1.706135
213.4244	1.560607	1.547047	1.559053	1.581083	1.590735	0.3846792	1.569155
213.5768	1.541985	1.5269	1.545728	1.555434	1.566441	0.3777681	1.547871
213.7292	1.612283	1.590018	1.610806	1.613789	1.62021	0.3751233	1.609496
213.8816	1.560131	1.543782	1.571878	1.573821	1.582672	0.3786176	1.567866
214.0340	1.594697	1.57489	1.602826	1.600264	1.614291	0.3805348	1.599331
214.1864	1.600813	1.576605	1.59352	1.599825	1.603302	0.3801299	1.594702
214.3388	1.592764	1.570893	1.589839	1.5919	1.598893	0.3804647	1.588874
214.4912	1.582759	1.559496	1.577619	1.587331	1.593407	0.379959	1.580309
214.6436	1.570721	1.547767	1.571812	1.578704	1.592293	0.376001	1.573179
214.7960	1.592935	1.57815	1.604428	1.611844	1.625347	0.376327	1.606999
214.9484	1.553797	1.526776	1.548398	1.560924	1.574516	0.3791537	1.552923
215.1008	1.705378	1.66986	1.702986	1.717974	1.734488	0.3801409	1.709742
215.2532	1.661541	1.664741	1.681395	1.694611	1.724916	0.3868486	1.701096
215.4056	1.690568	1.664533	1.689988	1.700585	1.7277	0.39392	1.704096
215.5580	1.667504	1.657362	1.686159	1.699287	1.726598	0.3946955	1.703272
215.7104	1.651697	1.670041	1.698798	1.713985	1.739012	0.3947291	1.734863
215.8628	1.648492	1.625555	1.671141	1.67862	1.711367	0.3921434	1.683887
216.0152	1.677661	1.65685	1.683785	1.694178	1.723878	0.3871494	1.691576
216.1676	1.714312	1.675182	1.701117	1.713625	1.744001	0.381454	1.710414
216.3200	1.765051	1.707869	1.723832	1.742198	1.766518	0.3771465	1.73997
216.4724	1.632668	1.58465	1.591305	1.610385	1.641162	0.3752191	1.61111
216.6248	1.681861	1.624494	1.631454	1.634809	1.656075	0.3752714	1.642573
216.7772	1.641065	1.601246	1.611125	1.623854	1.647337	0.3752902	1.624296
216.9296	1.641511	1.592978	1.60204	1.615061	1.639112	0.3788344	1.616949
217.0820	1.696315	1.649294	1.655105	1.666911	1.690135	0.3819169	1.670137
217.2344	1.687896	1.637357	1.662191	1.675853	1.696122	0.3835577	1.671315
217.3868	1.692303	1.650152	1.684349	1.691074	1.714414	0.3858067	1.687682
217.5392	1.678255	1.648737	1.679569	1.691016	1.715828	0.3861016	1.687191
217.6916	1.704327	1.655125	1.688173	1.699748	1.726993	0.3849228	1.696769
217.8440	1.744428	1.672176	1.704653	1.710475	1.728438	0.3848879	1.709834
217.9964	1.669893	1.638662	1.667934	1.679172	1.704187	0.3843292	1.675647
218.1488	1.687825	1.677037	1.691112	1.702952	1.726476	0.3835884	1.702857
218.3012	1.599169	1.56777	1.586577	1.615359	1.640187	0.3878606	1.610854
218.4536	1.622767	1.602457	1.618833	1.628718	1.659761	0.3923974	1.631905
218.6060	1.687361	1.670333	1.694416	1.701573	1.732036	0.3947205	1.705004
218.7584	1.680784	1.678022	1.705647	1.721775	1.753753	0.3989969	1.737998
218.9108	1.686295	1.682459	1.714764	1.725187	1.759035	0.3992354	1.743399
219.0632	1.634177	1.635497	1.669993	1.684263	1.725055	0.3993877	1.72106
219.2156	1.571139	1.575541	1.59752	1.607224	1.645586	0.4010319	1.626507
219.3680	1.628858	1.609007	1.635185	1.645753	1.686454	0.4040321	1.65927
219.5204	1.489824	1.489329	1.534892	1.547507	1.59941	0.4089818	1.601992
219.6728	1.500708	1.494555	1.537592	1.544658	1.598453	0.4118312	1.593261
219.8252	1.525541	1.52936	1.556567	1.571772	1.617561	0.4120142	1.61472
219.9776	1.536005	1.528719	1.557001	1.559409	1.616231	0.4110016	1.593594
220.1300	1.565838	1.549113	1.565674	1.580387	1.618965	0.4092474	1.588889
220.2824	1.60325	1.583951	1.606866	1.626853	1.652231	0.4086312	1.629218
220.4348	1.528132	1.502661	1.524269	1.549817	1.574396	0.4086414	1.551549
220.5872	1.558234	1.561295	1.580159	1.610293	1.6342	0.4089351	1.624292
220.7396	1.514629	1.52052	1.557885	1.584634	1.607427	0.4095008	1.610557
220.8920	1.572191	1.562462	1.587145	1.616486	1.638343	0.4104667	1.618654
221.0444	1.656781	1.608934	1.637712	1.648292	1.674199	0.4118098	1.646452
221.1968	1.574495	1.562839	1.592372	1.62934	1.646712	0.4143043	1.634935
221.3492	1.530442	1.523661	1.552388	1.586278	1.607802	0.4191268	1.598741
221.5016	1.517427	1.526646	1.560103	1.594698	1.60983	0.4246091	1.619733
221.6540	1.537446	1.551831	1.580948	1.611276	1.620649	0.4266409	1.626281
221.8064	1.502464	1.511343	1.562184	1.594095	1.605923	0.4300789	1.622624
221.9588	1.589553	1.574202	1.619888	1.625087	1.62893	0.4331719	1.615999
222.1112	1.619373	1.590948	1.627035	1.609056	1.624989	0.4350365	1.615015
222.2636	1.586874	1.627948	1.633166	1.617361	1.636894	0.4389408	1.626892
222.4160	1.670533	1.632715	1.634089	1.622666	1.644309	0.4419188	1.636528
222.5684	1.680097	1.63746	1.637586	1.624782	1.645323	0.4454361	1.637223
222.7208	1.644776	1.582497	1.596266	1.588773	1.612577	0.4495607	1.599114
222.8732	1.610578	1.576437	1.602895	1.58364	1.634562	0.4546507	1.600505
223.0256	1.727529	1.669322	1.683842	1.683747	1.721671	0.4588129	1.69484
223.1780	1.727459	1.664698	1.682675	1.680136	1.713835	0.4633614	1.690928
223.3304	1.735553	1.674178	1.692103	1.685614	1.726566	0.4718303	1.69993
223.4828	1.743465	1.685399	1.707424	1.695199	1.737066	0.4718797	1.710817
223.6352	2.30268	2.300679	2.319936	2.331244	2.393144	0.4516888	2.365771
223.7876	1.783014	1.737882	1.766129	1.790558	1.794791	0.4446917	1.774258
223.9400	1.691642	1.662027	1.642194	1.648889	1.632303	0.4382333	1.636095
224.0924	1.639234	1.628156	1.605459	1.602067	1.58092	0.4261396	1.5906
224.2448	1.645588	1.678795	1.653962	1.651207	1.624609	0.4234275	1.648681
224.3972	1.708784	1.70273	1.679854	1.672847	1.650423	0.4219217	1.66583
224.5496	1.619985	1.643175	1.636747	1.631299	1.616933	0.4218049	1.629689
224.7020	1.609984	1.638716	1.622767	1.622111	1.604721	0.4214397	1.619528
224.8544	1.638571	1.685383	1.670929	1.652411	1.632766	0.4196982	1.656382
225.0068	1.641455	1.681644	1.651008	1.663199	1.634143	0.4174386	1.654456
225.1592	1.632524	1.635435	1.670567	1.662812	1.641894	0.4122032	1.648729
225.3116	1.697041	1.696426	1.736556	1.755231	1.744935	0.4058826	1.731561
225.4640	1.74487	1.720812	1.741243	1.759956	1.769742	0.4013816	1.748234
225.6164	1.818712	1.781026	1.805424	1.810572	1.841481	0.3992045	1.811675
225.7688	1.955792	1.916352	1.951442	1.953447	1.979007	0.3989621	1.953683
225.9212	1.907484	1.896062	1.926067	1.931143	1.962118	0.4010585	1.933877
226.0736	1.862836	1.848706	1.890669	1.894957	1.934893	0.4012328	1.904144
226.2260	1.852489	1.853039	1.874887	1.883359	1.921272	0.4031638	1.900725
226.3784	1.847571	1.851923	1.885791	1.892497	1.931129	0.4051322	1.909004
226.5308	1.938448	1.934215	1.943311	1.962034	2.000708	0.4081251	1.970546
226.6832	1.648799	1.614714	1.618539	1.63679	1.683592	0.4176073	1.644337
226.8356	1.674856	1.619218	1.653561	1.662358	1.712203	0.4244174	1.671635
226.9880	1.710743	1.654757	1.68003	1.705389	1.759091	0.4277956	1.709229
227.1404	1.724622	1.68378	1.701602	1.71692	1.764959	0.4335025	1.723818
227.2928	1.721594	1.692324	1.710044	1.71921	1.766297	0.4353973	1.729053
227.4452	1.757534	1.701646	1.735231	1.753795	1.7979	0.4381384	1.756098
227.5976	1.816878	1.785747	1.825272	1.840224	1.891632	0.4234701	1.857905
227.7500	1.935482	1.933364	1.980223	2.000049	2.045069	0.405314	2.038389
227.9024	1.685663	1.654669	1.683	1.713198	1.742604	0.3937162	1.707699
228.0548	1.689798	1.675166	1.694286	1.726162	1.75084	0.3807748	1.721186
228.2072	1.760903	1.730175	1.737978	1.762245	1.78106	0.3744236	1.756972
228.3596	1.696549	1.679325	1.685197	1.712686	1.733516	0.3799246	1.707019
228.5120	1.725192	1.692938	1.70141	1.712137	1.730463	0.3827557	1.712096
228.6644	1.765163	1.735129	1.742299	1.737438	1.748448	0.3836101	1.745085
228.8168	1.586267	1.5839	1.607309	1.629663	1.640875	0.3844679	1.620014
228.9692	1.656536	1.618421	1.646996	1.661494	1.6672	0.3825344	1.650706
229.1216	1.617922	1.594241	1.621066	1.637358	1.648846	0.3798663	1.626156
229.2740	1.621237	1.5922	1.623628	1.63523	1.641455	0.3806858	1.624172
229.4264	1.631114	1.622487	1.648228	1.661937	1.675457	0.3859114	1.655647
229.5788	1.67598	1.660578	1.689959	1.713361	1.728304	0.3966431	1.709423
229.7312	1.727142	1.727003	1.756884	1.766218	1.78699	0.4036591	1.764598
229.8836	1.662122	1.657874	1.676564	1.691319	1.710664	0.4100884	1.688854
230.0360	1.562538	1.588089	1.613402	1.630392	1.66902	0.4141189	1.666492
230.1884	1.669079	1.659607	1.671459	1.691458	1.716957	0.4071971	1.688568
230.3408	1.638572	1.641636	1.661691	1.678669	1.709396	0.4037384	1.689163
230.4932	1.695874	1.688568	1.698348	1.709067	1.737327	0.4018233	1.713726
230.6456	1.664293	1.66453	1.676356	1.692081	1.718032	0.4014789	1.696119
230.7980	1.686327	1.679291	1.702369	1.716944	1.749438	0.4013679	1.725619
230.9504	1.678816	1.650852	1.671964	1.688416	1.718246	0.4037372	1.689228
231.1028	1.726502	1.706375	1.719948	1.739938	1.771857	0.4043273	1.740804
231.2552	1.782533	1.796667	1.80966	1.821627	1.837111	0.4004591	1.820381
231.4076	1.822427	1.819373	1.845572	1.850665	1.878282	0.3956229	1.852007
231.5600	1.818529	1.77101	1.788637	1.790491	1.815414	0.3906052	1.79573
231.7124	1.72924	1.702103	1.723913	1.735959	1.767099	0.3857514	1.734433
231.8648	1.767209	1.720465	1.734746	1.746125	1.764211	0.3853808	1.745577
232.0172	1.765257	1.706455	1.731068	1.741352	1.761544	0.3871554	1.739691
232.1696	1.790827	1.738214	1.74041	1.750796	1.772795	0.3910954	1.756873
232.3220	1.749125	1.713062	1.730793	1.74161	1.768187	0.3971212	1.740561
232.4744	1.784415	1.719787	1.750684	1.763411	1.784059	0.3961348	1.759046
232.6268	1.789935	1.770176	1.788246	1.795266	1.815439	0.3942561	1.79435
232.7792	1.793688	1.762189	1.773051	1.776884	1.790187	0.3923011	1.778607
232.9316	1.708757	1.683996	1.698421	1.707535	1.727742	0.3867229	1.705275
233.0840	1.780622	1.766664	1.77515	1.775941	1.790147	0.3833875	1.777783
233.2364	1.822658	1.777942	1.788768	1.796119	1.809604	0.3820136	1.797429
233.3888	1.805096	1.783098	1.793341	1.796408	1.806301	0.382257	1.796667
233.5412	1.801234	1.75575	1.779059	1.783367	1.80052	0.3829087	1.783225
233.6936	1.803785	1.770629	1.786198	1.796518	1.806825	0.383257	1.792504
233.8460	1.817438	1.794667	1.797747	1.814355	1.822808	0.3859496	1.809395
233.9984	1.790175	1.733128	1.755216	1.782292	1.792624	0.3906419	1.769657
234.1508	1.741112	1.720084	1.740529	1.757572	1.7622	0.3965976	1.746554
234.3032	1.685376	1.679609	1.697218	1.715458	1.729498	0.4008358	1.708401
234.4556	1.641806	1.646044	1.670735	1.686415	1.699856	0.4038727	1.68315
234.6080	1.685856	1.67914	1.701034	1.709651	1.724264	0.4031847	1.703101
234.7604	1.701285	1.697684	1.707851	1.727801	1.733259	0.401385	1.717586
234.9128	1.626837	1.631704	1.642073	1.662996	1.672748	0.3984572	1.658278
235.0652	1.62552	1.590606	1.616862	1.632827	1.65056	0.3959909	1.624605
235.2176	1.529819	1.512433	1.543696	1.552142	1.584314	0.3936951	1.552841
235.3700	1.749337	1.717816	1.747537	1.75457	1.776515	0.389924	1.750748
235.5224	1.720608	1.692865	1.723106	1.736952	1.761052	0.3889908	1.733116
235.6748	1.763271	1.732964	1.751469	1.7551	1.773294	0.3889427	1.755599
235.8272	1.694429	1.69164	1.705457	1.725043	1.759575	0.3851812	1.727913
235.9796	1.791581	1.744688	1.769734	1.77995	1.817518	0.3830838	1.782812
236.1320	1.674702	1.646055	1.654864	1.678127	1.704078	0.3845976	1.673573
236.2844	1.771822	1.738442	1.76185	1.787676	1.815435	0.3864296	1.781615
236.4368	1.733375	1.698908	1.718545	1.729135	1.764261	0.3904242	1.732284
236.5892	1.677678	1.656907	1.675878	1.699158	1.736553	0.3945841	1.701045
236.7416	1.714642	1.666553	1.682205	1.716989	1.75364	0.3961989	1.710263
236.8940	1.768921	1.696856	1.72015	1.736565	1.767137	0.3949986	1.735814
237.0464	1.749902	1.696095	1.722596	1.745153	1.775637	0.391723	1.738877
237.1988	1.689925	1.656944	1.693692	1.707257	1.748655	0.3895094	1.712117
237.3512	1.806258	1.790926	1.783416	1.784091	1.81942	0.37771	1.796107
237.5036	1.758977	1.706025	1.727824	1.746813	1.790072	0.369129	1.752037
237.6560	1.638236	1.621462	1.627887	1.652103	1.695479	0.3665316	1.657847
237.8084	1.718976	1.696013	1.693036	1.717858	1.755849	0.3593509	1.718848
237.9608	1.759523	1.729339	1.728692	1.751563	1.783741	0.3568899	1.751993
238.1132	1.739977	1.712658	1.709951	1.739606	1.772081	0.3567096	1.736858
238.2656	1.747914	1.730301	1.724887	1.739521	1.769566	0.3574095	1.743533
238.4180	1.782257	1.723322	1.721625	1.747709	1.782315	0.3573374	1.75154
238.5704	1.76317	1.727297	1.727629	1.747442	1.780294	0.3573573	1.749241
238.7228	1.77566	1.735794	1.739091	1.758923	1.789023	0.3572494	1.760087
238.8752	1.719991	1.689649	1.707273	1.725518	1.747175	0.3608638	1.722434
239.0276	1.629722	1.612265	1.629031	1.650772	1.673367	0.3667726	1.647198
239.1800	1.690599	1.652035	1.678467	1.706321	1.719645	0.3697502	1.693741
239.3324	1.696517	1.691061	1.719073	1.745523	1.770377	0.3720073	1.747855
239.4848	1.673924	1.660724	1.689995	1.712387	1.739041	0.374574	1.717791
239.6372	1.59592	1.594406	1.621589	1.647356	1.670581	0.3753114	1.658967
239.7896	1.499421	1.501729	1.532659	1.559954	1.584047	0.3773697	1.57636
239.9420	1.515731	1.494196	1.523445	1.545392	1.572426	0.381193	1.549821
240.0944	1.515832	1.497189	1.520477	1.544929	1.573837	0.385177	1.547062
240.2468	1.507047	1.491242	1.519533	1.540734	1.569783	0.3888629	1.54861
240.3992	1.525099	1.526672	1.553864	1.56759	1.594388	0.3893594	1.579224
240.5516	1.534403	1.514641	1.540375	1.570575	1.596131	0.3882992	1.570913
240.7040	1.455853	1.440206	1.458505	1.47425	1.501419	0.3935703	1.476835
240.8564	1.521268	1.524518	1.538139	1.553531	1.579858	0.3964225	1.557767
241.0088	1.62873	1.644522	1.674285	1.69254	1.707591	0.397386	1.705393
241.1612	1.737752	1.751657	1.771977	1.793383	1.808578	0.4015485	1.796761
241.3136	1.712364	1.726672	1.761552	1.785126	1.799991	0.402048	1.79362
241.4660	1.732694	1.733384	1.763458	1.788604	1.799924	0.4001522	1.784125
241.6184	1.787274	1.782026	1.801468	1.819325	1.830688	0.3988854	1.811901
241.7708	1.71332	1.73381	1.760894	1.800213	1.800525	0.3987456	1.809841
241.9232	1.817055	1.779521	1.803929	1.833509	1.837081	0.3979921	1.816055
242.0756	1.749457	1.739185	1.770914	1.788195	1.801244	0.3981999	1.78013
242.2280	1.719914	1.698297	1.730877	1.743803	1.748235	0.4008767	1.730559
242.3804	1.627948	1.621258	1.642772	1.641743	1.654182	0.396862	1.637243
242.5328	1.772423	1.760483	1.768637	1.765076	1.769879	0.3837548	1.76712
242.6852	1.637286	1.608425	1.602358	1.59876	1.59884	0.377261	1.603373
242.8376	1.516924	1.471651	1.478352	1.477536	1.483784	0.3714863	1.477422
242.9900	1.732502	1.679117	1.683443	1.692656	1.671985	0.3646598	1.679153
243.1424	1.704475	1.682503	1.669623	1.681768	1.658868	0.3672501	1.669364
243.2948	1.720176	1.671663	1.672608	1.669489	1.657376	0.370173	1.652751
243.4472	1.741528	1.6845	1.674467	1.687975	1.669512	0.3708489	1.662673
243.5996	1.710355	1.653845	1.651583	1.671777	1.651111	0.3721884	1.650344
243.7520	1.718256	1.642073	1.643785	1.649138	1.632732	0.3769566	1.611856
243.9044	1.735017	1.693198	1.661491	1.669289	1.645472	0.382381	1.634806
244.0568	1.781962	1.73829	1.750531	1.750845	1.72374	0.3859132	1.733226
244.2092	1.897189	1.824293	1.8319	1.860617	1.832829	0.3888835	1.839661
244.3616	1.754809	1.711512	1.729302	1.750731	1.734358	0.3901672	1.734171
244.5140	1.768032	1.751072	1.748673	1.770394	1.754425	0.3873523	1.758149
244.6664	1.757225	1.734001	1.746906	1.764616	1.752912	0.3835905	1.750877
244.8188	1.772663	1.725428	1.74887	1.763957	1.755887	0.3824805	1.751561
244.9712	1.847929	1.815427	1.829599	1.852333	1.839898	0.3830525	1.83648
245.1236	1.847752	1.8008	1.821299	1.835958	1.819543	0.3824732	1.823792
245.2760	1.845118	1.822089	1.827132	1.838033	1.83136	0.3790404	1.831961
245.4284	1.794339	1.753813	1.756153	1.749237	1.747589	0.375305	1.753139
245.5808	1.872561	1.832044	1.826605	1.834107	1.828004	0.3694105	1.833877
245.7332	1.87719	1.819497	1.822206	1.830739	1.824917	0.3635381	1.826146
245.8856	1.898079	1.847605	1.856871	1.855778	1.852942	0.3635763	1.856231
246.0380	1.860866	1.838618	1.848171	1.863711	1.861291	0.3644252	1.854467
246.1904	1.893932	1.843189	1.843788	1.850604	1.852951	0.3642551	1.850411
246.3428	1.897713	1.850756	1.845382	1.850978	1.852839	0.3624519	1.852632
246.4952	1.856483	1.819705	1.827028	1.834369	1.838104	0.3634417	1.834217
246.6476	1.771721	1.716213	1.731182	1.734644	1.737324	0.3645395	1.732216
246.8000	1.954805	1.87596	1.886136	1.888611	1.882465	0.3620809	1.874787
246.9524	1.947477	1.903536	1.895746	1.90142	1.890944	0.3597017	1.897094
247.1048	1.910401	1.867222	1.87817	1.893245	1.890443	0.3562612	1.886831
247.2572	1.889451	1.838272	1.85068	1.861986	1.85364	0.3519042	1.856086
247.4096	1.865993	1.791671	1.80532	1.821301	1.813559	0.3494275	1.812352
247.5620	1.888817	1.803247	1.81743	1.825959	1.816136	0.3491008	1.815695
247.7144	1.820061	1.78251	1.801829	1.805592	1.801422	0.3510324	1.801712
247.8668	1.839912	1.787144	1.786872	1.800326	1.79319	0.3508087	1.793517
248.0192	1.943318	1.898581	1.898825	1.904914	1.896612	0.3484299	1.901106
248.1716	1.98097	1.896016	1.884987	1.888464	1.886094	0.3481242	1.869338
248.3240	1.920296	1.888186	1.887368	1.892942	1.899945	0.3481295	1.896589
248.4764	1.982673	1.930443	1.942312	1.947539	1.952164	0.3477082	1.949756
248.6288	1.975076	1.915034	1.900264	1.912545	1.904838	0.349924	1.908455
248.7812	1.928687	1.876027	1.882242	1.891613	1.895952	0.3507692	1.893021
248.9336	1.9	1.833218	1.836661	1.847275	1.853199	0.3505922	1.848712
249.0860	1.871453	1.816956	1.821205	1.832994	1.83249	0.3508155	1.830218
249.2384	1.854757	1.793837	1.801141	1.818512	1.817279	0.3514701	1.812795
249.3908	1.939478	1.869053	1.877104	1.880842	1.883437	0.3507758	1.879657
249.5432	1.986152	1.927928	1.934651	1.95239	1.951004	0.3511946	1.949013
249.6956	1.90474	1.881839	1.877273	1.888843	1.885049	0.3491093	1.886067
249.8480	2.060629	1.986308	1.990581	1.986209	1.974613	0.3452959	1.97829
250.0004	1.803194	1.759329	1.775335	1.774126	1.759642	0.3495704	1.769605
250.1528	1.860515	1.806533	1.792232	1.776426	1.761897	0.3525152	1.741564
250.3052	1.980468	1.893519	1.901998	1.89747	1.886701	0.3547461	1.868184
250.4576	1.968607	1.896489	1.898407	1.903952	1.892971	0.3544322	1.888431
250.6100	1.8598	1.846126	1.862525	1.854617	1.863893	0.319197	1.857788
250.7624	1.752363	1.793153	1.817696	1.833563	1.845963	0.2572716	1.863706
250.9148	1.631556	1.700036	1.738114	1.750928	1.781706	0.1839291	1.842856
251.0672	1.472893	1.568808	1.61882	1.645889	1.687854	0.1134448	1.8144
251.2196	1.421828	1.530174	1.581703	1.616088	1.666599	0.08144628	1.832911
251.3720	1.449055	1.546754	1.587759	1.620552	1.672996	0.08330195	1.812027
251.5244	1.435571	1.535163	1.582482	1.62527	1.667258	0.0845278	1.819206
251.6768	1.463554	1.57229	1.618948	1.648142	1.695214	0.08499069	1.848327
251.8292	1.459343	1.554091	1.605065	1.635848	1.6844	0.0859226	1.826988
251.9816	1.488883	1.57525	1.621469	1.654365	1.700997	0.08598793	1.826751
252.1340	1.4828	1.57859	1.633301	1.654752	1.704066	0.08576487	1.84418
252.2864	1.466491	1.561733	1.611218	1.649937	1.689381	0.08586375	1.833505
252.4388	1.452162	1.548711	1.602797	1.636474	1.68116	0.0857725	1.832091
252.5912	1.412258	1.510152	1.556555	1.585103	1.631688	0.08695667	1.774428
252.7436	1.370185	1.477024	1.528583	1.555926	1.600965	0.08761557	1.760477
252.8960	1.443627	1.537904	1.602052	1.623911	1.670858	0.08545846	1.822189
253.0484	1.401356	1.509736	1.548133	1.577771	1.63031	0.08448185	1.777221
253.2008	1.420988	1.543954	1.595292	1.628294	1.68482	0.08430445	1.870278
253.3532	1.439106	1.517885	1.568335	1.589983	1.64219	0.08507754	1.758085
253.5056	1.441903	1.54938	1.601017	1.638264	1.695371	0.08467212	1.864665
253.6580	1.427807	1.540413	1.592175	1.629485	1.682111	0.08552137	1.857487
253.8104	1.424824	1.541785	1.587612	1.619859	1.6738	0.08693743	1.842544
253.9628	1.569523	1.674981	1.734617	1.756468	1.822945	0.08597146	1.984723
254.1152	1.536924	1.644029	1.692636	1.729725	1.786072	0.08679995	1.947864
254.2676	1.48424	1.594581	1.640052	1.676199	1.740027	0.08840459	1.903183
254.4200	1.494817	1.615259	1.659825	1.692377	1.752328	0.0888368	1.923683
254.5724	1.422261	1.524125	1.572387	1.607214	1.668155	0.09016633	1.824968
254.7248	1.462566	1.566959	1.627508	1.673632	1.737785	0.09019747	1.923718
254.8772	1.471376	1.578549	1.643477	1.687666	1.756333	0.08930865	1.949625
255.0296	1.499677	1.611023	1.663576	1.711634	1.77704	0.08880021	1.961771
255.1820	1.463149	1.5849	1.634585	1.68577	1.751861	0.09033102	1.949138
255.3344	1.489374	1.579312	1.623603	1.676383	1.72891	0.09234028	1.873435
255.4868	1.565652	1.699273	1.758706	1.807048	1.876293	0.09418754	2.098613
255.6392	1.434524	1.541385	1.603435	1.641636	1.704045	0.09761852	1.885736
255.7916	1.484169	1.57102	1.634792	1.666937	1.731404	0.09801907	1.88236
255.9440	1.491808	1.582414	1.638659	1.67591	1.738168	0.09692621	1.889054
256.0964	1.484346	1.569621	1.629792	1.664466	1.732573	0.09787502	1.880485
256.2488	1.465984	1.557641	1.619376	1.653473	1.722138	0.09789453	1.879472
256.4012	1.496245	1.582689	1.636197	1.667144	1.732003	0.09721526	1.868639
256.5536	1.436513	1.527892	1.603166	1.637763	1.712443	0.0945233	1.886832
256.7060	1.424705	1.508976	1.563687	1.60466	1.671209	0.09098928	1.818771
256.8584	1.477894	1.60007	1.64415	1.673009	1.745225	0.08691551	1.917887
257.0108	1.386049	1.496706	1.535444	1.568878	1.637236	0.08430026	1.796883
257.1632	1.382408	1.490174	1.536347	1.559234	1.628734	0.08237213	1.784644
257.3156	1.477248	1.583881	1.628873	1.675208	1.736202	0.07989857	1.904959
257.4680	1.449759	1.56107	1.612126	1.654107	1.717686	0.07968916	1.900102
257.6204	1.423128	1.519475	1.565531	1.605597	1.663859	0.08097144	1.817138
257.7728	1.36954	1.491682	1.54044	1.590352	1.642656	0.08156743	1.854154
257.9252	1.393429	1.490584	1.54971	1.594603	1.647589	0.08183976	1.821314
258.0776	1.345118	1.472299	1.518981	1.576088	1.626132	0.08209724	1.815587
258.2300	1.371217	1.467679	1.530344	1.575223	1.633031	0.08269848	1.816074
258.3824	1.371909	1.484437	1.536357	1.586442	1.642617	0.08454163	1.841883
258.5348	1.392381	1.504647	1.560372	1.607487	1.658524	0.08681399	1.850778
258.6872	1.431523	1.542211	1.598104	1.648087	1.700274	0.08888139	1.8848
258.8396	1.46051	1.553876	1.619506	1.639166	1.69601	0.09337653	1.84753
258.9920	1.463408	1.546701	1.589422	1.620294	1.67503	0.09571921	1.791477
259.1444	1.467977	1.547122	1.596111	1.612825	1.679129	0.09746575	1.791389
259.2968	1.460677	1.525495	1.567023	1.589946	1.658853	0.0991273	1.747883
259.4492	1.458986	1.548274	1.59058	1.600352	1.675829	0.09920409	1.78953
259.6016	1.476886	1.546499	1.588753	1.604149	1.665714	0.09794474	1.753265
259.7540	1.498146	1.567205	1.599303	1.610775	1.673759	0.09625002	1.749099
259.9064	1.389307	1.462084	1.499771	1.516909	1.581556	0.09644056	1.674147
260.0588	1.416034	1.489992	1.5364	1.552676	1.605817	0.09481199	1.703662
260.2112	1.557374	1.636648	1.662486	1.687543	1.737728	0.09183022	1.820003
260.3636	1.54887	1.646636	1.679663	1.712227	1.764288	0.09121066	1.883406
260.5160	1.448903	1.54561	1.559961	1.601426	1.644003	0.09559284	1.750404
260.6684	1.421271	1.494894	1.533072	1.550997	1.602174	0.1014125	1.693098
260.8208	1.488062	1.577115	1.622776	1.650396	1.692474	0.1030912	1.812442
260.9732	1.42384	1.544231	1.578311	1.624844	1.652574	0.1038546	1.813262
261.1256	1.491089	1.62894	1.653577	1.681579	1.71141	0.1066077	1.866143
261.2780	1.484801	1.578703	1.621153	1.654775	1.685124	0.1066955	1.808511
261.4304	1.494982	1.585264	1.632763	1.65621	1.690984	0.1080454	1.809026
261.5828	1.492842	1.586776	1.6318	1.665322	1.701113	0.1089474	1.828821
261.7352	1.447538	1.574385	1.636171	1.661474	1.689005	0.1075599	1.871484
261.8876	1.379876	1.47417	1.51547	1.52982	1.564748	0.1074338	1.678766
262.0400	1.360006	1.44117	1.473877	1.49709	1.529973	0.1064612	1.625226
262.1924	1.356321	1.432115	1.467143	1.503953	1.532256	0.1029763	1.631055
262.3448	1.403498	1.473554	1.507377	1.524564	1.561397	0.1014825	1.640477
262.4972	1.418806	1.479373	1.514317	1.550004	1.570455	0.1014596	1.647726
262.6496	1.388844	1.456324	1.497751	1.51752	1.551215	0.1032247	1.635581
262.8020	1.384215	1.462458	1.49947	1.525664	1.5581	0.1074885	1.655388
262.9544	1.372744	1.475478	1.51185	1.542655	1.590949	0.114467	1.727579
263.1068	1.509679	1.6221	1.669935	1.698491	1.746005	0.1180119	1.898595
263.2592	1.470995	1.596638	1.652149	1.6785	1.72111	0.1252144	1.900378
263.4116	1.423648	1.529403	1.578701	1.603091	1.641001	0.1315276	1.784854
263.5640	1.413391	1.499156	1.551339	1.57166	1.618813	0.1337003	1.741792
263.7164	1.489264	1.54814	1.597425	1.613558	1.657543	0.1344505	1.739804
263.8688	1.416643	1.526771	1.570714	1.581324	1.624865	0.1345411	1.75826
264.0212	1.455417	1.541269	1.585747	1.601906	1.642795	0.1329253	1.74767
264.1736	1.571541	1.669548	1.703684	1.690858	1.742244	0.128898	1.829231
264.3260	1.409219	1.498983	1.532511	1.561122	1.604805	0.1283438	1.715761
264.4784	1.416363	1.478685	1.506689	1.529716	1.567465	0.1274313	1.634652
264.6308	1.377378	1.444908	1.47943	1.505402	1.542865	0.1269491	1.623702
264.7832	1.368437	1.420143	1.453099	1.48798	1.520121	0.1280568	1.586736
264.9356	1.410076	1.470131	1.498114	1.510729	1.54891	0.1308969	1.60772
265.0880	1.403151	1.451381	1.480175	1.502976	1.535415	0.1345281	1.59062
265.2404	1.401471	1.476719	1.513022	1.542345	1.577034	0.1379209	1.673255
265.3928	1.400577	1.475703	1.516834	1.548843	1.584624	0.1439519	1.688523
265.5452	1.449213	1.563804	1.60075	1.635316	1.672735	0.1499378	1.820598
265.6976	1.474254	1.585737	1.625695	1.653342	1.690742	0.1393914	1.826617
265.8500	1.454277	1.550381	1.601666	1.614498	1.643403	0.1294309	1.765854
266.0024	1.428594	1.498828	1.531669	1.551215	1.570263	0.1190484	1.640123
266.1548	1.380394	1.447124	1.482698	1.497901	1.525773	0.1055002	1.597159
266.3072	1.355663	1.422684	1.457091	1.464565	1.492095	0.1008435	1.557953
266.4596	1.361545	1.437889	1.464305	1.489537	1.513258	0.100066	1.592233
266.6120	1.335964	1.414957	1.450203	1.488184	1.51237	0.1009945	1.615493
266.7644	1.360983	1.443565	1.462708	1.483862	1.514446	0.1031294	1.595249
266.9168	1.33857	1.435971	1.461315	1.485784	1.514848	0.108479	1.618853
267.0692	1.352768	1.445614	1.470564	1.484883	1.515634	0.1169045	1.607819
267.2216	1.403956	1.486429	1.515548	1.516592	1.55403	0.1117738	1.622998
267.3740	1.551307	1.666522	1.718025	1.710741	1.75504	0.1070713	1.888828
267.5264	1.416236	1.447524	1.472087	1.479907	1.510405	0.120874	1.536807
267.6788	1.309528	1.397118	1.416328	1.43734	1.464171	0.1200587	1.541429
267.8312	1.687976	1.766562	1.801491	1.820202	1.851976	0.1173204	1.936055
267.9836	1.528283	1.583201	1.645104	1.657205	1.698933	0.1316808	1.784791
268.1360	1.413288	1.524744	1.566982	1.595972	1.625703	0.1299949	1.7676
268.2884	1.439966	1.529243	1.579446	1.609542	1.647019	0.1216736	1.772335
268.4408	1.416559	1.510077	1.55001	1.584969	1.618443	0.1199783	1.743249
268.5932	1.362084	1.468048	1.518479	1.557145	1.591082	0.1146995	1.749233
268.7456	1.356086	1.443182	1.48738	1.517811	1.552828	0.1081948	1.673499
268.8980	1.290071	1.366465	1.404533	1.431228	1.459648	0.1001218	1.552759
269.0504	1.406851	1.465994	1.506448	1.53993	1.568401	0.09025208	1.650213
269.2028	1.368008	1.464388	1.493117	1.513638	1.54899	0.08512978	1.652968
269.3552	1.340819	1.425771	1.469192	1.476697	1.509802	0.08393999	1.609616
269.5076	1.299986	1.39703	1.434323	1.448931	1.488144	0.08307255	1.605549
269.6600	1.385602	1.494194	1.516694	1.527903	1.561782	0.08226686	1.671887
269.8124	1.332888	1.424816	1.458611	1.486853	1.516434	0.0828001	1.632029
269.9648	1.305335	1.392659	1.441255	1.455003	1.50256	0.08290084	1.624857
270.1172	1.336591	1.429522	1.466995	1.484896	1.521035	0.08264277	1.635791
270.2696	1.313525	1.405549	1.442727	1.470666	1.503652	0.08271164	1.625841
270.4220	1.34731	1.42244	1.460115	1.478409	1.517651	0.08247367	1.611026
270.5744	1.322719	1.406585	1.440994	1.463425	1.499034	0.08321601	1.604739
270.7268	1.316786	1.388203	1.426546	1.449898	1.487826	0.08306968	1.578323
270.8792	1.357476	1.436628	1.469934	1.490476	1.517866	0.08504436	1.608415
271.0316	1.342907	1.395358	1.435107	1.456801	1.480749	0.08621418	1.544922
271.1840	1.427567	1.504934	1.543112	1.558465	1.607158	0.08516813	1.69917
271.3364	1.296377	1.36165	1.392348	1.40131	1.43273	0.08711	1.498438
271.4888	1.328383	1.399808	1.425106	1.442099	1.4748	0.08554769	1.543816
271.6412	1.329657	1.388069	1.413812	1.430335	1.467381	0.08213899	1.521722
271.7936	1.367289	1.415528	1.451108	1.46198	1.493779	0.08136102	1.542283
271.9460	1.344464	1.392174	1.424017	1.445454	1.481218	0.08202856	1.536481
272.0984	1.362683	1.43658	1.458604	1.481217	1.513542	0.08180692	1.586429
272.2508	1.36668	1.430588	1.461639	1.481562	1.514463	0.08142116	1.585401
272.4032	1.350323	1.428769	1.451783	1.477553	1.510196	0.08129855	1.593542
272.5556	1.353217	1.410302	1.439726	1.459917	1.494819	0.0807588	1.556046
272.7080	1.372188	1.444508	1.466591	1.499866	1.536545	0.08052693	1.619536
272.8604	1.373532	1.453024	1.479876	1.498501	1.540556	0.08081064	1.627203
273.0128	1.357735	1.433103	1.464191	1.483545	1.530118	0.08077567	1.618455
273.1652	1.33999	1.418742	1.463333	1.482004	1.528105	0.08092587	1.636514
273.3176	1.366026	1.431061	1.471247	1.500559	1.543678	0.08057984	1.635934
273.4700	1.343246	1.410025	1.448638	1.473787	1.521669	0.08108781	1.614054
273.6224	1.312466	1.396693	1.43142	1.462555	1.511147	0.08079853	1.624988
273.7748	1.37978	1.4482	1.485844	1.509207	1.556508	0.07963686	1.644758
273.9272	1.357555	1.405509	1.45069	1.473203	1.519855	0.08006644	1.595441
274.0796	1.343595	1.407813	1.447322	1.475652	1.525423	0.08059519	1.619721
274.2320	1.331234	1.410521	1.450125	1.469828	1.522675	0.08099761	1.629246
274.3844	1.302015	1.38948	1.417812	1.448214	1.499313	0.08116479	1.610863
274.5368	1.328952	1.419394	1.441244	1.468612	1.518857	0.08185758	1.623421
274.6892	1.37184	1.442374	1.480573	1.513525	1.555994	0.08263637	1.656551
274.8416	1.329376	1.4029	1.443507	1.470589	1.519992	0.08401509	1.625218
274.9940	1.343842	1.405992	1.44166	1.467211	1.512666	0.08386502	1.593526
275.1464	1.399235	1.446366	1.485814	1.504762	1.545481	0.08373789	1.609843
275.2988	1.343141	1.408535	1.442083	1.470249	1.521816	0.08409435	1.607543
275.4512	1.351926	1.420797	1.455776	1.473785	1.517022	0.08403912	1.601691
275.6036	1.332098	1.417348	1.454609	1.477493	1.52033	0.0832645	1.629874
275.7560	1.478917	1.550407	1.565547	1.575379	1.611799	0.08208199	1.673344
275.9084	1.341222	1.415185	1.44778	1.475426	1.51658	0.08293378	1.612775
276.0608	1.314159	1.385864	1.422989	1.442928	1.485813	0.08234708	1.576403
276.2132	1.32383	1.408054	1.446005	1.460486	1.500234	0.08121924	1.603131
276.3656	1.327698	1.416048	1.449717	1.468403	1.50982	0.08075363	1.61769
276.5180	1.393376	1.451302	1.487405	1.49741	1.530519	0.08017657	1.592877
276.6704	1.350445	1.43245	1.469591	1.482466	1.515871	0.08090492	1.611923
276.8228	1.313443	1.405822	1.444726	1.461569	1.500448	0.08209132	1.614675
276.9752	1.376197	1.462046	1.499547	1.508906	1.545843	0.08365121	1.645233
277.1276	1.365971	1.447816	1.477821	1.49959	1.541652	0.09020049	1.643412
277.2800	1.374518	1.465649	1.506688	1.522884	1.568012	0.1006882	1.694199
277.4324	1.91361	1.955883	1.957314	1.932599	1.916391	0.1029235	1.936027
277.5848	1.106045	1.249005	1.31933	1.355437	1.431364	0.1101566	1.602085
277.7372	1.403978	1.511176	1.555158	1.569837	1.610184	0.120625	1.744675
277.8896	1.437608	1.522626	1.565251	1.584378	1.62306	0.1217918	1.728934
278.0420	1.361843	1.466664	1.523816	1.52874	1.576068	0.1236146	1.717606
278.1944	1.472943	1.573838	1.634369	1.633694	1.673438	0.1259365	1.803769
278.3468	1.443132	1.526144	1.564286	1.583055	1.624845	0.1278706	1.723071
278.4992	1.466836	1.573074	1.615733	1.631128	1.672106	0.1276608	1.800138
278.6516	1.519518	1.602913	1.639145	1.658167	1.69507	0.1252348	1.786377
278.8040	1.443694	1.553301	1.590705	1.599465	1.644904	0.1221728	1.766272
278.9564	1.47872	1.555415	1.594747	1.61348	1.653452	0.118805	1.742153
279.1088	1.475607	1.556871	1.593604	1.608148	1.646504	0.1171091	1.735661
279.2612	1.459773	1.555565	1.588525	1.601189	1.642388	0.1170395	1.743515
279.4136	1.49443	1.559933	1.604914	1.626629	1.666186	0.1178151	1.751726
279.5660	1.550628	1.636331	1.678803	1.666036	1.714514	0.1192171	1.798045
279.7184	1.548393	1.632892	1.65753	1.680056	1.712427	0.1205385	1.794516
279.8708	1.532792	1.620546	1.667471	1.664997	1.718215	0.123241	1.815368
280.0232	1.517421	1.618873	1.664537	1.675023	1.721887	0.1260309	1.843759
280.1756	1.546772	1.641632	1.675776	1.691629	1.733948	0.1278398	1.83573
280.3280	1.518522	1.614975	1.662174	1.675238	1.720513	0.1297912	1.838384
280.4804	1.526873	1.633534	1.67646	1.686244	1.732619	0.1307807	1.85313
280.6328	1.556319	1.657567	1.696907	1.699996	1.746844	0.1313366	1.853024
280.7852	1.573051	1.675014	1.710173	1.719198	1.752023	0.1309862	1.851565
280.9376	1.573995	1.654155	1.691027	1.706766	1.735688	0.131566	1.819125
281.0900	1.506172	1.617046	1.655928	1.665569	1.706	0.1339749	1.82879
281.2424	1.558203	1.650818	1.685999	1.701899	1.738801	0.133424	1.836243
281.3948	1.489428	1.599196	1.645428	1.649228	1.698767	0.1330782	1.823311
281.5472	1.514611	1.624339	1.662411	1.67908	1.719771	0.1342815	1.847357
281.6996	1.519243	1.621893	1.663321	1.67293	1.715109	0.134794	1.830039
281.8520	1.502984	1.599448	1.644807	1.650951	1.706004	0.1353782	1.820073
282.0044	1.57887	1.678096	1.719545	1.731136	1.762946	0.133767	1.86861
282.1568	1.503845	1.614021	1.662034	1.671511	1.721881	0.1344947	1.85687
282.3092	1.553951	1.644735	1.688585	1.694288	1.733197	0.1346694	1.831711
282.4616	1.562807	1.657319	1.690182	1.703631	1.742234	0.135147	1.839929
282.6140	1.522494	1.636207	1.679805	1.683754	1.725762	0.1359041	1.853925
282.7664	1.513531	1.618303	1.671282	1.680839	1.72113	0.1362663	1.852105
282.9188	1.469582	1.587721	1.644218	1.643885	1.701075	0.1361315	1.851707
283.0712	1.505224	1.607414	1.653858	1.653263	1.710525	0.1361375	1.828075
283.2236	1.490996	1.611499	1.643095	1.663336	1.704948	0.1364993	1.840779
283.3760	1.492298	1.604721	1.647076	1.64953	1.708888	0.136522	1.836798
283.5284	1.502695	1.616374	1.660955	1.668508	1.720027	0.1367135	1.856871
283.6808	1.517291	1.644983	1.688236	1.690615	1.737403	0.1366633	1.881821
283.8332	1.470652	1.607663	1.644997	1.662331	1.713574	0.1352453	1.877151
283.9856	1.55402	1.654755	1.691838	1.708485	1.749658	0.1350665	1.862908
284.1380	1.491373	1.595107	1.637462	1.660311	1.705343	0.1358986	1.834495

