HOLE:	U1513A
EXPEDITION:	369
TOP:	0.0620
BOTTOM:	292.9748
DEPTH_WMSF	TENS	CS	ETIM
m	lbf	ft/h	s
0.0620	4424.998	1867.988	608.1698
0.2144	4459.058	1793.983	609.1704
0.3668	4476.377	1788.995	610.1744
0.5192	4546.475	1788.036	611.1819
0.6716	4598.934	1792	612.1858
0.8240	4591.969	1792.044	613.1763
0.9764	4521.604	1795.033	614.1635
1.1288	4497.739	1797.181	615.1688
1.2812	4485.213	1805.882	616.1567
1.4336	4492.423	1800.946	617.1633
1.5860	4434.922	1799	618.1667
1.7384	4397.375	1798.375	619.1744
1.8908	4413.527	1779.313	620.1813
2.0432	4539.845	1788.038	621.1715
2.1956	4565.437	1789.209	622.1776
2.3480	4663.611	1794.254	623.1954
2.5004	4581.624	1799.862	624.199
2.6528	4468.019	1796.752	625.2038
2.8052	4426.659	1791.735	626.1922
2.9576	4365.953	1787.11	627.1973
3.1100	4353.976	1788.824	628.1879
3.2624	4454.61	1786.303	629.1938
3.4148	4535.558	1791.064	630.1992
3.5672	4676.192	1792.132	631.2024
3.7196	4683.296	1794.279	632.2089
3.8720	4549.896	1797.853	633.2145
4.0244	4491.819	1795.171	634.217
4.1768	4418.128	1785.473	635.1917
4.3292	4452.875	1791.729	636.1912
4.4816	4568.888	1801.691	637.1859
4.6340	4613.467	1819.031	638.1933
4.7864	4628.945	1807.995	639.1971
4.9388	4517.399	1796.987	640.1868
5.0912	4409.313	1786.522	641.2068
5.2436	4463.442	1782.198	642.2124
5.3960	4415.977	1784.103	643.2181
5.5484	4443.677	1785	644.2224
5.7008	4468.605	1786.299	645.2134
5.8532	4565.602	1797.331	646.2159
6.0056	4645.621	1800.798	647.2083
6.1580	4655.79	1806.413	648.2146
6.3104	4574.219	1801.402	649.2206
6.4628	4525.972	1796.631	650.2402
6.6152	4425.37	1793.625	651.2442
6.7676	4369.302	1789.587	652.2488
6.9200	4351	1780.392	653.2518
7.0724	4358.92	1783.537	654.2413
7.2248	4422.404	1786.449	655.2308
7.3772	4509.444	1785.678	656.22
7.5296	4584.155	1802.709	657.2068
7.6820	4690.762	1809.617	658.1986
7.8344	4691.956	1823.064	659.2036
7.9868	4600.509	1809.102	660.2067
8.1392	4544.79	1795.957	661.2169
8.2916	4406.748	1808.401	662.2198
8.4440	4402.881	1789.32	663.2254
8.5964	4401.143	1788.709	664.2284
8.7488	4345.224	1779.004	665.2177
8.9012	4508.692	1790.861	666.2062
9.0536	4593.257	1801.553	667.1999
9.2060	4701.748	1809.524	668.2042
9.3584	4687.346	1810.93	669.2097
9.5108	4565.56	1802.73	670.215
9.6632	4461.984	1786.528	671.2226
9.8156	4350.25	1780.938	672.2399
9.9680	4355.968	1785	673.2324
10.1204	4406.917	1785	674.2374
10.2728	4485.774	1786.365	675.2424
10.4252	4605.283	1792.993	676.2445
10.5776	4667.517	1797.405	677.2324
10.7300	4621.586	1799.205	678.2238
10.8824	4549.133	1800.619	679.2179
11.0348	4507.028	1805.727	680.2012
11.1872	4466.545	1811.519	681.2106
11.3396	4415.851	1792.83	682.2304
11.4920	4372.881	1787.642	683.2358
11.6444	4385.109	1795.445	684.2408
11.7968	4408.02	1788.878	685.2392
11.9492	4380.193	1785.684	686.2206
12.1016	4406.035	1789.156	687.2228
12.2540	4476.328	1796.738	688.2271
12.4064	4544.421	1806.631	689.2323
12.5588	4531.777	1799	690.2372
12.7112	4472.879	1794.879	691.2439
12.8636	4454.86	1784.693	692.2453
13.0160	4431.301	1792.752	693.2408
13.1684	4401.449	1789.984	694.2435
13.3208	4397.563	1785.021	695.2486
13.4732	4448.399	1788.257	696.2531
13.6256	4462.443	1788.481	697.259
13.7780	4460.368	1788.315	698.2572
13.9304	4471.533	1792	699.2368
14.0828	4523.869	1794.155	700.2269
14.2352	4620.634	1803.789	701.2302
14.3876	4562.305	1811.532	702.2358
14.5400	4482.611	1805.278	703.2414
14.6924	4451.392	1802.629	704.2516
14.8448	4419.384	1791.45	705.2655
14.9972	4444.173	1786.719	706.2609
15.1496	4491.358	1790.711	707.2579
15.3020	4572.053	1789.708	708.2521
15.4544	4609.431	1791.661	709.2572
15.6068	4499.952	1797.106	710.2617
15.7592	4469.537	1794.397	711.2625
15.9116	4442.086	1793.609	712.257
16.0640	4452.576	1794.387	713.2574
16.2164	4476.362	1793	714.2514
16.3688	4455.365	1792.374	715.2634
16.5212	4434.214	1791	716.28
16.6736	4426.243	1791	717.2846
16.8260	4428.15	1790.039	718.288
16.9784	4524.011	1789.296	719.2922
17.1308	4612.03	1792.328	720.2859
17.2832	4641.041	1796.642	721.2675
17.4356	4569.19	1804	722.2618
17.5880	4407.314	1804	723.2604
17.7404	4338.577	1804	724.2543
17.8928	4369.685	1804.684	725.2544
18.0452	4414.501	1806.69	726.2551
18.1976	4528.648	1805.913	727.2714
18.3500	4617.818	1803.403	728.2765
18.5024	4669.82	1807.06	729.2754
18.6548	4640.837	1804.724	730.2708
18.8072	4571.723	1798.077	731.2709
18.9596	4525.538	1799.637	732.2662
19.1120	4488.999	1799	733.2711
19.2644	4410.988	1797.155	734.2748
19.4168	4396.403	1789.918	735.2787
19.5692	4379.297	1785.989	736.2841
19.7216	4371.58	1789.114	737.2849
19.8740	4406.947	1787.142	738.2745
20.0264	4436.059	1789.768	739.2695
20.1788	4483.331	1791.386	740.2735
20.3312	4551.204	1793.553	741.2781
20.4836	4590.812	1796.784	742.2845
20.6360	4616.446	1799.185	743.2844
20.7884	4572.046	1804.18	744.2773
20.9408	4488.173	1807.799	745.2692
21.0932	4433.669	1805.597	746.2568
21.2456	4392.548	1800.527	747.2598
21.3980	4394.574	1790.724	748.2654
21.5504	4448.137	1788.061	749.2634
21.7028	4512.252	1790.168	750.2601
21.8552	4577.724	1788.581	751.2659
22.0076	4538.05	1792.207	752.2562
22.1600	4470.313	1800.117	753.2411
22.3124	4459.093	1800.865	754.2472
22.4648	4423.556	1795.848	755.2538
22.6172	4426.789	1790.837	756.2586
22.7696	4454.378	1793.214	757.2628
22.9220	4497.15	1798.248	758.2685
23.0744	4539.34	1795.558	759.2585
23.2268	4544.417	1795.445	760.2455
23.3792	4525	1793.312	761.2514
23.5316	4463.342	1790.9	762.2488
23.6840	4375.775	1846.784	763.2455
23.8364	4360.543	1860.521	764.2449
23.9888	4371.48	1796.622	765.2328
24.1412	4425.648	1801.467	766.2278
24.2936	4516.686	1811.788	767.2327
24.4460	4599.255	1812.195	768.2379
24.5984	4606.371	1810.881	769.2413
24.7508	4552.66	1806.851	770.2388
24.9032	4484.244	1794.757	771.2386
25.0556	4421.515	1789.96	772.2283
25.2080	4416.211	1790.517	773.2164
25.3604	4450.22	1791.455	774.2209
25.5128	4515.532	1794.463	775.2257
25.6652	4530.942	1797.474	776.2259
25.8176	4497.081	1793.556	777.2324
25.9700	4458.64	1785.511	778.2417
26.1224	4446.988	1787.997	779.2297
26.2748	4489.616	1791.493	780.2209
26.4272	4550.954	1793.036	781.2266
26.5796	4595.632	1799.562	782.2313
26.7320	4607.093	1800.953	783.2371
26.8844	4548.247	1796.428	784.2321
27.0368	4457.452	1789.345	785.221
27.1892	4428	1789.166	786.2125
27.3416	4402.872	1792.476	787.218
27.4940	4431.054	1800.948	788.2225
27.6464	4471.701	1806.88	789.2205
27.7988	4508.546	1803.935	790.2343
27.9512	4570.662	1803.535	791.2467
28.1036	4552.153	1802.388	792.2419
28.2560	4484.538	1795.049	793.2305
28.4084	4437.394	1791.634	794.2298
28.5608	4424.279	1792.453	795.2258
28.7132	4491.733	1796.389	796.2227
28.8656	4553.835	1799.448	797.2283
29.0180	4553.219	1800.667	798.225
29.1704	4497.778	1799.203	799.2234
29.3228	4432.585	1797.562	800.2377
29.4752	4396.208	1794.052	801.2486
29.6276	4366.994	1790.433	802.2542
29.7800	4384.235	1790.57	803.2606
29.9324	4462.021	1791	804.2538
30.0848	4560.027	1793.88	805.2363
30.2372	4620.548	1796.58	806.2294
30.3896	4623.519	1800.494	807.2231
30.5420	4557.575	1803.584	808.2205
30.6944	4465.504	1804.587	809.2265
30.8468	4398.1	1805.591	810.2318
30.9992	4337.368	1798.868	811.2365
31.1516	4316.97	1791.015	812.2316
31.3040	4316.808	1790.797	813.2399
31.4564	4371.78	1790.796	814.2521
31.6088	4459.042	1788.789	815.2577
31.7612	4521.453	1789.827	816.2645
31.9136	4534.272	1798.34	817.2631
32.0660	4572.34	1812.204	818.261
32.2184	4592.834	1809.368	819.2642
32.3708	4562.953	1804.62	820.2688
32.5232	4444.244	1795.659	821.2742
32.6756	4370.737	1789.374	822.28
32.8280	4369.026	1790.257	823.2858
32.9804	4387.151	1790.369	824.2708
33.1328	4380.127	1787.46	825.2648
33.2852	4478.73	1789.825	826.2684
33.4376	4630.945	1805.45	827.2727
33.5900	4711.626	1809.136	828.279
33.7424	4617.433	1805.06	829.2736
33.8948	4507.061	1805.297	830.2725
34.0472	4506.063	1813.167	831.257
34.1996	4485.276	1810.448	832.262
34.3520	4452.507	1804.365	833.2731
34.5044	4484.613	1804.32	834.2766
34.6568	4497.047	1800.361	835.2811
34.8092	4566.959	1798.666	836.2873
34.9616	4569.836	1797.66	837.2832
35.1140	4562.429	1797	838.273
35.2664	4532.525	1798.352	839.2845
35.4188	4427.867	1798.322	840.2936
35.5712	4340.372	1795.957	841.2977
35.7236	4326.531	1790.892	842.2921
35.8760	4333.436	1791.061	843.2928
36.0284	4429.553	1792	844.2999
36.1808	4519.175	1792.694	845.3062
36.3332	4631.205	1797.874	846.3106
36.4856	4693.342	1806.982	847.3257
36.6380	4618.144	1807.195	848.3357
36.7904	4526.314	1801.771	849.342
36.9428	4488.122	1790.082	850.3245
37.0952	4458.54	1810.882	851.3093
37.2476	4474.664	1819.574	852.3101
37.4000	4473.544	1815.42	853.304
37.5524	4465.402	1814	854.3043
37.7048	4503.052	1805.322	855.3096
37.8572	4467.208	1802.726	856.3126
38.0096	4413.804	1792.086	857.3073
38.1620	4409.038	1788	858.307
38.3144	4426.686	1790.937	859.3007
38.4668	4474.729	1792	860.3145
38.6192	4496.659	1800.139	861.3243
38.7716	4466.34	1800.773	862.3287
38.9240	4458.727	1799.255	863.3242
39.0764	4447.267	1791.51	864.3362
39.2288	4403.927	1795.011	865.3439
39.3812	4410.619	1795.491	866.3627
39.5336	4429.131	1791.209	867.3727
39.6860	4512.856	1791.521	868.3763
39.8384	4575.363	1801.913	869.3793
39.9908	4573.217	1802.703	870.385
40.1432	4559.769	1802.769	871.3662
40.2956	4501.352	1803.773	872.3652
40.4480	4446.176	1803.224	873.3695
40.6004	4363.465	1803	874.3752
40.7528	4279.005	1801.439	875.3795
40.9052	4286.088	1795.512	876.3972
41.0576	4329.229	1797.938	877.4196
41.2100	4389.555	1798.21	878.4243
41.3624	4534.454	1796.416	879.4188
41.5148	4607.167	1797.59	880.4218
41.6672	4724.829	1804.39	881.4146
41.8196	4635.851	1814.811	882.4156
41.9720	4543.461	1809.761	883.408
42.1244	4482.759	1804.768	884.3975
42.2768	4436.353	1803.19	885.4133
42.4292	4384.888	1800.56	886.4497
42.5816	4370.105	1797.553	887.4734
42.7340	4347.706	1797	888.5079
42.8864	4500.115	1797.823	889.5332
43.0388	4630.508	1800.475	890.5554
43.1912	4681.593	1814.229	891.5641
43.3436	4636.532	1810.359	892.5706
43.4960	4525.12	1805.665	893.5897
43.6484	4436.341	1804.163	894.598
43.8008	4439.791	1804.84	895.6022
43.9532	4411.864	1811.732	896.6205
44.1056	4437.259	1807.086	897.6472
44.2580	4521.905	1807.697	898.6824
44.4104	4562.413	1810.556	899.7217
44.5628	4561.021	1805.875	900.7446
44.7152	4559.144	1805	901.7646
44.8676	4467.886	1805	902.7861
45.0200	4428.832	1801.547	903.8077
45.1724	4347.119	1801	904.8306
45.3248	4290.695	1799.263	905.855
45.4772	4315.403	1798.128	906.8787
45.6296	4361.101	1797.125	907.8992
45.7820	4453.769	1798.753	908.9175
45.9344	4531.988	1803.399	909.9528
46.0868	4544.534	1802.233	910.9781
46.2392	4576.933	1803.774	911.9982
46.3916	4484.815	1804	913.025
46.5440	4438.238	1803.109	914.0604
46.6964	4409.847	1799.422	915.0836
46.8488	4394.426	1799	916.0909
47.0012	4465.138	1799	917.1118
47.1536	4445.884	1807.135	918.1331
47.3060	4469.27	1912.171	919.1514
47.4584	4498.369	1837.528	920.1781
47.6108	4498.261	1812.569	921.2021
47.7632	4476.041	1801.85	922.239
47.9156	4405.118	1795.49	923.2784
48.0680	4365.808	1791.312	924.3016
48.2204	4398.116	1793.772	925.3116
48.3728	4373.173	1793.072	926.3295
48.5252	4423.991	1800.437	927.3652
48.6776	4497.985	1809.398	928.3889
48.8300	4544.216	1807.19	929.4274
48.9824	4548.877	1805.122	930.4487
49.1348	4472.797	1805	931.4687
49.2872	4387.737	1795.557	932.4922
49.4396	4376.365	1797.844	933.4997
49.5920	4323.671	1794.194	934.5386
49.7444	4341.023	1793.047	935.5768
49.8968	4442.324	1793.955	936.613
50.0492	4517.964	1798.795	937.6525
50.2016	4590.305	1817.289	938.6595
50.3540	4641.308	1820.898	939.6689
50.5064	4568.45	1838.427	940.6866
50.6588	4497.98	1827.339	941.7101
50.8112	4436.602	1804.604	942.7478
50.9636	4355.84	1799.114	943.7718
51.1160	4353.021	1795.083	944.8095
51.2684	4324.498	1787.137	945.8315
51.4208	4363.457	1792.919	946.871
51.5732	4553.778	1793	947.9091
51.7256	4625.328	1814.789	948.947
51.8780	4712.476	1825.934	950.0007
52.0304	4609.254	1814.029	951.0405
52.1828	4530	1806	952.0801
52.3352	4529.59	1806	953.1059
52.4876	4442.551	1805.949	954.1423
52.6400	4354.974	1795.939	955.18
52.7924	4351.976	1789.037	956.2197
52.9448	4351.124	1791.984	957.2584
53.0972	4422.425	1791.178	958.2971
53.2496	4502.387	1800.96	959.3185
53.4020	4573.317	1799.281	960.3572
53.5544	4668.949	1811.027	961.3969
53.7068	4627.669	1812.377	962.434
53.8592	4514.991	1824.674	963.4748
54.0116	4483.196	1814.892	964.5157
54.1640	4433.742	1811.314	965.5374
54.3164	4400.876	1793.625	966.576
54.4688	4377.097	1785.48	967.6116
54.6212	4428.483	1795.906	968.6359
54.7736	4538.746	1794.609	969.6747
54.9260	4533.736	1806.738	970.6976
55.0784	4531.247	1819.342	971.7351
55.2308	4564.686	1807.883	972.7633
55.3832	4475.777	1805.628	973.8162
55.5356	4428.113	1800.065	974.8718
55.6880	4442.921	1800.933	975.9259
55.8404	4432.171	1799.861	976.9801
55.9928	4486.318	1798.073	978.0339
56.1452	4462.776	1798.923	979.062
56.2976	4436.481	1797.84	980.096
56.4500	4446.113	1796.082	981.1329
56.6024	4497.828	1797.686	982.1577
56.7548	4563.25	1805.878	983.1935
56.9072	4593.624	1815.548	984.219
57.0596	4555.331	1820.533	985.2706
57.2120	4500.594	1814.545	986.3006
57.3644	4409.687	1800.799	987.3526
57.5168	4380	1799.41	988.4086
57.6692	4380.418	1802.582	989.4807
57.8216	4388.973	1798.784	990.549
57.9740	4434.021	1797	991.5999
58.1264	4455.164	1797	992.7614
58.2788	4381.123	1797.237	994.0597
58.4312	4450.789	1799.835	995.1465
58.5836	4468.176	1806.123	996.3651
58.7360	4502.424	1807	999.3629
58.8884	4529.236	1806.74	1008.104
59.0408	4507.821	1805.132	1015.445
59.1932	4528.178	1805.598	1022.158
59.3456	4478.434	1802.725	1027.603
59.4980	4361.859	1800.577	1030.365
59.6504	4354.99	1797.857	1032.18
59.8028	4323.987	1796.56	1033.434
59.9552	4357.051	1794.6	1034.665
60.1076	4391.723	1799.218	1035.821
60.2600	4477.692	1809.267	1036.877
60.4124	4597.891	1826.369	1037.931
60.5648	4629.348	1821.547	1038.99
60.7172	4561.131	1813.34	1040.061
60.8696	4491.127	1808.656	1041.12
61.0220	4456.019	1801.324	1042.169
61.1744	4398.895	1797.137	1043.226
61.3268	4392.277	1793.352	1044.282
61.4792	4438.355	1798.229	1045.338
61.6316	4472.907	1811.005	1046.389
61.7840	4469.287	1802	1047.428
61.9364	4431.817	1800.689	1048.474
62.0888	4429.068	1795.382	1049.528
62.2412	4478.717	1797.194	1050.583
62.3936	4508.657	1798.982	1051.638
62.5460	4599.974	1804.597	1052.696
62.6984	4666.261	1810.192	1053.76
62.8508	4668.427	1807.205	1054.8
63.0032	4560.871	1808	1055.838
63.1556	4482.522	1807.367	1056.881
63.3080	4464.568	1804.786	1057.933
63.4604	4412.294	1804	1058.972
63.6128	4385.813	1803.781	1060.018
63.7652	4384.889	1803.444	1061.084
63.9176	4442.195	1806.129	1062.124
64.0700	4582.84	1811.835	1063.168
64.2224	4666.729	1816.839	1064.238
64.3748	4643.433	1810.433	1065.292
64.5272	4604.197	1802.237	1066.348
64.6796	4485.517	1804.203	1067.401
64.8320	4426.193	1807.756	1068.446
64.9844	4439.634	1806.754	1069.497
65.1368	4469.923	1806.496	1070.552
65.2892	4509.312	1808	1071.614
65.4416	4525.023	1807.49	1072.686
65.5940	4473.28	1805.486	1073.749
65.7464	4423.696	1803.478	1074.792
65.8988	4423.959	1801.472	1075.844
66.0512	4469.096	1800	1076.883
66.2036	4578.093	1804.851	1077.927
66.3560	4640.211	1815.281	1078.986
66.5084	4680.193	1808.827	1080.049
66.6608	4608.368	1811.279	1081.089
66.8132	4524.038	1814.254	1082.134
66.9656	4469.204	1818.585	1083.193
67.1180	4401.387	1813.28	1084.26
67.2704	4374.063	1806.388	1085.321
67.4228	4387.227	1798.827	1086.388
67.5752	4404.155	1817.854	1087.446
67.7276	4459.649	1870	1088.513
67.8800	4562.808	1851.014	1089.57
68.0324	4642.091	1811.574	1090.631
68.1848	4660.343	1819.536	1091.705
68.3372	4549.743	1813.379	1092.777
68.4896	4488.568	1808.55	1093.849
68.6420	4488.523	1802.58	1094.91
68.7944	4508.128	1805.362	1095.959
68.9468	4552.169	1803.035	1097.025
69.0992	4544.465	1801.651	1098.076
69.2516	4601.146	1803.657	1099.121
69.4040	4606.184	1805.33	1100.177
69.5564	4553.688	1806	1101.227
69.7088	4544.809	1805.664	1102.266
69.8612	4551.524	1804.66	1103.311
70.0136	4501.252	1804.344	1104.361
70.1660	4472.125	1808.806	1105.405
70.3184	4416.575	1813.22	1106.459
70.4708	4428.597	1806.947	1107.51
70.6232	4480.971	1804.645	1108.55
70.7756	4449.613	1802.569	1109.595
70.9280	4413.72	1798.199	1110.643
71.0804	4416.816	1795.726	1111.681
71.2328	4456.579	1798.463	1112.726
71.3852	4548.765	1807.638	1113.782
71.5376	4596.886	1816.772	1114.836
71.6900	4597.25	1813	1115.885
71.8424	4549.226	1806.575	1116.933
71.9948	4444.214	1799.044	1117.988
72.1472	4411.233	1802.466	1119.044
72.2996	4370.235	1799.228	1120.099
72.4520	4295.7	1793.714	1121.154
72.6044	4316.931	1788.966	1122.204
72.7568	4435.542	1796.747	1123.25
72.9092	4568.294	1807.972	1124.295
73.0616	4619.973	1811.195	1125.335
73.2140	4583.229	1809.426	1126.37
73.3664	4553.881	1813.408	1127.394
73.5188	4535.155	1816.051	1128.422
73.6712	4503.7	1815.705	1129.466
73.8236	4448.669	1809.754	1130.522
73.9760	4374.15	1804.228	1131.577
74.1284	4328.312	1798.578	1132.624
74.2808	4316.658	1796.726	1133.663
74.4332	4285.188	1792.862	1134.702
74.5856	4258.709	1790.43	1135.734
74.7380	4280.387	1796.197	1136.757
74.8904	4347.605	1803	1137.793
75.0428	4416.089	1802.121	1138.841
75.1952	4405.852	1801.885	1139.886
75.3476	4384.806	1802.11	1140.934
75.5000	4428.643	1800.104	1141.981
75.6524	4464.173	1799	1143.022
75.8048	4478.194	1799.454	1144.051
75.9572	4410.454	1803.661	1145.09
76.1096	4360.793	1813.057	1146.136
76.2620	4368.691	1808.383	1147.189
76.4144	4340.857	1796.465	1148.229
76.5668	4320	1793.719	1149.263
76.7192	4356.314	1805.092	1150.309
76.8716	4453.448	1823.897	1151.364
77.0240	4530.315	1819.32	1152.418
77.1764	4487.93	1807.681	1153.466
77.3288	4394.056	1800.583	1154.506
77.4812	4378.021	1799.459	1155.546
77.6336	4349.05	1800.022	1156.577
77.7860	4308.362	1797.524	1157.607
77.9384	4311.559	1797.484	1158.653
78.0908	4344.301	1799	1159.709
78.2432	4392.504	1800.501	1160.766
78.3956	4355.652	1797.466	1161.806
78.5480	4329.28	1796.552	1162.845
78.7004	4407.081	1802.547	1163.899
78.8528	4431.787	1802.955	1164.953
79.0052	4368.561	1797.911	1166
79.1576	4298.594	1793.963	1167.048
79.3100	4263.566	1794.044	1168.104
79.4624	4239.325	1789.76	1169.141
79.6148	4211.792	1785	1170.172
79.7672	4250.37	1789.237	1171.221
79.9196	4436.232	1800.998	1172.268
80.0720	4608.339	1823.542	1173.315
80.2244	4604.053	1827.302	1174.369
80.3768	4522.432	1817.917	1175.424
80.5292	4439.997	1810.468	1176.477
80.6816	4460.346	1805.547	1177.525
80.8340	4419.565	1801.601	1178.567
80.9864	4336.93	1798	1179.596
81.1388	4353.625	1798	1180.627
81.2912	4429.417	1809.755	1181.665
81.4436	4475.247	1813.383	1182.704
81.5960	4444.817	1807.306	1183.734
81.7484	4372.271	1799.182	1184.766
81.9008	4356.584	1796.287	1185.805
82.0532	4287.118	1795.132	1186.833
82.2056	4208.455	1791.849	1187.864
82.3580	4176.144	1785.786	1188.904
82.5104	4164.498	1783.749	1189.934
82.6628	4198.035	1783.829	1190.956
82.8152	4282.379	1790.65	1191.978
82.9676	4450.135	1804.276	1192.99
83.1200	4604.909	1813.564	1193.996
83.2724	4570.722	1816	1194.991
83.4248	4469.781	1815.4	1195.998
83.5772	4349.124	1805.349	1197.002
83.7296	4247.593	1795.365	1198
83.8820	4176.169	1785.086	1199.004
84.0344	4138.83	1783.668	1200.02
84.1868	4095.526	1779.242	1201.032
84.3392	4190.639	1783.651	1202.049
84.4916	4309.991	1794.594	1203.062
84.6440	4399.062	1805.477	1204.064
84.7964	4520.436	1816.255	1205.068
84.9488	4503.693	1814.339	1206.085
85.1012	4443.756	1812.265	1207.097
85.2536	4315.573	1796.458	1208.104
85.4060	4179.486	1777.434	1209.108
85.5584	4207.858	1761.757	1210.112
85.7108	4180.981	1753.425	1211.118
85.8632	4146.942	1755.884	1212.134
86.0156	4242.882	1757.35	1213.144
86.1680	4429.151	1766.141	1214.149
86.3204	4651.75	1774.933	1215.144
86.4728	4666.47	1784.902	1216.145
86.6252	4556.986	1795.61	1217.148
86.7776	4510.032	1791.032	1218.156
86.9300	4426.554	1781.659	1219.174
87.0824	4282.963	1767.59	1220.186
87.2348	4112.754	1746.505	1221.201
87.3872	4059.054	1744.405	1222.198
87.5396	4060.321	1748.358	1223.197
87.6920	4155.526	1827.468	1224.188
87.8444	4220.578	1813.242	1225.191
87.9968	4351.651	1780.378	1226.197
88.1492	4393.203	1774.62	1227.202
88.3016	4337.071	1767.065	1228.22
88.4540	4265.51	1759.818	1229.231
88.6064	4223.015	1759.399	1230.248
88.7588	4173.249	1762.81	1231.257
88.9112	4160.936	1768.935	1232.261
89.0636	4158.043	1764.626	1233.254
89.2160	4251.376	1762.712	1234.254
89.3684	4201.439	1761.572	1235.26
89.5208	4199.714	1757.413	1236.267
89.6732	4146.063	1756.72	1237.261
89.8256	4201.687	1766.398	1238.263
89.9780	4266.364	1773.627	1239.279
90.1304	4290.655	1772.815	1240.301
90.2828	4295	1772	1241.311
90.4352	4242.035	1766.115	1242.316
90.5876	4197.21	1764	1243.319
90.7400	4190.219	1755.865	1244.329
90.8924	4148.64	1751.514	1245.334
91.0448	4055.591	1751	1246.341
91.1972	4118.291	1757.003	1247.359
91.3496	4203.701	1767.28	1248.367
91.5020	4226.528	1766.227	1249.371
91.6544	4207.537	1758.179	1250.389
91.8068	4178.917	1756.761	1251.399
91.9592	4249.146	1759.292	1252.407
92.1116	4354.305	1763.835	1253.424
92.2640	4335.146	1764.231	1254.433
92.4164	4328.953	1763.227	1255.437
92.5688	4216.31	1758.35	1256.455
92.7212	4075.614	1749.218	1257.463
92.8736	4016.075	1745.437	1258.457
93.0260	3956.953	1746.571	1259.46
93.1784	4041.457	1750.151	1260.452
93.3308	4202.237	1769.951	1261.452
93.4832	4335.523	1778.172	1262.458
93.6356	4314.009	1769.443	1263.45
93.7880	4243.597	1763.8	1264.476
93.9404	4165.716	1757.393	1265.476
94.0928	4137.136	1756	1266.479
94.2452	4062.932	1751.962	1267.494
94.3976	3966.505	1752.622	1268.492
94.5500	3930.104	1750.56	1269.495
94.7024	3768.369	1739.382	1270.486
94.8548	3715.801	1725.534	1271.489
95.0072	3591.944	1731.223	1272.495
95.1596	3708.053	1736.304	1273.501
95.3120	3815.845	1735.344	1274.52
95.4644	3921.797	1739.989	1275.543
95.6168	3924.16	1741	1276.54
95.7692	3964.525	1743.511	1277.544
95.9216	3900.824	1746.518	1278.545
96.0740	3876.046	1742.787	1279.549
96.2264	3814.768	1736.923	1280.555
96.3788	3781.906	1737.699	1281.562
96.5312	3732.067	1744.805	1282.565
96.6836	3700.096	1742.585	1283.572
96.8360	3760.297	1742.857	1284.578
96.9884	3903.576	1743.861	1285.584
97.1408	3909.439	1743.135	1286.589
97.2932	3942.533	1742.133	1287.593
97.4456	3891.539	1742	1288.597
97.5980	3940.553	1744.616	1289.592
97.7504	3983.148	1755.507	1290.597
97.9028	3944.989	1751.733	1291.598
98.0552	3917.852	1751	1292.618
98.2076	3843.45	1743.05	1293.624
98.3600	3804.738	1740.227	1294.641
98.5124	3500.558	1726.667	1295.651
98.6648	3398.755	1713.4	1296.644
98.8172	3182.261	1708.417	1297.647
98.9696	3434.135	1710.698	1298.668
99.1220	3597.535	1729.032	1299.676
99.2744	3774.643	1738.229	1300.68
99.4268	3801.07	1739	1301.686
99.5792	3924.93	1753.569	1302.691
99.7316	3846.497	1758.657	1303.714
99.8840	3848.063	1756.255	1304.75
100.0364	3736.07	1752.328	1305.79
100.1888	3596.038	1724.349	1306.83
100.3412	3419.371	1721.075	1307.87
100.4936	3402.29	1719.145	1308.877
100.6460	3280.987	1705.968	1309.913
100.7984	3207.626	1700.335	1310.935
100.9508	3157.115	1700.936	1311.973
101.1032	3180.321	1710.4	1312.998
101.2556	3273.383	1424.605	1314.018
101.4080	3264.816	1466.572	1315.058
101.5604	3117.828	1654.139	1316.084
101.7128	2982.536	1648.78	1317.117
101.8652	2955.03	273.4853	1318.155
102.0176	4036.04	253.8355	1319.179
102.1700	4420.144	267.5236	1320.204
102.3224	4192.065	336.4357	1321.239
102.4748	4227.361	621.5598	1322.259
102.6272	4150.605	845.8925	1323.282
102.7796	4038.229	1163.856	1324.306
102.9320	4110.076	1449.903	1325.328
103.0844	4066.006	1474.615	1326.367
103.2368	4081.67	1575.022	1327.405
103.3892	4215.631	1704.736	1328.443
103.5416	4284.071	1715.875	1329.449
103.6940	4143.469	1702.144	1330.488
103.8464	4071.588	1696.05	1331.511
103.9988	3990.382	1697.991	1332.532
104.1512	4000.97	1699.995	1333.57
104.3036	3997.054	1706.006	1334.592
104.4560	4061.339	1713.04	1335.631
104.6084	4362.334	1722.032	1336.638
104.7608	4412.93	1726.99	1337.677
104.9132	4307.068	1726	1338.699
105.0656	4309.466	1725.922	1339.721
105.2180	4149	1720.895	1340.759
105.3704	4147.5	1714.768	1341.78
105.5228	4076.022	1704.148	1342.787
105.6752	4001.047	1709.944	1343.826
105.8276	4108.925	1708.258	1344.847
105.9800	4210.452	1717.097	1345.884
106.1324	4285.183	1720.287	1346.926
106.2848	4315.383	1728.552	1347.949
106.4372	4272.951	1741.485	1348.986
106.5896	4199.25	1729.236	1349.991
106.7420	4073.054	1712.859	1351.029
106.8944	3988.702	1710.708	1352.053
107.0468	3905.621	1723.676	1353.092
107.1992	3864.674	1716.765	1354.114
107.3516	3879.881	1696.597	1355.137
107.5040	3943.022	1706.695	1356.171
107.6564	3975.672	1717.065	1357.181
107.8088	4012.588	1717.865	1358.219
107.9612	3989.246	1715.292	1359.258
108.1136	3940.074	1706.298	1360.297
108.2660	3944.661	1709.688	1361.322
108.4184	3980.573	1705.76	1362.357
108.5708	3900.984	1703.328	1363.379
108.7232	3977.325	1707.856	1364.404
108.8756	4088.232	1717.535	1365.442
109.0280	4194.576	1730.036	1366.464
109.1804	4106.043	1801.08	1367.487
109.3328	4045.906	1811.042	1368.52
109.4852	4008.778	1718.602	1369.529
109.6376	3931.993	1724.104	1370.552
109.7900	3903.883	1723.518	1371.589
109.9424	3882.504	1710.454	1372.614
110.0948	3852.44	1706.111	1373.652
110.2472	3838.16	1706.54	1374.692
110.3996	3809.558	1702.763	1375.728
110.5520	3703.326	1700.518	1376.734
110.7044	3701.58	1697	1377.759
110.8568	3620.873	1697.383	1378.795
111.0092	3619.482	1699.482	1379.815
111.1616	3609.811	1695.342	1380.837
111.3140	3569.812	1691.271	1381.861
111.4664	3579.304	1692.722	1382.885
111.6188	3604.72	1691.284	1383.91
111.7712	3615.599	1693.288	1384.946
111.9236	3754.985	1696.61	1385.968
112.0760	3935.698	1707.95	1387.006
112.2284	4023.191	1719.768	1388.042
112.3808	4130.429	1723.216	1389.053
112.5332	4075.664	1719	1390.071
112.6856	4056.228	1719.161	1391.101
112.8380	4038.601	1720.823	1392.116
112.9904	3991.296	1724.496	1393.154
113.1428	3977.023	1722.511	1394.179
113.2952	4032.995	1725.174	1395.216
113.4476	4116.749	1726.177	1396.242
113.6000	4227.208	1726.642	1397.275
113.7524	4156.563	1724.819	1398.294
113.9048	4126.33	1724	1399.321
114.0572	4122.899	1725.32	1400.356
114.2096	4035.984	1729.465	1401.381
114.3620	3994.899	1722.225	1402.392
114.5144	3984.353	1717.235	1403.43
114.6668	4014.767	1711.997	1404.469
114.8192	4108.164	1720.203	1405.504
114.9716	4134.576	1720.793	1406.527
115.1240	4079.664	1720	1407.546
115.2764	4053.086	1718.524	1408.557
115.4288	4001.214	1713.429	1409.575
115.5812	3998.3	1714.347	1410.6
115.7336	3965.863	1711.78	1411.635
115.8860	3932.148	1712.116	1412.66
116.0384	4085.731	1719.834	1413.699
116.1908	4256.092	1740.102	1414.731
116.3432	4433.111	1761.212	1415.745
116.4956	4417.85	1749.653	1416.781
116.6480	4274.401	1738.188	1417.803
116.8004	4124.922	1723.344	1418.842
116.9528	4044.704	1717.678	1419.877
117.1052	4051.229	1724.279	1420.904
117.2576	4062.482	1719.499	1421.935
117.4100	4165.193	1729.601	1422.951
117.5624	4463.732	1755.256	1423.99
117.7148	4602.216	1753.935	1425.022
117.8672	4461.814	1747.74	1426.049
118.0196	4366.685	1743.302	1427.084
118.1720	4265.458	1732.197	1428.106
118.3244	4194.396	1727.833	1429.129
118.4768	4133.632	1722.818	1430.152
118.6292	4146.441	1727.477	1431.175
118.7816	4283.201	1734	1432.201
118.9340	4326.737	1734.282	1433.234
119.0864	4358.799	1735	1434.26
119.2388	4308.104	1735.288	1435.295
119.3912	4241.858	1759.578	1436.318
119.5436	4070.437	1794.434	1437.345
119.6960	3950.177	1733.499	1438.378
119.8484	3891	1717.103	1439.405
120.0008	3920.36	1715.908	1440.439
120.1532	4028.057	1720.141	1441.465
120.3056	4161.47	1725.923	1442.496
120.4580	4289.884	1730.172	1443.526
120.6104	4317.497	1735.941	1444.56
120.7628	4207.526	1738.317	1445.588
120.9152	4179.552	1738.359	1446.621
121.0676	4146.074	1733.453	1447.642
121.2200	4094.151	1726	1448.662
121.3724	4063.274	1725.014	1449.683
121.5248	4023.674	1722.668	1450.707
121.6772	4039.041	1722.334	1451.736
121.8296	4053.726	1722.325	1452.771
121.9820	4016.429	1720.319	1453.794
122.1344	4040.789	1718.657	1454.82
122.2868	4083.119	1721.463	1455.857
122.4392	4131.114	1728.349	1456.883
122.5916	4161.79	1729	1457.902
122.7440	4118.139	1730.066	1458.936
122.8964	4074.774	1731.643	1459.963
123.0488	4034.082	1731	1460.995
123.2012	4002.188	1727.728	1462.013
123.3536	3940.897	1719.797	1463.034
123.5060	3907.135	1715.63	1464.063
123.6584	3962.929	1714.256	1465.09
123.8108	4018.862	1714.499	1466.129
123.9632	4034.813	1729.86	1467.163
124.1156	4014.218	1752.909	1468.186
124.2680	3972.68	1752.152	1469.209
124.4204	3923.972	1746.387	1470.231
124.5728	3899.257	1747	1471.25
124.7252	3865.927	1745.821	1472.28
124.8776	3878.358	1743.604	1473.319
125.0300	3877.337	1743.399	1474.351
125.1824	3813.154	1744	1475.394
125.3348	3792.304	1745.62	1527.763
125.4872	3784.663	1748.814	1604.961
125.6396	3842.024	1751.639	1607.339
125.7920	3895.099	1754.413	1608.676
125.9444	3904.431	1762.086	1609.759
126.0968	4188.49	1790.048	1610.825
126.2492	4551.917	1814.157	1611.879
126.4016	4600.753	1807.483	1612.941
126.5540	4550.324	1796.576	1614.006
126.7064	4486.225	1790.705	1615.062
126.8588	4445.262	1789	1616.116
127.0112	4457.401	1848.349	1617.171
127.1636	4464.584	1870.555	1618.234
127.3160	4446.901	1797.459	1619.293
127.4684	4424.288	1792.109	1620.34
127.6208	4371.866	1785.621	1621.395
127.7732	4328.771	1783.066	1622.443
127.9256	4331.367	1787.091	1623.489
128.0780	4429.156	1785.543	1624.537
128.2304	4589.288	1789.142	1625.576
128.3828	4625.743	1794.463	1626.623
128.5352	4558.009	1794.067	1627.68
128.6876	4483.758	1790.184	1628.736
128.8400	4427.987	1787	1629.783
128.9924	4451.236	1786.052	1630.829
129.1448	4519.002	1790.732	1631.877
129.2972	4600.198	1802.775	1632.916
129.4496	4643.224	1806.58	1633.963
129.6020	4572.818	1803.514	1635.01
129.7544	4489.382	1798.601	1636.057
129.9068	4392.729	1785.63	1637.105
130.0592	4299.593	1775.016	1638.137
130.2116	4367.298	1776.99	1639.167
130.3640	4537.628	1788.01	1640.204
130.5164	4725.174	1805.07	1641.242
130.6688	4779.42	1818.042	1642.28
130.8212	4751.746	1814.372	1643.328
130.9736	4685.053	1797.234	1644.376
131.1260	4549.602	1788.032	1645.422
131.2784	4490.405	1791.076	1646.461
131.4308	4413.503	1788.832	1647.493
131.5832	4296.813	1784.476	1648.531
131.7356	4314.173	1780.836	1649.569
131.8880	4468.817	1782.778	1650.609
132.0404	4689.563	1795.018	1651.651
132.1928	4854.348	1805.218	1652.69
132.3452	4849.613	1807.462	1653.726
132.4976	4727.147	1807	1654.757
132.6500	4585.428	1806.454	1655.797
132.8024	4444.939	1797.775	1656.842
132.9548	4355.886	1788.799	1657.879
133.1072	4337	1783.128	1658.909
133.2596	4383.77	1783.341	1659.952
133.4120	4489.255	1786	1660.999
133.5644	4557.621	1786	1662.038
133.7168	4498.824	1787.132	1663.068
133.8692	4491.057	1790.274	1664.099
134.0216	4505.998	1792.572	1665.136
134.1740	4512.244	1791.852	1666.174
134.3264	4502.032	1789.846	1667.204
134.4788	4434.806	1790.742	1668.237
134.6312	4394.75	1790.25	1669.275
134.7836	4337.74	1782.562	1670.313
134.9360	4281.766	1778	1671.352
135.0884	4308.649	1778.592	1672.391
135.2408	4396.132	1785.549	1673.421
135.3932	4512.468	1792.396	1674.453
135.5456	4543.18	1789.796	1675.502
135.6980	4437.152	1787.603	1676.557
135.8504	4414.209	1789.819	1677.613
136.0028	4457.913	1792.22	1678.669
136.1552	4488.993	1801.578	1679.714
136.3076	4582.749	1821.752	1680.752
136.4600	4605.589	1813.089	1681.791
136.6124	4591.106	1796.409	1682.833
136.7648	4537.483	1796.119	1683.881
136.9172	4447.591	1789.852	1684.924
137.0696	4365.462	1786.891	1685.953
137.2220	4392.064	1790.532	1686.986
137.3744	4553.728	1870.218	1688.026
137.5268	4686.102	1849.237	1689.063
137.6792	4717.076	1807.51	1690.102
137.8316	4691.487	1805	1691.141
137.9840	4602.107	1800.459	1692.173
138.1364	4527.842	1798.65	1693.203
138.2888	4501.516	1797.042	1694.241
138.4412	4430.068	1789.438	1695.291
138.5936	4415.453	1786.66	1696.326
138.7460	4480.309	1804.882	1697.359
138.8984	4579.742	1801.379	1698.389
139.0508	4674.058	1804.343	1699.42
139.2032	4629.871	1808.329	1700.446
139.3556	4550.158	1805.302	1701.478
139.5080	4486.349	1797.23	1702.529
139.6604	4442.198	1787.199	1703.575
139.8128	4461.032	1788.778	1704.606
139.9652	4569.617	1825.967	1705.639
140.1176	4617.817	1888.791	1706.664
140.2700	4660.089	1834.66	1707.686
140.4224	4635.619	1800.305	1708.719
140.5748	4575.166	1800.697	1709.746
140.7272	4547.211	1801	1710.779
140.8796	4459.424	1794.679	1711.816
141.0320	4352.704	1786.353	1712.846
141.1844	4380.469	1786.128	1713.882
141.3368	4421.114	1787	1714.922
141.4892	4513.724	1794.144	1715.948
141.6416	4570.945	1793.415	1716.982
141.7940	4480.554	1792.721	1718.01
141.9464	4481.832	1793.724	1719.032
142.0988	4510.079	1787.46	1720.066
142.2512	4558.057	1789.379	1721.104
142.4036	4582.786	1799.054	1722.13
142.5560	4571.293	1800.529	1723.165
142.7084	4534.277	1769.753	1724.203
142.8608	4431.128	1750.109	1725.243
143.0132	4434.735	1743.278	1726.282
143.1656	4451.481	1745.734	1727.321
143.3180	4507.003	1746.25	1728.36
143.4704	4584.441	1752.019	1729.386
143.6228	4581.332	1754	1730.41
143.7752	4575.519	1757.037	1731.432
143.9276	4592.781	1757.237	1732.466
144.0800	4561.332	1755.472	1733.502
144.2324	4549.233	1757.3	1734.54
144.3848	4523.579	1757.23	1735.568
144.5372	4493.557	1751.583	1736.619
144.6896	4438.096	1750	1737.635
144.8420	4439.564	1744.552	1738.665
144.9944	4490.887	1746.126	1739.691
145.1468	4625.682	1757.991	1740.726
145.2992	4703.163	1760.211	1741.752
145.4516	4677.826	1758.418	1742.786
145.6040	4610.024	1758.794	1743.826
145.7564	4557.564	1760.593	1744.851
145.9088	4456.828	1759.401	1745.888
146.0612	4405.928	1757.396	1746.926
146.2136	4407.053	1752.168	1747.965
146.3660	4442.165	1750.191	1749.006
146.5184	4552.209	1750	1750.04
146.6708	4639.427	1758.945	1751.068
146.8232	4675.228	1764.266	1752.09
146.9756	4652.939	1759.26	1753.113
147.1280	4542.4	1759.647	1754.149
147.2804	4516.691	1754.21	1755.189
147.4328	4479.563	1753	1756.227
147.5852	4473.662	1753.831	1757.251
147.7376	4559.145	1754.835	1758.274
147.8900	4557.557	1759.192	1759.312
148.0424	4676.723	1758.319	1760.35
148.1948	4657.805	1761.376	1761.388
148.3472	4659.307	1762.846	1762.426
148.4996	4665.248	1761.301	1763.451
148.6520	4584.239	1756.742	1764.474
148.8044	4544.349	1756.855	1765.525
148.9568	4499.645	1759.576	1766.567
149.1092	4455.124	1752.253	1767.605
149.2616	4529.369	1749.272	1768.63
149.4140	4550.664	1752.465	1769.665
149.5664	4612.882	1756.479	1770.69
149.7188	4698.853	1757.873	1771.712
149.8712	4645.108	1756.246	1772.764
150.0236	4663.208	1756.878	1773.788
150.1760	4660.834	1755.238	1774.826
150.3284	4631.697	1758.538	1775.865
150.4808	4655.529	1757.224	1776.901
150.6332	4595.796	1757	1777.928
150.7856	4512.166	1755.216	1778.965
150.9380	4497.626	1842.767	1779.991
151.0904	4519.479	1763.083	1781.027
151.2428	4637.553	1757.514	1782.051
151.3952	4640.951	1761.62	1783.087
151.5476	4588.226	1753.825	1784.115
151.7000	4603.03	1751.179	1785.149
151.8524	4581.239	1750.086	1786.204
152.0048	4585.412	1750.916	1787.228
152.1572	4620.939	1762.953	1788.266
152.3096	4671.075	1761.231	1789.289
152.4620	4698.166	1760.073	1790.327
152.6144	4738.016	1761.854	1791.349
152.7668	4716.805	1762.931	1792.387
152.9192	4690.712	1757.395	1793.427
153.0716	4592.412	1751.374	1794.467
153.2240	4449.506	1751	1795.504
153.3764	4476.792	1746.291	1796.541
153.5288	4527.21	1754.508	1797.564
153.6812	4703.645	1756.898	1798.587
153.8336	4712.047	1757	1799.626
153.9860	4649.957	1760.818	1800.664
154.1384	4709.272	1761.958	1801.686
154.2908	4765.764	1763.92	1802.741
154.4432	4785.345	1765.927	1803.766
154.5956	4686.541	1759.241	1804.786
154.7480	4618.066	1759	1805.808
154.9004	4518.726	1752.191	1806.847
155.0528	4508.202	1750.051	1807.885
155.2052	4504.087	1750.978	1808.925
155.3576	4744.178	1765.705	1809.963
155.5100	4800.161	1764.032	1810.987
155.6624	4801	1766.962	1812.026
155.8148	4761.358	1767	1813.066
155.9672	4653.924	1760.06	1814.086
156.1196	4640.065	1757.015	1815.126
156.2720	4573.095	1748.013	1816.154
156.4244	4495.887	1749.994	1817.187
156.5768	4444.228	1747.046	1818.207
156.7292	4499.821	1758.018	1819.245
156.8816	4634.749	1760.951	1820.285
157.0340	4812.894	1756.106	1821.314
157.1864	4805.051	1763.966	1822.348
157.3388	4805.208	1761.943	1823.37
157.4912	4658.7	1759	1824.41
157.6436	4599.264	1758.707	1825.448
157.7960	4492.741	1747.112	1826.47
157.9484	4594.059	1751.3	1827.505
158.1008	4795.305	1761.269	1828.528
158.2532	4943.986	1768.814	1829.567
158.4056	4835.979	1764.041	1830.591
158.5580	4737.176	1765.123	1831.63
158.7104	4643.485	1767.776	1832.669
158.8628	4543.378	1762.662	1833.709
159.0152	4475.009	1755.741	1834.748
159.1676	4536.524	1751.166	1835.77
159.3200	4648.67	1754.056	1836.8
159.4724	4659.465	1755.059	1837.813
159.6248	4648.732	1755.937	1838.852
159.7772	4610.08	1754.734	1839.892
159.9296	4540.794	1750.931	1840.93
160.0820	4543.259	1749.928	1841.968
160.2344	4608.035	1749.89	1842.986
160.3868	4568.439	1760.534	1844.013
160.5392	4536.247	1753.805	1845.05
160.6916	4517.666	1740.833	1846.075
160.8440	4551.265	1750	1847.115
160.9964	4715.909	1751.777	1848.151
161.1488	4757.477	1769.262	1849.173
161.3012	4768.224	1761.906	1850.2
161.4536	4725.14	1760.608	1851.236
161.6060	4652.146	1757.102	1852.276
161.7584	4567.936	1757.895	1853.316
161.9108	4582.974	1756.894	1854.351
162.0632	4507.167	1756.109	1855.39
162.2156	4588.875	1756.775	1856.43
162.3680	4640.213	1755	1857.469
162.5204	4624.914	1755	1858.505
162.6728	4660.24	1754.513	1859.53
162.8252	4597.991	1751.372	1860.565
162.9776	4601.05	1753.745	1861.59
163.1300	4570.468	1752.262	1862.625
163.2824	4543.941	1753.468	1863.638
163.4348	4516.637	1750.136	1864.674
163.5872	4467.229	1750.861	1865.71
163.7396	4469.584	1749.858	1866.732
163.8920	4609.474	1750.441	1867.752
164.0444	4752.066	1759.443	1868.773
164.1968	4837.033	1762.303	1869.798
164.3492	4827.698	1763.846	1870.834
164.5016	4832.653	1762.845	1871.858
164.6540	4787.716	1761.365	1872.9
164.8064	4662.656	1758.65	1873.939
164.9588	4597.506	1776.443	1874.979
165.1112	4579.181	1849.507	1876.014
165.2636	4532.798	1835.514	1877.025
165.4160	4574.677	1754.306	1878.024
165.5684	4621.314	1751.354	1879.048
165.7208	4653.578	1753.541	1880.088
165.8732	4695.491	1755.635	1881.123
166.0256	4729.93	1754.372	1882.15
166.1780	4737.389	1756.188	1883.182
166.3304	4732.463	1757.766	1884.193
166.4828	4634.881	1760.612	1885.232
166.6352	4548.508	1757.026	1886.273
166.7876	4459.221	1749.401	1887.309
166.9400	4508.154	1750.797	1888.33
167.0924	4651.465	1752.269	1889.35
167.2448	4835.081	1762.043	1890.365
167.3972	4807.03	1764.939	1891.383
167.5496	4733.214	1761.216	1892.419
167.7020	4678.479	1760.47	1893.443
167.8544	4629.81	1755	1894.481
168.0068	4660.921	1755.447	1895.516
168.1592	4689.31	1757.454	1896.546
168.3116	4716.674	1417.044	1897.59
168.4640	4724.421	341.8208	1898.604
168.6164	4660.479	686.5824	1899.642
168.7688	4805.77	1187.523	1900.677
168.9212	4736.226	1532.654	1901.7
169.0736	4681.769	1678.692	1902.722
169.2260	4670.024	1688.73	1903.745
169.3784	4532.5	1693.75	1904.776
169.5308	4551.973	1696.285	1905.79
169.6832	4627.816	1704.977	1906.826
169.8356	4655.604	1703.808	1907.853
169.9880	4608.479	1709	1908.892
170.1404	4564.321	1709	1909.923
170.2928	4543.28	1708.463	1910.937
170.4452	4569.671	1707	1911.97
170.5976	4618.598	1708.092	1912.991
170.7500	4829.226	1715.148	1914.02
170.9024	4914.859	1725.44	1915.059
171.0548	4809.091	1723.717	1916.097
171.2072	4767.454	1722.148	1917.123
171.3596	4601.762	1721.729	1918.146
171.5120	4539.627	1721.893	1919.194
171.6644	4574.122	1713.791	1920.224
171.8168	4645.716	1719.519	1921.266
171.9692	4724.545	1723.618	1922.302
172.1216	4699.681	1725.629	1923.33
172.2740	4627.729	1726.358	1924.366
172.4264	4571.808	1724.674	1925.398
172.5788	4497.043	1723.67	1926.432
172.7312	4492.69	1723	1927.463
172.8836	4518.797	1722.658	1928.505
173.0360	4636.754	1726.157	1929.546
173.1884	4873.867	1739.267	1930.579
173.3408	4999.839	1747.928	1931.597
173.4932	4937.222	1744.55	1932.619
173.6456	4838.708	1742.736	1933.653
173.7980	4691.605	1741.762	1934.683
173.9504	4641.604	1736.865	1935.724
174.1028	4603.784	1731.928	1936.766
174.2552	4611.242	1728.171	1937.803
174.4076	4643.237	1731.184	1938.826
174.5600	4619.848	1738.187	1939.856
174.7124	4591	1741.952	1940.898
174.8648	4613.605	1736.822	1941.933
175.0172	4682.152	1738	1942.964
175.1696	4765.377	1738	1943.998
175.3220	4819.386	1737.573	1945.031
175.4744	4844.523	1738.727	1946.072
175.6268	4808.121	1741.874	1947.107
175.7792	4736.904	1740.347	1948.132
175.9316	4710.629	1737	1949.156
176.0840	4644.979	1736.095	1950.195
176.2364	4540.762	1733.624	1951.23
176.3888	4460.867	1732.928	1952.246
176.5412	4569.74	1735.405	1953.271
176.6936	4804.736	1740.794	1954.304
176.8460	4958.584	1749.802	1955.347
176.9984	4961.018	1751.123	1956.371
177.1508	4890.407	1748.469	1957.395
177.3032	4817.439	1744.546	1958.436
177.4556	4726.421	1740.002	1959.476
177.6080	4638.375	1739.987	1960.518
177.7604	4563.938	1738.489	1961.56
177.9128	4561.7	1739.033	1962.594
178.0652	4618.53	1739.478	1963.619
178.2176	4681.035	1741.112	1964.652
178.3700	4748.576	1742.467	1965.684
178.5224	4719.966	1741.463	1966.716
178.6748	4623.234	1724.694	1967.76
178.8272	4586.802	1709.352	1968.802
178.9796	4544.573	1705.785	1969.824
179.1320	4539.959	1709.033	1970.85
179.2844	4595.34	1718.086	1971.892
179.4368	4662.631	1731.695	1972.934
179.5892	4691.127	1740.149	1973.965
179.7416	4677.399	1812.922	1974.989
179.8940	4619.785	1792.349	1976.013
180.0464	4577.316	1738.045	1977.037
180.1988	4590.515	1735.403	1978.072
180.3512	4666.225	1737.409	1979.103
180.5036	4739.549	1739.607	1980.138
180.6560	4718.323	1740	1981.18
180.8084	4648.689	1744.95	1982.232
180.9608	4567.183	1747.377	1983.26
181.1132	4504.459	1745.743	1984.286
181.2656	4535.843	1736.754	1985.316
181.4180	4601.093	1736.477	1986.363
181.5704	4683.794	1738.356	1987.399
181.7228	4753.715	1742.546	1988.435
181.8752	4830.652	1745	1989.476
182.0276	4875.527	1745	1990.505
182.1800	4900.999	1747.667	1991.531
182.3324	4768.362	1744.301	1992.566
182.4848	4736.853	1746.056	1993.595
182.6372	4720.206	1741.178	1994.632
182.7896	4628.325	1738.688	1995.674
182.9420	4529.64	1734.848	1996.716
183.0944	4676.864	1741.375	1997.734
183.2468	5004.172	1752.739	1998.755
183.3992	5153.943	1765.214	1999.778
183.5516	5031.575	1759.733	2000.813
183.7040	4905.285	1748.094	2001.856
183.8564	4793.249	1747.173	2002.886
184.0088	4735.465	1746.541	2003.934
184.1612	4608.982	1744.528	2004.981
184.3136	4475.191	1746.962	2006.022
184.4660	4508.576	1745.019	2007.051
184.6184	4624.949	1748.51	2008.09
184.7708	4768.064	1749.243	2009.131
184.9232	4902.952	1749.761	2010.146
185.0756	4822.932	1750.766	2011.177
185.2280	4756.558	1751	2012.219
185.3804	4658.308	1751	2013.262
185.5328	4638.474	1750.218	2014.289
185.6852	4613.206	1746.06	2015.327
185.8376	4572.668	1736.27	2016.355
185.9900	4527.255	1736.396	2017.38
186.1424	4518	1741.026	2018.419
186.2948	4692.047	1745.238	2019.447
186.4472	4761.504	1745.186	2020.485
186.5996	4905.918	1747.463	2021.528
186.7520	4940.958	1752.959	2022.559
186.9044	4814.135	1754.83	2023.58
187.0568	4795.517	1753.33	2024.618
187.2092	4779.323	1753	2025.646
187.3616	4745.5	1750.458	2026.685
187.5140	4550.211	1751.702	2027.723
187.6664	4459.553	1742.568	2028.748
187.8188	4658.808	1743.589	2029.776
187.9712	4797.902	1750.944	2030.816
188.1236	4951.321	1756.373	2031.859
188.2760	4939.369	1753.485	2032.885
188.4284	4859.006	1754.767	2033.923
188.5808	4754.781	1747.889	2034.95
188.7332	4728.672	1747.896	2035.975
188.8856	4647.851	1748	2037.014
189.0380	4563.025	1745.287	2038.055
189.1904	4483.932	1742.267	2039.097
189.3428	4580.562	1742	2040.124
189.4952	4623.127	1741.08	2041.151
189.6476	4793.744	1749.341	2042.175
189.8000	4859.197	1750	2043.199
189.9524	4857.376	1754.686	2044.223
190.1048	4786.2	1754.056	2045.265
190.2572	4735.559	1745.47	2046.305
190.4096	4715.848	1744.047	2047.346
190.5620	4606.736	1745.916	2048.382
190.7144	4518.058	1753.719	2049.398
190.8668	4490.786	1748.189	2050.437
191.0192	4624.37	1747.026	2051.478
191.1716	4744.677	1747.98	2052.523
191.3240	4792.343	1749.971	2053.547
191.4764	4718.801	1747.032	2054.586
191.6288	4639.307	1747.996	2055.613
191.7812	4618.896	1738	2056.655
191.9336	4539.674	1738	2057.696
192.0860	4492.508	1738.059	2058.737
192.2384	4704.88	1743.068	2059.765
192.3908	4756.022	1747.177	2060.786
192.5432	4755.96	1754.836	2061.825
192.6956	4716.069	1748.932	2062.852
192.8480	4634.094	1746.962	2063.892
193.0004	4657.657	1745.871	2064.933
193.1528	4555.727	1743	2065.96
193.3052	4460.596	1742.835	2066.99
193.4576	4560.518	1740.059	2068.024
193.6100	4624.711	1741.327	2069.066
193.7624	4743.608	1747.27	2070.09
193.9148	4856.243	1763.697	2071.13
194.0672	4844.004	1759.676	2072.156
194.2196	4805.002	1756.172	2073.182
194.3720	4744.782	1756.995	2074.224
194.5244	4673.193	1746.807	2075.265
194.6768	4657.042	1744.071	2076.306
194.8292	4493.833	1736	2077.33
194.9816	4448.269	1736.112	2078.359
195.1340	4579.442	1739.618	2079.412
195.2864	4738.317	1759.372	2080.423
195.4388	4880.156	1760.722	2081.462
195.5912	4760.412	1751.467	2082.504
195.7436	4682.763	1747.72	2083.546
195.8960	4656.386	1746	2084.571
196.0484	4586.055	1745.85	2085.596
196.2008	4618.168	1744.689	2086.621
196.3532	4675.548	1743.161	2087.645
196.5056	4718.986	1744	2088.671
196.6580	4722.456	1744	2089.713
196.8104	4632.251	1744.176	2090.748
196.9628	4584.18	1745.727	2091.759
197.1152	4587.601	1748.812	2092.789
197.2676	4587.808	1747.614	2093.825
197.4200	4713.654	1747.182	2094.852
197.5724	4751.38	1751.595	2095.892
197.7248	4760.677	1750.209	2096.922
197.8772	4798.148	1751	2097.956
198.0296	4711.198	1750.561	2098.964
198.1820	4691.268	1748.101	2099.97
198.3344	4677.041	1744.77	2100.977
198.4868	4563.992	1743.765	2101.985
198.6392	4515.38	1742.517	2102.993
198.7916	4552.999	1742.718	2104.002
198.9440	4659.348	1775.113	2105.008
199.0964	4733.892	1831.284	2106.005
199.2488	4725.148	1756.06	2107.02
199.4012	4690.685	1745.802	2108.021
199.5536	4772	1748.816	2109.023
199.7060	4747.791	1751.835	2110.031
199.8584	4652.401	1752.866	2111.037
200.0108	4556.144	1749.423	2112.049
200.1632	4525.232	1748	2113.062
200.3156	4559.618	1748.598	2114.082
200.4680	4642.419	1749.695	2115.09
200.6204	4736.209	1750.242	2116.098
200.7728	4843.518	1753	2117.104
200.9252	4833.965	1753	2118.112
201.0776	4765.532	1751.046	2119.125
201.2300	4649.841	1747.996	2120.152
201.3824	4603.329	1749.663	2121.17
201.5348	4647.455	1746.953	2122.179
201.6872	4591.228	1743.348	2123.191
201.8396	4591.457	1743.647	2124.203
201.9920	4666.58	1745.863	2125.22
202.1444	4755.423	1751.363	2126.227
202.2968	4848.247	1753.842	2127.234
202.4492	4880.149	1755.878	2128.242
202.6016	4777.278	1751.722	2129.244
202.7540	4767.563	1748.768	2130.24
202.9064	4710.201	1748.833	2131.254
203.0588	4657.95	1746.605	2132.28
203.2112	4617.469	1745.599	2133.306
203.3636	4570.718	1747.028	2134.323
203.5160	4630.278	1750.411	2135.33
203.6684	4657.165	1750.167	2136.332
203.8208	4708.245	1749.422	2137.336
203.9732	4778.07	1750	2138.354
204.1256	4756.485	1750.432	2139.37
204.2780	4738.31	1751	2140.395
204.4304	4672.565	1749.672	2141.405
204.5828	4646.438	1745.312	2142.402
204.7352	4679.767	1744.266	2143.409
204.8876	4692.208	1748.833	2144.425
205.0400	4675.107	1745.428	2145.444
205.1924	4648.126	1735.707	2146.454
205.3448	4591.915	1732.475	2147.461
205.4972	4585.116	1734.44	2148.459
205.6496	4679.803	1745.719	2149.458
205.8020	4745.929	1756.982	2150.474
205.9544	4748.015	1756.511	2151.491
206.1068	4718.413	1752.492	2152.508
206.2592	4673.263	1749.493	2153.527
206.4116	4613.505	1749.512	2154.536
206.5640	4565.759	1752.069	2155.549
206.7164	4666.09	1763.403	2156.563
206.8688	4838.391	1767.779	2157.57
207.0212	4926.346	1765.601	2158.578
207.1736	4883.485	1764.842	2159.597
207.3260	4736.9	1757.017	2160.613
207.4784	4580.551	1750.901	2161.621
207.6308	4490.905	1748.89	2162.63
207.7832	4472.802	1743.517	2163.637
207.9356	4588.506	1741.694	2164.643
208.0880	4815.111	1752.692	2165.65
208.2404	5002.947	1763.456	2166.666
208.3928	5037.264	1765.419	2167.672
208.5452	4945.283	1766.173	2168.676
208.6976	4849.036	1759.309	2169.684
208.8500	4800.692	1755.791	2170.702
209.0024	4752.217	1755.794	2171.717
209.1548	4669.551	1753.782	2172.726
209.3072	4606.251	1751.161	2173.723
209.4596	4592.475	1749.381	2174.735
209.6120	4653.947	1749.624	2175.749
209.7644	4683.074	1755.037	2176.756
209.9168	4720.199	1760.535	2177.763
210.0692	4813.063	1760.082	2178.769
210.2216	4911.364	1760.291	2179.779
210.3740	4947.903	1763.602	2180.801
210.5264	4879.844	1762.377	2181.815
210.6788	4777.575	1753.07	2182.834
210.8312	4696.043	1747.002	2183.857
210.9836	4636.365	1748.017	2184.86
211.1360	4652.904	1748.322	2185.875
211.2884	4586.456	1748	2186.897
211.4408	4439.987	1744.56	2187.923
211.5932	4407.648	1740.919	2188.948
211.7456	4682.674	1751.182	2189.973
211.8980	4914.691	1763.733	2190.974
212.0504	5051.894	1775.506	2191.99
212.2028	4983.684	1766.854	2193.003
212.3552	4773.591	1761.28	2194.021
212.5076	4751.494	1755.926	2195.033
212.6600	4660.675	1756.19	2196.053
212.8124	4644.53	1754.059	2197.065
212.9648	4599.598	1753.742	2198.088
213.1172	4532.424	1754	2199.113
213.2696	4510.741	1750.995	2200.124
213.4220	4679.125	1753.781	2201.143
213.5744	4819.404	1757.288	2202.157
213.7268	4797.608	1758.768	2203.177
213.8792	4705.792	1755.912	2204.19
214.0316	4629.306	1752.666	2205.21
214.1840	4567.76	1751.216	2206.236
214.3364	4552.633	1747.844	2207.262
214.4888	4559.147	1747.794	2208.286
214.6412	4552.208	1749.599	2209.296
214.7936	4580.572	1746.782	2210.29
214.9460	4619.631	1750.866	2211.296
215.0984	4609.853	1750.367	2212.29
215.2508	4640.458	1749.18	2213.295
215.4032	4584.448	1747.349	2214.302
215.5556	4481.988	1746.168	2215.297
215.7080	4499.169	1745.163	2216.317
215.8604	4526.189	1745	2217.325
216.0128	4684.249	1749.238	2218.348
216.1652	4711.147	1749.147	2219.359
216.3176	4745.327	1762.731	2220.367
216.4700	4699.198	1759.82	2221.374
216.6224	4603.274	1759	2222.368
216.7748	4586.505	1752.884	2223.374
216.9272	4536.777	1744.968	2224.396
217.0796	4550.369	1746.657	2225.411
217.2320	4609.932	1745.221	2226.429
217.3844	4648.311	1746.789	2227.452
217.5368	4661.012	1749.704	2228.467
217.6892	4704.61	1749.093	2229.475
217.8416	4655.29	1752.641	2230.494
217.9940	4576.65	1751.166	2231.52
218.1464	4543.256	1749.156	2232.529
218.2988	4583.661	1748.073	2233.536
218.4512	4638.293	1746.135	2234.543
218.6036	4750.786	1753.502	2235.547
218.7560	4826.84	1754	2236.559
218.9084	4868.929	1761.586	2237.582
219.0608	4863.36	1759.135	2238.611
219.2132	4724.949	1759	2239.633
219.3656	4689.122	1757.072	2240.641
219.5180	4583.177	1868.617	2241.667
219.6704	4517.546	1761.731	2242.659
219.8228	4516	1742.349	2243.667
219.9752	4618.566	1749.89	2244.687
220.1276	4779.622	1751.983	2245.698
220.2800	4703.262	1753.993	2246.706
220.4324	4614.989	1751.999	2247.716
220.5848	4566.485	1748.937	2248.738
220.7372	4495.017	1740.037	2249.745
220.8896	4579.063	1743.262	2250.771
221.0420	4696.09	1757.927	2251.797
221.1944	4740.835	1755.028	2252.802
221.3468	4764.305	1755.735	2253.795
221.4992	4599.674	1748.08	2254.819
221.6516	4638.515	1749.955	2255.828
221.8040	4607.634	1748.951	2256.85
221.9564	4624.549	1747.945	2257.86
222.1088	4699.209	1746.879	2258.885
222.2612	4660.078	1745.132	2259.921
222.4136	4723.01	1747.487	2260.932
222.5660	4795.019	1755.369	2261.941
222.7184	4849.489	1771.302	2262.945
222.8708	4766.362	1762.341	2263.942
223.0232	4691.562	1753.79	2264.942
223.1756	4640.538	1750.936	2265.943
223.3280	4561.898	1749.82	2266.94
223.4804	4577.497	1746.889	2267.953
223.6328	4613.968	1744.949	2268.966
223.7852	4819.072	1743.953	2269.965
223.9376	4835.77	1743.169	2270.979
224.0900	4717.113	1747.227	2271.977
224.2424	4713.164	1752.833	2272.977
224.3948	4514.711	1747.971	2273.975
224.5472	4505.074	1747.025	2274.99
224.6996	4505.75	1747.9	2276.003
224.8520	4401.017	1743.094	2277.001
225.0044	4716.935	1749	2278.016
225.1568	4799.232	1749.041	2279.014
225.3092	4832.818	1754.995	2279.995
225.4616	4758.149	1753.004	2280.993
225.6140	4606.974	1753	2281.993
225.7664	4522.909	1753.989	2283.008
225.9188	4494.427	1749.076	2284.006
226.0712	4604.778	1751.941	2284.991
226.2236	4691.905	1753.952	2285.985
226.3760	4828.824	1764.67	2286.997
226.5284	4650.23	1756.297	2287.996
226.6808	4652.664	1748.299	2289.011
226.8332	4614.67	1744.167	2290.027
226.9856	4603.461	1740.185	2291.042
227.1380	4473.879	1740.949	2292.053
227.2904	4361.16	1739.11	2293.039
227.4428	4569.454	1743.703	2294.037
227.5952	4603.596	1744.936	2295.035
227.7476	4752.913	1750.582	2296.031
227.9000	4771.418	1756.563	2297.03
228.0524	4657.558	1752.385	2298.002
228.2048	4646.163	1751.082	2299.019
228.3572	4546.523	1745.524	2300.007
228.5096	4591.571	1745.91	2301.021
228.6620	4687.525	1749.621	2302.02
228.8144	4647.454	1747.297	2303.032
228.9668	4631.243	1750.586	2304.033
229.1192	4605.955	1751	2305.029
229.2716	4523.134	1754.55	2306.03
229.4240	4570.406	1752.35	2307.03
229.5764	4631.604	1749.364	2308.027
229.7288	4613.685	1749	2309.024
229.8812	4780.462	1747.261	2310.022
230.0336	4780.035	1748.731	2311.006
230.1860	4825.082	1756.75	2312.016
230.3384	4784.17	1755.43	2313.017
230.4908	4734.307	1752.447	2314.029
230.6432	4750.732	1754.543	2315.032
230.7956	4668.129	1752.47	2316.015
230.9480	4542.931	1750.322	2316.995
231.1004	4529.499	1748.333	2317.99
231.2528	4646.354	1748.83	2318.99
231.4052	4859.095	1748.174	2319.989
231.5576	4820.974	1755.392	2321.002
231.7100	4724.071	1754.553	2322
231.8624	4708.433	1754	2322.984
232.0148	4616.915	1748.346	2323.966
232.1672	4631.165	1748.607	2324.975
232.3196	4613.625	1748.201	2325.976
232.4720	4610.174	1749.587	2326.974
232.6244	4678.156	1757.111	2327.987
232.7768	4764.381	1757.428	2328.989
232.9292	4818.952	1757.782	2329.986
233.0816	4800.291	1757.224	2330.984
233.2340	4731.08	1757	2331.982
233.3864	4689.194	1750.856	2332.98
233.5388	4670.542	1751.292	2333.979
233.6912	4648.043	1751.242	2334.975
233.8436	4541.788	1747.986	2335.963
233.9960	4517.24	1742.506	2336.968
234.1484	4604.278	1735.033	2337.972
234.3008	4699.763	1738.935	2338.971
234.4532	4735.516	1744.681	2339.957
234.6056	4670.518	1748.926	2340.941
234.7580	4664.66	1750.728	2341.935
234.9104	4598.861	1747.379	2342.93
235.0628	4646.451	1748.156	2343.938
235.2152	4755.937	1749	2344.941
235.3676	4714.942	1747.581	2345.951
235.5200	4692.06	1751.942	2346.956
235.6724	4621.401	1754.701	2347.941
235.8248	4537.1	1753.608	2348.945
235.9772	4589.388	1750.925	2349.948
236.1296	4616.805	1750.688	2350.948
236.2820	4674.911	1751.684	2351.947
236.4344	4659.551	1749.963	2352.943
236.5868	4694.265	1749.674	2353.929
236.7392	4744.434	1750	2354.933
236.8916	4724.023	1751.332	2355.937
237.0440	4689.485	1753.323	2356.934
237.1964	4665.562	1753.344	2357.942
237.3488	4628.014	1750.392	2358.948
237.5012	4567.254	1748.352	2359.957
237.6536	4539.782	1746.713	2360.95
237.8060	4606.972	1750.47	2361.931
237.9584	4692.297	1753	2362.923
238.1108	4717.74	1753.63	2363.92
238.2632	4673.78	1752.121	2364.919
238.4156	4627.488	1751	2365.915
238.5680	4576.774	1750.383	2366.912
238.7204	4549.939	1748.776	2367.914
238.8728	4580.26	1748	2368.913
239.0252	4584.694	1755.851	2369.919
239.1776	4597.955	1755.011	2370.922
239.3300	4691.279	1752.783	2371.92
239.4824	4754.031	1756.36	2372.918
239.6348	4863.484	1759.757	2373.91
239.7872	4833.127	1760.419	2374.901
239.9396	4722.663	1758.846	2375.906
240.0920	4726.908	1758.572	2376.911
240.2444	4674.911	1758.431	2377.909
240.3968	4610.101	1756.872	2378.917
240.5492	4595.6	1754.88	2379.913
240.7016	4576.144	1754.559	2380.907
240.8540	4563.763	1757.797	2381.91
241.0064	4612.293	1759.441	2382.913
241.1588	4682.158	1761.234	2383.915
241.3112	4804.357	1776.971	2384.917
241.4636	4867.46	1794.711	2385.929
241.6160	4823.596	1801.117	2386.93
241.7684	4780.133	1799.208	2387.924
241.9208	4738.623	1798.117	2388.936
242.0732	4733.213	1798.441	2389.945
242.2256	4682.781	1846.673	2390.948
242.3780	4622.38	1834.696	2391.949
242.5304	4694.438	1797.234	2392.952
242.6828	4776.446	1800.677	2393.958
242.8352	4846.374	1800.322	2394.97
242.9876	4825.737	1796.765	2395.977
243.1400	4753.22	1792.208	2396.988
243.2924	4709.734	1791.677	2397.997
243.4448	4661.599	1791.882	2399
243.5972	4643.352	1789.324	2400.012
243.7496	4626.458	1788.558	2401.011
243.9020	4623.851	1788.441	2402.007
244.0544	4635.677	1788	2403.009
244.2068	4621.895	1788	2404.011
244.3592	4608.323	1785.764	2405.014
244.5116	4613.703	1785.117	2406.027
244.6640	4629.061	1785.441	2407.047
244.8164	4644.271	1788.356	2408.048
244.9688	4636.589	1787.647	2409.042
245.1212	4604.22	1785	2410.053
245.2736	4619.412	1791.147	2411.063
245.4260	4718.255	1806.625	2412.065
245.5784	4800.582	1805.502	2413.075
245.7308	4763.608	1798.558	2414.088
245.8832	4667.04	1790.619	2415.101
246.0356	4607.55	1785.677	2416.119
246.1880	4590.203	1784.203	2417.139
246.3404	4556.142	1782.559	2418.158
246.4928	4594.12	1781.883	2419.167
246.6452	4644.559	1786.031	2420.17
246.7976	4670.169	1790.559	2421.182
246.9500	4654.796	1792.676	2422.2
247.1024	4618.623	1788.974	2423.218
247.2548	4572.323	1787.235	2424.237
247.4072	4576.789	1786.204	2425.257
247.5596	4611.704	1780.648	2426.277
247.7120	4651.058	1786.933	2428.824
247.8644	4726.048	1790.089	2432.622
248.0168	4732.133	1790.354	2435.563
248.1692	4713.713	1791.322	2437.794
248.3216	4631.25	1789.441	2439.853
248.4740	4589.929	1789	2441.687
248.6264	4661.187	1800.179	2443.387
248.7788	4710.068	1806.203	2445.052
248.9312	4710.177	1796.177	2446.779
249.0836	4683.337	1789.442	2449.704
249.2360	4669.235	1790.677	2455.751
249.3884	4671.559	1785.29	2463.289
249.5408	4650.771	1781.117	2468.249
249.6932	4636.792	1783.675	2471.191
249.8456	4639.559	1783.883	2473.772
249.9980	4637.764	1784.118	2475.675
250.1504	4658.377	1787.238	2477.074
250.3028	4636.876	1786.764	2478.369
250.4552	4608.234	1785	2479.693
250.6076	4581.494	1785.559	2480.29
250.7600	4637.303	1786	2480.29
250.9124	4771.642	1791.588	2480.29
251.0648	4872	1794.883	2480.29
251.2172	4896.5	1794.559	2480.29
251.3696	4769.335	1796.118	2480.29
251.5220	4707.402	1797	2480.29
251.6744	4630.828	1795.883	2480.29
251.8268	4587.991	1796.117	2480.29
251.9792	4555.944	1793.087	2480.29
252.1316	4501.406	1787.203	2480.29
252.2840	4665.229	1787.795	2480.29
252.4364	4848.829	1794.469	2480.29
252.5888	4919.183	1800.795	2480.29
252.7412	4890.985	1797.966	2480.29
252.8936	4728.187	1795.676	2480.29
253.0460	4702.922	1797.558	2480.29
253.1984	4646.121	1794.647	2480.29
253.3508	4616.273	1790.882	2480.29
253.5032	4621.101	1787.765	2480.29
253.6556	4541.102	1785.442	2480.29
253.8080	4459.305	1781.648	2480.29
253.9604	4498.354	1780.118	2480.29
254.1128	4517.84	1779.881	2480.29
254.2652	4509.915	1779	2480.29
254.4176	4465.441	1779.559	2480.29
254.5700	4412.087	1778.323	2480.29
254.7224	4331.258	1771.407	2480.29
254.8748	4245.973	1769.794	2480.29
255.0272	4181.208	1772	2480.29
255.1796	4135.5	1774.235	2480.29
255.3320	4310.849	1785.506	2480.29
255.4844	4522.596	1793	2480.29
255.6368	4549.76	1788.534	2480.29
255.7892	4495.479	1782.765	2480.29
255.9416	4480.181	1780.441	2480.29
256.0940	4448.163	1778.881	2480.29
256.2464	4398.116	1776.882	2480.29
256.3988	4384	1774.324	2480.29
256.5512	4447.158	1780.266	2480.29
256.7036	4535.591	1782.644	2480.29
256.8560	4526.887	1782.794	2480.29
257.0084	4470.313	1785	2480.29
257.1608	4453.353	1778.853	2480.29
257.3132	4391.137	1772.882	2480.29
257.4656	4357.318	1771.441	2480.29
257.6180	4339.735	1769.883	2480.29
257.7704	4411.65	1778.497	2480.29
257.9228	4603.162	1787.677	2480.29
258.0752	4820.426	1800.748	2480.29
258.2276	4974.771	1812.794	2480.29
258.3800	4880.598	1815	2480.29
258.5324	4763.616	1809.97	2480.29
258.6848	4676.463	1800.407	2480.29
258.8372	4619.146	1792.647	2480.29
258.9896	4562.016	1788.883	2480.29
259.1420	4504.618	1781.853	2480.29
259.2944	4640.026	1782.592	2480.29
259.4468	4754.793	1787.559	2480.29
259.5992	4817.854	1794.141	2480.29
259.7516	4836.391	1799	2480.29
259.9040	4767.718	1798.441	2480.29
260.0564	4647.53	1786.253	2480.29
260.2088	4592.736	1785.942	2480.29
260.3612	4595.297	1785.18	2480.29
260.5136	4553.112	1781.795	2480.29
260.6660	4493.24	1782.322	2480.29
260.8184	4452.237	1779.324	2480.29
260.9708	4427.832	1778.558	2480.29
261.1232	4431.293	1777.882	2480.29
261.2756	4487.41	1781.473	2480.29
261.4280	4518.972	1789.469	2480.29
261.5804	4579.761	1799.699	2480.29
261.7328	4609.771	1799.413	2480.29
261.8852	4526.476	1789.41	2480.29
262.0376	4463.372	1785	2480.29
262.1900	4372.287	1781.088	2480.29
262.3424	4326.549	1777.442	2480.29
262.4948	4282.756	1772.529	2480.29
262.6472	4327.161	1769.559	2480.29
262.7996	4577.798	1782.292	2480.29
262.9520	4750.829	1795.909	2480.29
263.1044	4811.762	1798.441	2480.29
263.2568	4749.978	1796.882	2480.29
263.4092	4661.096	1795.44	2480.29
263.5616	4619.609	1791.646	2480.29
263.7140	4541.576	1789	2480.29
263.8664	4464.577	1784.528	2480.29
264.0188	4390.893	1778.762	2480.29
264.1712	4427.329	1779.235	2480.29
264.3236	4515.602	1779.324	2480.29
264.4760	4544.589	1780.236	2480.29
264.6284	4557.389	1784.796	2480.29
264.7808	4528.799	1788.676	2480.29
264.9332	4490.391	1790.558	2480.29
265.0856	4464.119	1783.736	2480.29
265.2380	4400.237	1776.323	2480.29
265.3904	4327.989	1772.762	2480.29
265.5428	4279.641	1769.882	2480.29
265.6952	4393.282	1770.117	2480.29
265.8476	4647.375	1786.093	2480.29
266.0000	4735.234	1798.559	2480.29
266.1524	4643.378	1795.088	2480.29
266.3048	4566.542	1792	2480.29
266.4572	4521.732	1785.852	2480.29
266.6096	4470.8	1782.119	2480.29
266.7620	4394.479	1782.441	2480.29
266.9144	4465.237	1780.325	2480.29
267.0668	4606.524	1784.588	2480.29
267.2192	4601.033	1785.645	2480.29
267.3716	4531.549	1782.441	2480.29
267.5240	4469.107	1782	2480.29
267.6764	4391.398	1827.25	2480.29
267.8288	4309.957	1818.279	2480.29
267.9812	4263.134	1782.441	2480.29
268.1336	4318.944	1781.441	2480.29
268.2860	4553.075	1788.261	2480.29
268.4384	4712.649	1796.794	2480.29
268.5908	4714.374	1797.881	2480.29
268.7432	4638.394	1790.854	2480.29
268.8956	4531.395	1783.208	2480.29
269.0480	4585.106	1784.353	2480.29
269.2004	4699.021	1790.914	2480.29
269.3528	4748.023	1794.559	2480.29
269.5052	4702.631	1793.882	2480.29
269.6576	4590.199	1787.414	2480.29
269.8100	4545.149	1786.354	2480.29
269.9624	4453.229	1782.847	2480.29
270.1148	4430.09	1777.441	2480.29
270.2672	4389.341	1777	2480.29
270.4196	4504.517	1780.912	2480.29
270.5720	4748.783	1793.507	2480.29
270.7244	4847.997	1801.559	2480.29
270.8768	4850.716	1798.65	2480.29
271.0292	4739.866	1797.118	2480.29
271.1816	4654.409	1799.118	2480.29
271.3340	4615.871	1800	2480.29
271.4864	4558.257	1796.646	2480.29
271.6388	4499.365	1788.414	2480.29
271.7912	4531.813	1787.354	2480.29
271.9436	4606.968	1787.203	2480.29
272.0960	4612.235	1785.559	2480.29
272.2484	4640.329	1785.442	2480.29
272.4008	4688.089	1786.118	2480.29
272.5532	4785.004	1790.915	2480.29
272.7056	4832.445	1794.559	2480.29
272.8580	4733.244	1796.117	2480.29
273.0104	4690.467	1798.117	2480.29
273.1628	4673.217	1798.441	2480.29
273.3152	4630.454	1795.762	2480.29
273.4676	4623.472	1785.616	2480.29
273.6200	4681.745	1782.91	2480.29
273.7724	4784.253	1787.118	2480.29
273.9248	4891.411	1798.068	2480.29
274.0772	4861.881	1804.882	2480.29
274.2296	4761.905	1801.208	2480.29
274.3820	4723.176	1801.235	2480.29
274.5344	4685.124	1802.441	2480.29
274.6868	4647.15	1799.206	2480.29
274.8392	4689.487	1794.208	2480.29
274.9916	4787.991	1796.47	2480.29
275.1440	4889.47	1800.559	2480.29
275.2964	4857.911	1797.643	2480.29
275.4488	4776.201	1789.969	2480.29
275.6012	4720.456	1790.469	2480.29
275.7536	4629.071	1791.205	2480.29
275.9060	4615.121	1790.678	2480.29
276.0584	4590.029	1790.882	2480.29
276.2108	4666.841	1790	2480.29
276.3632	4843.829	1793.353	2480.29
276.5156	4954.179	1798.237	2480.29
276.6680	4992.352	1801.117	2480.29
276.8204	4915.712	1801.442	2480.29
276.9728	4836.797	1799.324	2480.29
277.1252	4772.563	1792.409	2480.29
277.2776	4638.568	1790.238	2480.29
277.4300	4538.729	1790.882	2480.29
277.5824	4581.681	1793.352	2480.29
277.7348	4691.811	1803.267	2480.29
277.8872	4859.259	1809.559	2480.29
278.0396	4864.03	1802.177	2480.29
278.1920	4801.377	1800.468	2480.29
278.3444	4757.704	1795.617	2480.29
278.4968	4696.75	1791.237	2480.29
278.6492	4633.07	1784.061	2480.29
278.8016	4558.59	1781.467	2480.29
278.9540	4540.733	1785	2480.29
279.1064	4585.223	1787.236	2480.29
279.2588	4612.44	1789.559	2480.29
279.4112	4681.867	1790	2480.29
279.5636	4772.75	1792.793	2480.29
279.7160	4798.205	1795.559	2480.29
279.8684	4783.135	1794.322	2480.29
280.0208	4687.501	1792.441	2480.29
280.1732	4642.897	1792.558	2480.29
280.3256	4587.792	1787.97	2480.29
280.4780	4562.994	1785.678	2480.29
280.6304	4584.53	1787	2480.29
280.7828	4637.952	1789.233	2480.29
280.9352	4766.249	1803.292	2480.29
281.0876	4835.914	1807.968	2480.29
281.2400	4902.219	1804.559	2480.29
281.3924	4898.901	1804.441	2480.29
281.5448	4821.809	1801.207	2480.29
281.6972	4766.611	1790.616	2480.29
281.8496	4729.898	1789.034	2480.29
282.0020	4677.207	1789.088	2480.29
282.1544	4589.153	1788.792	2480.29
282.3068	4567.913	1789.323	2480.29
282.4592	4653.105	1789.678	2480.29
282.6116	4776.953	1794.352	2480.29
282.7640	4835.792	1800.35	2480.29
282.9164	4791.627	1800.206	2480.29
283.0688	4742.7	1791.85	2480.29
283.2212	4695.517	1789.797	2480.29
283.3736	4643.643	1787.529	2480.29
283.5260	4662.308	1786.234	2480.29
283.6784	4714.476	1789.118	2480.29
283.8308	4746.983	1791.119	2480.29
283.9832	4763.588	1793.676	2480.29
284.1356	4735.051	1796.675	2480.29
284.2880	4712.353	1798.559	2480.29
284.4404	4688.158	1799	2480.29
284.5928	4656.385	1797.883	2480.29
284.7452	4694.9	1792.533	2480.29
284.8976	4688.979	1790.117	2480.29
285.0500	4662.827	1789.882	2480.29
285.2024	4660.608	1786.762	2480.29
285.3548	4659.03	1788.354	2480.29
285.5072	4638.422	1791.559	2480.29
285.6596	4591.052	1792	2480.29
285.8120	4560.051	1788.644	2480.29
285.9644	4581.499	1788.794	2480.29
286.1168	4569.375	1785.974	2480.29
286.2692	4530.824	1783.118	2480.29
286.4216	4537.098	1783.441	2480.29
286.5740	4570.788	1785.793	2480.29
286.7264	4677.333	1791.35	2480.29
286.8788	4758.057	1791.207	2480.29
287.0312	4705.621	1790.118	2480.29
287.1836	4674.783	1791.559	2480.29
287.3360	4589.631	1799.825	2480.29
287.4884	4510.883	1800.414	2480.29
287.6408	4431.748	1787.616	2480.29
287.7932	4401.322	1781	2480.29
287.9456	4588.048	1787.147	2480.29
288.0980	4661.831	1788.649	2480.29
288.2504	4657	1787.118	2480.29
288.4028	4671.343	1788.559	2480.29
288.5552	4593.078	1787.324	2480.29
288.7076	4502.476	1786.558	2480.29
288.8600	4439.037	1786.441	2480.29
289.0124	4377.779	1779.291	2480.29
289.1648	4305.246	1775.119	2480.29
289.3172	4271.677	1776	2480.29
289.4696	4286.964	1773.207	2480.29
289.6220	4334.89	1771	2480.29
289.7744	4382.457	1771.559	2480.29
289.9268	4378.56	1772	2480.29
290.0792	4308.156	1771.442	2480.29
290.2316	4212.589	1771	2480.29
290.3840	4196.045	1770.441	2480.29
290.5364	4171.983	1770.559	2480.29
290.6888	4086.076	1771.558	2480.29
290.8412	4132.155	987.0437	2480.29
290.9936	4196.527	418.4333	2480.29
291.1460	4185.728	648.6456	2480.29
291.2984	4163.233	804.7068	2480.29
291.4508	4232.667	879.2618	2480.29
291.6032	4169.446	948.5322	2480.29
291.7556	4165.318	1030.472	2480.29
291.9080	4203.444	1087.676	2480.29
292.0604	4069.131	1088.442	2480.29
292.2128	3983.088	832.6254	2480.29
292.3652	3951.482	409.5663	2480.29
292.5176	3932.911	231.6481	2480.29
292.6700	3794.189	454.5581	2480.29
292.8224	3661.887	633.5587	2480.29
292.9748	3648.795	642.3857	2480.29
