HOLE:	U1513A
EXPEDITION:	369
TOP:	0.0646
BOTTOM:	252.7436
DEPTH_WMSF	GR	ECGR
m	gAPI	gAPI
0.0646	4.805703	3.859823
0.2169	4.897609	3.933641
0.3693	5.155713	4.14248
0.5217	5.63676	4.528989
0.6741	6.834277	5.487084
0.8265	6.953081	5.580393
0.9789	7.439328	5.968445
1.1313	10.78658	8.669953
1.2837	12.70716	10.20608
1.4361	13.18103	10.58668
1.5885	9.588251	7.701048
1.7409	7.913785	6.356159
1.8933	5.993613	4.813924
2.0457	5.846013	4.697118
2.1981	6.5123	5.230515
2.3505	6.512212	5.226571
2.5029	5.389634	4.332038
2.6553	3.281805	2.634887
2.8077	2.562166	2.05787
2.9601	1.919091	1.541939
3.1125	2.39693	1.925156
3.2649	1.917568	1.54186
3.4173	2.637448	2.120693
3.5697	3.59772	2.890032
3.7221	4.076755	3.275567
3.8745	4.554474	3.656683
4.0269	3.295528	2.646888
4.1793	3.296015	2.649245
4.3317	3.057074	2.457191
4.4841	3.355518	2.697073
4.6365	3.834488	3.084343
4.7889	4.075827	3.278467
4.9413	4.318649	3.471212
5.0937	4.79601	3.856331
5.2461	3.836687	3.083823
5.3985	3.596034	2.891464
5.5509	4.318448	3.471051
5.7033	5.995069	4.820459
5.8557	6.473219	5.202994
6.0081	6.230603	5.007987
6.1605	5.033671	4.047426
6.3129	5.277128	4.24161
6.4653	6.939906	5.578104
6.6177	7.793953	6.264564
6.7701	8.79775	7.071387
6.9225	6.417655	5.158333
7.0749	6.519764	5.240405
7.2273	5.755592	4.631333
7.3797	5.993316	4.815473
7.5321	5.514503	4.430761
7.6845	5.514503	4.432405
7.8369	5.754175	4.626763
7.9893	6.237535	5.015418
8.1417	6.232903	5.009836
8.2941	5.890954	4.736738
8.4465	6.61012	5.311059
8.5989	5.891604	4.733751
8.7513	6.235603	5.012005
8.9037	5.03407	4.046247
9.0561	4.555514	3.661596
9.2085	4.07745	3.278557
9.3609	4.554936	3.661131
9.5133	4.794281	3.85351
9.6657	3.592664	2.887685
9.8181	1.918069	1.542263
9.9705	2.160998	1.736307
10.1229	5.274818	4.24101
10.2753	6.7136	5.396205
10.4277	7.297263	5.865337
10.5801	5.86031	4.713151
10.7325	6.8185	5.480524
10.8849	5.992297	4.820014
11.0373	5.03614	4.047909
11.1897	2.877755	2.313918
11.3421	2.876719	2.312227
11.4945	3.117817	2.506944
11.6469	3.356322	2.697723
11.7993	3.28232	2.641175
11.9517	2.801372	2.252501
12.1041	3.761351	3.02327
12.2565	4.075798	3.276013
12.4089	3.83743	3.08442
12.5613	2.39774	1.925091
12.7137	1.43973	1.156786
12.8661	1.917822	1.541493
13.0185	2.157818	1.735038
13.1709	2.636985	2.119536
13.3233	2.63714	2.120446
13.4757	2.876085	2.311719
13.6281	3.116522	2.505903
13.7805	2.87807	2.313313
13.9329	3.358455	2.698432
14.0853	3.116399	2.505804
14.2377	2.876074	2.311708
14.3901	1.917553	1.540704
14.5425	2.158787	1.735173
14.6949	3.356902	2.699187
14.8473	3.356092	2.698535
14.9997	2.637541	2.120769
15.1521	1.678402	1.349054
15.3045	2.399178	1.929823
15.4569	2.159278	1.735566
15.6093	2.160975	1.735644
15.7617	2.876418	2.311985
15.9141	3.595999	2.891223
16.0665	3.594236	2.891091
16.2189	2.397411	1.926972
16.3713	2.396453	1.926203
16.5237	2.156942	1.73176
16.6761	1.678276	1.348451
16.8285	1.439944	1.15739
16.9809	2.397534	1.929932
17.1333	3.281323	2.637437
17.2857	2.801797	2.252007
17.4381	1.603072	1.288505
17.5905	1.199349	0.9643605
17.7429	1.40893	1.132459
17.8953	2.606185	2.096333
18.0477	2.126818	1.709479
18.2001	2.155949	1.73482
18.3525	1.393754	1.119845
18.5049	1.873628	1.506529
18.6573	2.592483	2.083766
18.8097	2.143011	1.722492
18.9621	1.903493	1.529975
19.1145	1.184134	0.9517744
19.2669	1.677955	1.348694
19.4193	1.648811	1.32527
19.5717	2.608415	2.098125
19.7241	3.56715	2.867177
19.8765	4.016304	3.229392
20.0289	3.297118	2.650133
20.1813	2.338765	1.881228
20.3337	3.012239	2.421155
20.4861	3.25176	2.615615
20.6385	4.450815	3.57877
20.7909	4.001596	3.217565
20.9433	4.000639	3.215603
21.0957	3.52231	2.833236
21.2481	2.848565	2.289598
21.4005	3.566781	2.866882
21.5529	3.475518	2.795596
21.7053	3.745723	3.010709
21.8577	3.027165	2.433151
22.0101	3.251438	2.613415
22.1625	2.771726	2.227839
22.3149	2.771726	2.229491
22.4673	1.64804	1.324649
22.6197	2.127074	1.709683
22.7721	1.843821	1.482013
22.9245	2.352908	1.891904
23.0769	2.112704	1.698763
23.2293	2.112569	1.698025
23.3817	1.873834	1.506583
23.5341	2.113768	1.69962
23.6865	2.562737	2.061386
23.8389	2.802669	2.252708
23.9913	2.563561	2.062047
24.1437	3.013016	2.420882
24.2961	3.251575	2.614496
24.4485	3.221644	2.59043
24.6009	2.127903	1.712253
24.7533	1.649303	1.326648
24.9057	2.321727	1.866833
25.0581	2.562559	2.061242
25.2105	3.522008	2.830892
25.3629	4.198312	3.374487
25.5153	5.634729	4.529039
25.6677	5.305103	4.264095
25.8201	5.902359	4.744153
25.9725	5.184307	4.167002
26.1249	4.734847	3.805742
26.2773	4.495569	3.616096
26.4297	4.403723	3.542218
26.5821	3.983614	3.204294
26.7345	2.067136	1.661507
26.8869	0.9446789	0.7598702
27.0393	1.588223	1.276948
27.1917	1.828236	1.469486
27.3441	1.82763	1.470633
27.4965	1.155514	0.928771
27.6489	2.072709	1.666605
27.8013	2.247417	1.806412
27.9537	2.395893	1.925752
28.1061	1.567179	1.259655
28.2585	1.767142	1.420907
28.4109	1.767109	1.420353
28.5633	1.577781	1.268647
28.7157	2.176573	1.74947
28.8681	2.712674	2.181181
29.0205	2.53403	2.037539
29.1729	2.471599	1.986603
29.3253	2.335984	1.877599
29.4777	3.26872	2.627309
29.6301	2.733612	2.198833
29.7825	1.933752	1.554296
29.9349	0.9894754	0.7950769
30.0873	1.189327	0.95595
30.2397	1.746027	1.404971
30.3921	1.756376	1.411727
30.5445	1.335758	1.074442
30.6969	1.577263	1.267761
30.8493	1.945047	1.563375
31.0017	1.766207	1.419629
31.1541	1.715101	1.379574
31.3065	1.94703	1.56613
31.4589	2.503917	2.013179
31.6113	2.355617	1.895488
31.7637	2.124292	1.707448
31.9161	2.765064	2.224956
32.0685	3.165606	2.546314
32.2209	3.543026	2.848844
32.3733	2.544369	2.045852
32.5257	1.91389	1.538332
32.6781	1.567733	1.259726
32.8305	1.907693	1.532782
32.9829	2.607987	2.096228
33.1353	3.066488	2.464758
33.2877	3.450165	2.773147
33.4401	3.239037	2.603451
33.5925	2.631822	2.117898
33.7449	2.776836	2.233269
33.8973	2.392976	1.923979
34.0497	2.57716	2.07145
34.2021	1.983197	1.594039
34.3545	1.944075	1.562594
34.5069	2.881248	2.317243
34.6593	2.841936	2.286302
34.8117	3.330116	2.676655
34.9641	2.433262	1.956369
35.1165	2.248425	1.806685
35.2689	1.57407	1.265194
35.4213	1.138798	0.9156058
35.5737	0.9138861	0.7343383
35.7261	0.9782929	0.7867917
35.8785	0.7395732	0.5948009
36.0309	1.837832	1.477199
36.1833	1.495567	1.202809
36.3357	2.008713	1.614548
36.4881	1.542564	1.240239
36.6405	2.569775	2.066739
36.7929	3.200364	2.572364
36.9453	3.541763	2.846771
37.0977	3.487446	2.80644
37.2501	2.514127	2.020787
37.4025	2.134276	1.716998
37.5549	2.786341	2.239584
37.7073	3.300527	2.652872
37.8597	3.299089	2.651716
38.0121	2.016606	1.620892
38.1645	2.14813	1.726607
38.3169	2.312461	1.859796
38.4693	3.510248	2.822165
38.6217	3.20643	2.577242
38.7741	2.568763	2.066998
38.9265	1.183176	0.9513572
39.0789	1.183706	0.9517132
39.2313	1.563874	1.257931
39.3837	1.477055	1.187215
39.5361	1.582864	1.271507
39.6885	1.642354	1.320079
39.8409	2.076461	1.669001
39.9933	1.697145	1.364118
40.1457	2.262617	1.818629
40.2981	2.068131	1.662306
40.4505	2.546712	2.046977
40.6029	2.097637	1.687023
40.7553	2.337462	1.878788
40.9077	2.517556	2.024293
41.0601	1.858564	1.493863
41.2125	1.858643	1.495034
41.3649	2.877258	2.312658
41.5173	2.862203	2.298851
41.6697	2.622423	2.107831
41.8221	1.903826	1.530621
41.9745	2.878253	2.314145
42.1269	3.835366	3.081998
42.2793	5.034551	4.048635
42.4317	4.510254	3.62432
42.5841	4.030073	3.2383
42.7365	2.592236	2.084083
42.8889	2.397164	1.927727
43.0413	2.15838	1.734418
43.1937	2.322722	1.868602
43.3461	2.082821	1.674942
43.4985	1.843304	1.481597
43.6509	1.439069	1.156684
43.8033	2.157663	1.73427
43.9557	2.637705	2.121163
44.1081	3.356257	2.698334
44.2605	3.521936	2.830835
44.4129	3.28167	2.638368
44.5653	2.32318	1.869155
44.7177	2.636505	2.120197
44.8701	2.637231	2.119711
45.0225	3.281349	2.637458
45.1749	3.041865	2.445393
45.3273	3.040036	2.442588
45.4797	2.687675	2.158355
45.6321	1.939183	1.55924
45.7845	1.4609	1.173796
45.9369	1.88796	1.518615
46.0893	2.398005	1.92745
46.2417	2.60753	2.09586
46.3941	1.922867	1.545547
46.5465	1.187602	0.9549153
46.6989	1.218396	0.978587
46.8513	1.423382	1.144075
47.0037	2.399001	1.92825
47.1561	2.158908	1.733983
47.3085	2.637829	2.120214
47.4609	1.663536	1.3376
47.6133	2.382914	1.916742
47.7657	1.663798	1.337811
47.9181	1.918023	1.541654
48.0705	1.918023	1.541654
48.2229	2.39871	1.928732
48.3753	3.357016	2.698276
48.5277	3.596512	2.890777
48.6801	3.354784	2.696483
48.8325	2.398149	1.927566
48.9849	1.918668	1.5416
49.1373	2.397616	1.927137
49.2897	3.355007	2.696659
49.4421	3.595482	2.887803
49.5945	3.356694	2.697016
49.7469	2.398805	1.928666
49.8993	1.918254	1.541839
50.0517	2.158968	1.735319
50.2041	3.835593	3.082943
50.3565	4.075753	3.275976
50.5089	3.833706	3.080283
50.6613	2.448626	1.968137
50.8137	2.209109	1.774961
50.9661	2.448955	1.967672
51.1185	2.578773	2.071977
51.2709	2.817956	2.264996
51.4233	3.057473	2.458424
51.5757	3.116945	2.505314
51.7281	3.595996	2.890362
51.8805	3.597433	2.891516
52.0329	3.596478	2.889676
52.1853	2.878253	2.31346
52.3377	3.11661	2.504115
52.4901	3.118538	2.506592
52.6425	4.31522	3.465881
52.7949	3.117155	2.505483
52.9473	3.116633	2.505064
53.0997	1.663867	1.337369
53.2521	2.381595	1.91284
53.4045	1.902082	1.52884
53.5569	2.157076	1.733154
53.7093	1.91768	1.541378
53.8617	2.158556	1.734988
54.0141	2.157599	1.734218
54.1665	2.098381	1.687247
54.3189	2.149637	1.7291
54.4713	3.018398	2.425205
54.6237	2.599779	2.090405
54.7761	3.027269	2.433235
54.9285	2.637338	2.120606
55.0809	3.835592	3.082943
55.2333	3.150521	2.533241
55.3857	2.672442	2.148833
55.5381	1.218683	0.9802709
55.6905	2.760519	2.218828
55.8429	2.760271	2.217807
55.9953	3.015293	2.423609
56.1477	2.875821	2.312363
56.3001	2.396595	1.926317
56.4525	2.155502	1.732533
56.6049	0.6898634	0.5544931
56.7573	0.9293807	0.7470105
56.9097	1.64881	1.325267
57.0621	2.397398	1.926962
57.2145	3.117571	2.505818
57.3669	3.355893	2.698375
57.5193	2.397985	1.92815
57.6717	1.437546	1.155889
57.8241	0.7198378	0.578586
57.9765	1.439108	1.157145
58.1289	2.397651	1.925735
58.2813	2.398421	1.929216
58.4337	1.917364	1.542268
58.5861	1.67923	1.34972
58.7385	2.157786	1.735656
58.8909	2.63794	2.121091
59.0433	2.637979	2.121907
59.1957	3.837006	3.084082
59.3481	4.557235	3.665698
59.5005	5.515537	4.433236
59.6529	4.316151	3.469202
59.8053	3.355418	2.696993
59.9577	3.027419	2.434258
60.1101	3.353133	2.695155
60.2625	4.431779	3.564785
60.4149	4.280849	3.442105
60.5673	3.953378	3.177616
60.7197	3.116474	2.504936
60.8721	2.39813	1.928266
61.0245	2.399528	1.928673
61.1769	3.116598	2.504106
61.3293	3.836347	3.083549
61.4817	3.835487	3.084002
61.6341	3.117924	2.506101
61.7865	3.355809	2.697306
61.9389	2.637974	2.12033
62.0913	2.637701	2.120111
62.2437	1.43898	1.156613
62.3961	2.3995	1.928651
62.5485	2.638729	2.120939
62.7009	3.357281	2.700492
62.8533	3.356072	2.699521
63.0057	2.876606	2.313852
63.1581	2.157604	1.73551
63.3105	1.917131	1.542081
63.4629	3.594153	2.890596
63.6153	4.314106	3.46756
63.7677	4.029851	3.241479
63.9201	3.553206	2.848903
64.0725	3.791864	3.047795
64.2249	4.556198	3.658068
64.3773	3.836313	3.083521
64.5297	2.862707	2.298407
64.6821	2.861273	2.301518
64.8345	2.382471	1.913543
64.9869	2.876179	2.310076
65.1393	2.636517	2.116016
65.2917	2.39676	1.927163
65.4441	2.397347	1.925491
65.5965	1.648971	1.324413
65.7489	1.408787	1.131084
65.9013	1.408069	1.131767
66.0537	1.678678	1.349275
66.2061	2.397302	1.926885
66.3585	2.801794	2.25284
66.5109	2.081882	1.67336
66.6633	1.843321	1.48216
66.8157	0.9593821	0.7714106
66.9681	1.633826	1.312249
67.1205	2.113851	1.698424
67.2729	2.832403	2.275762
67.4253	3.837084	3.084141
67.5777	5.033844	4.046064
67.7301	5.422649	4.358578
67.8825	4.944812	3.977452
68.0349	4.22593	3.396686
68.1873	4.075291	3.276821
68.3397	4.555736	3.661775
68.4921	5.277363	4.243371
68.6445	6.236628	5.012829
68.7969	5.514508	4.434054
68.9493	4.240884	3.408705
69.1017	3.109685	2.500407
69.2541	2.601555	2.09261
69.4065	3.156924	2.538389
69.5589	4.286178	3.445111
69.7113	4.555776	3.663165
69.8637	4.313148	3.466789
70.0161	2.636635	2.119254
70.1685	3.11705	2.505398
70.3209	2.159351	1.735627
70.4733	2.639125	2.121255
70.6257	2.158176	1.733824
70.7781	1.91882	1.542867
70.9305	2.397282	1.926869
71.0829	2.158265	1.735397
71.2353	2.636583	2.119212
71.3877	2.158101	1.734621
71.5401	2.87809	2.311612
71.6925	3.118155	2.506286
71.8449	2.637684	2.120097
71.9973	1.918571	1.543238
72.1497	1.438267	1.156468
72.3021	0.9593756	0.7711195
72.4545	1.154419	0.9278902
72.6069	2.112967	1.698344
72.7593	2.352831	1.890438
72.9117	2.876897	2.313227
73.0641	1.678661	1.347259
73.2165	1.918896	1.54121
73.3689	1.39423	1.118979
73.5213	1.873129	1.504451
73.6737	1.872865	1.503122
73.8261	2.157059	1.732497
73.9785	1.678742	1.348324
74.1309	2.877564	2.311188
74.2833	2.143869	1.721902
74.4357	3.100372	2.48922
74.5881	2.142303	1.721923
74.7405	3.35612	2.693551
74.8929	2.87811	2.311627
75.0453	3.596362	2.888513
75.1977	2.638293	2.122159
75.3501	3.49188	2.802508
75.5025	2.053179	1.649062
75.6549	2.530511	2.029424
75.8073	0.9593503	0.7699547
75.9597	1.916463	1.538685
76.1121	2.397227	1.923963
76.2645	2.636912	2.11633
76.4169	2.127528	1.708144
76.5693	1.168981	0.9388966
76.7217	1.888896	1.515988
76.8741	1.918705	1.541056
77.0265	2.338022	1.876447
77.1789	1.858509	1.492154
77.3313	1.858324	1.49256
77.4837	1.678224	1.347908
77.6361	2.398474	1.924966
77.7885	2.878205	2.312565
77.9409	3.73181	3.000638
78.0933	3.73188	2.999582
78.2457	3.491571	2.806428
78.3981	2.15853	1.734967
78.5505	1.63322	1.313224
78.7029	1.633077	1.312135
78.8553	1.632858	1.313906
79.0077	1.678169	1.349266
79.1601	1.917447	1.541191
79.3125	3.118006	2.507097
79.4649	4.196675	3.373171
79.6173	3.958026	3.181351
79.7697	5.161674	4.148814
79.9221	9.108421	7.323814
80.0745	13.11117	10.53839
80.2269	16.4654	13.23444
80.3793	16.78905	13.49458
80.5317	15.90318	12.78728
80.6841	14.4638	11.62561
80.8365	11.31118	9.098359
80.9889	10.35136	8.323223
81.1413	7.956187	6.394964
81.2937	11.33244	9.115462
81.4461	12.53546	10.07565
81.5985	15.40575	12.38272
81.7509	13.18967	10.60935
81.9033	14.05669	11.29838
82.0557	16.21282	13.03625
82.2081	15.25391	12.26522
82.3605	17.25264	13.87543
82.5129	14.14202	11.37961
82.6653	18.88708	15.18655
82.8177	15.78152	12.68945
82.9701	18.17966	14.61774
83.1225	14.39425	11.58258
83.2749	16.54096	13.29516
83.4273	16.54714	13.2952
83.5797	15.10414	12.1403
83.7321	12.2327	9.8396
83.8845	10.69808	8.598821
84.0369	12.85444	10.33971
84.1893	15.7311	12.63953
84.3417	14.62959	11.76321
84.4941	16.78309	13.47978
84.6465	16.54979	13.3072
84.7989	17.6534	14.18405
84.9513	16.69532	13.42421
85.1037	16.45556	13.2226
85.2561	16.06248	12.92016
85.4085	13.90991	11.18455
85.5609	13.18688	10.61105
85.7133	15.8239	12.73767
85.8657	19.18433	15.42556
86.0181	22.53395	18.11888
86.1705	20.38201	16.38858
86.3229	18.21508	14.64622
86.4753	15.349	12.35083
86.6277	16.78689	13.49785
86.7801	16.54239	13.28448
86.9325	16.78799	13.50874
87.0849	17.26009	13.88348
87.2373	17.49986	14.15977
87.3897	16.77903	14.01865
87.5421	14.20288	12.44042
87.6945	16.58981	15.25627
87.8469	18.71814	18.04096
87.9993	20.34448	20.45425
88.1517	18.92192	19.75215
88.3041	17.50402	18.92692
88.4565	14.86598	16.61981
88.6089	13.66118	15.78746
88.7613	12.94773	15.43793
88.9137	16.07034	19.75242
89.0661	19.90739	25.22068
89.2185	19.99149	26.06012
89.3709	20.94334	28.08184
89.5233	20.95459	28.95759
89.6757	25.17365	35.64961
89.8281	26.37865	37.50541
89.9805	28.27831	40.21488
90.1329	28.5279	39.43239
90.2853	29.97758	40.40429
90.4377	31.65253	42.65632
90.5901	31.65316	42.65716
90.7425	29.96414	40.38096
90.8949	29.25734	39.4183
91.0473	29.49686	39.75123
91.1997	34.03989	45.8618
91.3521	28.51815	38.40252
91.5045	25.64649	34.38327
91.6569	23.50565	31.48391
91.8093	26.86487	35.61662
91.9617	28.76883	38.5745
92.1141	27.81951	38.86401
92.2665	27.81139	39.52983
92.4189	29.2571	41.60696
92.5713	30.20706	42.96712
92.7237	32.60323	46.24579
92.8761	33.80154	47.40321
93.0285	33.32251	46.61519
93.1809	28.06537	39.29659
93.3333	22.63631	31.2142
93.4857	17.83447	22.28521
93.6381	15.91348	19.61507
93.7905	14.14444	19.26023
93.9429	13.57881	19.06866
94.0953	15.25345	21.41795
94.2477	16.69149	23.4398
94.4001	18.21965	25.59439
94.5525	15.58154	21.81697
94.7049	16.79208	22.76875
94.8573	14.87084	20.10991
95.0097	16.54836	22.19939
95.1621	14.38459	19.77143
95.3145	16.35032	22.26183
95.4669	14.91183	20.3159
95.6193	15.07561	20.5467
95.7717	15.27185	20.81157
95.9241	17.18484	23.4214
96.0765	19.66139	26.78671
96.2289	18.57459	25.30605
96.3813	18.49437	25.20303
96.5337	16.96979	23.12657
96.6861	18.39863	25.26394
96.8385	18.43098	24.16144
96.9909	17.25509	22.55252
97.1433	15.368	20.62366
97.2957	15.06006	20.59924
97.4481	18.19295	24.85993
97.6005	19.98414	27.3176
97.7529	20.34477	27.80029
97.9053	18.8832	25.80948
98.0577	18.54886	25.34002
98.2101	21.18097	28.9495
98.3625	25.80375	34.5536
98.5149	31.39757	41.46208
98.6673	36.93617	48.88205
98.8197	37.65154	48.2636
98.9721	36.4746	46.99593
99.1245	31.43383	40.91781
99.2769	31.66039	41.47517
99.4293	28.58735	37.47041
99.5817	26.37536	34.54699
99.7341	19.19701	25.20073
99.8865	14.58449	19.15635
100.0389	13.43052	17.66264
100.1913	13.50272	17.75517
100.3437	17.09548	22.52901
100.4961	18.29056	24.2621
100.6485	20.14356	26.92217
100.8009	17.55711	23.83345
100.9533	14.67526	20.42313
101.1057	14.67357	20.50121
101.2581	14.9308	20.86063
101.4105	16.37562	22.8871
101.5629	13.49887	18.86216
101.7153	12.95008	18.10194
101.8677	13.42957	17.90567
102.0201	15.34299	20.31995
102.1725	16.54758	21.83182
102.3249	17.49896	23.09242
102.4773	16.78555	22.15285
102.6297	16.77952	22.13696
102.7821	14.1853	18.72571
102.9345	15.61619	20.60219
103.0869	15.37729	20.57515
103.2393	16.54096	22.25968
103.3917	17.26785	23.22278
103.5441	19.90015	26.64258
103.6965	23.73243	30.98602
103.8489	24.69306	31.81137
104.0013	22.78249	29.78812
104.1537	23.50255	31.0786
104.3061	24.70014	32.57761
104.4585	29.22529	38.50354
104.6109	26.36074	34.69605
104.7633	23.92196	31.33749
104.9157	21.06207	27.07314
105.0681	22.71685	28.23846
105.2205	24.53275	29.81566
105.3729	25.65401	31.85889
105.5253	20.6235	25.86367
105.6777	18.37703	23.18481
105.8301	14.14735	17.86051
105.9825	14.39105	18.10657
106.1349	15.34562	19.22967
106.2873	17.96949	22.56331
106.4397	21.09468	26.49984
106.5921	18.26978	23.08618
106.7445	17.32442	21.83096
106.8969	14.86153	18.55583
107.0493	16.48558	20.56088
107.2017	16.00628	20.24153
107.3541	14.86427	19.43956
107.5065	13.18947	17.37438
107.6589	11.74831	15.47382
107.8113	13.42973	17.67137
107.9637	13.66126	17.96859
108.1161	15.24956	20.06872
108.2685	16.91949	22.22024
108.4209	17.64952	23.68054
108.5733	16.30155	21.18659
108.7257	16.30805	20.50282
108.8781	15.97427	20.3888
109.0305	18.37375	23.92407
109.1829	17.41517	22.7018
109.3353	17.34705	22.6226
109.4877	14.46559	18.85684
109.6401	13.0328	16.99391
109.7925	12.71059	16.54322
109.9449	14.3927	18.77494
110.0973	13.18777	16.71612
110.2497	14.87062	18.64324
110.4021	13.90789	17.43292
110.5545	15.96262	19.94326
110.7069	14.27924	18.01051
110.8593	16.44232	20.95551
111.0117	17.97881	23.10048
111.1641	17.74367	22.79845
111.3165	16.16912	21.32588
111.4689	15.69122	20.85058
111.6213	16.98789	22.54024
111.7737	16.40461	21.5769
111.9261	14.97189	19.58026
112.0785	14.86905	19.47882
112.2309	15.82712	21.23244
112.3833	16.0624	21.29503
112.5357	15.58307	19.83543
112.6881	17.02196	21.92269
112.8405	17.50613	22.89453
112.9929	17.26661	22.58129
113.1453	14.86838	19.44215
113.2977	14.38807	18.80616
113.4501	12.70642	16.60577
113.6025	11.9917	15.65629
113.7549	11.02813	14.24454
113.9073	12.70542	16.26227
114.0597	13.90533	17.88236
114.2121	13.90533	17.84033
114.3645	12.9549	16.26686
114.5169	13.18433	16.58576
114.6693	13.90683	17.50278
114.8217	12.22477	15.3834
114.9741	11.75099	14.78492
115.1265	11.51112	14.48087
115.2789	14.38356	18.07762
115.4313	13.90339	17.68155
115.5837	12.94532	16.73771
115.7361	14.15508	18.17682
115.8885	16.78679	21.38045
116.0409	18.94251	24.20217
116.1933	15.82256	20.33592
116.3457	13.42551	17.2628
116.4981	12.47056	16.04902
116.6505	12.70797	16.35216
116.8029	14.62357	18.80354
116.9553	14.62357	19.08695
117.1077	14.86314	19.56291
117.2601	14.63584	19.34583
117.4125	14.14929	18.70016
117.5649	16.7938	22.20429
117.7173	16.54306	21.89065
117.8697	21.34292	28.23046
118.0221	18.7022	24.38243
118.1745	19.18075	24.13718
118.3269	14.69552	18.92338
118.4793	14.20883	18.70687
118.6317	11.1012	14.62351
118.7841	10.52227	13.859
118.9365	11.95794	15.75644
119.0889	13.15418	17.3279
119.2413	13.42472	17.61326
119.3937	12.70609	16.26057
119.5461	12.47088	15.79963
119.6985	12.706	16.62618
119.8509	14.1485	18.59399
120.0033	13.18473	17.30336
120.1557	12.47072	16.35721
120.3081	13.42928	17.54556
120.4605	13.66588	17.83454
120.6129	14.86901	19.46756
120.7653	13.12826	17.23385
120.9177	10.97475	14.18802
121.0701	9.530034	12.36647
121.2225	9.587637	12.50341
121.3749	12.70572	16.56976
121.5273	12.94907	16.88712
121.6797	13.18873	17.34944
121.8321	12.47311	16.34891
121.9845	12.22663	15.93844
122.1369	13.429	17.90405
122.2893	15.34392	20.45191
122.4417	15.12223	20.15641
122.5941	13.68393	18.23445
122.7465	14.63173	19.5107
122.8989	17.49804	23.67478
123.0513	16.30017	22.28448
123.2037	15.11341	20.83078
123.3561	11.99149	16.20598
123.5085	13.18908	17.91266
123.6609	12.70514	17.25761
123.8133	14.14864	19.22075
123.9657	14.86185	20.15405
124.1181	13.42886	18.18778
124.2705	13.48824	18.25658
124.4229	11.57502	15.54655
124.5753	11.57793	15.23892
124.7277	10.55424	13.93558
124.8801	10.5509	14.04074
125.0325	11.0321	14.6792
125.1849	11.02876	14.67672
125.3373	11.75198	15.63497
125.4897	12.70598	16.90418
125.6421	12.94986	17.36591
125.7945	13.18481	18.03871
125.9469	10.06744	13.8494
126.0993	9.352003	12.97567
126.2517	8.154019	11.32944
126.4041	9.606661	13.32189
126.5565	9.366828	12.91961
126.7089	9.846714	13.52603
126.8613	11.03017	15.12228
127.0137	12.22679	16.79955
127.1661	11.74722	16.13866
127.3185	10.06617	13.81919
127.4709	10.07024	13.92455
127.6233	12.23124	17.03594
127.7757	12.2345	17.08954
127.9281	11.98603	16.62449
128.0805	10.53301	14.46189
128.2329	12.69465	17.42547
128.3853	12.93492	17.77466
128.5377	12.71056	17.62748
128.6901	11.50639	16.11103
128.8425	10.78856	15.1025
128.9949	11.51193	16.11878
129.1473	10.07127	14.09199
129.2997	11.99811	16.78805
129.4521	12.3968	17.31233
129.6045	14.0737	19.65412
129.7569	14.54849	20.20705
129.9093	15.1044	20.99137
130.0617	15.5875	21.58172
130.2141	13.43026	18.52212
130.3665	10.54938	14.57156
130.5189	10.79024	14.92018
130.6713	13.42915	18.56034
130.8237	16.07126	22.21461
130.9761	16.67063	23.04309
131.1285	14.98758	20.73387
131.2809	15.46257	21.36309
131.4333	16.30223	22.52316
131.5857	17.02129	23.64436
131.7381	17.0271	23.34116
131.8905	17.97224	24.57648
132.0429	18.69605	25.5474
132.1953	17.73671	24.23947
132.3477	15.82699	21.62426
132.5001	19.67529	26.8888
132.6525	23.65648	32.33364
132.8049	27.00638	36.98932
132.9573	23.16162	31.48457
133.1097	19.41545	26.18197
133.2621	16.30132	22.13145
133.4145	15.57751	21.49605
133.5669	13.66192	18.99773
133.7193	12.472	17.33907
133.8717	10.79601	15.0108
134.0241	12.46976	17.33596
134.1765	13.42558	18.66044
134.3289	13.42593	18.70427
134.4813	12.91816	17.98853
134.6337	10.2817	14.27897
134.7861	10.99953	15.17891
134.9385	11.5021	15.88563
135.0909	15.10543	20.89933
135.2433	14.38989	19.6656
135.3957	13.43636	18.3285
135.5481	11.2408	15.34302
135.7005	14.32555	19.54627
135.8529	15.44768	21.07994
136.0053	13.97068	19.05008
136.1577	11.56184	15.57731
136.3101	13.78834	18.15077
136.4625	15.77015	20.90188
136.6149	15.81428	20.96605
136.7673	13.18653	17.48934
136.9197	13.43428	17.81072
137.0721	12.47198	16.53582
137.2245	13.67139	18.12753
137.3769	14.71303	19.51921
137.5293	16.87477	22.42029
137.6817	15.91618	21.18922
137.8341	16.54643	21.9278
137.9865	15.10494	20.02547
138.1389	16.063	21.12764
138.2913	15.82359	20.76944
138.4437	15.83173	20.73959
138.5961	15.82658	20.73863
138.7485	16.33387	21.38544
138.9009	17.39338	22.83623
139.0533	17.95201	23.68057
139.2057	17.43806	23.05611
139.3581	17.57873	23.23577
139.5105	15.34391	20.28729
139.6629	15.82246	20.93142
139.8153	16.78398	22.20633
139.9677	19.89785	26.12098
140.1201	20.87028	27.65029
140.2725	19.42087	25.64622
140.4249	18.23367	24.08503
140.5773	15.8245	20.89989
140.7297	17.5059	23.12372
140.8821	17.98061	23.72804
141.0345	16.78252	22.25272
141.1869	15.10996	20.11063
141.3393	16.9642	22.7521
141.4917	20.08612	27.20069
141.6441	20.5618	27.79182
141.7965	18.21902	24.76278
141.9489	15.82613	21.58703
142.1013	15.10303	20.28525
142.2537	14.86866	19.95992
142.4061	14.33813	19.34252
142.5585	14.10308	18.86279
142.7109	14.33686	19.09438
142.8633	14.14733	18.81673
143.0157	14.38288	18.91249
143.1681	16.31601	21.45443
143.3205	19.17922	25.22283
143.4729	22.54203	29.64531
143.6253	19.41781	25.64217
143.7776	17.02227	22.50348
143.9300	17.27321	23.28451
144.0824	21.23711	29.13346
144.2348	24.1284	33.09597
144.3872	20.76755	28.48255
144.5396	19.43066	26.65552
144.6920	20.62082	28.30197
144.8444	19.89744	26.65844
144.9968	22.2924	29.66598
145.1492	18.22137	24.07877
145.3016	19.4137	25.86259
145.4540	17.50628	23.08635
145.6064	18.69442	24.6531
145.7588	20.13782	26.56021
145.9112	18.31234	24.14923
146.0636	16.16242	21.30528
146.2160	16.87335	22.32465
146.3684	16.78554	22.15405
146.5208	17.97785	23.86333
146.6732	15.35057	20.26849
146.8256	14.38421	19.06234
146.9780	13.90486	18.34196
147.1304	14.13962	18.67208
147.2828	14.14441	18.69879
147.4352	15.9002	21.03997
147.5876	15.90586	21.11593
147.7400	15.98255	21.24057
147.8924	15.08884	20.03946
148.0448	15.32835	20.46911
148.1972	14.76279	19.71392
148.3496	13.90909	18.58619
148.5020	13.66387	18.23673
148.6544	12.94603	17.19127
148.8068	12.7056	16.84466
148.9592	11.51158	15.26785
149.1116	12.23462	16.21145
149.2640	12.42409	16.42682
149.4164	14.09678	18.60532
149.5688	13.62163	18.07618
149.7212	14.1419	18.67763
149.8736	12.47001	16.47176
150.0260	13.42424	17.73464
150.1784	13.42473	17.73044
150.3308	15.10324	19.94729
150.4832	14.35305	18.8993
150.6356	14.44476	18.9544
150.7880	12.30123	16.22656
150.9404	11.61217	15.33024
151.0928	11.28579	14.90548
151.2452	12.22973	16.15657
151.3976	15.10706	19.94962
151.5500	14.14898	18.62806
151.7024	13.42543	17.56015
151.8548	11.98243	15.35734
152.0072	12.22578	15.65996
152.1596	12.9028	16.52959
152.3120	12.18851	15.60758
152.4644	13.38406	17.14359
152.6168	14.3881	18.42366
152.7692	13.66953	17.49365
152.9216	15.34117	19.63003
153.0740	13.66403	17.53588
153.2264	16.77775	21.50014
153.3788	14.86439	18.96898
153.5312	20.48166	26.17251
153.6836	24.32946	30.89373
153.8360	25.04573	31.8754
153.9884	21.8355	27.79397
154.1408	15.82486	20.14011
154.2932	16.06942	20.45444
154.4456	17.5031	22.28275
154.5980	19.42354	24.81664
154.7504	19.41908	24.67719
154.9028	17.74044	22.62561
155.0552	18.47215	23.49865
155.2076	16.32582	20.77767
155.3600	15.59995	19.8449
155.5124	12.22922	15.56633
155.6648	14.38388	18.30069
155.8172	14.86353	18.97927
155.9696	15.82615	20.31961
156.1220	15.82094	20.41142
156.2744	16.06116	20.51764
156.4268	19.65296	25.0798
156.5792	19.30313	24.63705
156.7316	19.30289	24.64043
156.8840	17.87072	22.80201
157.0364	17.74225	22.64487
157.1888	18.71276	23.88356
157.3412	19.65801	25.12374
157.4936	20.38308	26.14341
157.6460	18.38578	23.63388
157.7984	16.87412	21.72255
157.9508	15.43701	19.85798
158.1032	16.33065	21.01062
158.2556	12.33392	15.86852
158.4080	12.0979	15.56484
158.5604	11.0319	14.15377
158.7128	13.18874	16.91843
158.8652	14.14433	18.20575
159.0176	11.99052	15.36999
159.1700	11.72006	15.01886
159.3224	13.87715	17.77519
159.4748	17.22946	22.0757
159.6272	18.067	23.23094
159.7796	17.15226	22.13547
159.9320	18.5951	23.98005
160.0844	20.42701	26.54087
160.2368	18.22528	23.73425
160.3892	14.86789	19.38126
160.5416	13.90408	18.13
160.6940	14.38285	18.7649
160.8464	17.98022	23.38847
160.9988	18.52451	23.98963
161.1512	19.9554	25.80167
161.3036	17.80461	22.82623
161.4560	17.97853	23.0491
161.6084	17.51126	22.45005
161.7608	18.93885	24.28745
161.9132	20.62192	26.44585
162.0656	22.53524	28.59376
162.2180	22.2958	28.13464
162.3704	19.76494	24.92949
162.5228	15.69314	19.78765
162.6752	14.25323	17.96927
162.8276	12.46523	15.71511
162.9800	15.34272	19.33983
163.1324	14.62919	18.44324
163.2848	14.62857	18.43678
163.4372	13.90923	17.53558
163.5896	14.7628	18.62029
163.7420	17.34279	21.86432
163.8944	15.85971	19.98842
164.0468	15.01028	18.91785
164.1992	14.82075	18.67898
164.3516	17.49852	22.06065
164.5040	19.65633	24.7734
164.6564	20.86278	26.30202
164.8088	17.99248	22.6764
164.9612	15.82266	19.96017
165.1136	13.91203	17.56881
165.2660	13.20541	16.7046
165.4184	12.72597	16.09813
165.5708	11.28199	14.28461
165.7232	13.42511	16.98513
165.8756	12.468	15.77903
166.0280	12.95144	16.38835
166.1804	11.74836	14.8751
166.3328	13.43439	17.08489
166.4852	13.59333	17.28441
166.6376	14.41561	18.27173
166.7900	16.37316	20.75604
166.9424	15.73003	19.93955
167.0948	16.10495	20.41913
167.2472	16.30165	20.67482
167.3996	17.02108	21.58068
167.5520	17.98516	22.81691
167.7044	14.15005	18.04657
167.8568	16.06619	20.55464
168.0092	16.56018	21.13618
168.1616	18.4787	23.62711
168.3140	16.79532	21.50988
168.4664	17.26855	22.12905
168.6188	16.78519	21.50009
168.7712	16.30587	20.88612
168.9236	13.90027	17.80744
169.0760	13.86256	17.75915
169.2284	13.86711	17.78599
169.3808	14.34665	18.49856
169.5332	15.34284	19.78307
169.6856	15.82318	20.40242
169.8380	17.26028	22.24893
169.9904	18.22547	23.49994
170.1428	19.42473	25.04626
170.2952	17.74042	22.88118
170.4476	16.67627	21.50241
170.6000	13.55921	17.48835
170.7524	13.56312	17.55693
170.9048	11.03211	14.35658
171.0572	13.43031	17.47548
171.2096	14.62144	19.03476
171.3620	16.5448	21.52436
171.5144	18.4563	24.02622
171.6668	18.70432	24.39611
171.8192	22.00614	28.73106
171.9716	22.00842	28.45622
172.1240	22.24823	28.77452
172.2764	22.06253	28.53022
172.4288	20.86614	26.9831
172.5812	19.67239	25.4394
172.7336	18.93786	24.50017
172.8860	20.86299	26.97904
173.0384	22.51846	29.13245
173.1908	22.28588	28.82738
173.3432	21.79856	28.24181
173.4956	21.81552	28.25566
173.6480	23.25279	30.13891
173.8004	20.62575	26.73774
173.9528	18.22658	23.6751
174.1052	16.54709	21.53654
174.2576	17.26689	22.48297
174.4100	18.21898	23.71931
174.5624	17.58911	22.89927
174.7148	16.87448	21.96265
174.8672	14.71829	19.16175
175.0196	14.86989	19.35636
175.1720	15.3384	19.96055
175.3244	16.54633	21.54779
175.4768	15.58735	20.42232
175.6292	15.58747	20.44528
175.7816	15.82723	20.75109
175.9340	17.73828	23.25342
176.0864	18.22408	23.89359
176.2388	16.76328	21.98446
176.3912	14.85407	19.47246
176.5436	13.89365	18.21851
176.6960	14.62394	19.19482
176.8484	14.14458	18.56821
177.0008	14.87063	19.5159
177.1532	16.54558	21.7201
177.3056	18.22488	23.92461
177.4580	17.18402	22.55508
177.6104	15.99179	20.98729
177.7628	16.94986	22.24155
177.9152	17.02667	22.35165
178.0676	17.26124	22.65014
178.2200	17.73382	23.27673
178.3724	19.41691	25.48589
178.5248	19.90302	26.11668
178.6772	17.27334	22.66601
178.8296	16.54133	21.70547
178.9820	16.5473	21.71028
179.1344	16.90523	22.18298
179.2868	16.18692	21.24338
179.4392	17.38021	22.78719
179.5916	18.93915	24.82419
179.7440	16.78564	22.00459
179.8964	14.87129	19.48687
180.0488	13.66576	17.91968
180.2012	15.35151	20.12456
180.3536	14.35746	18.82669
180.5060	13.63823	17.87111
180.6584	13.39353	17.5578
180.8108	16.54251	21.67377
180.9632	18.70707	24.5849
181.1156	21.58128	28.40924
181.2680	16.78583	22.08441
181.4204	13.42696	17.65308
181.5728	11.7493	15.44951
181.7252	13.66783	17.96976
181.8776	15.82675	20.81684
182.0300	14.62431	19.22729
182.1824	14.80689	19.47812
182.3348	13.84882	18.20773
182.4872	14.32685	18.83881
182.6396	14.8635	19.54177
182.7920	15.33772	20.17082
182.9444	15.34442	20.17405
183.0968	18.70604	24.59715
183.2492	18.46877	24.28515
183.4016	18.7133	24.5726
183.5540	15.25693	19.9894
183.7064	15.97476	20.93574
183.8588	16.21001	21.23515
184.0112	14.86247	19.46987
184.1636	13.18553	17.27307
184.3160	13.65883	17.89559
184.4684	15.3423	20.09564
184.6208	19.67201	25.77396
184.7732	18.95351	24.8326
184.9256	15.82796	20.73176
185.0780	9.890614	12.95672
185.2304	8.692905	11.38772
185.3828	10.36744	13.58137
185.5352	11.27096	14.76704
185.6876	11.26713	14.75584
185.8400	9.590856	12.55877
185.9924	8.87001	11.61973
186.1448	7.91209	10.36341
186.2972	9.354939	12.25498
186.4496	10.74547	14.07265
186.6020	10.98578	14.38939
186.7544	11.94565	15.64444
186.9068	9.59216	12.54462
187.0592	9.834785	12.82938
187.2116	8.152264	10.63302
187.3640	11.50579	14.973
187.5164	12.86986	16.74813
187.6688	16.22933	21.11996
187.8212	17.42943	22.69138
187.9736	18.70505	24.34172
188.1260	18.93814	24.64505
188.2784	16.78894	21.8482
188.4308	15.10918	19.66785
188.5832	12.22748	15.91896
188.7356	11.50691	14.98085
188.8880	8.148831	10.60596
189.0404	7.673382	10.00274
189.1928	7.225712	9.432508
189.3452	8.665423	11.31192
189.4976	10.10463	13.18882
189.6500	11.0306	14.40026
189.8024	13.42358	17.61434
189.9548	13.90933	18.3176
190.1072	14.38415	19.08548
190.2596	13.19134	17.50281
190.4120	12.86941	17.06875
190.5644	11.91115	15.78713
190.7168	13.34994	17.48842
190.8692	14.39153	18.72835
191.0216	15.58792	20.29103
191.1740	15.58879	20.2864
191.3264	16.78213	21.85176
191.4788	21.34396	27.77586
191.6312	23.02058	29.97475
191.7836	21.8178	28.3925
191.9360	18.30892	23.83639
192.0884	15.66613	20.38124
192.2408	14.23907	18.53784
192.3932	12.4716	16.23909
192.5456	13.19383	17.21848
192.6980	13.18986	17.21088
192.8504	14.62903	19.11844
193.0028	15.58137	20.40873
193.1552	16.7862	21.9715
193.3076	17.02073	22.28158
193.4600	15.10848	19.77275
193.6124	16.53314	21.64026
193.7648	14.38538	18.83275
193.9172	17.98098	23.55511
194.0696	15.11116	19.79012
194.2220	17.25861	22.61196
194.3744	17.748	23.25316
194.5268	17.74424	23.24824
194.6792	17.74993	23.25245
194.8316	17.26357	22.6153
194.9840	19.66281	25.75471
195.1364	19.52839	25.59295
195.2888	18.08352	23.69276
195.4412	19.04294	24.95675
195.5936	19.66434	25.76033
195.7460	20.14379	26.39577
195.8984	19.18494	25.12879
196.0508	16.78037	21.98539
196.2032	16.54731	21.67701
196.3556	17.26604	22.62171
196.5080	18.14939	23.76909
196.6604	19.1031	25.03209
196.8128	17.29873	22.66137
196.9652	18.33858	24.03028
197.1176	16.42732	21.52283
197.2700	15.59362	20.43623
197.4224	14.77742	19.35846
197.5748	15.41212	20.19836
197.7272	14.22842	18.63666
197.8796	18.14642	23.77516
198.0320	16.55761	21.69353
198.1844	21.3257	27.94451
198.3368	19.89418	26.05777
198.4892	23.25294	30.45713
198.6416	22.30277	29.19134
198.7940	21.3934	28.01366
198.9464	19.23008	25.23359
199.0988	18.98171	24.93542
199.2512	18.46466	24.25285
199.4036	17.97947	23.61884
199.5560	16.31505	21.42642
199.7084	14.14658	18.576
199.8608	14.14537	18.57699
200.0132	12.70154	16.68314
200.1656	14.4916	19.04491
200.3180	12.82	16.86439
200.4704	14.25727	18.85054
200.6228	12.70607	16.85667
200.7752	14.14887	18.7733
200.9276	12.22939	16.22864
201.0800	15.10836	20.05179
201.2324	17.74258	23.54794
201.3848	19.78264	26.24842
201.5372	17.86149	23.69935
201.6896	16.08084	21.34247
201.8420	17.8776	23.71433
201.9944	19.56822	25.92182
202.1468	18.46506	24.46046
202.2992	16.79024	22.19962
202.4516	14.14529	18.52524
202.6040	17.73812	23.05711
202.7564	21.34484	27.69774
202.9088	22.66084	29.40964
203.0612	20.50677	26.60414
203.2136	18.09206	23.45886
203.3660	17.73771	22.99323
203.5184	14.86948	19.28402
203.6708	12.23704	15.89962
203.8232	11.26734	14.66478
203.9756	13.67103	17.79326
204.1280	15.43781	20.09563
204.2804	15.19853	19.77854
204.4328	14.23849	18.53182
204.5852	12.22735	15.93689
204.7376	12.70723	16.64651
204.8900	14.61882	19.20139
205.0424	16.54185	21.97786
205.1948	17.75152	23.71128
205.3472	16.67048	22.32607
205.4996	14.03268	18.80076
205.6520	14.93373	20.00799
205.8044	12.23771	16.40019
205.9568	11.76021	15.75616
206.1092	9.172128	12.29513
206.2616	9.110291	12.23137
206.4140	10.30504	13.89643
206.5664	10.30932	13.90222
206.7188	12.47498	16.82912
206.8712	12.23838	16.5036
207.0236	13.9067	18.76056
207.1760	12.96183	17.47692
207.3284	12.96131	17.47397
207.4808	11.29019	15.21319
207.6332	12.46862	16.78333
207.7856	13.66423	18.29754
207.9380	14.13985	18.61604
208.0904	14.14443	18.56285
208.2428	13.19114	17.31419
208.3952	12.95501	17.00188
208.5476	11.95966	15.67594
208.7000	12.91453	16.80384
208.8524	14.11739	18.27186
209.0048	15.58206	20.01518
209.1572	17.0325	21.77799
209.3096	18.22051	23.30393
209.4620	20.37402	26.0505
209.6144	21.57569	27.61979
209.7668	20.13941	25.98285
209.9192	18.23384	23.61663
210.0716	17.31103	22.42138
210.2240	18.26814	23.63035
210.3764	18.74256	24.244
210.5288	16.06156	20.77004
210.6812	16.54635	21.39696
210.8336	14.3907	18.61206
210.9860	18.69497	24.18244
211.1384	22.05409	28.48212
211.2908	25.41154	32.62182
211.4432	23.11286	29.64029
211.5956	20.96127	26.87309
211.7480	19.75491	25.33773
211.9004	20.6251	26.43819
212.0528	17.5	22.43893
212.2052	17.26072	22.12885
212.3576	19.42681	24.92058
212.5100	21.81879	27.96831
212.6624	25.17187	32.20898
212.8148	21.81527	27.6972
212.9672	21.38309	27.19756
213.1196	18.03541	22.99489
213.2720	17.0694	21.80238
213.4244	13.67287	17.46407
213.5768	12.23142	15.62293
213.7292	10.7889	13.78043
213.8816	13.42664	17.14957
214.0340	17.42101	22.2515
214.1864	21.73876	27.76646
214.3388	24.52671	31.30873
214.4912	22.46028	28.6666
214.6436	21.01702	26.97639
214.7960	17.99524	22.99193
214.9484	16.30343	20.63313
215.1008	20.38857	25.81089
215.2532	22.78018	28.82974
215.4056	26.1382	33.08458
215.5580	23.97488	30.33245
215.7104	26.40601	33.41846
215.8628	25.44033	32.1914
216.0152	24.48648	30.98446
216.1676	20.62038	26.16794
216.3200	18.46705	23.62267
216.4724	18.93871	24.36607
216.6248	20.11314	25.85048
216.7772	22.74783	29.20062
216.9296	19.63457	25.19827
217.0820	18.69889	24.00453
217.2344	16.30094	20.92001
217.3868	18.68942	23.98529
217.5392	18.46552	23.65244
217.6916	19.42428	24.8731
217.8440	18.46632	23.69897
217.9964	18.70541	24.00579
218.1488	16.29431	20.85589
218.3012	17.72906	22.65512
218.4536	16.04954	20.49668
218.6060	17.25935	21.96906
218.7584	17.26652	21.92187
218.9108	18.69305	23.47567
219.0632	19.41821	24.2682
219.2156	20.86571	25.99083
219.3680	19.66932	24.45006
219.5204	23.03206	28.58899
219.6728	20.14341	25.00336
219.8252	19.59187	24.31487
219.9776	16.94602	21.02446
220.1300	20.06549	24.88275
220.2824	23.25239	28.80701
220.4348	23.00793	28.46751
220.5872	21.33659	26.45478
220.7396	22.06303	27.40359
220.8920	20.87163	25.93625
221.0444	18.70592	23.24058
221.1968	16.0678	19.96038
221.3492	18.89513	23.46967
221.5016	20.09023	24.9533
221.6540	20.09711	24.96583
221.8064	18.21957	22.62982
221.9588	15.5832	19.35839
222.1112	12.70612	15.78933
222.2636	10.76109	13.36593
222.4160	14.10548	17.50308
222.5684	15.70612	19.48927
222.7208	18.84362	23.3825
222.8732	17.42393	21.61738
223.0256	19.17738	23.79664
223.1780	16.30739	20.22888
223.3304	17.53324	21.61332
223.4828	16.09684	19.72946
223.6352	18.48623	22.31988
223.7876	17.74545	21.57394
223.9400	18.22063	22.5406
224.0924	21.34105	26.41358
224.2448	22.29658	27.59624
224.3972	24.94012	30.86315
224.5496	22.30039	27.56538
224.7020	20.48288	25.24927
224.8544	19.97701	24.60161
225.0068	18.30026	22.49631
225.1592	21.78943	26.45489
225.3116	19.65846	23.71915
225.4640	20.37491	24.81193
225.6164	20.86351	25.41219
225.7688	22.54233	27.44239
225.9212	22.05545	26.84967
226.0736	17.26942	21.02329
226.2260	17.93724	21.84356
226.3784	19.3748	23.58632
226.5308	22.49525	27.37135
226.6832	20.14145	24.4787
226.8356	20.85726	25.35287
226.9880	18.93789	23.01594
227.1404	20.8538	25.36987
227.2928	19.43106	23.70204
227.4452	20.13654	24.5912
227.5976	19.6651	24.07904
227.7500	21.72456	26.74062
227.9024	21.25037	26.24204
228.0548	18.3721	22.76811
228.2072	17.50274	21.81559
228.3596	18.46133	23.28162
228.5120	19.18462	24.28304
228.6644	17.02896	21.55451
228.8168	16.15651	20.44396
228.9692	17.59435	22.27695
229.1216	17.83455	22.64299
229.2740	16.78334	21.26312
229.4264	15.34918	19.2493
229.5788	13.90547	17.26326
229.7312	13.90484	17.22094
229.8836	14.38606	17.81403
230.0360	18.16074	22.38314
230.1884	20.08647	24.6194
230.3408	23.439	28.60055
230.4932	23.73344	28.95982
230.6456	25.89796	31.60623
230.7980	26.37047	32.21489
230.9504	28.06738	34.29359
231.1028	27.09185	33.09069
231.2552	25.42096	31.07041
231.4076	22.07961	27.03995
231.5600	20.64653	25.3224
231.7124	18.73306	22.97182
231.8648	16.31244	20.01005
232.0172	15.10959	18.53152
232.1696	16.54097	20.29038
232.3220	18.74298	23.01039
232.4744	19.12743	23.49776
232.6268	20.7121	25.43202
232.7792	20.67051	25.38925
232.9316	22.4423	27.56552
233.0840	20.13063	24.72614
233.2364	20.61767	25.31607
233.3888	21.82267	26.80005
233.5412	21.11081	25.92583
233.6936	20.61748	25.31583
233.8460	18.50264	22.71906
233.9984	19.22742	23.609
234.1508	20.6647	25.37796
234.3032	20.38248	25.02728
234.4556	22.68229	27.88308
234.6080	22.99168	28.28647
234.7604	24.17338	29.76455
234.9128	22.83511	28.09387
235.0652	20.84783	25.66565
235.2176	20.15167	24.7965
235.3700	19.41948	23.90332
235.5224	23.73958	29.21616
235.6748	27.57153	33.94316
235.8272	28.05726	34.53551
235.9796	24.70222	30.41077
236.1320	20.38495	25.08764
236.2844	22.29144	27.44288
236.4368	21.58107	26.55536
236.5892	24.20691	29.80584
236.7416	23.02053	28.33584
236.8940	24.69122	30.39227
237.0464	23.46977	28.87468
237.1988	23.22977	28.59805
237.3512	22.75074	28.00832
237.5036	23.97179	29.51155
237.6560	22.29396	27.46385
237.8084	21.57374	26.69733
237.9608	19.18741	23.91148
238.1132	21.7443	27.12385
238.2656	21.47384	26.78649
238.4180	19.04455	23.75618
238.5704	17.92388	22.35826
238.7228	18.9058	23.57939
238.8752	21.58114	26.92458
239.0276	19.41892	24.20402
239.1800	18.46791	23.00769
239.3324	20.36874	25.26697
239.4848	24.56133	30.32587
239.6372	25.55909	31.52708
239.7896	25.70085	31.71737
239.9420	27.01632	33.43233
240.0944	30.34743	37.50627
240.2468	33.08239	40.88636
240.3992	37.17064	45.93901
240.5516	38.59672	47.7015
240.7040	40.99222	50.66208
240.8564	40.9795	50.64636
241.0088	44.70755	55.27168
241.1612	44.96213	55.40663
241.3136	47.14913	57.89375
241.4660	46.2858	56.75902
241.6184	50.36145	61.59429
241.7708	50.82514	62.15315
241.9232	51.55899	63.04849
242.0756	51.76485	63.30022
242.2280	51.2855	62.74513
242.3804	56.30053	68.84665
242.5328	58.70944	71.81606
242.6852	59.44861	72.70827
242.8376	52.99809	64.96863
242.9900	46.98751	58.82476
243.1424	42.892	54.06619
243.2948	40.24536	50.4791
243.4472	37.17249	46.76977
243.5996	34.28304	43.12771
243.7520	33.33466	41.95416
243.9044	30.305	38.147
244.0568	30.56276	38.46552
244.2092	26.71998	33.61868
244.3616	27.35167	34.65748
244.5140	28.28725	35.02865
244.6664	28.29553	35.00418
244.8188	28.04648	34.72398
244.9712	26.85912	33.1897
245.1236	31.47562	38.89426
245.2760	34.57716	42.65782
245.4284	35.31037	43.57643
245.5808	33.57321	41.41248
245.7332	34.06453	42.02533
245.8856	33.08492	40.8234
246.0380	32.37428	40.10142
246.1904	32.12161	39.78598
246.3428	31.17258	38.56954
246.4952	31.56619	38.93697
246.6476	29.90181	36.88381
246.8000	31.08481	38.5598
246.9524	33.2529	41.35483
247.1048	30.60611	37.68515
247.2572	27.26698	33.57369
247.4096	26.3718	32.61898
247.5620	27.80839	34.61677
247.7144	30.21605	37.70344
247.8668	27.57299	34.46509
248.0192	32.35813	40.42731
248.1716	33.80139	42.07048
248.3240	33.09077	41.06795
248.4764	29.51236	36.48026
248.6288	30.20409	37.28088
248.7812	33.31806	41.11108
248.9336	32.6002	40.2774
249.0860	32.13245	39.53874
249.2384	33.03042	40.57744
249.3908	31.12211	38.22054
249.5432	30.63874	37.67615
249.6956	28.05499	34.49894
249.8480	32.11864	39.4702
250.0004	33.4594	41.01691
250.1528	33.95851	42.20527
250.3052	31.39328	39.62678
250.4576	30.50665	38.57258
250.6100	30.73558	38.85023
250.7624	31.40975	37.50336
250.9148	31.68265	25.74082
251.0672	29.71725	23.50387
251.2196	29.71725	23.49688
251.3720	27.19854	21.51391
251.5244	28.32052	22.39028
251.6768	29.26427	23.1364
251.8292	32.18266	25.44622
251.9816	35.55491	28.11818
252.1340	34.61469	27.36646
252.2864	34.9686	27.64902
252.4388	33.61942	26.5796
252.5912	34.18937	27.03289
252.7436	32.83504	25.96205

