HOLE:	U1513A
EXPEDITION:	369
TOP:	80.0720
BOTTOM:	254.1128
DEPTH_WMSF	DTCO	DT1	DT2	VCO	VS1	VS2
m	us/ft	us/ft	us/ft	km/s	km/s	km/s
80.0720	176.3113	242.1088	597.3894	1.7288	1.2589	0.5102
80.2244	177.5766	243.5315	665.4973	1.7164	1.2516	0.4580
80.3768	177.9967	251.8476	702.2131	1.7124	1.2103	0.4341
80.5292	174.2855	247.7199	718.7518	1.7489	1.2304	0.4241
80.6816	168.3091	250.5375	734.1637	1.8110	1.2166	0.4152
80.8340	162.3049	271.8546	753.7278	1.8779	1.1212	0.4044
80.9864	159.643	280.9956	812.1156	1.9093	1.0847	0.3753
81.1388	159.0106	343.8593	858.4028	1.9169	0.8864	0.3551
81.2912	154.8039	390.0909	861.634	1.9689	0.7814	0.3537
81.4436	152.9539	383.6845	808.3946	1.9928	0.7944	0.3770
81.5960	153.0707	357.654	762.7944	1.9912	0.8522	0.3996
81.7484	153.3418	328.1463	733.5552	1.9877	0.9289	0.4155
81.9008	151.9606	326.6489	750.2548	2.0058	0.9331	0.4063
82.0532	149.9226	341.1135	773.7551	2.0330	0.8935	0.3939
82.2056	151.6433	345.4943	694.2633	2.0100	0.8822	0.4390
82.3580	154.6769	343.5004	629.6742	1.9706	0.8873	0.4841
82.5104	155.6283	343.2035	599.3896	1.9585	0.8881	0.5085
82.6628	158.0874	377.1657	555.6472	1.9280	0.8081	0.5485
82.8152	161.1891	457.0276	548.5016	1.8909	0.6669	0.5557
82.9676	162.683	522.9242	592.3254	1.8736	0.5829	0.5146
83.1200	164.3818	554.3905	613.9979	1.8542	0.5498	0.4964
83.2724	166.5741	580.0471	594.696	1.8298	0.5255	0.5125
83.4248	168.7079	582.9961	567.2289	1.8067	0.5228	0.5373
83.5772	165.8407	596.7329	554.9658	1.8379	0.5108	0.5492
83.7296	161.8881	664.5265	557.5707	1.8828	0.4587	0.5467
83.8820	162.4154	689.5632	555.5884	1.8767	0.4420	0.5486
84.0344	164.9091	684.3715	556.1498	1.8483	0.4454	0.5481
84.1868	167.4038	718.1766	564.2876	1.8207	0.4244	0.5402
84.3392	167.523	726.6234	587.388	1.8195	0.4195	0.5189
84.4916	166.1587	787.5629	602.0752	1.8344	0.3870	0.5062
84.6440	166.8504	842.7222	582.906	1.8268	0.3617	0.5229
84.7964	169.6758	855.4463	548.4512	1.7964	0.3563	0.5557
84.9488	171.7485	862.7885	557.9614	1.7747	0.3533	0.5463
85.1012	172.179	868.5487	569.9778	1.7703	0.3509	0.5348
85.2536	172.5306	857.9075	606.381	1.7666	0.3553	0.5027
85.4060	173.957	825.5398	698.9711	1.7522	0.3692	0.4361
85.5584	173.57	811.7557	739.4937	1.7561	0.3755	0.4122
85.7108	174.99	751.8212	739.4937	1.7418	0.4054	0.4122
85.8632	175.9784	710.5587	754.499	1.7320	0.4290	0.4040
86.0156	175.7752	716.2949	768.4559	1.7340	0.4255	0.3966
86.1680	174.9067	786.2502	800.8101	1.7426	0.3877	0.3806
86.3204	175.0695	824.9545	845.7067	1.7410	0.3695	0.3604
86.4728	174.6611	870.1995	861.1373	1.7451	0.3503	0.3540
86.6252	169.0343	898.9355	845.547	1.8032	0.3391	0.3605
86.7776	161.0598	926.9396	802.9532	1.8925	0.3288	0.3796
86.9300	153.0811	931.9683	783.5421	1.9911	0.3270	0.3890
87.0824	151.0139	900.0836	758.7833	2.0184	0.3386	0.4017
87.2348	151.842	851.6719	745.4395	2.0073	0.3579	0.4089
87.3872	158.2946	804.4144	764.1818	1.9255	0.3789	0.3989
87.5396	167.4808	790.6282	780.1246	1.8199	0.3855	0.3907
87.6920	175.7482	756.9518	858.9342	1.7343	0.4027	0.3549
87.8444	178.31	711.3254	900.5936	1.7094	0.4285	0.3384
87.9968	178.3205	729.46	893.2298	1.7093	0.4178	0.3412
88.1492	175.1806	753.7813	902.803	1.7399	0.4044	0.3376
88.3016	173.8223	749.1878	904.3586	1.7535	0.4068	0.3370
88.4540	173.566	745.4846	888.93	1.7561	0.4089	0.3429
88.6064	174.196	764.6595	840.8381	1.7498	0.3986	0.3625
88.7588	175.9884	817.2498	728.2343	1.7319	0.3730	0.4185
88.9112	177.6671	831.4005	690.2029	1.7156	0.3666	0.4416
89.0636	178.1977	798.6135	628.5054	1.7105	0.3817	0.4850
89.2160	177.1775	796.3684	595.6014	1.7203	0.3827	0.5118
89.3684	176.3432	749.7413	576.7339	1.7284	0.4065	0.5285
89.5208	168.0096	713.2906	562.5941	1.8142	0.4273	0.5418
89.6732	163.595	716.1111	556.7574	1.8631	0.4256	0.5475
89.8256	163.6891	717.1503	565.9852	1.8621	0.4250	0.5385
89.9780	164.4647	714.8659	678.7697	1.8533	0.4264	0.4490
90.1304	163.9722	727.9316	739.784	1.8589	0.4187	0.4120
90.2828	163.0009	747.9789	768.9078	1.8699	0.4075	0.3964
90.4352	164.9891	752.8372	778.7866	1.8474	0.4049	0.3914
90.5876	165.4214	751.9066	781.3989	1.8426	0.4054	0.3901
90.7400	166.8054	751.7294	734.0173	1.8273	0.4055	0.4152
90.8924	168.4975	781.7075	717.4091	1.8089	0.3899	0.4249
91.0448	170.1392	833.5049	717.8378	1.7915	0.3657	0.4246
91.1972	171.1083	858.2889	711.363	1.7813	0.3551	0.4285
91.3496	170.6928	859.9264	706.5179	1.7857	0.3544	0.4314
91.5020	171.0959	843.0054	696.2471	1.7815	0.3616	0.4378
91.6544	171.8928	810.0709	695.6508	1.7732	0.3763	0.4382
91.8068	172.6901	805.1808	699.8998	1.7650	0.3785	0.4355
91.9592	172.0655	798.1171	671.1599	1.7714	0.3819	0.4541
92.1116	171.4628	753.7909	643.5447	1.7776	0.4044	0.4736
92.2640	169.3492	727.0383	631.6288	1.7998	0.4192	0.4826
92.4164	168.6301	744.6489	622.1312	1.8075	0.4093	0.4899
92.5688	168.3098	748.2231	601.2007	1.8109	0.4074	0.5070
92.7212	170.5861	728.9883	622.2139	1.7868	0.4181	0.4899
92.8736	172.2264	729.9025	632.4124	1.7698	0.4176	0.4820
93.0260	171.417	718.1586	646.5667	1.7781	0.4244	0.4714
93.1784	170.4565	704.2888	640.5548	1.7881	0.4328	0.4758
93.3308	170.0306	718.5378	680.4684	1.7926	0.4242	0.4479
93.4832	172.4698	733.0343	746.3798	1.7673	0.4158	0.4084
93.6356	172.8455	755.7899	761.5735	1.7634	0.4033	0.4002
93.7880	172.5417	736.6937	736.7755	1.7665	0.4137	0.4137
93.9404	171.1257	737.377	766.5074	1.7811	0.4134	0.3976
94.0928	170.8018	743.6831	769.3991	1.7845	0.4099	0.3962
94.2452	170.0918	710.8109	707.2499	1.7920	0.4288	0.4310
94.3976	169.6591	705.6705	669.7006	1.7965	0.4319	0.4551
94.5500	167.0204	690.5918	592.3946	1.8249	0.4414	0.5145
94.7024	164.1339	641.4195	562.4415	1.8570	0.4752	0.5419
94.8548	164.491	604.5543	545.927	1.8530	0.5042	0.5583
95.0072	166.2374	579.2328	539.2	1.8335	0.5262	0.5653
95.1596	167.0914	579.2745	606.9403	1.8242	0.5262	0.5022
95.3120	167.269	570.2058	625.5818	1.8222	0.5345	0.4872
95.4644	167.8347	652.7014	672.231	1.8161	0.4670	0.4534
95.6168	164.1402	727.931	674.58	1.8569	0.4187	0.4518
95.7692	165.6017	791.9738	642.4255	1.8406	0.3849	0.4745
95.9216	164.6623	816.7054	657.8784	1.8511	0.3732	0.4633
96.0740	163.0224	811.3998	670.639	1.8697	0.3756	0.4545
96.2264	162.7255	801.8593	693.4656	1.8731	0.3801	0.4395
96.3788	168.2763	801.6895	688.9573	1.8113	0.3802	0.4424
96.5312	167.8591	765.1927	685.3361	1.8158	0.3983	0.4447
96.6836	170.3927	769.2745	753.2213	1.7888	0.3962	0.4047
96.8360	171.5591	761.479	825.8517	1.7766	0.4003	0.3691
96.9884	170.5499	713.3219	871.9024	1.7872	0.4273	0.3496
97.1408	170.5103	728.4261	882.5964	1.7876	0.4184	0.3453
97.2932	170.0939	755.6539	905.9822	1.7920	0.4034	0.3364
97.4456	168.957	764.4882	905.6456	1.8040	0.3987	0.3366
97.5980	168.2616	770.6343	901.2369	1.8115	0.3955	0.3382
97.7504	167.4183	786.4982	861.8464	1.8206	0.3875	0.3537
97.9028	167.4946	780.636	798.9698	1.8198	0.3905	0.3815
98.0552	168.5625	772.0563	775.9105	1.8082	0.3948	0.3928
98.2076	169.8732	751.1614	740.1484	1.7943	0.4058	0.4118
98.3600	171.3739	749.4969	690.6572	1.7786	0.4067	0.4413
98.5124	174.3517	759.5812	687.8729	1.7482	0.4013	0.4431
98.6648	175.9185	778.9584	703.8179	1.7326	0.3913	0.4331
98.8172	174.3246	764.0114	707.1089	1.7485	0.3989	0.4311
98.9696	169.1072	776.6303	687.1028	1.8024	0.3925	0.4436
99.1220	165.4806	757.0461	707.6616	1.8419	0.4026	0.4307
99.2744	164.3913	729.1097	783.2708	1.8541	0.4180	0.3891
99.4268	160.51	749.6558	813.7009	1.8989	0.4066	0.3746
99.5792	158.4708	697.4076	827.1048	1.9234	0.4370	0.3685
99.7316	155.1211	702.7905	805.1332	1.9649	0.4337	0.3786
99.8840	151.5432	703.7244	733.9005	2.0113	0.4331	0.4153
100.0364	150.7588	702.4737	718.2246	2.0218	0.4339	0.4244
100.1888	153.9966	707.5642	729.5297	1.9793	0.4308	0.4178
100.3412	156.9715	681.2999	732.5739	1.9418	0.4474	0.4161
100.4936	161.6671	716.6277	727.6511	1.8854	0.4253	0.4189
100.6460	166.7802	716.0955	702.0848	1.8276	0.4256	0.4341
100.7984	170.9053	709.0772	640.022	1.7834	0.4299	0.4762
100.9508	174.9619	714.5433	602.8521	1.7421	0.4266	0.5056
101.1032	177.2752	743.871	600.6226	1.7194	0.4097	0.5075
101.2556	176.9623	750.1227	730.5252	1.7224	0.4063	0.4172
101.4080	175.9652	744.282	756.8359	1.7322	0.4095	0.4027
101.5604	175.2398	774.8405	767.5321	1.7393	0.3934	0.3971
101.7128	174.8372	790.1517	721.7472	1.7433	0.3857	0.4223
101.8652	171.8368	760.4479	737.5669	1.7738	0.4008	0.4133
102.0176	171.0906	758.1987	758.981	1.7815	0.4020	0.4016
102.1700	171.1396	743.121	739.5662	1.7810	0.4102	0.4121
102.3224	167.2365	714.6442	751.8265	1.8226	0.4265	0.4054
102.4748	165.7992	698.1767	767.044	1.8384	0.4366	0.3974
102.6272	165.6762	700.2433	740.0792	1.8397	0.4353	0.4118
102.7796	164.5039	690.4768	695.8309	1.8528	0.4414	0.4380
102.9320	165.4833	680.4312	655.2541	1.8419	0.4480	0.4652
103.0844	165.2088	679.516	655.722	1.8449	0.4486	0.4648
103.2368	165.7385	650.846	612.6389	1.8390	0.4683	0.4975
103.3892	159.0842	630.9542	711.506	1.9160	0.4831	0.4284
103.5416	158.6466	595.3289	743.0141	1.9213	0.5120	0.4102
103.6940	160.6982	639.2514	744.5426	1.8967	0.4768	0.4094
103.8464	163.3927	693.1496	744.8057	1.8654	0.4397	0.4092
103.9988	167.5474	729.0373	703.1283	1.8192	0.4181	0.4335
104.1512	166.1295	720.0075	778.2375	1.8347	0.4233	0.3917
104.3036	171.0333	690.2118	739.525	1.7821	0.4416	0.4122
104.4560	173.1358	673.0663	739.3029	1.7605	0.4529	0.4123
104.6084	173.6727	675.7664	690.2671	1.7550	0.4510	0.4416
104.7608	174.7861	685.3428	708.8081	1.7438	0.4447	0.4300
104.9132	176.3355	678.1543	690.0287	1.7285	0.4495	0.4417
105.0656	166.9323	797.3097	659.4051	1.8259	0.3823	0.4622
105.2180	164.1536	786.1697	671.7275	1.8568	0.3877	0.4538
105.3704	166.9223	775.2886	660.8453	1.8260	0.3931	0.4612
105.5228	159.2529	767.28	633.4884	1.9139	0.3972	0.4811
105.6752	158.4008	621.6646	596.1619	1.9242	0.4903	0.5113
105.8276	156.9545	599.6284	548.8091	1.9420	0.5083	0.5554
105.9800	156.9957	593.9139	551.5278	1.9415	0.5132	0.5526
106.1324	156.2252	558.2515	565.3535	1.9510	0.5460	0.5391
106.2848	155.658	601.7374	551.4392	1.9581	0.5065	0.5527
106.4372	157.9584	606.1493	617.7578	1.9296	0.5028	0.4934
106.5896	160.7577	603.6633	563.1286	1.8960	0.5049	0.5413
106.7420	161.3077	597.689	481.2629	1.8896	0.5100	0.6333
106.8944	160.4348	601.4927	507.9359	1.8998	0.5067	0.6001
107.0468	158.0262	633.1271	491.0864	1.9288	0.4814	0.6207
107.1992	159.1923	638.6263	656.6618	1.9147	0.4773	0.4642
107.3516	162.1518	601.5901	681.9769	1.8797	0.5067	0.4469
107.5040	159.9555	601.3258	700.3834	1.9055	0.5069	0.4352
107.6564	153.2717	631.9853	608.6273	1.9886	0.4823	0.5008
107.8088	151.5781	644.2346	607.434	2.0108	0.4731	0.5018
107.9612	151.6733	666.0884	595.4343	2.0096	0.4576	0.5119
108.1136	153.1112	620.9167	657.5446	1.9907	0.4909	0.4635
108.2660	155.9637	643.1734	687.9076	1.9543	0.4739	0.4431
108.4184	160.3133	663.9528	691.2552	1.9013	0.4591	0.4409
108.5708	161.2737	646.8735	701.4974	1.8900	0.4712	0.4345
108.7232	166.537	626.7823	703.3633	1.8302	0.4863	0.4333
108.8756	169.4617	593.6982	707.3555	1.7986	0.5134	0.4309
109.0280	167.1864	584.8284	568.9651	1.8231	0.5212	0.5357
109.1804	162.7452	494.9584	612.0299	1.8729	0.6158	0.4980
109.3328	159.3333	463.5155	612.0299	1.9130	0.6576	0.4980
109.4852	155.3161	432.7074	612.0822	1.9624	0.7044	0.4980
109.6376	153.0593	440.8087	617.5817	1.9914	0.6915	0.4935
109.7900	151.2746	468.4876	659.6991	2.0149	0.6506	0.4620
109.9424	150.7349	640.2662	647.0934	2.0221	0.4761	0.4710
110.0948	148.802	628.3054	639.2998	2.0484	0.4851	0.4768
110.2472	150.4319	644.1319	646.0051	2.0262	0.4732	0.4718
110.3996	156.3817	638.5077	644.1272	1.9491	0.4774	0.4732
110.5520	159.6388	637.9443	605.8076	1.9093	0.4778	0.5031
110.7044	157.3345	637.6617	601.1033	1.9373	0.4780	0.5071
110.8568	157.9482	638.3395	605.4225	1.9297	0.4775	0.5035
111.0092	159.4264	642.3028	506.6024	1.9119	0.4745	0.6017
111.1616	157.1366	623.0129	434.8403	1.9397	0.4892	0.7009
111.3140	159.8091	599.9193	474.6396	1.9073	0.5081	0.6422
111.4664	163.3856	597.9162	524.8204	1.8655	0.5098	0.5808
111.6188	159.6746	606.5244	599.8392	1.9089	0.5025	0.5081
111.7712	160.6767	586.4044	637.1749	1.8970	0.5198	0.4784
111.9236	158.6908	568.2766	676.4543	1.9207	0.5364	0.4506
112.0760	155.7522	577.9687	660.2948	1.9570	0.5274	0.4616
112.2284	153.2522	595.8372	643.9159	1.9889	0.5115	0.4734
112.3808	152.7712	622.2515	639.1064	1.9951	0.4898	0.4769
112.5332	154.0051	679.9049	651.702	1.9792	0.4483	0.4677
112.6856	153.1043	694.6243	735.0336	1.9908	0.4388	0.4147
112.8380	155.2257	697.0547	766.0805	1.9636	0.4373	0.3979
112.9904	157.8319	672.6911	845.4689	1.9312	0.4531	0.3605
113.1428	159.993	689.4345	861.6781	1.9051	0.4421	0.3537
113.2952	159.2401	705.5591	870.5469	1.9141	0.4320	0.3501
113.4476	158.4972	711.3952	877.8477	1.9231	0.4285	0.3472
113.6000	158.6999	686.9457	888.9248	1.9206	0.4437	0.3429
113.7524	157.0945	726.7555	942.5608	1.9402	0.4194	0.3234
113.9048	155.9551	743.9162	957.3373	1.9544	0.4097	0.3184
114.0572	148.8551	755.2172	967.2377	2.0476	0.4036	0.3151
114.2096	148.1811	767.0873	957.9877	2.0569	0.3973	0.3182
114.3620	152.8861	753.045	880.174	1.9936	0.4048	0.3463
114.5144	155.7397	685.7454	856.3095	1.9571	0.4445	0.3559
114.6668	157.8327	672.0626	830.6681	1.9312	0.4535	0.3669
114.8192	162.8817	633.541	779.3679	1.8713	0.4811	0.3911
114.9716	166.0321	593.3866	818.5037	1.8358	0.5137	0.3724
115.1240	165.5829	557.1527	803.8522	1.8408	0.5471	0.3792
115.2764	166.4795	572.879	713.6268	1.8309	0.5320	0.4271
115.4288	167.1456	573.8029	717.6359	1.8236	0.5312	0.4247
115.5812	170.1235	589.4129	690.5936	1.7916	0.5171	0.4414
115.7336	169.043	599.6498	609.9719	1.8031	0.5083	0.4997
115.8860	168.3257	593.8771	619.6429	1.8108	0.5132	0.4919
116.0384	166.566	587.5208	604.2417	1.8299	0.5188	0.5044
116.1908	165.5372	630.7526	591.7547	1.8413	0.4832	0.5151
116.3432	166.0003	636.0922	596.4225	1.8361	0.4792	0.5110
116.4956	163.0756	632.9316	654.613	1.8691	0.4816	0.4656
116.6480	159.7683	642.9832	685.0259	1.9078	0.4740	0.4449
116.8004	156.9682	625.3235	744.2827	1.9418	0.4874	0.4095
116.9528	156.4137	639.7188	753.8777	1.9487	0.4765	0.4043
117.1052	157.0288	651.3732	758.6884	1.9410	0.4679	0.4017
117.2576	156.6657	625.4429	749.4512	1.9455	0.4873	0.4067
117.4100	163.4149	600.0695	752.1022	1.8652	0.5079	0.4053
117.5624	169.1483	591.2357	778.6928	1.8020	0.5155	0.3914
117.7148	172.9758	606.4451	794.3435	1.7621	0.5026	0.3837
117.8672	174.5092	618.826	780.0609	1.7466	0.4925	0.3907
118.0196	174.1825	629.5959	722.1213	1.7499	0.4841	0.4221
118.1720	175.6082	639.5938	735.0072	1.7357	0.4766	0.4147
118.3244	175.5771	640.9337	693.8692	1.7360	0.4756	0.4393
118.4768	175.8767	622.509	645.625	1.7330	0.4896	0.4721
118.6292	174.3398	593.4654	615.6342	1.7483	0.5136	0.4951
118.7816	172.7928	604.8048	588.2757	1.7640	0.5040	0.5181
118.9340	171.2532	608.5984	600.5735	1.7798	0.5008	0.5075
119.0864	170.4439	606.4325	601.2137	1.7883	0.5026	0.5070
119.2388	168.0435	601.8964	598.1725	1.8138	0.5064	0.5096
119.3912	168.3874	586.5961	591.4137	1.8101	0.5196	0.5154
119.5436	170.5908	576.5771	591.263	1.7867	0.5286	0.5155
119.6960	172.6612	570.2113	595.8647	1.7653	0.5345	0.5115
119.8484	172.8522	577.8896	569.3104	1.7634	0.5274	0.5354
120.0008	172.0239	570.6747	570.707	1.7718	0.5341	0.5341
120.1532	170.8627	545.8103	540.1651	1.7839	0.5584	0.5643
120.3056	168.9641	543.6626	509.4758	1.8039	0.5606	0.5983
120.4580	169.4257	570.2229	521.7899	1.7990	0.5345	0.5841
120.6104	171.9874	583.9841	523.2254	1.7722	0.5219	0.5825
120.7628	174.8666	588.6553	532.1563	1.7430	0.5178	0.5728
120.9152	173.3356	589.9966	562.147	1.7584	0.5166	0.5422
121.0676	169.6721	590.9817	570.162	1.7964	0.5158	0.5346
121.2200	167.9084	584.9378	567.311	1.8153	0.5211	0.5373
121.3724	165.8291	577.4241	566.2422	1.8380	0.5279	0.5383
121.5248	164.0568	572.2458	563.9673	1.8579	0.5326	0.5405
121.6772	163.4904	559.6921	558.6727	1.8643	0.5446	0.5456
121.8296	166.9257	545.791	567.6647	1.8260	0.5585	0.5369
121.9820	171.4869	548.7885	571.9438	1.7774	0.5554	0.5329
122.1344	170.561	567.8492	573.8832	1.7870	0.5368	0.5311
122.2868	167.8382	585.0169	603.9651	1.8160	0.5210	0.5047
122.4392	168.406	596.7925	625.7961	1.8099	0.5107	0.4871
122.5916	172.6164	598.1603	615.1481	1.7658	0.5096	0.4955
122.7440	176.909	606.0238	596.0055	1.7229	0.5030	0.5114
122.8964	178.5912	595.8918	581.5346	1.7067	0.5115	0.5241
123.0488	178.2071	577.8777	588.2886	1.7104	0.5274	0.5181
123.2012	177.72	572.0805	596.0434	1.7151	0.5328	0.5114
123.3536	177.216	588.9443	601.2056	1.7199	0.5175	0.5070
123.5060	176.1228	612.4299	619.8694	1.7306	0.4977	0.4917
123.6584	174.8879	627.8983	661.4539	1.7428	0.4854	0.4608
123.8108	174.4444	639.2721	654.1146	1.7473	0.4768	0.4660
123.9632	173.4509	633.2408	662.4839	1.7573	0.4813	0.4601
124.1156	172.9159	625.3085	660.4686	1.7627	0.4874	0.4615
124.2680	171.1765	631.58	651.8979	1.7806	0.4826	0.4676
124.4204	171.3933	609.3459	620.8639	1.7784	0.5002	0.4909
124.5728	173.0999	593.4243	601.4916	1.7608	0.5136	0.5067
124.7252	172.9505	581.348	599.1738	1.7624	0.5243	0.5087
124.8776	170.0368	578.2123	608.7097	1.7926	0.5271	0.5007
125.0300	164.0832	574.9867	603.9059	1.8576	0.5301	0.5047
125.1824	161.085	563.1166	600.2274	1.8922	0.5413	0.5078
125.3348	162.0161	573.9509	573.8621	1.8813	0.5311	0.5311
125.4872	164.5418	590.5616	540.9471	1.8524	0.5161	0.5635
125.6396	167.8281	590.9032	548.0712	1.8161	0.5158	0.5561
125.7920	167.3873	591.0651	553.3506	1.8209	0.5157	0.5508
125.9444	167.8093	576.9195	547.471	1.8163	0.5283	0.5567
126.0968	168.5398	558.1945	545.038	1.8085	0.5460	0.5592
126.2492	171.2397	548.0322	542.0146	1.7800	0.5562	0.5623
126.4016	172.9991	548.2606	539.8168	1.7619	0.5559	0.5646
126.5540	170.9417	566.8745	540.953	1.7831	0.5377	0.5635
126.7064	168.4453	567.7701	542.3881	1.8095	0.5368	0.5620
126.8588	166.3152	556.7726	545.2102	1.8327	0.5474	0.5591
127.0112	166.4018	538.3731	531.2729	1.8317	0.5662	0.5737
127.1636	165.8493	537.3193	508.4042	1.8378	0.5673	0.5995
127.3160	166.6693	530.5123	538.9906	1.8288	0.5745	0.5655
127.4684	168.2562	507.0982	589.1541	1.8115	0.6011	0.5174
127.6208	168.247	497.1962	586.4381	1.8116	0.6130	0.5197
127.7732	168.8258	481.8578	577.8089	1.8054	0.6326	0.5275
127.9256	168.1935	476.5882	584.2424	1.8122	0.6395	0.5217
128.0780	167.9512	506.4229	593.2822	1.8148	0.6019	0.5138
128.2304	170.1304	528.5787	608.636	1.7916	0.5766	0.5008
128.3828	172.9159	536.5221	590.3787	1.7627	0.5681	0.5163
128.5352	175.2681	538.028	560.5222	1.7391	0.5665	0.5438
128.6876	172.0934	547.2637	563.3365	1.7711	0.5570	0.5411
128.8400	167.9111	550.5248	563.129	1.8152	0.5537	0.5413
128.9924	167.7607	550.7834	566.522	1.8169	0.5534	0.5380
129.1448	167.2491	555.0983	564.5506	1.8224	0.5491	0.5399
129.2972	167.3639	553.2498	571.9311	1.8212	0.5509	0.5329
129.4496	167.6095	547.9223	590.7307	1.8185	0.5563	0.5160
129.6020	166.3636	545.347	592.7452	1.8321	0.5589	0.5142
129.7544	164.4088	561.118	595.429	1.8539	0.5432	0.5119
129.9068	165.869	572.0263	600.897	1.8376	0.5328	0.5072
130.0592	167.4584	568.9021	616.1994	1.8202	0.5358	0.4946
130.2116	165.0921	582.3408	598.8445	1.8462	0.5234	0.5090
130.3640	165.6064	595.1127	568.9051	1.8405	0.5122	0.5358
130.5164	167.2003	580.1916	545.3844	1.8230	0.5253	0.5589
130.6688	166.8026	565.4244	510.6881	1.8273	0.5391	0.5968
130.8212	166.7883	563.7626	506.9027	1.8275	0.5407	0.6013
130.9736	166.885	551.6914	531.7112	1.8264	0.5525	0.5732
131.1260	168.1487	532.7158	547.9806	1.8127	0.5722	0.5562
131.2784	168.5849	523.8477	548.1262	1.8080	0.5818	0.5561
131.4308	168.9307	527.0552	552.3141	1.8043	0.5783	0.5519
131.5832	169.5592	531.3917	554.0232	1.7976	0.5736	0.5502
131.7356	170.8901	539.7038	550.7387	1.7836	0.5648	0.5534
131.8880	173.4741	547.6161	545.7577	1.7570	0.5566	0.5585
132.0404	173.1862	539.1862	548.429	1.7600	0.5653	0.5558
132.1928	172.6218	533.1653	560.0682	1.7657	0.5717	0.5442
132.3452	173.4915	534.2365	566.9998	1.7569	0.5705	0.5376
132.4976	173.5413	543.7096	563.1452	1.7564	0.5606	0.5412
132.6500	172.1872	552.9786	565.2381	1.7702	0.5512	0.5392
132.8024	170.7049	542.9203	565.7001	1.7855	0.5614	0.5388
132.9548	169.6904	535.482	564.6774	1.7962	0.5692	0.5398
133.1072	171.0756	541.3139	579.3251	1.7817	0.5631	0.5261
133.2596	173.1473	558.4541	592.5011	1.7604	0.5458	0.5144
133.4120	173.2135	562.9659	588.4658	1.7597	0.5414	0.5180
133.5644	172.2911	550.4831	584.785	1.7691	0.5537	0.5212
133.7168	172.1275	561.5681	601.5876	1.7708	0.5428	0.5067
133.8692	168.2269	575.4044	613.0504	1.8118	0.5297	0.4972
134.0216	166.4436	559.4219	580.3723	1.8313	0.5448	0.5252
134.1740	167.0414	535.8522	565.3046	1.8247	0.5688	0.5392
134.3264	166.8029	526.7173	561.4274	1.8273	0.5787	0.5429
134.4788	166.7768	528.7816	568.9631	1.8276	0.5764	0.5357
134.6312	166.3525	530.4886	579.9438	1.8323	0.5746	0.5256
134.7836	165.2852	545.0943	572.2349	1.8441	0.5592	0.5326
134.9360	166.9824	537.5795	579.6499	1.8253	0.5670	0.5258
135.0884	168.1407	541.855	570.5027	1.8128	0.5625	0.5343
135.2408	169.2411	552.1718	560.0452	1.8010	0.5520	0.5442
135.3932	165.2847	555.105	558.4553	1.8441	0.5491	0.5458
135.5456	161.999	550.6938	555.319	1.8815	0.5535	0.5489
135.6980	163.4582	546.1909	550.7753	1.8647	0.5580	0.5534
135.8504	168.9338	547.4918	552.9791	1.8043	0.5567	0.5512
136.0028	172.0027	537.4068	546.8536	1.7721	0.5672	0.5574
136.1552	174.6683	531.8891	521.0459	1.7450	0.5731	0.5850
136.3076	175.839	524.7372	498.964	1.7334	0.5809	0.6109
136.4600	175.7708	527.5844	505.7105	1.7341	0.5777	0.6027
136.6124	175.2366	540.3491	553.1224	1.7394	0.5641	0.5511
136.7648	173.5933	526.2567	549.1985	1.7558	0.5792	0.5550
136.9172	171.312	521.4478	547.6417	1.7792	0.5845	0.5566
137.0696	170.5398	529.7263	569.2286	1.7873	0.5754	0.5355
137.2220	170.3364	536.8658	572.6741	1.7894	0.5677	0.5322
137.3744	169.7543	561.8307	547.8912	1.7955	0.5425	0.5563
137.5268	166.2583	558.2294	533.14	1.8333	0.5460	0.5717
137.6792	164.3501	534.6907	531.8857	1.8546	0.5700	0.5731
137.8316	165.5345	550.2294	546.7676	1.8413	0.5540	0.5575
137.9840	167.2129	552.3008	573.8312	1.8228	0.5519	0.5312
138.1364	169.7991	568.5286	572.9701	1.7951	0.5361	0.5320
138.2888	170.9034	584.8561	566.5284	1.7835	0.5212	0.5380
138.4412	171.5603	584.3301	564.1307	1.7766	0.5216	0.5403
138.5936	166.8155	575.0952	557.4346	1.8272	0.5300	0.5468
138.7460	165.2112	562.8792	549.9398	1.8449	0.5415	0.5542
138.8984	165.8367	546.2346	547.8832	1.8380	0.5580	0.5563
139.0508	167.0976	549.7026	574.9216	1.8241	0.5545	0.5302
139.2032	169.0991	535.4504	605.3892	1.8025	0.5692	0.5035
139.3556	172.0433	537.3244	621.6689	1.7716	0.5673	0.4903
139.5080	173.8438	558.1656	610.6335	1.7533	0.5461	0.4992
139.6604	174.5909	602.0185	613.5635	1.7458	0.5063	0.4968
139.8128	172.8408	602.8282	604.8912	1.7635	0.5056	0.5039
139.9652	169.7064	592.723	608.3521	1.7960	0.5142	0.5010
140.1176	169.8608	573.9106	582.9962	1.7944	0.5311	0.5228
140.2700	171.3573	564.2098	574.7636	1.7787	0.5402	0.5303
140.4224	169.6617	573.2216	599.4515	1.7965	0.5317	0.5085
140.5748	168.3213	579.6106	610.4986	1.8108	0.5259	0.4993
140.7272	167.8278	592.3179	612.0249	1.8161	0.5146	0.4980
140.8796	171.2556	590.0928	608.8403	1.7798	0.5165	0.5006
141.0320	171.6293	599.1478	585.7425	1.7759	0.5087	0.5204
141.1844	167.8195	580.9194	565.6693	1.8162	0.5247	0.5388
141.3368	166.5288	580.7323	577.3701	1.8303	0.5249	0.5279
141.4892	165.1132	573.822	590.2896	1.8460	0.5312	0.5164
141.6416	164.7964	593.959	590.9239	1.8496	0.5132	0.5158
141.7940	165.9956	622.6258	591.4243	1.8362	0.4895	0.5154
141.9464	166.6774	639.6605	598.6327	1.8287	0.4765	0.5092
142.0988	166.571	640.7901	658.938	1.8299	0.4757	0.4626
142.2512	165.7394	657.3825	682.8543	1.8390	0.4637	0.4464
142.4036	164.7462	664.6387	680.5431	1.8501	0.4586	0.4479
142.5560	164.1166	645.9291	679.5786	1.8572	0.4719	0.4485
142.7084	167.4807	609.0886	666.3726	1.8199	0.5004	0.4574
142.8608	168.7021	599.9924	631.1879	1.8067	0.5080	0.4829
143.0132	166.9849	597.6667	614.7991	1.8253	0.5100	0.4958
143.1656	168.7896	611.0855	629.1885	1.8058	0.4988	0.4844
143.3180	168.2701	650.1932	616.7549	1.8114	0.4688	0.4942
143.4704	169.9956	643.2515	590.4866	1.7930	0.4738	0.5162
143.6228	171.109	586.1109	584.4667	1.7813	0.5200	0.5215
143.7752	170.9921	565.7783	596.0514	1.7825	0.5387	0.5114
143.9276	169.8948	567.6962	594.6258	1.7941	0.5369	0.5126
144.0800	172.0645	586.392	598.9898	1.7714	0.5198	0.5089
144.2324	175.6831	594.5887	566.4401	1.7349	0.5126	0.5381
144.3848	176.6126	616.3679	631.1209	1.7258	0.4945	0.4830
144.5372	174.9487	640.0715	653.2844	1.7422	0.4762	0.4666
144.6896	173.1625	663.9984	677.8495	1.7602	0.4590	0.4497
144.8420	172.1689	692.1159	676.0138	1.7704	0.4404	0.4509
144.9944	170.9781	704.6325	695.7258	1.7827	0.4326	0.4381
145.1468	170.8327	702.1683	672.7347	1.7842	0.4341	0.4531
145.2992	171.9371	680.8271	675.2029	1.7727	0.4477	0.4514
145.4516	169.9921	679.9507	670.5312	1.7930	0.4483	0.4546
145.6040	169.5958	670.2321	640.0507	1.7972	0.4548	0.4762
145.7564	169.3459	598.5818	619.8076	1.7999	0.5092	0.4918
145.9088	162.0318	581.9922	618.8565	1.8811	0.5237	0.4925
146.0612	160.1065	596.0485	666.2243	1.9037	0.5114	0.4575
146.2136	162.9069	597.9824	708.5742	1.8710	0.5097	0.4302
146.3660	168.2157	562.8293	723.0415	1.8120	0.5415	0.4216
146.5184	169.8931	545.2073	728.0473	1.7941	0.5591	0.4187
146.6708	170.2756	533.8254	737.0348	1.7900	0.5710	0.4135
146.8232	167.1532	568.8165	753.0497	1.8235	0.5358	0.4048
146.9756	167.3766	579.3298	725.6509	1.8210	0.5261	0.4200
147.1280	166.8185	576.4651	752.0416	1.8271	0.5287	0.4053
147.2804	165.7319	598.624	769.1342	1.8391	0.5092	0.3963
147.4328	164.5825	594.5346	724.7432	1.8520	0.5127	0.4206
147.5852	162.6182	580.0524	775.5541	1.8743	0.5255	0.3930
147.7376	164.0396	579.9051	739.5036	1.8581	0.5256	0.4122
147.8900	166.768	592.1008	699.9986	1.8277	0.5148	0.4354
148.0424	169.5542	561.3144	655.9827	1.7977	0.5430	0.4646
148.1948	170.7313	557.5097	611.3091	1.7853	0.5467	0.4986
148.3472	172.9958	559.1771	616.5652	1.7619	0.5451	0.4944
148.4996	172.2755	580.222	636.4521	1.7693	0.5253	0.4789
148.6520	171.0751	584.5367	632.6638	1.7817	0.5214	0.4818
148.8044	165.7962	581.8068	607.925	1.8384	0.5239	0.5014
148.9568	166.1993	609.0633	610.5468	1.8339	0.5004	0.4992
149.1092	165.9156	623.9406	593.4263	1.8371	0.4885	0.5136
149.2616	165.856	579.7538	530.0103	1.8377	0.5257	0.5751
149.4140	165.6173	545.1497	510.7312	1.8404	0.5591	0.5968
149.5664	165.5442	551.0892	526.7682	1.8412	0.5531	0.5786
149.7188	170.6129	560.7521	541.6712	1.7865	0.5436	0.5627
149.8712	172.5362	574.3964	540.972	1.7666	0.5306	0.5634
150.0236	171.9075	563.2936	558.0515	1.7730	0.5411	0.5462
150.1760	173.5544	565.4607	570.6843	1.7562	0.5390	0.5341
150.3284	169.909	563.359	564.9139	1.7939	0.5410	0.5396
150.4808	169.2939	576.7969	573.1049	1.8004	0.5284	0.5318
150.6332	166.6371	560.4067	569.787	1.8291	0.5439	0.5349
150.7856	164.781	556.4265	551.6872	1.8497	0.5478	0.5525
150.9380	163.2157	566.7917	547.5494	1.8675	0.5378	0.5567
151.0904	162.1518	563.3202	542.8768	1.8797	0.5411	0.5615
151.2428	164.0149	578.8398	547.0159	1.8584	0.5266	0.5572
151.3952	160.0146	576.8702	537.4052	1.9048	0.5284	0.5672
151.5476	160.8534	569.1356	519.3366	1.8949	0.5355	0.5869
151.7000	164.6765	550.8526	486.7201	1.8509	0.5533	0.6262
151.8524	164.1823	538.0085	499.8417	1.8565	0.5665	0.6098
152.0048	164.7256	517.3558	493.154	1.8503	0.5891	0.6181
152.1572	160.2056	510.8574	478.9451	1.9026	0.5966	0.6364
152.3096	157.7237	515.8331	477.7326	1.9325	0.5909	0.6380
152.4620	156.8736	509.9293	475.0123	1.9430	0.5977	0.6417
152.6144	156.1546	504.5851	477.2652	1.9519	0.6041	0.6386
152.7668	156.4277	513.5997	498.4859	1.9485	0.5935	0.6115
152.9192	157.5592	495.8814	475.5589	1.9345	0.6147	0.6409
153.0716	156.8362	478.5582	483.8717	1.9434	0.6369	0.6299
153.2240	163.2634	511.4842	474.8631	1.8669	0.5959	0.6419
153.3764	167.0839	505.8234	469.6963	1.8242	0.6026	0.6489
153.5288	165.8039	517.5549	477.5125	1.8383	0.5889	0.6383
153.6812	165.7679	523.8931	541.809	1.8387	0.5818	0.5626
153.8336	165.1822	566.5663	555.3267	1.8452	0.5380	0.5489
153.9860	163.144	559.239	566.2352	1.8683	0.5450	0.5383
154.1384	157.5584	570.4452	491.666	1.9345	0.5343	0.6199
154.2908	158.446	561.5452	496.9649	1.9237	0.5428	0.6133
154.4432	154.0207	537.885	499.7232	1.9790	0.5667	0.6099
154.5956	152.3593	542.4523	500.5179	2.0005	0.5619	0.6090
154.7480	153.4965	562.4351	486.4577	1.9857	0.5419	0.6266
154.9004	153.4916	548.0092	474.6588	1.9858	0.5562	0.6421
155.0528	153.4237	546.2695	491.4938	1.9867	0.5580	0.6202
155.2052	156.9722	535.5677	536.8899	1.9417	0.5691	0.5677
155.3576	160.1858	539.4942	565.3983	1.9028	0.5650	0.5391
155.5100	161.9942	549.4478	554.7542	1.8815	0.5547	0.5494
155.6624	162.7143	559.1511	563.0081	1.8732	0.5451	0.5414
155.8148	163.2841	560.1701	590.8029	1.8667	0.5441	0.5159
155.9672	160.8782	570.1627	598.1623	1.8946	0.5346	0.5096
156.1196	166.3498	563.4923	580.3519	1.8323	0.5409	0.5252
156.2720	167.8254	563.858	575.7068	1.8162	0.5406	0.5294
156.4244	167.6932	546.8475	541.5524	1.8176	0.5574	0.5628
156.5768	168.3677	517.382	530.7787	1.8103	0.5891	0.5743
156.7292	167.0534	514.8504	505.7838	1.8246	0.5920	0.6026
156.8816	167.0869	496.9904	532.5059	1.8242	0.6133	0.5724
157.0340	163.0838	518.5076	501.011	1.8690	0.5878	0.6084
157.1864	159.6513	503.3607	509.607	1.9092	0.6055	0.5981
157.3388	156.1784	508.8127	521.4123	1.9516	0.5990	0.5846
157.4912	155.8728	527.357	515.6943	1.9554	0.5780	0.5910
157.6436	157.4028	538.7604	499.3353	1.9364	0.5657	0.6104
157.7960	156.383	543.4631	489.823	1.9491	0.5608	0.6223
157.9484	149.0742	548.3543	502.7779	2.0446	0.5558	0.6062
158.1008	145.5489	510.2365	504.6822	2.0941	0.5974	0.6039
158.2532	147.6425	540.0888	498.0874	2.0644	0.5644	0.6119
158.4056	146.9209	526.3541	491.9191	2.0746	0.5791	0.6196
158.5580	146.6753	524.397	460.3833	2.0781	0.5812	0.6621
158.7104	151.1221	519.8176	441.8663	2.0169	0.5864	0.6898
158.8628	150.8501	503.1737	440.0537	2.0205	0.6058	0.6926
159.0152	156.2746	469.6296	420.4182	1.9504	0.6490	0.7250
159.1676	160.6693	451.9137	500.6287	1.8971	0.6745	0.6088
159.3200	165.6304	441.7501	513.0839	1.8402	0.6900	0.5941
159.4724	165.4128	457.1643	560.675	1.8427	0.6667	0.5436
159.6248	164.0505	459.6877	495.4732	1.8580	0.6631	0.6152
159.7772	161.0554	476.5999	494.4145	1.8925	0.6395	0.6165
159.9296	158.5033	508.0682	491.4603	1.9230	0.5999	0.6202
160.0820	159.3639	517.9693	535.0785	1.9126	0.5885	0.5696
160.2344	155.7995	506.187	493.8786	1.9564	0.6021	0.6172
160.3868	152.5697	494.644	498.8152	1.9978	0.6162	0.6110
160.5392	155.0354	470.1976	463.5275	1.9660	0.6482	0.6576
160.6916	156.1019	474.1426	494.8951	1.9526	0.6428	0.6159
160.8440	156.6144	451.332	516.6046	1.9462	0.6753	0.5900
160.9964	162.1584	431.1078	512.1806	1.8796	0.7070	0.5951
161.1488	163.6896	438.5496	505.2596	1.8621	0.6950	0.6033
161.3012	163.3651	453.6439	494.8012	1.8658	0.6719	0.6160
161.4536	163.1647	470.6171	532.6707	1.8681	0.6477	0.5722
161.6060	163.5651	464.1219	519.0314	1.8635	0.6567	0.5872
161.7584	162.8541	489.2694	533.1425	1.8716	0.6230	0.5717
161.9108	153.7996	511.8475	498.6358	1.9818	0.5955	0.6113
162.0632	148.5633	476.7286	515.7727	2.0517	0.6394	0.5910
162.2156	144.1267	484.7562	451.9134	2.1148	0.6288	0.6745
162.3680	146.6872	489.2365	468.4626	2.0779	0.6230	0.6506
162.5204	145.3778	480.2801	469.9378	2.0966	0.6346	0.6486
162.6728	157.8236	471.9305	500.0066	1.9313	0.6459	0.6096
162.8252	154.6265	462.1722	490.3667	1.9712	0.6595	0.6216
162.9776	154.1836	476.0287	469.6794	1.9769	0.6403	0.6490
163.1300	152.4823	509.2592	490.8815	1.9989	0.5985	0.6209
163.2824	152.0071	485.2247	460.873	2.0052	0.6282	0.6614
163.4348	153.2212	491.534	456.025	1.9893	0.6201	0.6684
163.5872	154.5443	483.2058	437.9737	1.9723	0.6308	0.6959
163.7396	153.6246	495.6714	439.268	1.9841	0.6149	0.6939
163.8920	152.5804	479.1569	450.6812	1.9976	0.6361	0.6763
164.0444	151.8539	535.9671	442.2461	2.0072	0.5687	0.6892
164.1968	152.2805	542.3337	472.7739	2.0016	0.5620	0.6447
164.3492	151.8695	579.2498	487.6837	2.0070	0.5262	0.6250
164.5016	152.9794	609.2236	473.5882	1.9924	0.5003	0.6436
164.6540	151.8667	656.1967	455.4392	2.0070	0.4645	0.6692
164.8064	148.5261	655.3644	477.5787	2.0522	0.4651	0.6382
164.9588	144.21	656.1255	419.0058	2.1136	0.4645	0.7274
165.1112	141.5727	659.5684	438.9691	2.1530	0.4621	0.6944
165.2636	144.4935	688.6999	432.4243	2.1094	0.4426	0.7049
165.4160	146.8221	706.9484	466.5696	2.0760	0.4311	0.6533
165.5684	148.0372	717.0185	457.9991	2.0589	0.4251	0.6655
165.7208	150.0201	696.9573	454.2671	2.0317	0.4373	0.6710
165.8732	150.4047	559.7375	463.58	2.0265	0.5445	0.6575
166.0256	148.5517	491.924	429.9965	2.0518	0.6196	0.7088
166.1780	150.0754	491.4312	428.7729	2.0310	0.6202	0.7109
166.3304	150.7342	488.2964	430.9264	2.0221	0.6242	0.7073
166.4828	149.9013	456.3717	450.9398	2.0333	0.6679	0.6759
166.6352	149.4662	445.185	503.69	2.0393	0.6847	0.6051
166.7876	149.2976	459.9463	477.4548	2.0416	0.6627	0.6384
166.9400	146.7555	451.9093	452.8541	2.0769	0.6745	0.6731
167.0924	145.4032	465.5165	468.8421	2.0962	0.6548	0.6501
167.2448	145.529	488.8885	481.8418	2.0944	0.6235	0.6326
167.3972	145.119	499.0691	456.272	2.1003	0.6107	0.6680
167.5496	145.5815	497.3586	466.903	2.0937	0.6128	0.6528
167.7020	145.3047	484.7776	488.3318	2.0977	0.6287	0.6242
167.8544	145.8813	484.5492	467.6289	2.0894	0.6290	0.6518
168.0068	147.6377	479.3902	457.0735	2.0645	0.6358	0.6669
168.1592	152.3383	473.7983	460.169	2.0008	0.6433	0.6624
168.3116	154.2774	449.151	477.3445	1.9757	0.6786	0.6385
168.4640	158.5591	437.4456	474.3083	1.9223	0.6968	0.6426
168.6164	160.8992	456.3611	466.2867	1.8944	0.6679	0.6537
168.7688	159.8348	482.9868	482.7762	1.9070	0.6311	0.6313
168.9212	159.9702	496.8186	517.931	1.9054	0.6135	0.5885
169.0736	159.1345	515.7129	526.6583	1.9154	0.5910	0.5787
169.2260	158.6415	517.7402	516.5034	1.9213	0.5887	0.5901
169.3784	156.9411	519.7137	497.0753	1.9421	0.5865	0.6132
169.5308	156.6236	522.6234	481.7814	1.9461	0.5832	0.6327
169.6832	157.1364	499.8802	466.8308	1.9397	0.6097	0.6529
169.8356	156.743	477.2252	456.7249	1.9446	0.6387	0.6674
169.9880	156.641	455.5189	459.0695	1.9459	0.6691	0.6640
170.1404	154.8982	460.4989	466.6685	1.9677	0.6619	0.6531
170.2928	154.6272	462.9745	458.7487	1.9712	0.6584	0.6644
170.4452	151.8634	466.1801	461.2697	2.0071	0.6538	0.6608
170.5976	148.9593	478.3332	456.4785	2.0462	0.6372	0.6677
170.7500	148.8947	489.9641	461.8334	2.0471	0.6221	0.6600
170.9024	151.8534	496.3807	468.4696	2.0072	0.6140	0.6506
171.0548	154.3256	484.6071	457.0845	1.9750	0.6290	0.6668
171.2072	153.7558	484.7696	433.1624	1.9824	0.6288	0.7037
171.3596	153.0292	493.8627	451.7053	1.9918	0.6172	0.6748
171.5120	153.1601	507.527	495.911	1.9901	0.6006	0.6146
171.6644	153.2798	520.7063	504.3672	1.9885	0.5854	0.6043
171.8168	155.0092	517.5009	490.9716	1.9663	0.5890	0.6208
171.9692	159.8744	465.0277	495.2731	1.9065	0.6554	0.6154
172.1216	163.3159	467.4089	544.3547	1.8663	0.6521	0.5599
172.2740	163.5372	471.0655	576.8163	1.8638	0.6470	0.5284
172.4264	161.469	463.922	586.6937	1.8877	0.6570	0.5195
172.5788	160.1094	475.0657	579.9213	1.9037	0.6416	0.5256
172.7312	160.3325	520.8379	557.8264	1.9010	0.5852	0.5464
172.8836	160.0072	547.2169	541.058	1.9049	0.5570	0.5633
173.0360	159.7974	534.7444	548.9681	1.9074	0.5700	0.5552
173.1884	159.9781	533.9399	541.057	1.9053	0.5709	0.5633
173.3408	160.9846	528.1457	540.8928	1.8933	0.5771	0.5635
173.4932	161.3655	532.3282	551.8239	1.8889	0.5726	0.5524
173.6456	161.4576	531.9931	541.7803	1.8878	0.5729	0.5626
173.7980	161.4099	547.0646	536.7478	1.8884	0.5572	0.5679
173.9504	160.9002	558.1716	551.4243	1.8943	0.5461	0.5528
174.1028	162.0632	550.6049	556.2135	1.8807	0.5536	0.5480
174.2552	165.3924	546.16	525.9614	1.8429	0.5581	0.5795
174.4076	167.2142	534.4079	514.4243	1.8228	0.5704	0.5925
174.5600	167.1408	530.2552	506.7126	1.8236	0.5748	0.6015
174.7124	167.2624	522.1587	518.8561	1.8223	0.5837	0.5874
174.8648	168.3835	517.7068	540.621	1.8102	0.5888	0.5638
175.0172	168.2569	529.9291	561.087	1.8115	0.5752	0.5432
175.1696	162.4351	536.484	553.1549	1.8764	0.5681	0.5510
175.3220	156.061	534.4899	510.4755	1.9531	0.5703	0.5971
175.4744	154.4543	522.6042	483.6068	1.9734	0.5832	0.6303
175.6268	154.0099	511.1878	496.5838	1.9791	0.5963	0.6138
175.7792	155.2385	520.0121	525.4103	1.9634	0.5861	0.5801
175.9316	156.2051	542.261	504.1397	1.9513	0.5621	0.6046
176.0840	158.5516	512.0981	467.1577	1.9224	0.5952	0.6525
176.2364	160.0388	471.2475	445.2071	1.9045	0.6468	0.6846
176.3888	158.775	455.2323	419.7908	1.9197	0.6695	0.7261
176.5412	158.2771	444.2536	390.9186	1.9257	0.6861	0.7797
176.6936	159.5533	441.9815	387.1342	1.9103	0.6896	0.7873
176.8460	159.7199	446.1461	405.4624	1.9083	0.6832	0.7517
176.9984	159.4138	456.8447	409.591	1.9120	0.6672	0.7442
177.1508	159.391	458.577	409.4282	1.9123	0.6647	0.7445
177.3032	159.8237	457.9571	412.5729	1.9071	0.6656	0.7388
177.4556	160.219	471.4655	423.0831	1.9024	0.6465	0.7204
177.6080	159.8683	476.9315	438.432	1.9066	0.6391	0.6952
177.7604	162.4819	469.8677	451.8759	1.8759	0.6487	0.6745
177.9128	166.2061	478.945	462.25	1.8339	0.6364	0.6594
178.0652	166.8009	492.6877	469.3118	1.8273	0.6186	0.6495
178.2176	166.7953	505.4143	495.2672	1.8274	0.6031	0.6154
178.3700	166.602	517.5764	520.1478	1.8295	0.5889	0.5860
178.5224	165.1707	519.1202	525.4155	1.8454	0.5871	0.5801
178.6748	161.9993	523.3008	510.0912	1.8815	0.5825	0.5975
178.8272	160.8198	512.4195	491.481	1.8953	0.5948	0.6202
178.9796	161.908	496.7589	489.1592	1.8826	0.6136	0.6231
179.1320	161.7144	499.1208	496.0084	1.8848	0.6107	0.6145
179.2844	162.1971	496.1571	502.602	1.8792	0.6143	0.6064
179.4368	163.4242	488.2712	487.4625	1.8651	0.6242	0.6253
179.5892	163.0963	477.4419	467.2867	1.8688	0.6384	0.6523
179.7416	162.7865	474.9558	468.4559	1.8724	0.6417	0.6506
179.8940	162.3852	479.4369	476.9186	1.8770	0.6357	0.6391
180.0464	161.7729	480.1204	486.8407	1.8841	0.6348	0.6261
180.1988	161.938	485.2622	491.7782	1.8822	0.6281	0.6198
180.3512	162.6842	492.8757	486.8889	1.8736	0.6184	0.6260
180.5036	163.3764	492.6935	478.3989	1.8656	0.6186	0.6371
180.6560	161.078	493.2953	463.0102	1.8923	0.6179	0.6583
180.8084	159.6527	494.535	448.8942	1.9091	0.6163	0.6790
180.9608	160.6601	488.2262	461.273	1.8972	0.6243	0.6608
181.1132	162.5509	488.4302	470.6758	1.8751	0.6240	0.6476
181.2656	164.037	497.6924	472.7808	1.8581	0.6124	0.6447
181.4180	163.5644	504.4333	500.9454	1.8635	0.6042	0.6084
181.5704	164.7557	512.1855	517.8436	1.8500	0.5951	0.5886
181.7228	165.8754	522.1645	523.0009	1.8375	0.5837	0.5828
181.8752	165.9151	521.0833	524.094	1.8371	0.5849	0.5816
182.0276	166.2502	513.1328	528.7651	1.8334	0.5940	0.5764
182.1800	165.3407	511.7506	519.3638	1.8435	0.5956	0.5869
182.3324	164.786	513.512	509.6764	1.8497	0.5936	0.5980
182.4848	164.3139	507.1536	500.3908	1.8550	0.6010	0.6091
182.6372	162.9336	501.0688	500.0487	1.8707	0.6083	0.6095
182.7896	162.9577	501.6073	502.9469	1.8704	0.6076	0.6060
182.9420	164.1611	512.5691	519.2712	1.8567	0.5947	0.5870
183.0944	165.058	514.3443	526.5333	1.8466	0.5926	0.5789
183.2468	166.3501	518.7532	546.5526	1.8323	0.5876	0.5577
183.3992	167.5636	530.1953	558.4033	1.8190	0.5749	0.5458
183.5516	168.5332	544.0729	560.5228	1.8085	0.5602	0.5438
183.7040	169.2793	545.3586	561.2374	1.8006	0.5589	0.5431
183.8564	169.3799	535.6834	543.1509	1.7995	0.5690	0.5612
184.0088	170.4637	525.5013	541.1248	1.7881	0.5800	0.5633
184.1612	168.3533	514.2896	530.1793	1.8105	0.5927	0.5749
184.3136	165.8864	515.3248	523.9045	1.8374	0.5915	0.5818
184.4660	164.3642	509.9922	516.5087	1.8544	0.5977	0.5901
184.6184	164.9052	516.744	516.0345	1.8483	0.5898	0.5907
184.7708	165.817	521.7615	488.8812	1.8382	0.5842	0.6235
184.9232	168.1437	521.6327	484.8329	1.8127	0.5843	0.6287
185.0756	168.8949	514.8918	484.2876	1.8047	0.5920	0.6294
185.2280	168.622	521.0054	498.577	1.8076	0.5850	0.6113
185.3804	166.6461	521.0712	490.2826	1.8290	0.5849	0.6217
185.5328	164.32	511.0468	491.2066	1.8549	0.5964	0.6205
185.6852	163.0997	492.4066	475.3668	1.8688	0.6190	0.6412
185.8376	160.026	500.7281	452.431	1.9047	0.6087	0.6737
185.9900	159.0388	510.722	444.1646	1.9165	0.5968	0.6862
186.1424	159.8947	499.519	435.0236	1.9063	0.6102	0.7007
186.2948	158.9859	491.988	428.1401	1.9172	0.6195	0.7119
186.4472	158.6547	488.7979	431.1069	1.9212	0.6236	0.7070
186.5996	159.4231	493.1701	448.62	1.9119	0.6180	0.6794
186.7520	162.4582	488.7536	459.3086	1.8762	0.6236	0.6636
186.9044	165.4504	475.6532	477.3366	1.8422	0.6408	0.6385
187.0568	165.4048	460.6215	470.7566	1.8428	0.6617	0.6475
187.2092	165.8385	450.0549	476.6501	1.8379	0.6773	0.6395
187.3616	165.2327	460.77	498.8679	1.8447	0.6615	0.6110
187.5140	165.3414	461.329	501.6354	1.8435	0.6607	0.6076
187.6664	166.1595	469.7028	504.0959	1.8344	0.6489	0.6046
187.8188	165.6191	481.6077	491.7643	1.8404	0.6329	0.6198
187.9712	164.9608	478.9664	486.395	1.8477	0.6364	0.6267
188.1236	166.2329	461.9467	484.6009	1.8336	0.6598	0.6290
188.2760	164.7505	456.537	496.9476	1.8501	0.6676	0.6133
188.4284	161.843	458.9463	488.2647	1.8833	0.6641	0.6243
188.5808	159.3069	464.9559	478.127	1.9133	0.6555	0.6375
188.7332	159.5296	474.4417	458.3638	1.9106	0.6424	0.6650
188.8856	157.9907	456.3483	460.4133	1.9292	0.6679	0.6620
189.0380	159.5179	489.22	455.1457	1.9108	0.6230	0.6697
189.1904	160.0079	504.7797	458.6194	1.9049	0.6038	0.6646
189.3428	157.9122	505.3851	450.2449	1.9302	0.6031	0.6770
189.4952	157.906	505.1625	433.9906	1.9303	0.6034	0.7023
189.6476	157.6451	510.3448	434.0235	1.9335	0.5972	0.7023
189.8000	157.9124	489.6487	422.4998	1.9302	0.6225	0.7214
189.9524	160.6583	484.7535	436.1069	1.8972	0.6288	0.6989
190.1048	161.1957	493.5282	433.8914	1.8909	0.6176	0.7025
190.2572	163.0598	489.3105	454.9864	1.8693	0.6229	0.6699
190.4096	163.7325	433.8164	477.385	1.8616	0.7026	0.6385
190.5620	166.1837	428.237	511.565	1.8341	0.7118	0.5958
190.7144	168.4123	421.761	528.7289	1.8098	0.7227	0.5765
190.8668	167.1163	456.5226	522.9968	1.8239	0.6677	0.5828
191.0192	168.1022	469.2278	541.5237	1.8132	0.6496	0.5629
191.1716	166.8035	538.6893	528.5987	1.8273	0.5658	0.5766
191.3240	166.6583	513.8432	510.1414	1.8289	0.5932	0.5975
191.4764	166.6857	506.9329	496.1791	1.8286	0.6013	0.6143
191.6288	166.9894	490.493	503.0251	1.8253	0.6214	0.6059
191.7812	169.1063	503.6625	511.2682	1.8024	0.6052	0.5962
191.9336	171.2715	498.8629	515.5273	1.7796	0.6110	0.5912
192.0860	169.6808	507.0019	516.1539	1.7963	0.6012	0.5905
192.2384	168.6712	503.7144	520.6913	1.8071	0.6051	0.5854
192.3908	166.5669	495.7956	525.6967	1.8299	0.6148	0.5798
192.5432	162.3168	492.9025	541.4796	1.8778	0.6184	0.5629
192.6956	158.1254	478.2857	525.942	1.9276	0.6373	0.5795
192.8480	157.965	503.9523	493.0077	1.9295	0.6048	0.6182
193.0004	157.8333	537.1451	478.4727	1.9312	0.5674	0.6370
193.1528	156.1401	521.4263	476.5051	1.9521	0.5846	0.6397
193.3052	157.748	516.9064	478.8594	1.9322	0.5897	0.6365
193.4576	158.0062	498.3621	453.9055	1.9290	0.6116	0.6715
193.6100	158.379	490.9506	446.4734	1.9245	0.6208	0.6827
193.7624	159.2584	492.4713	460.416	1.9139	0.6189	0.6620
193.9148	158.1033	489.8608	479.0997	1.9279	0.6222	0.6362
194.0672	158.2413	492.1869	497.855	1.9262	0.6193	0.6122
194.2196	159.3157	483.806	490.9612	1.9132	0.6300	0.6208
194.3720	164.1756	492.3871	489.9839	1.8565	0.6190	0.6221
194.5244	164.5144	526.5707	490.0728	1.8527	0.5788	0.6219
194.6768	165.2734	543.9247	488.8241	1.8442	0.5604	0.6235
194.8292	164.9031	534.5539	492.069	1.8484	0.5702	0.6194
194.9816	165.9511	529.6064	495.8664	1.8367	0.5755	0.6147
195.1340	165.7853	524.5338	510.3921	1.8385	0.5811	0.5972
195.2864	165.0465	521.4047	521.0493	1.8468	0.5846	0.5850
195.4388	165.0229	524.7213	530.5523	1.8470	0.5809	0.5745
195.5912	166.3174	526.8936	526.1816	1.8326	0.5785	0.5793
195.7436	166.4541	524.4787	533.1407	1.8311	0.5811	0.5717
195.8960	166.795	515.0491	526.4883	1.8274	0.5918	0.5789
196.0484	167.3362	519.9119	518.4548	1.8215	0.5863	0.5879
196.2008	165.4818	520.0043	525.3826	1.8419	0.5861	0.5801
196.3532	163.0826	526.1074	544.3338	1.8690	0.5793	0.5600
196.5056	163.3266	522.8867	541.237	1.8662	0.5829	0.5632
196.6580	164.5566	520.566	539.1025	1.8523	0.5855	0.5654
196.8104	164.8315	510.4452	532.9346	1.8492	0.5971	0.5719
196.9628	164.6042	497.8248	520.5632	1.8517	0.6123	0.5855
197.1152	163.8187	497.0193	520.7743	1.8606	0.6133	0.5853
197.2676	163.3156	512.4792	527.7026	1.8663	0.5948	0.5776
197.4200	164.7643	527.1365	529.332	1.8499	0.5782	0.5758
197.5724	163.9172	505.9344	506.8232	1.8595	0.6024	0.6014
197.7248	163.8175	514.196	505.3734	1.8606	0.5928	0.6031
197.8772	162.5812	515.3854	506.1851	1.8748	0.5914	0.6022
198.0296	162.7904	513.6074	503.5452	1.8723	0.5934	0.6053
198.1820	164.3086	490.0809	509.0744	1.8550	0.6219	0.5987
198.3344	164.0984	500.9763	507.0181	1.8574	0.6084	0.6012
198.4868	162.9056	502.8029	508.7954	1.8710	0.6062	0.5991
198.6392	162.8545	499.4003	521.853	1.8716	0.6103	0.5841
198.7916	164.6785	530.2874	557.2502	1.8509	0.5748	0.5470
198.9440	166.1626	556.1397	576.1593	1.8343	0.5481	0.5290
199.0964	167.3856	547.6443	585.256	1.8209	0.5566	0.5208
199.2488	167.9043	542.8164	590.8627	1.8153	0.5615	0.5159
199.4012	168.14	526.9987	608.3619	1.8128	0.5784	0.5010
199.5536	167.9853	518.8065	595.3427	1.8144	0.5875	0.5120
199.7060	167.3521	536.8375	601.2787	1.8213	0.5678	0.5069
199.8584	164.7248	554.4659	580.7072	1.8504	0.5497	0.5249
200.0108	162.0277	548.5497	540.8086	1.8812	0.5556	0.5636
200.1632	161.4913	524.1094	511.0394	1.8874	0.5816	0.5964
200.3156	160.6812	487.5679	497.6807	1.8969	0.6251	0.6124
200.4680	159.4746	482.4338	502.708	1.9113	0.6318	0.6063
200.6204	159.4598	483.3425	495.9236	1.9115	0.6306	0.6146
200.7728	159.7462	476.5287	481.5212	1.9080	0.6396	0.6330
200.9252	160.3447	482.8732	483.5904	1.9009	0.6312	0.6303
201.0776	161.226	530.6721	491.6697	1.8905	0.5744	0.6199
201.2300	162.8365	561.6807	504.0697	1.8718	0.5427	0.6047
201.3824	164.5702	579.1412	516.756	1.8521	0.5263	0.5898
201.5348	164.9396	568.1012	526.6546	1.8479	0.5365	0.5787
201.6872	165.0309	547.0442	527.487	1.8469	0.5572	0.5778
201.8396	163.8356	519.1539	521.9578	1.8604	0.5871	0.5840
201.9920	164.0939	471.7234	516.8798	1.8575	0.6461	0.5897
202.1444	164.019	466.0184	525.8907	1.8583	0.6541	0.5796
202.2968	163.4263	489.1143	531.8682	1.8651	0.6232	0.5731
202.4492	162.9403	498.7365	512.3029	1.8706	0.6111	0.5950
202.6016	163.5531	487.9783	494.8289	1.8636	0.6246	0.6160
202.7540	164.805	500.5199	494.0607	1.8495	0.6090	0.6169
202.9064	165.6506	512.8564	495.5602	1.8400	0.5943	0.6151
203.0588	166.0422	512.3041	503.7007	1.8357	0.5950	0.6051
203.2112	166.5553	522.3453	517.6732	1.8300	0.5835	0.5888
203.3636	166.4992	526.8204	530.1714	1.8306	0.5786	0.5749
203.5160	165.5903	530.7802	527.5765	1.8407	0.5742	0.5777
203.6684	164.7351	548.8034	526.3868	1.8502	0.5554	0.5790
203.8208	164.6383	563.0482	537.2966	1.8513	0.5413	0.5673
203.9732	164.7592	551.7606	530.8974	1.8500	0.5524	0.5741
204.1256	165.7966	541.5668	516.1649	1.8384	0.5628	0.5905
204.2780	166.6265	507.2078	517.749	1.8292	0.6009	0.5887
204.4304	166.5939	471.9641	517.4958	1.8296	0.6458	0.5890
204.5828	166.1703	461.6976	517.1599	1.8343	0.6602	0.5894
204.7352	166.0322	461.7102	527.3085	1.8358	0.6602	0.5780
204.8876	167.0506	474.2206	532.7288	1.8246	0.6427	0.5721
205.0400	166.6879	481.398	524.9459	1.8286	0.6332	0.5806
205.1924	164.8324	483.7123	515.6046	1.8492	0.6301	0.5912
205.3448	165.0333	486.2808	513.8782	1.8469	0.6268	0.5931
205.4972	164.3839	488.0008	516.2079	1.8542	0.6246	0.5905
205.6496	163.551	489.3642	519.9811	1.8636	0.6228	0.5862
205.8020	164.7023	491.847	524.6921	1.8506	0.6197	0.5809
205.9544	164.0334	489.6705	518.5425	1.8582	0.6225	0.5878
206.1068	161.995	486.0822	509.0566	1.8815	0.6271	0.5988
206.2592	161.956	493.1652	509.7948	1.8820	0.6180	0.5979
206.4116	163.4138	500.5078	512.56	1.8652	0.6090	0.5947
206.5640	165.4196	496.3916	509.8439	1.8426	0.6140	0.5978
206.7164	165.424	485.1299	505.5298	1.8425	0.6283	0.6029
206.8688	165.1861	478.3637	501.5749	1.8452	0.6372	0.6077
207.0212	165.4838	476.3367	499.9279	1.8419	0.6399	0.6097
207.1736	165.5158	473.2944	505.0437	1.8415	0.6440	0.6035
207.3260	166.1323	469.3105	509.1387	1.8347	0.6495	0.5987
207.4784	166.7421	475.1784	507.54	1.8280	0.6414	0.6005
207.6308	166.3246	474.719	506.4653	1.8326	0.6421	0.6018
207.7832	167.0588	464.9543	510.2658	1.8245	0.6555	0.5973
207.9356	167.852	467.1354	518.7413	1.8159	0.6525	0.5876
208.0880	167.6154	480.6223	527.0777	1.8184	0.6342	0.5783
208.2404	167.1312	489.872	529.23	1.8237	0.6222	0.5759
208.3928	166.4319	486.0533	525.6036	1.8314	0.6271	0.5799
208.5452	166.2724	480.239	520.1661	1.8331	0.6347	0.5860
208.6976	165.2883	478.8494	515.4396	1.8441	0.6365	0.5913
208.8500	163.4934	470.0291	510.7484	1.8643	0.6485	0.5968
209.0024	163.4686	473.3253	511.5454	1.8646	0.6440	0.5958
209.1548	163.8422	480.0295	512.4425	1.8603	0.6350	0.5948
209.3072	164.3127	481.0025	510.2514	1.8550	0.6337	0.5974
209.4596	164.9489	482.2325	506.3217	1.8478	0.6321	0.6020
209.6120	165.4495	477.6583	506.1233	1.8423	0.6381	0.6022
209.7644	166.1672	465.1084	508.8385	1.8343	0.6553	0.5990
209.9168	167.6667	486.307	532.3	1.8179	0.6268	0.5726
210.0692	168.412	494.601	560.3307	1.8098	0.6163	0.5440
210.2216	169.1099	480.2032	546.5689	1.8024	0.6347	0.5577
210.3740	168.1729	470.3924	530.7357	1.8124	0.6480	0.5743
210.5264	166.8255	468.585	527.8317	1.8271	0.6505	0.5775
210.6788	166.4193	476.8058	519.2121	1.8315	0.6393	0.5870
210.8312	166.2763	484.3679	507.3883	1.8331	0.6293	0.6007
210.9836	165.9523	473.6405	503.179	1.8367	0.6435	0.6057
211.1360	165.5828	469.6296	496.5291	1.8408	0.6490	0.6139
211.2884	164.8267	467.6945	495.8016	1.8492	0.6517	0.6148
211.4408	164.9233	474.7676	505.5202	1.8481	0.6420	0.6029
211.5932	163.9744	484.4339	527.1304	1.8588	0.6292	0.5782
211.7456	164.7056	486.107	518.0016	1.8506	0.6270	0.5884
211.8980	165.5388	486.6029	508.5744	1.8413	0.6264	0.5993
212.0504	165.668	489.4142	501.1511	1.8398	0.6228	0.6082
212.2028	165.7394	487.9026	496.0815	1.8390	0.6247	0.6144
212.3552	165.6978	485.5885	495.9157	1.8395	0.6277	0.6146
212.5076	164.3603	483.6684	495.9169	1.8545	0.6302	0.6146
212.6600	163.9599	474.6339	487.0549	1.8590	0.6422	0.6258
212.8124	164.7265	460.7433	485.064	1.8503	0.6615	0.6284
212.9648	165.3794	492.5695	513.6851	1.8430	0.6188	0.5934
213.1172	164.9538	506.7887	522.3079	1.8478	0.6014	0.5836
213.2696	164.3828	499.9651	517.1124	1.8542	0.6096	0.5894
213.4220	164.6726	500.9137	519.2501	1.8509	0.6085	0.5870
213.5744	166.1868	511.2671	512.8829	1.8341	0.5962	0.5943
213.7268	166.23	509.8955	503.4172	1.8336	0.5978	0.6055
213.8792	167.741	485.8758	491.3029	1.8171	0.6273	0.6204
214.0316	167.9312	475.4767	494.1633	1.8150	0.6410	0.6168
214.1840	168.0591	477.6054	517.6426	1.8136	0.6382	0.5888
214.3364	168.6397	501.7471	525.0526	1.8074	0.6075	0.5805
214.4888	169.1662	509.8242	518.9127	1.8018	0.5979	0.5874
214.6412	169.5086	509.1203	517.0167	1.7981	0.5987	0.5895
214.7936	169.0651	506.1352	515.8651	1.8029	0.6022	0.5909
214.9460	167.4916	511.1731	514.2658	1.8198	0.5963	0.5927
215.0984	166.95	513.5565	540.8689	1.8257	0.5935	0.5635
215.2508	165.752	518.8735	540.3807	1.8389	0.5874	0.5640
215.4032	165.6717	517.0305	533.9634	1.8398	0.5895	0.5708
215.5556	165.7903	518.3939	525.903	1.8385	0.5880	0.5796
215.7080	166.2423	524.6533	531.1202	1.8335	0.5810	0.5739
215.8604	165.6518	518.3131	528.1238	1.8400	0.5881	0.5771
216.0128	165.3547	517.6035	522.279	1.8433	0.5889	0.5836
216.1652	166.7371	512.1232	513.3263	1.8280	0.5952	0.5938
216.3176	166.6846	501.219	508.089	1.8286	0.6081	0.5999
216.4700	166.3828	486.804	506.4124	1.8319	0.6261	0.6019
216.6224	165.6657	480.6944	502.1265	1.8398	0.6341	0.6070
216.7748	164.982	470.046	493.4068	1.8475	0.6484	0.6177
216.9272	163.4783	462.0192	479.6328	1.8645	0.6597	0.6355
217.0796	163.1393	467.7626	469.0111	1.8683	0.6516	0.6499
217.2320	162.9311	460.266	481.0396	1.8707	0.6622	0.6336
217.3844	163.3247	465.8639	477.9166	1.8662	0.6543	0.6378
217.5368	163.0002	459.5854	472.3241	1.8699	0.6632	0.6453
217.6892	162.14	456.4089	463.2824	1.8799	0.6678	0.6579
217.8416	161.7508	456.4773	462.7389	1.8844	0.6677	0.6587
217.9940	160.6042	462.1742	474.7664	1.8978	0.6595	0.6420
218.1464	159.8974	470.3069	483.1314	1.9062	0.6481	0.6309
218.2988	158.4372	462.6311	479.3877	1.9238	0.6588	0.6358
218.4512	157.8877	455.2284	466.8599	1.9305	0.6696	0.6529
218.6036	157.891	458.3488	470.7472	1.9304	0.6650	0.6475
218.7560	158.0981	452.4189	455.6648	1.9279	0.6737	0.6689
218.9084	158.0279	441.6073	459.0707	1.9288	0.6902	0.6640
219.0608	157.9099	452.008	469.4961	1.9302	0.6743	0.6492
219.2132	157.1804	461.2554	461.9627	1.9392	0.6608	0.6598
219.3656	159.7831	452.2504	466.2643	1.9076	0.6740	0.6537
219.5180	159.4489	460.6935	476.4016	1.9116	0.6616	0.6398
219.6704	163.2882	479.0931	497.3262	1.8666	0.6362	0.6129
219.8228	166.5151	496.644	520.8383	1.8305	0.6137	0.5852
219.9752	167.7145	511.9838	528.53	1.8174	0.5953	0.5767
220.1276	168.1773	519.4559	530.1271	1.8124	0.5868	0.5750
220.2800	167.4585	506.0025	536.4932	1.8202	0.6024	0.5681
220.4324	166.146	502.7925	543.7325	1.8345	0.6062	0.5606
220.5848	165.6998	513.4917	554.6159	1.8395	0.5936	0.5496
220.7372	166.0348	527.2911	546.8915	1.8358	0.5780	0.5573
220.8896	167.4789	529.1304	544.0995	1.8199	0.5760	0.5602
221.0420	166.3881	523.595	529.5857	1.8319	0.5821	0.5755
221.1944	164.6845	509.1566	507.8618	1.8508	0.5986	0.6002
221.3468	161.4823	482.6306	483.7777	1.8875	0.6315	0.6300
221.4992	161.8412	458.8419	481.1118	1.8833	0.6643	0.6335
221.6516	161.6249	459.0126	485.7632	1.8858	0.6640	0.6275
221.8040	159.5951	465.8234	478.4868	1.9098	0.6543	0.6370
221.9564	158.7852	465.8528	463.4405	1.9196	0.6543	0.6577
222.1088	158.2357	455.3954	464.1323	1.9262	0.6693	0.6567
222.2612	158.3789	453.4915	469.4904	1.9245	0.6721	0.6492
222.4136	160.3092	464.5295	472.3373	1.9013	0.6561	0.6453
222.5660	159.7275	470.8501	467.1816	1.9082	0.6473	0.6524
222.7184	160.3194	466.4215	460.9696	1.9012	0.6535	0.6612
222.8708	159.4664	463.6844	462.3224	1.9114	0.6573	0.6593
223.0232	157.979	466.9754	457.2002	1.9294	0.6527	0.6667
223.1756	157.1084	483.9829	456.7529	1.9401	0.6298	0.6673
223.3280	157.0838	480.4072	478.1315	1.9404	0.6345	0.6375
223.4804	158.3037	466.3192	457.8374	1.9254	0.6536	0.6657
223.6328	160.1655	465.6693	440.8293	1.9030	0.6545	0.6914
223.7852	158.7224	437.9996	401.5864	1.9203	0.6959	0.7590
223.9376	155.1185	427.3531	405.5475	1.9649	0.7132	0.7516
224.0900	156.2436	447.4168	415.2323	1.9508	0.6812	0.7340
224.2424	160.8506	483.8135	469.6194	1.8949	0.6300	0.6490
224.3948	160.979	500.0549	518.5225	1.8934	0.6095	0.5878
224.5472	160.7763	515.2554	518.1216	1.8958	0.5916	0.5883
224.6996	163.3281	518.7884	520.5516	1.8662	0.5875	0.5855
224.8520	162.9547	530.7926	532.2615	1.8705	0.5742	0.5727
225.0044	163.2708	519.2305	526.2899	1.8668	0.5870	0.5791
225.1568	163.9224	545.8332	553.8384	1.8594	0.5584	0.5503
225.3092	163.7336	561.5601	552.274	1.8616	0.5428	0.5519
225.4616	162.0066	548.6097	518.4253	1.8814	0.5556	0.5879
225.6140	162.8712	507.2722	500.1714	1.8714	0.6009	0.6094
225.7664	162.4199	479.4884	504.6742	1.8766	0.6357	0.6040
225.9188	162.1662	473.8014	501.7898	1.8796	0.6433	0.6074
226.0712	160.6242	475.7141	485.8444	1.8976	0.6407	0.6274
226.2236	160.2612	469.1109	477.3532	1.9019	0.6497	0.6385
226.3760	160.1262	479.2778	501.414	1.9035	0.6360	0.6079
226.5284	160.7265	479.4023	502.2581	1.8964	0.6358	0.6069
226.6808	162.9213	466.9645	513.0293	1.8708	0.6527	0.5941
226.8332	162.2613	469.0266	504.1488	1.8785	0.6499	0.6046
226.9856	161.4701	469.8459	491.9911	1.8877	0.6487	0.6195
227.1380	163.273	482.207	501.8608	1.8668	0.6321	0.6073
227.2904	166.0104	487.1419	504.4073	1.8360	0.6257	0.6043
227.4428	158.9017	489.3768	505.8704	1.9182	0.6228	0.6025
227.5952	157.8457	486.8653	495.9688	1.9310	0.6260	0.6146
227.7476	157.6453	483.7881	489.6006	1.9335	0.6300	0.6225
227.9000	156.9178	487.6357	493.4438	1.9424	0.6251	0.6177
228.0524	157.0605	457.9339	479.3843	1.9407	0.6656	0.6358
228.2048	157.6271	479.5574	475.9278	1.9337	0.6356	0.6404
228.3572	158.1951	476.5029	484.1119	1.9267	0.6397	0.6296
228.5096	159.1466	490.4165	481.2431	1.9152	0.6215	0.6334
228.6620	159.9301	490.9539	485.7767	1.9058	0.6208	0.6274
228.8144	162.0065	475.1924	488.9972	1.8814	0.6414	0.6233
228.9668	162.1125	481.6983	483.8287	1.8802	0.6328	0.6300
229.1192	161.3981	485.0954	475.9006	1.8885	0.6283	0.6405
229.2716	162.487	478.9361	465.5094	1.8758	0.6364	0.6548
229.4240	162.6292	474.9133	469.8754	1.8742	0.6418	0.6487
229.5764	163.3413	507.0104	483.9517	1.8660	0.6012	0.6298
229.7288	165.0266	469.2157	485.894	1.8470	0.6496	0.6273
229.8812	165.5716	470.5797	499.6732	1.8409	0.6477	0.6100
230.0336	163.2041	476.3333	506.8261	1.8676	0.6399	0.6014
230.1860	163.8051	480.7577	509.149	1.8607	0.6340	0.5986
230.3384	164.8651	480.7459	503.7944	1.8488	0.6340	0.6050
230.4908	165.7449	475.3065	509.2276	1.8390	0.6413	0.5986
230.6432	167.3236	475.7143	509.6991	1.8216	0.6407	0.5980
230.7956	167.5257	490.7704	512.5157	1.8194	0.6211	0.5947
230.9480	168.2993	500.5723	519.921	1.8111	0.6089	0.5862
231.1004	165.6609	518.3033	532.7502	1.8399	0.5881	0.5721
231.2528	162.8566	505.5756	529.5866	1.8716	0.6029	0.5755
231.4052	161.1997	509.5044	512.6852	1.8908	0.5982	0.5945
231.5576	162.7654	510.9369	505.662	1.8726	0.5966	0.6028
231.7100	164.2972	512.3221	508.194	1.8552	0.5949	0.5998
231.8624	164.1504	512.3231	488.6923	1.8568	0.5949	0.6237
232.0148	163.849	512.66	488.6897	1.8602	0.5945	0.6237
232.1672	164.8049	518.6418	483.3024	1.8495	0.5877	0.6307
232.3196	165.9334	528.8819	495.223	1.8369	0.5763	0.6155
232.4720	167.4656	529.7493	502.5047	1.8201	0.5754	0.6066
232.6244	168.7361	516.2179	515.9958	1.8064	0.5904	0.5907
232.7768	169.7302	527.0798	538.7957	1.7958	0.5783	0.5657
232.9292	169.9434	527.017	533.5093	1.7935	0.5783	0.5713
233.0816	169.8841	542.556	557.4762	1.7942	0.5618	0.5467
233.2340	170.1715	548.7677	563.7546	1.7911	0.5554	0.5407
233.3864	169.2605	566.399	567.7139	1.8008	0.5381	0.5369
233.5388	168.2595	577.9544	573.7045	1.8115	0.5274	0.5313
233.6912	168.061	579.5361	549.3331	1.8136	0.5259	0.5549
233.8436	168.6002	571.7316	539.9914	1.8078	0.5331	0.5645
233.9960	171.473	570.3621	554.1292	1.7775	0.5344	0.5501
234.1484	171.5659	562.541	553.0726	1.7766	0.5418	0.5511
234.3008	172.3849	538.0352	553.4573	1.7681	0.5665	0.5507
234.4532	172.7673	543.6338	566.5468	1.7642	0.5607	0.5380
234.6056	170.8458	558.4474	580.8748	1.7841	0.5458	0.5247
234.7580	171.2149	570.9418	586.5229	1.7802	0.5339	0.5197
234.9104	171.3695	578.5897	578.9204	1.7786	0.5268	0.5265
235.0628	170.7183	600.1149	576.689	1.7854	0.5079	0.5285
235.2152	168.8753	605.831	565.6598	1.8049	0.5031	0.5388
235.3676	168.3104	600.8145	545.0816	1.8109	0.5073	0.5592
235.5200	167.4565	575.6025	518.2497	1.8202	0.5295	0.5881
235.6724	167.0172	557.121	511.6936	1.8250	0.5471	0.5957
235.8248	166.7637	553.1846	512.7001	1.8277	0.5510	0.5945
235.9772	166.5155	553.3015	516.0184	1.8305	0.5509	0.5907
236.1296	165.9457	556.7607	518.8329	1.8367	0.5475	0.5875
236.2820	165.1291	559.487	517.9722	1.8458	0.5448	0.5884
236.4344	164.1642	562.687	514.9114	1.8567	0.5417	0.5919
236.5868	164.294	542.3076	489.5589	1.8552	0.5620	0.6226
236.7392	164.4214	546.4593	490.3573	1.8538	0.5578	0.6216
236.8916	163.4407	525.7076	480.1026	1.8649	0.5798	0.6349
237.0440	155.8411	508.2048	468.3015	1.9558	0.5998	0.6509
237.1964	151.0756	509.6812	475.3622	2.0175	0.5980	0.6412
237.3488	149.3992	499.7762	478.9116	2.0402	0.6099	0.6364
237.5012	150.8633	484.964	477.5653	2.0204	0.6285	0.6382
237.6536	154.0061	479.0138	464.7265	1.9791	0.6363	0.6559
237.8060	155.3272	463.5649	445.8397	1.9623	0.6575	0.6837
237.9584	156.7045	452.3623	437.55	1.9451	0.6738	0.6966
238.1108	159.1394	459.9128	452.3496	1.9153	0.6627	0.6738
238.2632	158.5792	472.1974	465.0833	1.9221	0.6455	0.6554
238.4156	163.1157	502.7959	474.1905	1.8686	0.6062	0.6428
238.5680	166.9177	520.3815	486.645	1.8260	0.5857	0.6263
238.7204	166.8143	518.1495	483.5329	1.8272	0.5882	0.6304
238.8728	166.2475	508.7941	468.9991	1.8334	0.5991	0.6499
239.0252	165.2653	494.5786	456.8348	1.8443	0.6163	0.6672
239.1776	163.3179	481.1887	451.364	1.8663	0.6334	0.6753
239.3300	160.8733	461.1267	454.8431	1.8947	0.6610	0.6701
239.4824	159.7904	452.9494	463.1713	1.9075	0.6729	0.6581
239.6348	161.0518	448.9562	479.1631	1.8926	0.6789	0.6361
239.7872	163.9729	461.4205	502.7227	1.8588	0.6606	0.6063
239.9396	164.6132	487.0516	509.7621	1.8516	0.6258	0.5979
240.0920	164.2301	489.9798	505.3535	1.8559	0.6221	0.6031
240.2444	164.877	487.1324	516.2249	1.8487	0.6257	0.5904
240.3968	165.9008	492.5843	547.8917	1.8372	0.6188	0.5563
240.5492	166.7569	518.1393	569.8091	1.8278	0.5883	0.5349
240.7016	162.7445	544.7175	582.4661	1.8729	0.5596	0.5233
240.8540	159.0976	560.3512	574.9756	1.9158	0.5439	0.5301
241.0064	158.4642	571.9344	556.6548	1.9235	0.5329	0.5476
241.1588	159.5661	580.1017	550.7677	1.9102	0.5254	0.5534
241.3112	167.4881	567.7355	547.6356	1.8198	0.5369	0.5566
241.4636	174.3322	567.6892	557.7496	1.7484	0.5369	0.5465
241.6160	175.4084	576.0205	576.1462	1.7377	0.5291	0.5290
241.7684	174.731	606.0057	583.8203	1.7444	0.5030	0.5221
241.9208	169.4405	657.9518	587.1039	1.7989	0.4633	0.5192
242.0732	165.9588	688.1677	588.3497	1.8366	0.4429	0.5181
242.2256	165.4409	694.9905	608.1198	1.8423	0.4386	0.5012
242.3780	165.4421	683.068	617.4298	1.8423	0.4462	0.4937
242.5304	167.6028	663.9221	607.129	1.8186	0.4591	0.5020
242.6828	170.6255	639.7065	598.0806	1.7864	0.4765	0.5096
242.8352	172.9072	609.6875	587.3029	1.7628	0.4999	0.5190
242.9876	174.5997	584.355	585.1725	1.7457	0.5216	0.5209
243.1400	176.3782	608.8577	611.3451	1.7281	0.5006	0.4986
243.2924	177.8983	651.3161	670.9163	1.7133	0.4680	0.4543
243.4448	178.5011	684.5013	722.1725	1.7076	0.4453	0.4221
243.5972	178.5025	719.5364	757.099	1.7075	0.4236	0.4026
243.7496	177.9486	735.1937	780.6415	1.7129	0.4146	0.3904
243.9020	177.4574	734.8065	786.4017	1.7176	0.4148	0.3876
244.0544	177.127	744.8029	773.8362	1.7208	0.4092	0.3939
244.2068	177.5525	747.6557	760.0147	1.7167	0.4077	0.4010
244.3592	178.3329	731.4077	722.8177	1.7092	0.4167	0.4217
244.5116	176.5547	720.6383	677.1205	1.7264	0.4230	0.4501
244.6640	172.5641	700.6284	670.5421	1.7663	0.4350	0.4546
244.8164	171.7296	686.1956	686.0802	1.7749	0.4442	0.4443
244.9688	173.4068	710.554	706.5302	1.7577	0.4290	0.4314
245.1212	174.9439	733.2653	723.2202	1.7423	0.4157	0.4214
245.2736	176.5397	749.8983	730.2007	1.7265	0.4065	0.4174
245.4260	176.5312	784.5291	723.736	1.7266	0.3885	0.4211
245.5784	175.0292	795.9947	720.0797	1.7414	0.3829	0.4233
245.7308	174.3394	789.6426	729.4518	1.7483	0.3860	0.4178
245.8832	174.86	778.4445	753.7735	1.7431	0.3916	0.4044
246.0356	176.2303	761.2813	759.2554	1.7296	0.4004	0.4014
246.1880	177.5938	751.2431	749.2396	1.7163	0.4057	0.4068
246.3404	177.834	740.7833	746.1262	1.7140	0.4115	0.4085
246.4928	177.534	736.771	748.8814	1.7169	0.4137	0.4070
246.6452	177.6025	746.6392	754.4431	1.7162	0.4082	0.4040
246.7976	177.6798	760.718	772.3666	1.7154	0.4007	0.3946
246.9500	178.0732	775.2222	785.5541	1.7117	0.3932	0.3880
247.1024	177.3684	777.259	782.4873	1.7185	0.3921	0.3895
247.2548	176.7206	773.8336	782.5374	1.7248	0.3939	0.3895
247.4072	177.0727	772.253	789.2201	1.7213	0.3947	0.3862
247.5596	176.6781	770.0549	809.3838	1.7252	0.3958	0.3766
247.7120	177.3213	781.5708	828.8527	1.7189	0.3900	0.3677
247.8644	177.0832	793.765	819.4221	1.7212	0.3840	0.3720
248.0168	175.4572	796.0034	796.8822	1.7372	0.3829	0.3825
248.1692	174.839	790.8697	786.0967	1.7433	0.3854	0.3877
248.3216	175.0815	783.8881	777.1158	1.7409	0.3888	0.3922
248.4740	175.6947	779.5913	767.9594	1.7348	0.3910	0.3969
248.6264	177.6335	773.769	763.5286	1.7159	0.3939	0.3992
248.7788	178.817	771.9187	765.0043	1.7045	0.3949	0.3984
248.9312	178.9535	779.1812	771.1099	1.7032	0.3912	0.3953
249.0836	177.9222	777.1954	768.253	1.7131	0.3922	0.3967
249.2360	176.8236	771.0491	778.0374	1.7238	0.3953	0.3918
249.3884	176.788	785.127	788.0774	1.7241	0.3882	0.3868
249.5408	176.7292	793.0299	781.2325	1.7247	0.3843	0.3902
249.6932	176.8927	789.9053	779.4967	1.7231	0.3859	0.3910
249.8456	176.8923	785.8188	787.5604	1.7231	0.3879	0.3870
249.9980	176.8747	782.4912	776.0771	1.7233	0.3895	0.3927
250.1504	176.8906	781.3463	778.8433	1.7231	0.3901	0.3913
250.3028	176.7576	782.1057	787.3271	1.7244	0.3897	0.3871
250.4552	176.7995	786.6981	781.3087	1.7240	0.3874	0.3901
250.6076	176.7036	791.0049	789.0295	1.7249	0.3853	0.3863
250.7600	176.5092	785.6135	801.3583	1.7268	0.3880	0.3804
250.9124	176.5664	781.3335	808.8835	1.7263	0.3901	0.3768
251.0648	177.2526	783.049	812.195	1.7196	0.3892	0.3753
251.2172	177.4702	781.4709	809.571	1.7175	0.3900	0.3765
251.3696	176.5493	778.9413	788.2275	1.7264	0.3913	0.3867
251.5220	175.6869	779.8837	777.3079	1.7349	0.3908	0.3921
251.6744	175.5124	772.9747	778.3095	1.7366	0.3943	0.3916
251.8268	175.3927	768.3595	775.1356	1.7378	0.3967	0.3932
251.9792	175.625	767.8898	776.2554	1.7355	0.3969	0.3927
252.1316	176.7182	764.2792	771.6369	1.7248	0.3988	0.3950
252.2840	176.6714	769.8826	763.3555	1.7252	0.3959	0.3993
252.4364	176.4851	775.629	754.0196	1.7271	0.3930	0.4042
252.5888	176.0119	788.5406	769.6532	1.7317	0.3865	0.3960
252.7412	174.8537	793.4502	785.0906	1.7432	0.3841	0.3882
252.8936	174.5336	797.2949	784.7798	1.7464	0.3823	0.3884
253.0460	174.9154	801.7366	787.4406	1.7426	0.3802	0.3871
253.1984	175.271	801.2845	786.9639	1.7390	0.3804	0.3873
253.3508	175.2863	800.1233	781.9865	1.7389	0.3809	0.3898
253.5032	175.2548	793.455	779.8868	1.7392	0.3841	0.3908
253.6556	174.9943	782.5767	785.7321	1.7418	0.3895	0.3879
253.8080	174.4118	774.1163	782.6913	1.7476	0.3937	0.3894
253.9604	174.3024	770.21	770.8533	1.7487	0.3957	0.3954
254.1128	174.0076	769.2188	766.1311	1.7516	0.3962	0.3978
