HOLE:	U1513A
EXPEDITION:	369
TOP:	1.5860
BOTTOM:	251.8268
DEPTH_WMSF	GR	ECGR
m	gAPI	gAPI
1.5860	11.49524	13.85845
1.7384	13.31075	16.04719
1.8908	11.80571	14.23275
2.0432	8.629811	10.40394
2.1956	8.773795	10.57752
2.3480	12.02097	14.49225
2.5004	12.62944	15.22582
2.6528	10.86331	13.0966
2.8052	7.568627	9.124594
2.9576	5.755167	6.938321
3.1100	5.73943	6.919348
3.2624	5.457504	6.579464
3.4148	4.540954	5.474489
3.5672	4.267389	5.144684
3.7196	3.646843	4.396564
3.8720	4.26219	5.138416
4.0244	3.706283	4.468225
4.1768	5.035593	6.070815
4.3292	5.020215	6.052276
4.4816	4.703709	5.670702
4.6340	3.188173	3.8436
4.7864	3.359682	4.050369
4.9388	2.943994	3.549223
5.0912	3.551314	4.281398
5.2436	3.227607	3.891142
5.3960	4.26534	5.142213
5.5484	4.806749	5.794925
5.7008	6.505082	7.842403
5.8532	6.19641	7.470274
6.0056	4.628334	5.579833
6.1580	3.356183	4.046151
6.3104	3.442314	4.149989
6.4628	4.017724	4.843691
6.6152	3.686379	4.444229
6.7676	4.41082	5.317601
6.9200	5.099391	6.14773
7.0724	5.451298	6.571982
7.2248	4.968094	5.989441
7.3772	4.621478	5.571567
7.5296	5.172453	6.235811
7.6820	6.028719	7.268109
7.8344	6.163138	7.430162
7.9868	5.680321	6.848087
8.1392	5.313203	6.405497
8.2916	5.553225	6.694862
8.4440	5.941581	7.163058
8.5964	7.035642	8.482038
8.7488	7.517202	9.062596
8.9012	6.640022	8.005084
9.0536	5.234507	6.310622
9.2060	5.077737	6.121623
9.3584	5.574444	6.720444
9.5108	6.781725	8.175919
9.6632	6.216875	7.494946
9.8156	6.703343	8.081423
9.9680	4.557168	5.494035
10.1204	4.196755	5.059528
10.2728	2.640949	3.183878
10.4252	2.400947	2.894536
10.5776	2.199343	2.651486
10.7300	2.305402	2.779349
10.8824	3.026344	3.648503
11.0348	3.647895	4.397833
11.1872	3.824921	4.611252
11.3396	3.80621	4.588695
11.4920	3.965056	4.780197
11.6444	4.324895	5.214012
11.7968	4.846143	5.842418
11.9492	4.337603	5.229332
12.1016	3.375471	4.069404
12.2540	2.787229	3.360231
12.4064	3.499414	4.218828
12.5588	4.328384	5.218217
12.7112	4.249545	5.123171
12.8636	3.335132	4.020772
13.0160	4.259374	5.135021
13.1684	4.255674	5.13056
13.3208	3.661499	4.414234
13.4732	2.202352	2.655113
13.6256	1.551946	1.870996
13.7780	1.778979	2.144703
13.9304	2.046629	2.467377
14.0828	2.462448	2.968681
14.2352	2.573026	3.101991
14.3876	2.528797	3.04867
14.5400	2.809941	3.387611
14.6924	2.502007	3.016372
14.8448	2.021554	2.437148
14.9972	1.609989	1.940973
15.1496	1.438948	1.734768
15.3020	1.368832	1.650237
15.4544	1.269508	1.530494
15.6068	1.652294	1.991974
15.7592	2.084924	2.513544
15.9116	1.991089	2.400419
16.0640	2.011203	2.424668
16.2164	1.826769	2.202319
16.3688	2.383154	2.873085
16.5212	2.970913	3.581677
16.6736	3.628583	4.374551
16.8260	4.683246	5.646033
16.9784	5.13834	6.194685
17.1308	5.517738	6.652081
17.2832	4.796837	5.782976
17.4356	3.995795	4.817255
17.5880	2.953411	3.560576
17.7404	1.995902	2.406222
17.8928	1.842826	2.221676
18.0452	2.158317	2.602026
18.1976	2.408023	2.903066
18.3500	2.62394	3.163373
18.5024	2.411089	2.906763
18.6548	2.534826	3.055938
18.8072	2.004354	2.416411
18.9596	1.903903	2.295309
19.1120	1.774339	2.13911
19.2644	2.344597	2.826602
19.4168	2.448762	2.952181
19.5692	2.513701	3.03047
19.7216	2.218492	2.674572
19.8740	1.715798	2.068534
20.0264	1.161808	1.400654
20.1788	0.9968067	1.201731
20.3312	1.904517	2.29605
20.4836	2.73193	3.293563
20.6360	2.972451	3.58353
20.7884	3.022246	3.643563
20.9408	2.877468	3.469021
21.0932	2.683724	3.235447
21.2456	2.884994	3.478094
21.3980	4.18608	5.046659
21.5504	5.134921	6.190564
21.7028	4.776932	5.758978
21.8552	3.573816	4.308525
22.0076	2.57415	3.103346
22.1600	2.05655	2.479338
22.3124	1.838173	2.216067
22.4648	1.832611	2.209362
22.6172	2.072639	2.498735
22.7696	1.874008	2.259268
22.9220	1.333831	1.608041
23.0744	0.8812359	1.062401
23.2268	0.6931382	0.8356343
23.3792	0.9593864	1.156618
23.5316	1.067507	1.286966
23.6840	1.307821	1.576684
23.8364	1.438401	1.734109
23.9888	1.548631	1.867
24.1412	1.567793	1.890102
24.2936	1.446987	1.74446
24.4460	1.567644	1.889922
24.5984	2.146497	2.587777
24.7508	2.760704	3.328252
24.9032	2.764258	3.332537
25.0556	2.063017	2.487135
25.2080	1.439112	1.734966
25.3604	1.671625	2.015279
25.5128	2.385673	2.876122
25.6652	3.466527	4.179179
25.8176	3.720999	4.485966
25.9700	3.239101	3.904999
26.1224	2.921521	3.522131
26.2748	3.446288	4.154779
26.4272	4.403921	5.309284
26.5796	4.963622	5.984049
26.7320	5.030248	6.064372
26.8844	5.289456	6.376869
27.0368	5.506948	6.639071
27.1892	5.274448	6.358775
27.3416	4.396016	5.299753
27.4940	3.343533	4.0309
27.6464	3.117418	3.7583
27.7988	2.735181	3.297483
27.9512	1.886289	2.274074
28.1036	1.052877	1.269328
28.2560	1.831893	2.208495
28.4084	2.775565	3.346169
28.5608	2.775565	3.346169
28.7132	1.910721	2.303529
28.8656	1.199066	1.445571
29.0180	1.464956	1.766124
29.1704	1.811231	2.183585
29.3228	2.321337	2.79856
29.4752	2.366508	2.853017
29.6276	2.022061	2.437758
29.7800	1.918095	2.312419
29.9324	1.917786	2.312047
30.0848	1.918063	2.31238
30.2372	1.779265	2.145048
30.3896	2.096944	2.528036
30.5420	2.416995	2.913883
30.6944	2.545408	3.068696
30.8468	1.77661	2.141848
30.9992	1.309993	1.579302
31.1516	1.993609	2.403458
31.3040	2.542723	3.065459
31.4564	2.639336	3.181933
31.6088	2.553906	3.078941
31.7612	2.498198	3.011781
31.9136	2.351317	2.834703
32.0660	1.902374	2.293466
32.2184	1.974039	2.379864
32.3708	2.158135	2.601807
32.5232	2.158317	2.602026
32.6756	2.007957	2.420754
32.8280	2.068705	2.493991
32.9804	1.855047	2.23641
33.1328	1.678517	2.023588
33.2852	1.678692	2.023799
33.4376	1.831822	2.208409
33.5900	1.917786	2.312047
33.7424	1.762726	2.125109
33.8948	1.523216	1.83636
34.0472	1.751252	2.111276
34.1996	1.917713	2.311958
34.3520	2.109208	2.542821
34.5044	2.050792	2.472396
34.6568	1.652097	1.991736
34.8092	1.4561	1.755447
34.9616	1.438879	1.734685
35.1140	1.611786	1.943139
35.2664	1.533513	1.848774
35.4188	1.455807	1.755093
35.5712	1.770422	2.134387
35.7236	2.57449	3.103757
35.8760	2.712266	3.269857
36.0284	2.141189	2.581377
36.1808	1.918504	2.312912
36.3332	1.751542	2.111626
36.4856	1.846127	2.225656
36.6380	2.085508	2.514249
36.7904	2.156641	2.600006
36.9428	2.156641	2.600006
37.0952	1.305408	1.573775
37.2476	1.130211	1.362561
37.4000	1.88504	2.272568
37.5524	2.502946	3.017504
37.7048	2.637705	3.179967
37.8572	2.290557	2.761453
38.0096	2.332189	2.811643
38.1620	2.572169	3.100959
38.3144	3.165035	3.815706
38.4668	2.662848	3.210279
38.6192	2.237627	2.697641
38.7716	1.463227	1.764038
38.9240	1.739671	2.097314
39.0764	2.097591	2.528816
39.2288	2.338335	2.819052
39.3812	2.397409	2.89027
39.5336	2.397718	2.890644
39.6860	2.579731	3.110075
39.8384	2.088953	2.518402
39.9908	1.551192	1.870088
40.1432	1.438142	1.733797
40.2956	1.623825	1.957653
40.4480	1.678081	2.023063
40.6004	1.119313	1.349423
40.7528	0.5848048	0.7050297
40.9052	0.820224	0.9888465
41.0576	1.291308	1.556776
41.2100	1.77227	2.136616
41.3624	2.098021	2.529334
41.5148	3.016186	3.636256
41.6672	3.23751	3.903081
41.8196	3.429415	4.134438
41.9720	2.800821	3.376617
42.1244	2.830202	3.412038
42.2768	2.29404	2.765651
42.4292	1.768231	2.131745
42.5816	1.641529	1.978997
42.7340	1.6612	2.002711
42.8864	2.260206	2.724862
43.0388	3.017527	3.637873
43.1912	3.12359	3.765741
43.3436	2.320307	2.797318
43.4960	1.558506	1.878906
43.6484	1.840312	2.218645
43.8008	2.119397	2.555105
43.9532	2.119858	2.55566
44.1056	1.707898	2.05901
44.2580	1.608436	1.939101
44.4104	1.233547	1.487141
44.5628	1.373664	1.656063
44.7152	1.639643	1.976722
44.8676	2.504227	3.019049
45.0200	3.258886	3.928851
45.1724	4.393092	5.296228
45.3248	4.293377	5.176014
45.4772	3.836821	4.625598
45.6296	3.356751	4.046835
45.7820	3.295871	3.973439
45.9344	3.719028	4.48359
46.0868	3.141892	3.787805
46.2392	2.260618	2.725359
46.3916	1.517663	1.829666
46.5440	1.65327	1.993151
46.6964	1.893723	2.283036
46.8488	2.685299	3.237345
47.0012	2.123465	2.560009
47.1536	2.26974	2.736356
47.3060	1.519287	1.831623
47.4584	2.447077	2.95015
47.6108	2.765935	3.334559
47.7632	3.362446	4.053701
47.9156	2.177348	2.624969
48.0680	2.953979	3.561262
48.2204	2.225501	2.683022
48.3728	2.784983	3.357523
48.5252	1.494366	1.80158
48.6776	1.393474	1.679945
48.8300	2.334335	2.81423
48.9824	3.650066	4.40045
49.1348	3.95663	4.770038
49.2872	3.065682	3.695928
49.4396	1.947023	2.347294
49.5920	2.118179	2.553637
49.7444	2.585398	3.116906
49.8968	2.607616	3.143692
50.0492	2.146286	2.587521
50.2016	1.666033	2.008538
50.3540	2.082444	2.510555
50.5064	2.098124	2.529458
50.6588	1.399049	1.686667
50.8112	1.203783	1.451258
50.9636	0.7303367	0.8804802
51.1160	1.657889	1.998719
51.2684	2.076234	2.503069
51.4208	2.556308	3.081836
51.5732	2.089214	2.518717
51.7256	1.192182	1.437272
51.8780	1.898644	2.28897
52.0304	2.381913	2.871589
52.1828	3.115495	3.755982
52.3352	2.144583	2.585469
52.4876	2.621931	3.16095
52.6400	2.347844	2.830516
52.7924	3.297574	3.975492
52.9448	2.09407	2.524572
53.0972	1.885144	2.272694
53.2496	0.9391582	1.132231
53.4020	1.427672	1.721174
53.5544	1.624675	1.958678
53.7068	1.878356	2.264511
53.8592	2.047132	2.467984
54.0116	1.865334	2.248811
54.1640	2.036539	2.455213
54.3164	1.678699	2.023807
54.4688	2.74119	3.304727
54.6212	3.021976	3.643237
54.7736	3.151873	3.799839
54.9260	2.112756	2.547099
55.0784	2.125936	2.562988
55.2308	2.379574	2.868769
55.3832	3.024957	3.646831
55.5356	2.535131	3.056306
55.6880	2.332653	2.812202
55.8404	1.845374	2.224748
55.9928	1.886503	2.274333
56.1452	2.074859	2.501411
56.2976	2.353555	2.837402
56.4500	2.537581	3.05926
56.6024	2.613363	3.15062
56.7548	2.872102	3.462551
56.9072	3.256154	3.925557
57.0596	2.969197	3.579608
57.2120	2.611471	3.14834
57.3644	1.812953	2.185662
57.5168	1.789943	2.157922
57.6692	1.638414	1.97524
57.8216	2.021774	2.437413
57.9740	1.684245	2.030494
58.1264	2.138918	2.578639
58.2788	2.588556	3.120714
58.4312	2.668211	3.216745
58.5836	1.824778	2.199918
58.7360	1.44865	1.746465
58.8884	2.00663	2.419155
59.0408	1.857376	2.239218
59.1932	2.157365	2.600879
59.3456	1.697029	2.045907
59.4980	2.415452	2.912023
59.6504	2.154866	2.597866
59.8028	2.642865	3.186188
59.9552	2.470192	2.978017
60.1076	2.547694	3.071452
60.2600	2.371396	2.858911
60.4124	2.349986	2.833099
60.5648	2.351789	2.835272
60.7172	2.348176	2.830916
60.8696	2.647207	3.191423
61.0220	2.650019	3.194813
61.1744	3.33841	4.024724
61.3268	3.350888	4.039767
61.4792	3.635386	4.382752
61.6316	3.198074	3.855538
61.7840	4.11753	4.964016
61.9364	5.265376	6.347837
62.0888	6.038679	7.280117
62.2412	6.059111	7.304749
62.3936	5.173734	6.237356
62.5460	4.001348	4.823949
62.6984	2.894828	3.48995
62.8508	2.833614	3.416151
63.0032	3.105544	3.743985
63.1556	3.20867	3.868311
63.3080	2.214553	2.669823
63.4604	1.950482	2.351465
63.6128	1.826847	2.202412
63.7652	2.617489	3.155595
63.9176	3.210715	3.870777
64.0700	3.994464	4.81565
64.2224	3.839377	4.62868
64.3748	3.582419	4.318897
64.5272	2.675883	3.225993
64.6796	3.06795	3.698663
64.8320	3.065603	3.695832
64.9844	3.118098	3.75912
65.1368	2.701641	3.257047
65.2892	2.532632	3.053293
65.4416	2.746412	3.311022
65.5940	3.325321	4.008944
65.7464	3.544117	4.27272
65.8988	4.245737	5.11858
66.0512	3.646024	4.395577
66.2036	3.920471	4.726446
66.3560	2.783037	3.355177
66.5084	2.106546	2.539612
66.6608	1.919917	2.314615
66.8132	3.141842	3.787745
66.9656	4.289443	5.171271
67.1180	4.073575	4.911025
67.2704	3.392341	4.089742
67.4228	3.145566	3.792234
67.5752	2.719673	3.278786
67.7276	2.267107	2.733181
67.8800	1.654937	1.995161
68.0324	1.912546	2.305729
68.1848	2.138009	2.577543
68.3372	2.209507	2.663739
68.4896	2.191749	2.642331
68.6420	2.703375	3.259138
68.7944	3.082558	3.716273
68.9468	3.424515	4.128531
69.0992	3.676963	4.432877
69.2516	3.374056	4.067698
69.4040	3.076498	3.708968
69.5564	2.62212	3.161179
69.7088	3.147749	3.794867
69.8612	3.442428	4.150126
70.0136	3.254294	3.923316
70.1660	3.306253	3.985957
70.3184	3.246571	3.914005
70.4708	3.418143	4.120848
70.6232	3.113438	3.753502
70.7756	3.301009	3.979634
70.9280	3.255615	3.924907
71.0804	3.252209	3.920802
71.2328	2.570742	3.099237
71.3852	2.547046	3.07067
71.5376	2.92474	3.526011
71.6900	3.984482	4.803616
71.8424	3.627371	4.37309
71.9948	2.893965	3.488909
72.1472	2.531789	3.052277
72.2996	3.031575	3.65481
72.4520	3.072339	3.703954
72.6044	2.487739	2.999171
72.7568	2.132108	2.57043
72.9092	1.77879	2.144476
73.0616	1.887168	2.275134
73.2140	2.072241	2.498254
73.3664	2.840155	3.424037
73.5188	2.983129	3.596403
73.6712	2.705376	3.26155
73.8236	2.003251	2.415081
73.9760	1.699604	2.049011
74.1284	2.15912	2.602994
74.2808	2.835217	3.418083
74.4332	3.119729	3.761086
74.5856	2.600791	3.135465
74.7380	2.291638	2.762755
74.8904	2.756533	3.323224
75.0428	3.31826	4.000432
75.1952	3.515391	4.238089
75.3476	2.856865	3.444182
75.5000	2.407556	2.902504
75.6524	2.532539	3.053181
75.8048	2.43153	2.931407
75.9572	2.342702	2.824317
76.1096	2.35474	2.83883
76.2620	2.772017	3.341891
76.4144	2.844519	3.429298
76.5668	1.902632	2.293777
76.7192	1.282988	1.546746
76.8716	1.017225	1.226347
77.0240	1.128169	1.360099
77.1764	1.271311	1.532669
77.3288	1.270248	1.531386
77.4812	1.597734	1.926198
77.6336	1.952313	2.353671
77.7860	2.311729	2.786977
77.9384	2.421768	2.919637
78.0908	1.831348	2.207839
78.2432	1.911386	2.30433
78.3956	2.359534	2.84461
78.5480	2.613071	3.150269
78.7004	2.280976	2.749902
78.8528	2.001873	2.413421
79.0052	2.228219	2.686299
79.1576	2.112545	2.546844
79.3100	1.618995	1.95183
79.4624	1.625033	1.959108
79.6148	2.683761	3.235491
79.7672	3.728242	4.494698
79.9196	3.943024	4.753635
80.0720	3.705179	4.466893
80.2244	3.051495	3.678824
80.3768	2.622792	3.161989
80.5292	2.494141	3.00689
80.6816	3.306576	3.986345
80.8340	4.294294	5.17712
80.9864	5.01649	6.047785
81.1388	5.28457	6.370978
81.2912	4.697464	5.663173
81.4436	4.108348	4.952947
81.5960	4.316323	5.203677
81.7484	5.268144	6.351174
81.9008	5.368583	6.472262
82.0532	4.35886	5.254958
82.2056	4.029145	4.857461
82.3580	7.045971	8.49449
82.5104	11.11829	13.404
82.6628	13.1054	15.79962
82.8152	12.97386	15.64104
82.9676	13.03212	15.71128
83.1200	14.68091	17.69903
83.2724	13.94743	16.81475
83.4248	12.63862	15.23688
83.5772	11.71308	14.12106
83.7296	12.0521	14.52978
83.8820	12.66321	15.26652
84.0344	13.28073	16.011
84.1868	15.03397	18.12467
84.3392	16.34243	19.70212
84.4916	16.46957	19.8554
84.6440	16.28263	19.63004
84.7964	16.7098	20.14502
84.9488	18.35443	22.12775
85.1012	18.90569	22.79234
85.2536	18.11158	21.83497
85.4060	16.36743	19.73226
85.5584	16.04511	19.34369
85.7108	17.23168	20.77418
85.8632	18.52235	22.33019
86.0156	18.1627	21.89661
86.1680	17.43204	21.01574
86.3204	15.85059	19.10917
86.4728	16.37217	19.73798
86.6252	15.75688	18.9962
86.7776	15.90314	19.17252
86.9300	15.41576	18.58495
87.0824	15.86573	19.12742
87.2348	16.79214	20.24429
87.3872	17.33251	20.89575
87.5396	17.8724	21.54662
87.6920	17.8106	21.47212
87.8444	19.23671	23.19142
87.9968	18.84119	22.71459
88.1492	17.7178	21.36025
88.3016	15.99047	19.27781
88.4540	15.30188	18.44765
88.6064	16.66545	20.09155
88.7588	19.4551	23.45471
88.9112	22.244	26.81695
89.0636	25.05337	30.20387
89.2160	27.29127	32.90184
89.3684	27.05463	32.61655
89.5208	25.0144	30.15689
89.6732	20.67675	24.9275
89.8256	20.57958	24.81036
89.9780	21.6211	26.06599
90.1304	25.13405	30.30114
90.2828	27.95417	33.70102
90.4352	28.35257	34.18132
90.5876	27.76496	33.47291
90.7400	27.40111	33.03426
90.8924	27.16578	32.75056
91.0448	26.56183	32.02243
91.1972	27.62823	33.30808
91.3496	31.10774	37.5029
91.5020	31.03523	37.41549
91.6544	26.51301	31.96358
91.8068	22.62381	27.27484
91.9592	20.35299	24.53718
92.1116	19.53482	23.55081
92.2640	17.65894	21.28928
92.4164	17.13438	20.65688
92.5688	18.06066	21.77359
92.7212	18.80373	22.66942
92.8736	18.37657	22.15444
93.0260	17.65455	21.28399
93.1784	18.44361	22.23527
93.3308	21.92452	26.43179
93.4832	24.29901	29.29443
93.6356	25.2243	30.40994
93.7880	22.18767	26.74903
93.9404	22.45087	27.06635
94.0928	21.22047	25.58299
94.2452	23.07598	27.81997
94.3976	19.81475	23.88829
94.5500	18.04193	21.75101
94.7024	14.90638	17.97085
94.8548	13.85955	16.70881
95.0072	13.48671	16.25933
95.1596	14.22151	17.14519
95.3120	16.37549	19.74198
95.4644	18.38674	22.16671
95.6168	17.70306	21.34247
95.7692	15.29402	18.43818
95.9216	15.06534	18.16249
96.0740	16.39444	19.76482
96.2264	17.95584	21.64722
96.3788	17.17208	20.70234
96.5312	17.52777	21.13114
96.6836	18.579	22.39849
96.8360	16.69201	20.12356
96.9884	14.70292	17.72556
97.1408	12.73678	15.35522
97.2932	15.78943	19.03544
97.4456	18.5938	22.41633
97.5980	19.98523	24.09381
97.7504	20.3548	24.53937
97.9028	23.11573	27.86788
98.0552	22.4444	27.05854
98.2076	22.72625	27.39834
98.3600	18.3166	22.08215
98.5124	17.74615	21.39442
98.6648	16.88402	20.35505
98.8172	16.99479	20.4886
98.9696	16.58836	19.99861
99.1220	17.83614	21.50291
99.2744	19.5009	23.50992
99.4268	20.31166	24.48735
99.5792	17.77032	21.42356
99.7316	16.84408	20.3069
99.8840	18.10756	21.83013
100.0364	19.5407	23.5579
100.1888	17.89512	21.57401
100.3412	17.51777	21.11909
100.4936	14.83323	17.88266
100.6460	13.28801	16.01977
100.7984	12.06561	14.54608
100.9508	13.56069	16.34851
101.1032	14.11474	17.01647
101.2556	13.47001	16.23918
101.4080	12.44959	15.00899
101.5604	14.44817	17.41844
101.7128	16.8806	20.35093
101.8652	17.75276	21.40239
102.0176	15.71591	18.9468
102.1700	13.03194	15.71106
102.3224	11.54718	13.92106
102.4748	11.7266	14.13736
102.6272	12.17021	14.67218
102.7796	14.05021	16.93867
102.9320	16.20737	19.5393
103.0844	17.581	21.19532
103.2368	16.42817	19.80549
103.3892	16.93054	20.41113
103.5416	21.33106	25.71633
103.6940	21.09499	25.43172
103.8464	21.98681	26.50688
103.9988	20.3235	24.50163
104.1512	23.47793	28.30455
104.3036	23.92444	28.84286
104.4560	21.303	25.6825
104.6084	23.21398	27.98634
104.7608	23.68456	28.55366
104.9132	26.04337	31.3974
105.0656	25.29772	30.49846
105.2180	22.41708	27.02561
105.3704	22.11574	26.66231
105.5228	18.75493	22.61059
105.6752	20.5272	24.7472
105.8276	21.39235	25.79021
105.9800	22.86929	27.57078
106.1324	21.6335	26.08094
106.2848	19.39231	23.379
106.4372	18.67509	22.51434
106.5896	16.82136	20.27952
106.7420	16.3613	19.72487
106.8944	16.36665	19.73132
107.0468	17.36152	20.93072
107.1992	16.65966	20.08457
107.3516	16.3104	19.66351
107.5040	16.54416	19.94532
107.6564	15.07042	18.16861
107.8088	13.34499	16.08847
107.9612	12.46837	15.03163
108.1136	12.88802	15.53755
108.2660	15.1889	18.31145
108.4184	15.70049	18.92822
108.5708	16.47604	19.8632
108.7232	16.25666	19.59873
108.8756	16.76299	20.20915
109.0280	17.51199	21.11212
109.1804	17.42944	21.0126
109.3328	16.11735	19.43077
109.4852	15.95438	19.2343
109.6376	15.7994	19.04746
109.7900	16.87006	20.33823
109.9424	17.40415	20.98212
110.0948	15.33139	18.48323
110.2472	14.05029	16.93876
110.3996	13.52656	16.30736
110.5520	14.53061	17.51782
110.7044	15.56837	18.76893
110.8568	14.36939	17.32347
111.0092	13.26663	15.994
111.1616	12.75225	15.37387
111.3140	12.15893	14.65858
111.4664	13.85854	16.70759
111.6188	15.01421	18.10085
111.7712	16.62749	20.04579
111.9236	16.36576	19.73025
112.0760	15.70891	18.93836
112.2284	14.21037	17.13176
112.3808	13.94649	16.81363
112.5332	14.78142	17.8202
112.6856	15.96414	19.24607
112.8380	15.83903	19.09523
112.9904	15.69979	18.92737
113.1428	14.61885	17.62421
113.2952	14.011	16.8914
113.4476	13.53602	16.31877
113.6000	15.83538	19.09083
113.7524	18.3654	22.14098
113.9048	18.64795	22.48162
114.0572	16.77906	20.22852
114.2096	14.38334	17.34029
114.3620	13.55425	16.34075
114.5144	14.42155	17.38635
114.6668	15.12121	18.22985
114.8192	16.3816	19.74934
114.9716	16.4597	19.84351
115.1240	16.34415	19.7042
115.2764	14.51258	17.49608
115.4288	13.17737	15.88639
115.5812	12.0758	14.55836
115.7336	13.45994	16.22705
115.8860	14.70392	17.72676
116.0384	15.48138	18.66406
116.1908	14.52462	17.51061
116.3432	14.22173	17.14544
116.4956	13.54478	16.32933
116.6480	13.40555	16.16148
116.8004	13.23942	15.96119
116.9528	14.3019	17.2421
117.1052	14.60039	17.60195
117.2576	14.20322	17.12313
117.4100	14.78533	17.82491
117.5624	15.27204	18.41169
117.7148	15.56326	18.76277
117.8672	15.27282	18.41262
118.0196	13.66882	16.47887
118.1720	13.79242	16.62788
118.3244	13.50572	16.28225
118.4768	15.00782	18.09314
118.6292	14.22491	17.14928
118.7816	13.14293	15.84487
118.9340	11.30488	13.62895
119.0864	11.73608	14.14879
119.2388	12.69725	15.30757
119.3912	13.11651	15.81302
119.5436	12.12929	14.62284
119.6960	11.07183	13.34799
119.8484	10.22666	12.32907
120.0008	9.658171	11.64371
120.1532	9.870167	11.89929
120.3056	9.827456	11.84779
120.4580	11.37512	13.71363
120.6104	12.38062	14.92584
120.7628	14.29283	17.23116
120.9152	14.98643	18.06736
121.0676	14.91586	17.98228
121.2200	15.0582	18.15388
121.3724	13.21234	15.92855
121.5248	12.21698	14.72856
121.6772	11.34988	13.6832
121.8296	10.7269	12.93214
121.9820	10.12987	12.21238
122.1344	10.45065	12.59911
122.2868	11.8818	14.32447
122.4392	14.16614	17.07843
122.5916	16.50771	19.90138
122.7440	17.95674	21.64831
122.8964	16.77513	20.22378
123.0488	15.10958	18.21582
123.2012	14.17454	17.08855
123.3536	13.62606	16.42732
123.5060	12.81715	15.45212
123.6584	11.87568	14.3171
123.8108	10.86298	13.0962
123.9632	10.56802	12.7406
124.1156	11.99938	14.46622
124.2680	13.47896	16.24998
124.4204	12.98036	15.64887
124.5728	10.16529	12.25509
124.7252	8.92649	10.76161
124.8776	10.67524	12.86987
125.0300	13.70385	16.5211
125.1824	16.02534	19.31984
125.3348	16.03378	19.33003
125.4872	15.30984	18.45725
125.6396	13.65201	16.45861
125.7920	12.37599	14.92026
125.9444	12.5779	15.16368
126.0968	13.66485	16.47408
126.2492	14.30308	17.24352
126.4016	14.36623	17.31966
126.5540	15.23305	18.36468
126.7064	15.26832	18.4072
126.8588	14.13083	17.03586
127.0112	11.96614	14.42615
127.1636	11.28002	13.59898
127.3160	11.55927	13.93564
127.4684	11.56414	13.9415
127.6208	10.48021	12.63474
127.7732	9.386682	11.31641
127.9256	10.03281	12.09537
128.0780	12.58971	15.17791
128.2304	14.49665	17.47688
128.3828	15.46836	18.64836
128.5352	14.53275	17.52041
128.6876	13.182	15.89198
128.8400	11.25346	13.56696
128.9924	10.31769	12.43881
129.1448	11.71287	14.12081
129.2972	12.93966	15.59981
129.4496	13.39046	16.14329
129.6020	14.43827	17.40651
129.7544	15.74054	18.97649
129.9068	15.88342	19.14875
130.0592	13.98787	16.86351
130.2116	12.28115	14.80592
130.3640	12.71568	15.32978
130.5164	13.28668	16.01818
130.6688	13.42566	16.18572
130.8212	13.22148	15.93957
130.9736	13.00809	15.68231
131.1260	13.32516	16.06456
131.2784	13.79391	16.62967
131.4308	14.73222	17.76089
131.5832	14.40665	17.36839
131.7356	12.76156	15.3851
131.8880	12.03118	14.50456
132.0404	13.70223	16.51915
132.1928	15.19626	18.32033
132.3452	13.42881	16.18951
132.4976	10.8257	13.05126
132.6500	9.906159	11.94268
132.8024	12.00107	14.46826
132.9548	15.31054	18.4581
133.1072	17.66333	21.29458
133.2596	18.64361	22.47639
133.4120	17.75564	21.40587
133.5644	16.30682	19.65919
133.7168	14.67161	17.68781
133.8692	12.79299	15.42299
134.0216	11.74337	14.15759
134.1740	10.99083	13.25033
134.3264	10.7035	12.90394
134.4788	10.25764	12.36641
134.6312	10.39674	12.53411
134.7836	11.0563	13.32927
134.9360	11.52261	13.89145
135.0884	12.16963	14.67147
135.2408	12.47861	15.04397
135.3932	12.89205	15.54241
135.5456	12.73845	15.35723
135.6980	13.1247	15.82289
135.8504	14.59013	17.58958
136.0028	16.1777	19.50353
136.1552	15.79652	19.04398
136.3076	14.40709	17.36891
136.4600	13.13558	15.83601
136.6124	13.2163	15.93332
136.7648	13.45073	16.21594
136.9172	12.63139	15.22816
137.0696	13.45868	16.22553
137.2220	13.29756	16.03129
137.3744	13.19924	15.91276
137.5268	12.8707	15.51668
137.6792	12.71639	15.33063
137.8316	13.9205	16.7823
137.9840	14.29807	17.23749
138.1364	15.0517	18.14605
138.2888	14.11785	17.02021
138.4412	13.89897	16.75634
138.5936	14.76715	17.803
138.7460	16.5036	19.89642
138.8984	15.74124	18.97734
139.0508	17.23686	20.78044
139.2032	17.39312	20.96881
139.3556	17.98024	21.67664
139.5080	15.8046	19.05373
139.6604	15.55083	18.74779
139.8128	16.43847	19.8179
139.9652	18.26926	22.02507
140.1176	20.28677	24.45735
140.2700	22.15981	26.71545
140.4224	22.74189	27.41719
140.5748	22.87194	27.57397
140.7272	21.7767	26.25357
140.8796	22.38512	26.98708
141.0320	23.56742	28.41244
141.1844	26.1559	31.53306
141.3368	25.46023	30.69437
141.4892	22.92031	27.63229
141.6416	20.87205	25.16295
141.7940	20.71143	24.96931
141.9464	20.15736	24.30133
142.0988	19.88954	23.97845
142.2512	20.40759	24.60301
142.4036	21.3342	25.72011
142.5560	21.26752	25.63972
142.7084	20.46007	24.66628
142.8608	20.36148	24.54741
143.0132	19.58964	23.61691
143.1656	18.56541	22.38211
143.3180	18.13411	21.86214
143.4704	17.7318	21.37713
143.6228	20.52279	24.74188
143.7752	20.55558	24.78142
143.9276	20.26812	24.43486
144.0800	17.23285	20.7756
144.2324	17.38888	20.9637
144.3848	18.068	21.78244
144.5372	18.09114	21.81033
144.6896	18.6314	22.46166
144.8420	19.49356	23.50106
144.9944	19.87586	23.96196
145.1468	15.97537	19.25961
145.2992	13.12076	15.81814
145.4516	10.3718	12.50404
145.6040	11.613	14.00041
145.7564	12.14267	14.63897
145.9088	15.06986	18.16793
146.0612	16.24516	19.58486
146.2136	15.39726	18.56265
146.3660	13.38477	16.13642
146.5184	13.73713	16.56122
146.6708	14.64817	17.65955
146.8232	14.03297	16.91788
146.9756	12.61965	15.21401
147.1280	12.38603	14.93237
147.2804	14.3779	17.33372
147.4328	14.79228	17.83329
147.5852	15.98822	19.2751
147.7376	14.42876	17.39504
147.8900	13.88351	16.7377
148.0424	15.46626	18.64583
148.1948	16.17543	19.50079
148.3472	14.87867	17.93745
148.4996	12.30846	14.83885
148.6520	10.87942	13.11603
148.8044	12.27992	14.80445
148.9568	10.76611	12.97941
149.1092	12.54167	15.12
149.2616	13.07042	15.75745
149.4140	14.34631	17.29564
149.5664	15.22339	18.35303
149.7188	15.61964	18.83074
149.8712	17.20247	20.73897
150.0236	16.5123	19.90692
150.1760	15.49934	18.68571
150.3284	13.40216	16.15739
150.4808	13.4621	16.22966
150.6332	14.38888	17.34696
150.7856	16.89382	20.36687
150.9380	16.22194	19.55687
151.0904	15.4636	18.64263
151.2428	13.36202	16.109
151.3952	12.70554	15.31755
151.5476	11.99568	14.46176
151.7000	12.40725	14.95795
151.8524	12.64517	15.24478
152.0048	13.99577	16.87303
152.1572	13.0155	15.69124
152.3096	12.92241	15.57901
152.4620	12.25184	14.77059
152.6144	12.19789	14.70554
152.7668	11.55363	13.92884
152.9192	10.83418	13.06148
153.0716	12.05586	14.53432
153.2240	12.81733	15.45234
153.3764	13.27155	15.99992
153.5288	14.99236	18.0745
153.6812	16.6779	20.10656
153.8336	19.78372	23.85087
153.9860	18.00355	21.70474
154.1384	16.76395	20.2103
154.2908	14.409	17.37121
154.4432	15.17949	18.3001
154.5956	14.51821	17.50287
154.7480	14.6181	17.62331
154.9004	16.38758	19.75656
155.0528	17.52073	21.12266
155.2052	17.65269	21.28175
155.3576	18.83046	22.70164
155.5100	20.6232	24.86294
155.6624	21.21317	25.5742
155.8148	17.893	21.57146
155.9672	16.64061	20.06161
156.1196	17.97863	21.6747
156.2720	17.26699	20.81676
156.4244	16.9187	20.39686
156.5768	13.80899	16.64786
156.7292	14.27336	17.20769
156.8816	12.95388	15.61695
157.0340	15.08885	18.19083
157.1864	15.69785	18.92504
157.3388	17.3112	20.87006
157.4912	14.23105	17.15668
157.6436	11.72992	14.14137
157.7960	9.625307	11.60409
157.9484	9.424107	11.36152
158.1008	11.28321	13.60283
158.2532	11.33658	13.66716
158.4056	12.69762	15.30801
158.5580	12.29564	14.82339
158.7104	14.78993	17.83046
158.8628	14.28447	17.22108
159.0152	13.35015	16.09469
159.1676	12.03496	14.50912
159.3200	13.07338	15.76102
159.4724	16.44705	19.82825
159.6248	16.33785	19.6966
159.7772	18.62435	22.45316
159.9296	18.33091	22.09939
160.0820	20.21373	24.36929
160.2344	17.29995	20.85649
160.3868	13.98382	16.85863
160.5392	11.30522	13.62936
160.6916	11.6759	14.07624
160.8440	13.34507	16.08856
160.9964	13.55803	16.3453
161.1488	13.35311	16.09825
161.3012	11.98827	14.45283
161.4536	12.68793	15.29633
161.6060	13.70571	16.52335
161.7584	14.85028	17.90322
161.9108	17.44191	21.02764
162.0632	19.01035	22.91851
162.2156	19.36765	23.34927
162.3680	17.82407	21.48836
162.5204	17.47989	21.07343
162.6728	18.07445	21.79021
162.8252	17.8837	21.56025
162.9776	16.7359	20.17648
163.1300	17.95414	21.64517
163.2824	16.75724	20.20221
163.4348	15.73259	18.96691
163.5872	14.18392	17.09986
163.7396	15.39833	18.56393
163.8920	15.13157	18.24234
164.0444	15.94371	19.22143
164.1968	15.63168	18.84526
164.3492	16.97932	20.46994
164.5016	14.99411	18.07662
164.6540	14.91108	17.97652
164.8064	13.3596	16.10608
164.9588	12.8426	15.48279
165.1112	11.09798	13.37952
165.2636	10.69505	12.89375
165.4160	12.76957	15.39476
165.5684	14.26514	17.19779
165.7208	14.757	17.79075
165.8732	14.19334	17.11122
166.0256	13.39038	16.14318
166.1780	13.12247	15.82021
166.3304	11.88559	14.32904
166.4828	11.85917	14.2972
166.6352	12.30268	14.83187
166.7876	11.88233	14.32511
166.9400	12.40887	14.9599
167.0924	12.96805	15.63403
167.2448	14.6815	17.69974
167.3972	12.91648	15.57186
167.5496	12.59388	15.18294
167.7020	13.66045	16.46878
167.8544	16.94837	20.43264
168.0068	16.77102	20.21883
168.1592	14.47014	17.44493
168.3116	13.15842	15.86355
168.4640	13.22471	15.94346
168.6164	13.94648	16.81361
168.7688	15.23224	18.3637
168.9212	16.25323	19.59458
169.0736	17.34429	20.90995
169.2260	16.55997	19.96439
169.3784	15.8691	19.13149
169.5308	14.611	17.61475
169.6832	15.31407	18.46236
169.8356	15.39135	18.55552
169.9880	15.83159	19.08627
170.1404	15.32027	18.46983
170.2928	15.81367	19.06466
170.4452	14.88023	17.93933
170.5976	14.68558	17.70465
170.7500	13.55874	16.34616
170.9024	14.09007	16.98672
171.0548	13.664	16.47305
171.2072	13.68664	16.50036
171.3596	13.73516	16.55885
171.5120	13.49619	16.27076
171.6644	13.68414	16.49735
171.8168	15.42088	18.59112
171.9692	18.4839	22.28384
172.1216	20.47257	24.68135
172.2740	19.8568	23.93899
172.4264	18.6299	22.45986
172.5788	18.41781	22.20416
172.7312	17.26524	20.81465
172.8836	15.55353	18.75104
173.0360	15.0653	18.16244
173.1884	16.96845	20.45684
173.3408	17.85688	21.52792
173.4932	20.50262	24.71757
173.6456	21.40695	25.80781
173.7980	24.55255	29.60009
173.9504	24.71851	29.80017
174.1028	24.19723	29.17172
174.2552	20.836	25.11949
174.4076	19.15254	23.08994
174.5600	18.56955	22.3871
174.7124	18.16345	21.89751
174.8648	17.14143	20.66539
175.0172	16.32978	19.68688
175.1696	17.39385	20.9697
175.3220	17.02045	20.51954
175.4744	15.54019	18.73495
175.6268	14.74701	17.77871
175.7792	14.01346	16.89437
175.9316	14.27898	17.21447
176.0840	13.95552	16.82451
176.2364	14.59629	17.59701
176.3888	16.19495	19.52433
176.5412	17.19638	20.73163
176.6936	17.94123	21.62961
176.8460	17.25403	20.80114
176.9984	15.87039	19.13304
177.1508	14.82262	17.86987
177.3032	14.41939	17.38375
177.4556	15.55606	18.75409
177.6080	18.25829	22.01184
177.7604	20.89058	25.18529
177.9128	21.59559	26.03524
178.0652	19.8809	23.96803
178.2176	17.49613	21.09301
178.3700	15.27257	18.41232
178.5224	14.24379	17.17204
178.6748	15.52884	18.72128
178.8272	16.8876	20.35937
178.9796	16.62119	20.03819
179.1320	16.69011	20.12129
179.2844	18.78018	22.64103
179.4368	20.19637	24.34836
179.5892	18.64114	22.47341
179.7416	15.70032	18.92801
179.8940	13.38589	16.13778
180.0464	13.48254	16.25429
180.1988	14.34134	17.28965
180.3512	15.822	19.07471
180.5036	15.89791	19.16622
180.6560	15.30859	18.45575
180.8084	15.33023	18.48183
180.9608	15.43222	18.60479
181.1132	16.06951	19.37309
181.2656	15.99812	19.28703
181.4180	15.90828	19.17872
181.5704	15.53014	18.72285
181.7228	16.58554	19.99522
181.8752	16.97403	20.46357
182.0276	16.7385	20.17962
182.1800	15.08961	18.19175
182.3324	14.68686	17.70621
182.4848	15.11525	18.22266
182.6372	14.73182	17.7604
182.7896	13.88622	16.74096
182.9420	12.28062	14.80528
183.0944	12.31721	14.84939
183.2468	13.80964	16.64864
183.3992	15.76353	19.00422
183.5516	17.42419	21.00627
183.7040	16.30373	19.65547
183.8564	14.87569	17.93386
184.0088	13.51355	16.29169
184.1612	13.83041	16.67368
184.3136	13.0883	15.77901
184.4660	13.6328	16.43545
184.6184	13.93458	16.79926
184.7708	15.63909	18.85419
184.9232	15.63845	18.85342
185.0756	15.74498	18.98186
185.2280	14.06498	16.95648
185.3804	15.22276	18.35227
185.5328	16.36375	19.72783
185.6852	18.34521	22.11663
185.8376	17.12098	20.64073
185.9900	14.92312	17.99103
186.1424	13.60995	16.40791
186.2948	12.22749	14.74123
186.4472	12.95354	15.61655
186.5996	14.43922	17.40765
186.7520	14.32007	17.264
186.9044	12.09639	14.58318
187.0568	10.34466	12.47132
187.2092	11.29662	13.61899
187.3616	12.69313	15.30259
187.5140	13.35125	16.09601
187.6664	13.37717	16.12726
187.8188	14.19614	17.1146
187.9712	14.46077	17.43363
188.1236	14.53044	17.51762
188.2760	14.65491	17.66768
188.4284	12.41656	14.96917
188.5808	12.54561	15.12475
188.7332	12.59886	15.18895
188.8856	16.05555	19.35627
189.0380	16.56749	19.97345
189.1904	14.48988	17.46872
189.3428	12.47978	15.04539
189.4952	11.75507	14.17169
189.6476	12.15055	14.64848
189.8000	13.35132	16.0961
189.9524	12.9534	15.61637
190.1048	13.15064	15.85416
190.2572	11.97517	14.43704
190.4096	12.3962	14.94463
190.5620	13.28079	16.01107
190.7144	12.67256	15.27779
190.8668	11.71994	14.12934
191.0192	13.44062	16.20376
191.1716	15.36897	18.52854
191.3240	14.93058	18.00003
191.4764	14.48437	17.46208
191.6288	14.24074	17.16837
191.7812	16.88087	20.35125
191.9336	16.87146	20.33991
192.0860	15.46554	18.64497
192.2384	17.78479	21.44101
192.3908	18.41297	22.19832
192.5432	19.19023	23.13538
192.6956	15.97336	19.25718
192.8480	15.52751	18.71967
193.0004	16.01144	19.30309
193.1528	17.06885	20.57788
193.3052	15.3625	18.52074
193.4576	14.14679	17.0551
193.6100	14.97906	18.05848
193.7624	16.89371	20.36673
193.9148	17.76209	21.41364
194.0672	15.74063	18.97661
194.2196	16.02501	19.31945
194.3720	19.16753	23.10802
194.5244	19.72856	23.78437
194.6768	18.63096	22.46114
194.8292	17.001	20.49609
194.9816	20.41201	24.60834
195.1340	21.85207	26.34445
195.2864	21.03258	25.35648
195.4388	18.51836	22.32538
195.5912	17.11411	20.63245
195.7436	17.008	20.50452
195.8960	17.47725	21.07024
196.0484	16.94935	20.43382
196.2008	18.59463	22.41733
196.3532	15.81319	19.06408
196.5056	16.65373	20.07742
196.6580	14.33805	17.28568
196.8104	16.49622	19.88753
196.9628	15.33103	18.48281
197.1152	14.63406	17.64255
197.2676	14.29048	17.22833
197.4200	16.03606	19.33277
197.5724	17.16217	20.69039
197.7248	16.03327	19.3294
197.8772	15.15614	18.27196
198.0296	16.14581	19.46508
198.1820	18.44781	22.24033
198.3344	21.62027	26.06498
198.4868	23.18933	27.95662
198.6392	23.83475	28.73472
198.7916	22.92535	27.63837
198.9440	22.97184	27.69442
199.0964	22.96164	27.68212
199.2488	20.58561	24.81762
199.4012	18.98178	22.88408
199.5536	17.91514	21.59816
199.7060	18.20901	21.95244
199.8584	18.39829	22.18063
200.0108	16.10203	19.4123
200.1632	16.00391	19.29401
200.3156	15.07797	18.17771
200.4680	16.96874	20.4572
200.6204	16.67686	20.1053
200.7728	17.35499	20.92285
200.9252	16.64132	20.06246
201.0776	15.43743	18.61107
201.2300	13.98643	16.86178
201.3824	13.51457	16.2929
201.5348	15.26671	18.40525
201.6872	16.00086	19.29033
201.8396	15.8551	19.1146
201.9920	14.06154	16.95232
202.1444	13.21255	15.9288
202.2968	12.8216	15.45748
202.4492	14.25249	17.18253
202.6016	14.79885	17.84122
202.7540	15.64951	18.86676
202.9064	15.67781	18.90087
203.0588	16.01711	19.30992
203.2112	16.4995	19.89149
203.3636	17.46523	21.05575
203.5160	18.75502	22.61069
203.6684	18.98168	22.88395
203.8208	19.51108	23.52218
203.9732	20.8197	25.09983
204.1256	20.67972	24.93108
204.2780	17.93566	21.6229
204.4304	15.03051	18.1205
204.5828	14.60871	17.61198
204.7352	14.53327	17.52104
204.8876	15.11753	18.22541
205.0400	16.45849	19.84204
205.1924	17.74638	21.3947
205.3448	16.83508	20.29605
205.4972	14.78858	17.82884
205.6496	13.90011	16.75771
205.8020	13.77795	16.61043
205.9544	13.99374	16.87059
206.1068	14.52961	17.51663
206.2592	14.92003	17.9873
206.4116	16.22166	19.55653
206.5640	15.37023	18.53006
206.7164	13.48315	16.25503
206.8688	11.79277	14.21714
207.0212	12.46761	15.03071
207.1736	14.1458	17.05391
207.3260	14.01513	16.89638
207.4784	12.45795	15.01907
207.6308	11.80166	14.22786
207.7832	12.3655	14.90761
207.9356	13.14942	15.8527
208.0880	14.12163	17.02477
208.2404	15.00949	18.09516
208.3928	16.95163	20.43656
208.5452	16.46888	19.85457
208.6976	15.49113	18.67582
208.8500	13.86968	16.72103
209.0024	12.99798	15.67012
209.1548	13.33573	16.0773
209.3072	15.92886	19.20353
209.4596	17.65471	21.28418
209.6120	17.44338	21.02941
209.7644	15.45247	18.6292
209.9168	15.14523	18.2588
210.0692	18.49945	22.30259
210.2216	21.224	25.58726
210.3740	22.90855	27.61811
210.5264	21.45507	25.86582
210.6788	20.53778	24.75996
210.8312	19.18699	23.13147
210.9836	17.98195	21.67869
211.1360	18.88701	22.76982
211.2884	20.56715	24.79536
211.4408	22.57637	27.21764
211.5932	22.0965	26.63912
211.7456	22.93368	27.64841
211.8980	23.51331	28.34721
212.0504	22.8236	27.5157
212.2028	20.13786	24.27782
212.3552	16.76744	20.2145
212.5076	14.60741	17.61041
212.6600	13.75285	16.58018
212.8124	13.08226	15.77173
212.9648	13.2451	15.96804
213.1172	12.52788	15.10338
213.2696	14.19845	17.11738
213.4220	14.45159	17.42256
213.5744	16.86879	20.33669
213.7268	16.58069	19.98937
213.8792	17.9565	21.64801
214.0316	16.78458	20.23517
214.1840	15.93139	19.20658
214.3364	15.5072	18.69519
214.4888	16.18762	19.51549
214.6412	15.80791	19.05771
214.7936	15.98433	19.2704
214.9460	15.66899	18.89024
215.0984	17.34302	20.90842
215.2508	15.18725	18.30946
215.4032	13.81131	16.65065
215.5556	11.84288	14.27755
215.7080	13.08212	15.77155
215.8604	14.83632	17.88639
216.0128	17.14118	20.66508
216.1652	20.57962	24.8104
216.3176	21.09943	25.43708
216.4700	20.88538	25.17902
216.6224	19.60845	23.63958
216.7748	20.67632	24.92699
216.9272	19.59849	23.62757
217.0796	16.65759	20.08208
217.2320	14.17322	17.08696
217.3844	14.98182	18.06181
217.5368	16.62112	20.03811
217.6892	18.52623	22.33487
217.8416	21.53517	25.96239
217.9940	22.6934	27.35873
218.1464	23.21545	27.98811
218.2988	21.68875	26.14755
218.4512	22.00671	26.53088
218.6036	22.72066	27.39159
218.7560	20.96741	25.27791
218.9084	21.77534	26.25193
219.0608	19.75674	23.81836
219.2132	23.12175	27.87515
219.3656	22.98011	27.70438
219.5180	27.38162	33.01076
219.6704	27.49757	33.15055
219.8228	27.56582	33.23283
219.9752	24.25946	29.24674
220.1276	21.36912	25.76221
220.2800	21.81446	26.2991
220.4324	23.01431	27.74561
220.5848	24.70144	29.77959
220.7372	24.8393	29.94579
220.8896	25.32515	30.53152
221.0420	24.96634	30.09895
221.1944	20.54018	24.76286
221.3468	17.72651	21.37075
221.4992	17.52134	21.12339
221.6516	17.9536	21.64453
221.8040	17.18443	20.71723
221.9564	15.68891	18.91425
222.1088	17.74677	21.39518
222.2612	21.51705	25.94055
222.4136	22.36846	26.967
222.5660	21.52548	25.95071
222.7184	19.34934	23.3272
222.8708	18.424	22.21163
223.0232	17.97905	21.6752
223.1756	17.99483	21.69423
223.3280	18.27082	22.02696
223.4804	18.94411	22.83866
223.6328	18.09329	21.81293
223.7852	18.94502	22.83975
223.9376	17.81697	21.4798
224.0900	19.46108	23.4619
224.2424	20.43986	24.6419
224.3948	22.01447	26.54022
224.5472	20.64661	24.89116
224.6996	21.78268	26.26079
224.8520	20.18068	24.32944
225.0044	22.4789	27.10014
225.1568	23.68574	28.55508
225.3092	26.76886	32.27203
225.4616	24.70296	29.78143
225.6140	22.07019	26.6074
225.7664	22.78171	27.4652
225.9188	22.30557	26.89117
226.0712	22.05398	26.58786
226.2236	21.33831	25.72506
226.3760	21.09373	25.43021
226.5284	19.93743	24.03619
226.6808	19.44392	23.44123
226.8332	21.25761	25.62777
226.9856	21.80081	26.28264
227.1380	19.53912	23.55599
227.2904	17.61146	21.23204
227.4428	18.18304	21.92113
227.5952	18.45029	22.24333
227.7476	20.47341	24.68236
227.9000	17.50712	21.10625
228.0524	19.25442	23.21276
228.2048	18.1528	21.88467
228.3572	20.67032	24.91975
228.5096	18.74096	22.59375
228.6620	20.20786	24.36221
228.8144	18.65133	22.48569
228.9668	18.68049	22.52085
229.1192	16.57019	19.9767
229.2716	18.22116	21.96708
229.4240	19.30624	23.27524
229.5764	20.46525	24.67251
229.7288	21.46055	25.87243
229.8812	21.3704	25.76375
230.0336	20.72708	24.98817
230.1860	19.5866	23.61323
230.3384	20.24501	24.407
230.4908	20.17404	24.32144
230.6432	20.75953	25.02729
230.7956	21.47153	25.88567
230.9480	23.71892	28.59508
231.1004	23.51718	28.35186
231.2528	23.20231	27.97226
231.4052	20.77906	25.05084
231.5576	20.29259	24.46436
231.7100	20.68738	24.94031
231.8624	20.65892	24.90601
232.0148	18.88142	22.76309
232.1672	18.84343	22.71728
232.3196	22.13237	26.68237
232.4720	23.87827	28.78719
232.6244	22.64198	27.29675
232.7768	20.2401	24.40108
232.9292	20.62951	24.87055
233.0816	20.12448	24.26169
233.2340	18.05026	21.76105
233.3864	18.0996	21.82053
233.5388	18.85895	22.736
233.6912	20.85957	25.14791
233.8436	20.67716	24.92799
233.9960	20.93388	25.23749
234.1484	20.38365	24.57414
234.3008	20.49411	24.70731
234.4532	21.50072	25.92086
234.6056	23.22454	27.99907
234.7580	23.91053	28.82608
234.9104	24.15355	29.11907
235.0628	23.5278	28.36467
235.2152	22.91904	27.63077
235.3676	20.90671	25.20473
235.5200	19.29977	23.26743
235.6724	18.6101	22.43598
235.8248	18.79401	22.6577
235.9772	20.10002	24.23221
236.1296	21.2778	25.65211
236.2820	22.89392	27.60048
236.4344	23.3336	28.13054
236.5868	22.45124	27.06679
236.7392	21.25997	25.63062
236.8916	21.50278	25.92334
237.0440	21.98156	26.50056
237.1964	23.47317	28.29881
237.3488	24.8371	29.94313
237.5012	25.17103	30.34572
237.6536	23.16653	27.92913
237.8060	22.0624	26.59801
237.9584	21.60562	26.04732
238.1108	21.09784	25.43515
238.2632	18.46131	22.2566
238.4156	16.74359	20.18575
238.5680	17.88454	21.56126
238.7204	18.76426	22.62184
238.8728	19.18796	23.13264
239.0252	18.69763	22.5415
239.1776	20.94242	25.24779
239.3300	24.05791	29.00376
239.4824	27.1969	32.78807
239.6348	29.61399	35.70207
239.7872	32.85764	39.61255
239.9396	36.14417	43.57473
240.0920	38.12632	45.96437
240.2444	37.62194	45.3563
240.3968	36.6914	44.23446
240.5492	37.62424	45.35907
240.7016	40.09201	48.33417
240.8540	44.16072	53.23933
241.0064	46.8151	56.4394
241.1588	48.84636	58.88824
241.3112	48.63896	58.63821
241.4636	47.74431	57.55964
241.6160	48.76647	58.79193
241.7684	52.35863	63.12258
241.9208	56.38505	67.97675
242.0732	56.28387	67.85477
242.2256	53.39756	64.37509
242.3780	54.0803	65.19819
242.5304	58.87207	70.97506
242.6828	61.64881	74.32264
242.8352	59.93727	72.25924
242.9876	54.39189	65.57384
243.1400	49.73162	59.95549
243.2924	46.43181	55.97731
243.4448	43.42068	52.34716
243.5972	41.29905	49.78935
243.7496	38.60688	46.54372
243.9020	37.29431	44.96132
244.0544	37.00142	44.60821
244.2068	34.80725	41.96297
244.3592	33.72896	40.66299
244.5116	34.31586	41.37055
244.6640	35.87352	43.24844
244.8164	35.05855	42.26592
244.9688	32.90657	39.67154
245.1212	32.76747	39.50385
245.2736	34.6828	41.81293
245.4260	35.55249	42.86141
245.5784	32.29971	38.93992
245.7308	29.17324	35.17071
245.8832	27.39762	33.03004
246.0356	27.70376	33.39912
246.1880	29.7287	35.84036
246.3404	32.11658	38.71914
246.4928	35.20938	42.44776
246.6452	36.14865	43.58013
246.7976	35.7204	43.06384
246.9500	35.18438	42.41762
247.1024	34.2305	41.26764
247.2548	33.13498	39.9469
247.4072	31.80222	38.34016
247.5596	31.97084	38.54343
247.7120	32.87533	39.63387
247.8644	34.02421	41.01894
248.0168	34.58986	41.70089
248.1692	34.19273	41.22211
248.3216	33.97966	40.96523
248.4740	33.8776	40.8422
248.6264	33.68175	40.60608
248.7788	32.52106	39.20678
248.9312	31.27906	37.70944
249.0836	30.79831	37.12986
249.2360	30.65891	36.96181
249.3884	29.73732	35.85075
249.5408	29.12976	35.11829
249.6932	29.34781	35.38116
249.8456	30.80395	37.13666
249.9980	33.21913	40.04836
250.1504	35.75257	43.10263
250.3028	36.8265	44.39734
250.4552	35.65966	42.9906
250.6076	33.62878	40.54222
250.7600	32.82936	39.57845
250.9124	32.72247	39.44958
251.0648	32.52571	39.21239
251.2172	32.30241	38.94318
251.3696	32.57343	39.26991
251.5220	34.69342	41.82573
251.6744	35.59036	42.90707
251.8268	34.20834	41.24092
