HOLE:	U1513A
EXPEDITION:	369
TOP:	0.0646
BOTTOM:	293.8915
DEPTH_WMSF	TENS	CS	ETIM
m	lbf	ft/h	s
0.0646	5063.982	1789	2371.993
0.2169	5036.103	1789.001	2371.005
0.3693	5138.04	1790.001	2370.002
0.5217	5167.02	1790.999	2368.984
0.6741	5310.031	1786.003	2367.981
0.8265	5370.989	1792	2366.977
0.9789	5358.95	1791.998	2365.973
1.1313	5318.999	1790	2364.972
1.2837	5250.98	1788	2363.971
1.4361	5197.964	1789	2362.969
1.5885	5149.949	1789	2361.95
1.7409	5104.005	1789	2360.948
1.8933	5166.026	1789	2359.962
2.0457	5269.021	1788.001	2358.941
2.1981	5303.988	1789.002	2357.939
2.3505	5291.947	1791	2356.936
2.5029	5252.985	1791	2355.918
2.6553	5128.968	1789.003	2354.915
2.8077	5062.995	1795.994	2353.895
2.9601	5057.082	1788.996	2352.893
3.1125	5124	1786	2351.908
3.2649	5295.022	1780	2350.904
3.4173	5356.005	1779.002	2349.884
3.5697	5362.956	1782.004	2348.865
3.7221	5323.005	1786	2347.872
3.8745	5199.991	1795	2346.861
4.0269	5159.976	1797.002	2345.859
4.1793	5119.892	1801.006	2344.841
4.3317	5009.02	1806.991	2343.839
4.4841	5024.01	1800	2342.836
4.6365	5114.142	1796.991	2341.849
4.7889	5412.007	1777.997	2340.861
4.9413	5419.964	1775.005	2339.841
5.0937	5390	1779	2338.822
5.2461	5406.958	1790.001	2337.804
5.3985	5283.984	1791.999	2336.801
5.5509	5261.818	1789.998	2335.799
5.7033	5094.025	1788	2334.782
5.8557	5075.004	1787.999	2333.779
6.0081	5092.039	1783.001	2332.774
6.1605	5159.145	1783.995	2331.771
6.3129	5311.103	1778.997	2330.767
6.4653	5388.996	1777	2329.749
6.6177	5341.995	1780	2328.762
6.7701	5329.914	1781.012	2327.742
6.9225	5225.99	1795.004	2326.723
7.0749	5218	1798	2325.722
7.2273	5057.007	1794.999	2324.704
7.3797	5079.084	1793.004	2323.701
7.5321	5200.208	1797.985	2322.697
7.6845	5395.967	1784.002	2321.704
7.8369	5350.994	1784	2320.708
7.9893	5321.029	1785.999	2319.688
8.1417	5371.912	1785.007	2318.685
8.2941	5277.832	1791.991	2317.667
8.4465	5149.003	1785	2316.668
8.5989	5186.079	1787.999	2315.674
8.7513	5365.018	1785.002	2314.66
8.9037	5386.951	1788.008	2313.656
9.0561	5345.002	1795	2312.637
9.2085	5363.972	1784	2311.635
9.3609	5274.917	1784	2310.633
9.5133	5153.994	1784	2309.622
9.6657	5148.083	1783.999	2308.611
9.8181	5207.005	1783	2307.608
9.9705	5236.063	1784	2306.604
10.1229	5350.938	1784.005	2305.59
10.2753	5282.923	1789.992	2304.579
10.4277	5223.003	1784.001	2303.579
10.5801	5284.973	1796	2302.56
10.7325	5220.983	1795.998	2301.556
10.8849	5200.034	1793.997	2300.544
11.0373	5228.998	1791	2299.55
11.1897	5165.984	1789.001	2298.564
11.3421	5112.048	1790.994	2297.545
11.4945	5185.231	1781.995	2296.543
11.6469	5409.021	1777.004	2295.541
11.7993	5423.978	1780.001	2294.522
11.9517	5291.01	1788.003	2293.519
12.1041	5308.915	1793.999	2292.499
12.2565	5214.802	1793.001	2291.489
12.4089	5058.995	1794	2290.498
12.5613	4920.069	1792.999	2289.496
12.7137	5089.136	1789.997	2288.492
12.8661	5264.369	1785.982	2287.489
13.0185	5586.971	1770.001	2286.485
13.1709	5489.005	1774.001	2285.465
13.3233	5507.946	1778.999	2284.461
13.4757	5423.923	1778.006	2283.442
13.6281	5347.912	1784.005	2282.423
13.7805	5283.982	1788.001	2281.402
13.9329	5165.977	1798.003	2280.397
14.0853	5120.988	1803.001	2279.394
14.2377	5108.065	1803.989	2278.391
14.3901	5160.003	1795	2277.39
14.5425	5323.062	1784.996	2276.385
14.6949	5479.931	1775.002	2275.399
14.8473	5388.985	1778.016	2274.379
14.9997	5376.001	1791.999	2273.36
15.1521	5280.001	1793.019	2272.342
15.3045	5284.919	1864.023	2271.34
15.4569	5156.959	1900.886	2270.339
15.6093	5116.276	1786.999	2269.336
15.7617	5318.006	1786	2268.35
15.9141	5365.029	1782.001	2267.346
16.0665	5422.98	1784.001	2266.327
16.2189	5399.849	1784.996	2265.325
16.3713	5278	1782	2264.306
16.5237	5196.978	1789	2263.303
16.6761	5137.999	1790.001	2262.299
16.8285	5137.131	1790.993	2261.297
16.9809	5254.985	1785.001	2260.278
17.1333	5339.014	1789	2259.276
17.2857	5396.028	1788.002	2258.272
17.4381	5441.861	1792	2257.269
17.5905	5300.954	1792	2256.265
17.7429	5266.995	1792	2255.262
17.8953	5222.961	1790.999	2254.243
18.0477	5142.989	1789.005	2253.241
18.2001	5130.092	1794.987	2252.238
18.3525	5204.999	1784	2251.236
18.5049	5429.003	1778.002	2250.233
18.6573	5436.964	1784.001	2249.212
18.8097	5387.963	1785	2248.209
18.9621	5354.005	1785	2247.19
19.1145	5336.97	1787	2246.197
19.2669	5204.96	1787.001	2245.185
19.4193	5138.92	1788.997	2244.182
19.5717	5056.017	1786.001	2243.163
19.7241	5069.015	1787	2242.161
19.8765	5218.075	1789.996	2241.157
20.0289	5377.04	1781	2240.137
20.1813	5423.961	1781.006	2239.151
20.3337	5392.001	1786	2238.133
20.4861	5301.995	1789.005	2237.114
20.6385	5286.98	1802.999	2236.11
20.7909	5258.868	1800.981	2235.107
20.9433	5136.019	1783.003	2234.106
21.0957	5205.021	1785.999	2233.12
21.2481	5301.03	1781.001	2232.1
21.4005	5353.041	1782.996	2231.095
21.5529	5395.905	1779.015	2230.075
21.7053	5323.999	1790	2229.058
21.8577	5309.988	1791	2228.072
22.0101	5283.987	1791.998	2227.052
22.1625	5268.063	1790	2226.049
22.3149	5320.998	1790	2225.046
22.4673	5247.992	1787	2224.042
22.6197	5222.014	1788.003	2223.023
22.7721	5241.994	1792.984	2222.021
22.9245	5236.001	1778.003	2221.036
23.0769	5308.016	1778	2220.016
23.2293	5390.09	1778.999	2219.011
23.3817	5549.973	1778.004	2217.991
23.5341	5520.891	1782.009	2216.98
23.6865	5436.993	1788.999	2215.97
23.8389	5327.98	1779.008	2214.968
23.9913	5282.938	1796.999	2213.947
24.1437	5205.91	1795.996	2212.945
24.2961	5129.005	1793	2211.944
24.4485	5088.004	1798.999	2210.942
24.6009	5103.135	1796.988	2209.955
24.7533	5303.104	1779.002	2208.935
24.9057	5402.981	1781	2207.933
25.0581	5514.01	1780.001	2206.913
25.2105	5569.958	1785	2205.902
25.3629	5492.957	1784.999	2204.906
25.5153	5445.91	1784.001	2203.887
25.6677	5375.996	1785	2202.886
25.8201	5283.991	1784.001	2201.884
25.9725	5261.914	1786	2200.863
26.1249	5152.974	1785.999	2199.877
26.2773	5130.002	1785	2198.842
26.4297	5204.011	1786	2197.84
26.5821	5242.043	1786.003	2196.835
26.7345	5307.014	1789.993	2195.832
26.8869	5320.997	1783.001	2194.814
27.0393	5286.998	1785.002	2193.811
27.1917	5273.979	1798.004	2192.8
27.3441	5234.037	1804.982	2191.805
27.4965	5275.036	1785.004	2190.803
27.6489	5303.001	1788	2189.8
27.8013	5324.997	1783.999	2188.795
27.9537	5316.964	1782.003	2187.793
28.1061	5270.967	1786.006	2186.791
28.2585	5242.003	1791	2185.773
28.4109	5218.004	1790.002	2184.77
28.5633	5234.006	1795.998	2183.765
28.7157	5243.014	1793	2182.745
28.8681	5256.997	1793	2181.745
29.0205	5214.99	1793.999	2180.743
29.1729	5143.103	1783.998	2179.757
29.3253	5344.06	1780.996	2178.753
29.4777	5411.99	1777.01	2177.733
29.6301	5404	1785	2176.714
29.7825	5368.981	1787.002	2175.711
29.9349	5320.975	1791.992	2174.701
30.0873	5287.835	1782.013	2173.707
30.2397	5141.017	1793.999	2172.689
30.3921	5162.012	1793.002	2171.687
30.5445	5210.139	1799.993	2170.683
30.6969	5432.096	1788.995	2169.679
30.8493	5528.977	1784.001	2168.686
31.0017	5468.995	1783	2167.692
31.1541	5427.975	1784.997	2166.674
31.3065	5376.937	1779.007	2165.653
31.4589	5303.898	1787.002	2164.651
31.6113	5221	1789	2163.631
31.7637	5215.001	1796.001	2162.635
31.9161	5219.079	1798.99	2161.624
32.0685	5325.963	1785.998	2160.639
32.2209	5293.004	1784	2159.62
32.3733	5319	1783.001	2158.617
32.5257	5317.933	1788.001	2157.595
32.6781	5206.994	1790.005	2156.609
32.8305	5201.001	1794.999	2155.591
32.9829	5166.01	1783	2154.588
33.1353	5256.08	1781.999	2153.584
33.2877	5422.014	1779.009	2152.564
33.4401	5437.871	1790.151	2151.544
33.5925	5332.002	1913.998	2150.559
33.7449	5271.992	1798.001	2149.54
33.8973	5247.955	1799.996	2148.537
34.0497	5184.973	1793.998	2147.535
34.2021	5160.003	1792	2146.532
34.3545	5288.025	1787.999	2145.529
34.5069	5400.956	1783.003	2144.543
34.6593	5325.928	1787.992	2143.524
34.8117	5251.021	1780.002	2142.522
34.9641	5358.984	1785.001	2141.502
35.1165	5188.973	1799.004	2140.499
35.2689	5131.046	1806.987	2139.512
35.4213	5187.042	1791	2138.51
35.5737	5221.999	1791	2137.509
35.7261	5267.98	1790	2136.506
35.8785	5209.968	1790.999	2135.485
36.0309	5163.944	1789.999	2134.483
36.1833	5112.008	1789	2133.482
36.3357	5080.037	1794.998	2132.48
36.4881	5257.087	1785.998	2131.476
36.6405	5409.021	1783.003	2130.472
36.7929	5430.994	1785.999	2129.452
36.9453	5432.991	1779.001	2128.45
37.0977	5316.988	1798	2127.448
37.2501	5289.983	1796.998	2126.444
37.4025	5268.916	1794.004	2125.442
37.5549	5198.003	1797	2124.44
37.7073	5236.059	1785.998	2123.438
37.8597	5420.009	1781.003	2122.435
38.0121	5432.954	1785.004	2121.431
38.1645	5389.008	1788.999	2120.412
38.3169	5338.99	1795	2119.41
38.4693	5284.984	1796.999	2118.391
38.6217	5256.988	1795.993	2117.388
38.7741	5244.004	1788.002	2116.386
38.9265	5468.997	1779	2115.4
39.0789	5420.008	1782.001	2114.379
39.2313	5437.984	1783.998	2113.377
39.3837	5417.893	1781.008	2112.359
39.5361	5326.006	1788	2111.357
39.6885	5211.997	1783.002	2110.338
39.8409	5199.978	1791.001	2109.318
39.9933	5167.068	1791.999	2108.315
40.1457	5232.987	1791	2107.33
40.2981	5296.013	1791.001	2106.326
40.4505	5371.996	1794.999	2105.305
40.6029	5364.963	1792.995	2104.302
40.7553	5323.963	1786.999	2103.307
40.9077	5295	1786	2102.314
41.0601	5306.972	1789	2101.295
41.2125	5239.025	1788.998	2100.291
41.3649	5271	1787.005	2099.288
41.5173	5271	1791	2098.27
41.6697	5244	1793.999	2097.284
41.8221	5243.992	1791.998	2096.28
41.9745	5231.036	1788.999	2095.278
42.1269	5265.993	1788	2094.276
42.2793	5307.985	1788.999	2093.257
42.4317	5212.041	1784.003	2092.253
42.5841	5290.011	1790.003	2091.249
42.7365	5301.994	1792.989	2090.247
42.8889	5297.001	1784	2089.246
43.0413	5340.001	1784.997	2088.228
43.1937	5342.988	1778.011	2087.225
43.3461	5326.968	1792.006	2086.205
43.4985	5299.003	1797	2085.203
43.6509	5262.998	1800.002	2084.2
43.8033	5255.007	1808.992	2083.197
43.9557	5266.116	1795.986	2082.195
44.1081	5381.974	1782.003	2081.194
44.2605	5505.992	1781	2080.192
44.4129	5447.947	1778.002	2079.17
44.5653	5342.98	1782.006	2078.183
44.7177	5319.945	1789.005	2077.163
44.8701	5276	1793	2076.162
45.0225	5268.999	1795.999	2075.144
45.1749	5266.098	1791.993	2074.143
45.3273	5397.015	1783.003	2073.138
45.4797	5409.999	1786	2072.152
45.6321	5390.995	1785.001	2071.132
45.7845	5370.969	1787.999	2070.113
45.9369	5320.879	1787.001	2069.111
46.0893	5199.03	1788	2068.111
46.2417	5220.004	1787	2067.092
46.3941	5256.053	1786.001	2066.087
46.5465	5363.991	1788	2065.095
46.6989	5352.963	1787.991	2064.083
46.8513	5323	1781	2063.08
47.0037	5339.002	1795.999	2062.06
47.1561	5344.945	1793.999	2061.057
47.3085	5269.972	1792.998	2060.053
47.4609	5244.003	1791	2059.069
47.6133	5257.987	1786.001	2058.066
47.7657	5204.06	1788.999	2057.047
47.9181	5303.027	1787.998	2056.043
48.0705	5330.993	1786	2055.04
48.2229	5405.001	1790	2054.022
48.3753	5419.963	1786	2053.037
48.5277	5341.964	1787.003	2052.017
48.6801	5299.96	1789.994	2051.013
48.8325	5267.001	1785	2050.012
48.9849	5183.024	1790.002	2048.992
49.1373	5254.041	1795.992	2048.006
49.2897	5311.122	1784.997	2047.005
49.4421	5423.983	1782	2045.987
49.5945	5475.981	1781	2044.984
49.7469	5390.988	1783.002	2043.965
49.8993	5370.918	1786.998	2042.962
50.0517	5285.024	1785.001	2041.944
50.2041	5262.001	1801.001	2040.924
50.3565	5278.991	1811.991	2039.922
50.5089	5259.044	1792.993	2038.937
50.6613	5312.073	1784.999	2037.934
50.8137	5372.998	1784	2036.932
50.9661	5352.031	1785.001	2035.911
51.1185	5445.951	1786.998	2034.915
51.2709	5375.99	1784.001	2033.92
51.4233	5367.001	1785	2032.902
51.5757	5458.038	1795.996	2031.884
51.7281	5648.048	1775.997	2030.88
51.8805	5732.762	1771.012	2029.859
52.0329	5479.075	1783.996	2028.84
52.1853	5398.995	1781.001	2027.854
52.3377	5330.97	1789.002	2026.834
52.4901	5263.902	1793.097	2025.833
52.6425	5143.002	1912.858	2024.814
52.7949	5145	1792.007	2023.814
52.9473	5245.04	1785	2022.81
53.0997	5372.086	1785.001	2021.807
53.2521	5499.062	1785.994	2020.805
53.4045	5557.989	1780.001	2019.802
53.5569	5601.991	1791.001	2018.783
53.7093	5553.955	1793.998	2017.78
53.8617	5472.946	1790.001	2016.761
54.0141	5414.019	1791	2015.76
54.1665	5318.997	1792	2014.758
54.3189	5267.992	1785.005	2013.771
54.4713	5249.931	1797	2012.751
54.6237	5163.045	1797.01	2011.748
54.7761	5201.997	1805.999	2010.747
54.9285	5180	1814.994	2009.744
55.0809	5178.065	1794.001	2008.741
55.2333	5276.091	1794.991	2007.773
55.3857	5363.982	1786.002	2006.772
55.5381	5495.996	1788	2005.768
55.6905	5472.985	1789.997	2004.748
55.8429	5445.949	1785.007	2003.745
55.9953	5389.019	1792.997	2002.726
56.1477	5410.997	1794	2001.74
56.3001	5326.003	1796.001	2000.738
56.4525	5332.977	1798	1999.719
56.6049	5302.903	1798.005	1998.717
56.7573	5218.008	1802	1997.714
56.9097	5219.986	1811.002	1996.711
57.0621	5169.02	1817.996	1995.724
57.2145	5200.135	1811.984	1994.739
57.3669	5332.971	1796.003	1993.738
57.5193	5447.011	1790	1992.734
57.6717	5519.958	1792.002	1991.732
57.8241	5437.913	1795.996	1990.727
57.9765	5340.034	1791.002	1989.726
58.1289	5417.997	1801	1988.724
58.2813	5268.007	1792.991	1987.722
58.4337	5285.027	1769.995	1986.719
58.5861	5321.054	1763.999	1985.717
58.7385	5368.995	1763	1984.68
58.8909	5337.001	1768	1983.668
59.0433	5340.963	1767.001	1982.657
59.1957	5281.986	1769.014	1981.639
59.3481	5268.003	1782.997	1980.622
59.5005	5234.028	1765.999	1979.603
59.6529	5444.03	1755.999	1978.566
59.8053	5502.963	1754.003	1977.545
59.9577	5461.015	1756.999	1976.544
60.1101	5421	1768	1975.508
60.2625	5393.946	1780.996	1974.49
60.4149	5249.972	1770.998	1973.47
60.5673	5211.935	1767.997	1972.451
60.7197	5153.007	1765	1971.433
60.8721	5183.043	1768.999	1970.414
61.0245	5359.099	1762.993	1969.41
61.1769	5520.041	1752.002	1968.39
61.3293	5561.989	1754	1967.37
61.4817	5391.991	1769.999	1966.334
61.6341	5316.005	1759	1965.314
61.7865	5326.848	1757.998	1964.313
61.9389	5149.067	1756.001	1963.278
62.0913	5129	1756	1962.259
62.2437	5186.047	1755.997	1961.222
62.3961	5319.085	1748	1960.201
62.5485	5437.017	1748	1959.165
62.7009	5451.998	1748	1958.147
62.8533	5495.993	1748.001	1957.128
63.0057	5465.929	1752.002	1956.091
63.1581	5346.94	1756.003	1955.055
63.3105	5285.017	1758.999	1954.02
63.4629	5234.99	1763.001	1953
63.6153	5136.99	1769.998	1951.964
63.7677	5115.035	1764.997	1950.961
63.9201	5156.983	1761.002	1949.943
64.0725	5246.998	1751	1948.924
64.2249	5358.99	1748.999	1947.904
64.3773	5330.028	1746.006	1946.867
64.5297	5368.925	1754.006	1945.83
64.6821	5299.011	1759.999	1944.812
64.8345	5277.991	1761.999	1943.776
64.9869	5235.972	1757.999	1942.757
65.1393	5187.007	1757	1941.737
65.2917	5193.998	1757	1940.72
65.4441	5315.999	1761.007	1939.684
65.5965	5303.029	1839.96	1938.673
65.7489	5367.976	1750.999	1937.645
65.9013	5339.012	1750	1936.61
66.0537	5285.002	1754	1935.59
66.2061	5252.992	1753.001	1934.554
66.3585	5229.018	1755.999	1933.519
66.5109	5255.083	1755.001	1932.507
66.6633	5333.986	1756	1931.48
66.8157	5354	1769	1930.46
66.9681	5353.048	1767.986	1929.423
67.1205	5439.012	1744	1928.405
67.2729	5451.996	1744	1927.402
67.4253	5422.996	1744	1926.366
67.5777	5359.975	1750	1925.328
67.7301	5302.018	1749.995	1924.291
67.8825	5323.991	1744.003	1923.256
68.0349	5432.993	1752.999	1922.22
68.1873	5531.13	1742.996	1921.218
68.3397	5956.116	1729.998	1920.174
68.4921	6127.11	1726.98	1919.147
68.6445	6232.98	1708.004	1918.112
68.7969	6276.979	1711	1917.058
68.9493	6159.979	1708.966	1916.004
69.1017	6120.95	1645.881	1914.951
69.2541	6066.018	1516.041	1913.884
69.4065	6123.997	1462	1912.73
69.5589	6063.985	1464.001	1911.494
69.7113	6028.954	1467.002	1910.257
69.8637	5970.026	1469.999	1909.021
70.0161	5978	1470	1907.817
70.1685	6021.021	1472	1906.598
70.3209	6093.011	1470.991	1905.359
70.4733	6109.068	1456.999	1904.139
70.6257	6174.986	1456	1902.904
70.7781	6123.003	1457.001	1901.684
70.9305	6141.912	1462.003	1900.444
71.0829	5974.967	1467.999	1899.191
71.2353	5938.012	1467	1897.974
71.3877	5955.002	1471	1896.754
71.5401	6028.025	1458.998	1895.534
71.6925	6090.045	1453.999	1894.297
71.8449	6148.973	1453	1893.061
71.9973	6202.995	1451	1891.823
72.1497	6084.989	1459	1890.57
72.3021	6044.981	1457.001	1889.349
72.4545	6014.974	1457.996	1888.114
72.6069	5989.006	1454.001	1886.88
72.7593	6038.006	1454	1885.644
72.9117	6076.983	1457.002	1884.405
73.0641	6044.957	1461.002	1883.185
73.2165	5996.017	1462.999	1881.932
73.3689	5897	1465	1880.712
73.5213	5934.995	1468.997	1879.475
73.6737	5921.939	1460.999	1878.239
73.8261	5842.046	1460	1877.019
73.9785	5882.996	1460	1875.784
74.1309	5809.001	1459	1874.563
74.2833	5814.013	1459.001	1873.325
74.4357	5835.308	1460.182	1872.008
74.5881	6144.926	1642.956	1790.034
74.7405	6341	1645.999	1788.861
74.8929	6339.008	1636.001	1787.758
75.0453	6355.051	1638	1786.67
75.1977	6413.979	1638	1785.551
75.3501	6339	1639	1784.464
75.5025	6303.931	1640.999	1783.362
75.6549	6116.993	1639.001	1782.259
75.8073	6107.099	1639.99	1781.173
75.9597	6196.988	1631.001	1780.072
76.1121	6263.017	1624	1778.968
76.2645	6334.043	1626.022	1777.865
76.4169	6405.021	1663.046	1776.762
76.5693	6425.995	1709.988	1775.66
76.7217	6473.979	1718.002	1774.606
76.8741	6289.843	1735.007	1773.553
77.0265	5963.957	1750.02	1772.5
77.1789	5913.02	1773.991	1771.466
77.3313	5835.001	1816.999	1770.448
77.4837	5883.021	1704.856	1769.462
77.6361	5943.052	1296.99	1768.459
77.7885	6015.122	1282.991	1767.206
77.9409	6126.984	1275.001	1765.804
78.0933	6050.946	1266	1764.414
78.2457	5810.98	1267.013	1762.993
78.3981	5776.901	1288.999	1761.557
78.5505	5674.028	1288	1760.14
78.7029	5629.999	1247	1758.685
78.8553	5622.016	1244.999	1757.263
79.0077	5655.94	1243.002	1755.825
79.1601	5584.029	1244.999	1754.374
79.3125	5539.001	1249	1752.919
79.4649	5344.012	1254	1751.482
79.6173	5378.941	1254.001	1750.045
79.7697	5295.909	1255.004	1748.608
79.9221	5211.014	1258.999	1747.172
80.0745	5191.001	1266.999	1745.75
80.2269	5197.968	1263.996	1744.33
80.3793	5142.044	1257.001	1742.894
80.5317	5188.986	1258	1741.474
80.6841	5114.998	1259	1740.053
80.8365	5091.667	1258.168	1738.582
80.9889	6582.936	1634.247	1662.289
81.1413	6504.033	710.3868	1661.239
81.2937	6407.005	1382.966	1657.26
81.4461	6362.963	1748.001	1655.856
81.5985	6247.946	1750	1654.818
81.7509	6169.863	1750.002	1653.782
81.9033	6040.023	1752	1652.747
82.0557	6070.988	1755	1651.712
82.2081	6007.966	1753.004	1650.699
82.3605	5948.021	1759.999	1649.671
82.5129	5969.993	1759	1648.653
82.6653	5795	1763.001	1647.619
82.8177	5787.958	1772.002	1646.599
82.9701	5690.952	1776.001	1645.581
83.1225	5631.026	1777	1644.563
83.2749	5711.995	1778	1643.56
83.4273	5622.988	1784.996	1642.542
83.5797	5582.962	1773.001	1641.523
83.7321	5525.949	1774	1640.521
83.8845	5477.01	1774	1639.504
84.0369	5513.991	1773	1638.484
84.1893	5463.985	1774	1637.465
84.3417	5436.948	1774.007	1636.445
84.4941	5380.019	1781.997	1635.443
84.6465	5402.997	1784	1634.423
84.7989	5326.965	1779.001	1633.421
84.9513	5243.028	1781.998	1632.401
85.1037	5278.984	1779.001	1631.4
85.2561	5296.999	1779	1630.38
85.4085	5358.025	1776.998	1629.393
85.5609	5446.013	1770.003	1628.372
85.7133	5465.967	1774	1627.352
85.8657	5434.007	1774	1626.333
86.0181	5489.996	1777	1625.313
86.1705	5462.98	1779	1624.302
86.3229	5424.998	1779.001	1623.307
86.4753	5422.001	1780	1622.289
86.6277	5364.999	1791	1621.27
86.7801	5327.983	1793.998	1620.251
86.9325	5284.993	1789.996	1619.247
87.0849	5276.004	1785.002	1618.255
87.2373	5352.992	1776.001	1617.26
87.3897	5504.004	1776.002	1616.241
87.5421	5521.05	1784.994	1615.221
87.6945	5599.007	1776.005	1614.219
87.8469	5605.999	1780.999	1613.2
87.9993	5533.992	1779	1612.181
88.1517	5478.964	1781.998	1611.193
88.3041	5408.017	1778	1610.175
88.4565	5426.993	1778	1609.158
88.6089	5367.999	1781	1608.139
88.7613	5276.992	1778.002	1607.136
88.9137	5254.988	1784.005	1606.115
89.0661	5239.008	1790.997	1605.098
89.2185	5139.012	1791	1604.094
89.3709	5133.987	1791.001	1603.092
89.5233	5083.117	1793.999	1602.089
89.6757	5271.039	1793.001	1601.087
89.8281	5309.99	1794	1600.07
89.9805	5259.991	1800	1599.067
90.1329	5187.936	1799.999	1598.063
90.2853	5057.968	1797.002	1597.077
90.4377	5021.014	1798.999	1596.076
90.5901	4946	1825	1595.074
90.7425	4930.055	1936.949	1594.072
90.8949	5081.144	1795.997	1593.068
91.0473	5277.901	1792.002	1592.084
91.1997	5303.997	1798.999	1591.064
91.3521	5144.976	1800.001	1590.078
91.5045	5040.936	1805.999	1589.074
91.6569	4934.008	1805.001	1588.071
91.8093	4941.998	1806	1587.07
91.9617	4793.009	1813.999	1586.068
92.1141	4879.14	1804.998	1585.067
92.2665	5174.139	1800.987	1584.08
92.4189	5338.936	1785.006	1583.096
92.5713	5433.998	1785	1582.094
92.7237	5417.99	1788	1581.091
92.8761	5390.022	1787.999	1580.069
93.0285	5420.984	1786.001	1579.067
93.1809	5271.022	1799.998	1578.062
93.3333	5354.016	1814.996	1577.06
93.4857	5429.003	1795.995	1576.057
93.6381	5434.102	1786.999	1575.055
93.7905	5540.97	1786	1574.053
93.9429	5601.005	1780	1573.05
94.0953	5656.012	1783	1572.046
94.2477	5682.983	1781.998	1571.026
94.4001	5662.009	1780.001	1570.025
94.5525	5694.999	1781	1569.007
94.7049	5643.986	1777	1567.989
94.8573	5602.96	1778.005	1566.987
95.0097	5546.03	1784.996	1565.969
95.1621	5485.01	1786	1564.964
95.3145	5443.993	1788	1563.96
95.4669	5408.963	1786.002	1562.948
95.6193	5344.99	1790.001	1561.939
95.7717	5334.003	1791	1560.936
95.9241	5380.997	1790	1559.935
96.0765	5340.034	1790.997	1558.932
96.2289	5415.915	1783.999	1557.929
96.3813	5311.044	1783	1556.911
96.5337	5187.007	1818.998	1555.909
96.6861	5181.969	1805.998	1554.906
96.8385	5084.014	1801	1553.904
96.9909	5104.988	1801	1552.903
97.1433	5063.008	1800	1551.916
97.2957	4947.009	1801.001	1550.913
97.4481	4997.109	1808.993	1549.911
97.6005	5195.289	1795.988	1548.925
97.7529	5508.902	1783.004	1547.923
97.9053	5651.995	1785	1546.904
98.0577	5554.995	1781.001	1545.918
98.2101	5542.997	1783.002	1544.914
98.3625	5539.002	1784.999	1543.896
98.5149	5470.005	1787	1542.876
98.6673	5370.979	1792	1541.874
98.8197	5301.915	1793	1540.861
98.9721	5173.073	1793	1539.861
99.1245	5173	1793	1538.866
99.2769	5250.004	1792.001	1537.847
99.4293	5277.005	1798.001	1536.845
99.5817	5285.965	1800	1535.842
99.7341	5247.013	1800	1534.84
99.8865	5312.004	1804	1533.854
100.0389	5415.981	1803.993	1532.851
100.1913	5368.991	1787.005	1531.847
100.3437	5357.005	1792.997	1530.846
100.4961	5271.008	1793	1529.844
100.6485	5238.996	1791.001	1528.842
100.8009	5222.934	1796.001	1527.823
100.9533	5120.06	1796.999	1526.838
101.1057	5238.974	1802.999	1525.834
101.2581	5275.009	1790	1524.832
101.4105	5335.04	1786.999	1523.828
101.5629	5411.981	1784.999	1522.825
101.7153	5391.007	1784	1521.806
101.8677	5437	1786	1520.82
102.0201	5432.985	1785.002	1519.801
102.1725	5394.035	1789.046	1518.798
102.3249	5439.978	1848.972	1517.781
102.4773	5397.004	1789.006	1516.779
102.6297	5417.987	1785.002	1515.76
102.7821	5366.965	1794.004	1514.764
102.9345	5312.033	1799.996	1513.755
103.0869	5237.018	1804.999	1512.75
103.2393	5194.992	1806	1511.748
103.3917	5136.979	1804.002	1510.745
103.5441	5093.941	1807.996	1509.743
103.6965	5026.024	1803.002	1508.758
103.8489	5064.001	1795	1507.757
104.0013	5224.049	1792.998	1506.772
104.1537	5356.01	1787.007	1505.768
104.3061	5368.994	1795.996	1504.766
104.4585	5347.003	1795	1503.744
104.6109	5272.017	1788.999	1502.758
104.7633	5339.917	1786.001	1501.755
104.9157	5204.972	1787.005	1500.753
105.0681	5176.007	1791.999	1499.736
105.2205	5277.018	1782.999	1498.732
105.3729	5429.111	1776.996	1497.729
105.5253	5658.142	1768.001	1496.709
105.6777	5823.937	1769	1495.708
105.8301	5810	1770	1494.688
105.9825	5828.963	1771	1493.67
106.1349	5724.94	1772.001	1492.649
106.2873	5643.042	1773	1491.63
106.4397	5601.006	1785.998	1490.611
106.5921	5517.997	1789.999	1489.592
106.7445	5503.955	1784.996	1488.607
106.8969	5429.042	1779.004	1487.605
107.0493	5472.988	1782.999	1486.586
107.2017	5589.007	1769	1485.584
107.3541	5657.987	1768.998	1484.564
107.5065	5630.031	1765.008	1483.545
107.6589	5666.985	1774.996	1482.51
107.8113	5596.002	1775	1481.498
107.9637	5557.986	1776	1480.505
108.1161	5517.943	1776	1479.485
108.2685	5438.042	1776	1478.468
108.4209	5432.001	1776	1477.448
108.5733	5408.016	1772	1476.428
108.7257	5482.019	1770.999	1475.441
108.8781	5513.945	1769.999	1474.406
109.0305	5456.017	1769	1473.404
109.1829	5556.994	1769	1472.384
109.3353	5481.991	1766.003	1471.364
109.4877	5462.922	1773.005	1470.344
109.6401	5368.039	1778.998	1469.326
109.7925	5270.004	1813.998	1468.322
109.9449	5261.97	1789	1467.32
110.0973	5168.959	1790.001	1466.318
110.2497	5110.032	1791	1465.301
110.4021	5138.995	1786.001	1464.298
110.5545	5178.021	1788	1463.296
110.7069	5285.054	1787.997	1462.291
110.8593	5380.936	1782.01	1461.288
111.0117	5312.021	1792.997	1460.27
111.1641	5290.999	1789.999	1459.268
111.3165	5270.946	1781.005	1458.266
111.4689	5146.954	1793.002	1457.245
111.6213	5090.024	1794.999	1456.245
111.7737	5060.002	1793	1455.258
111.9261	5042.011	1792	1454.256
112.0785	5076.991	1791.997	1453.253
112.2309	5064.007	1788.002	1452.235
112.3833	5162.981	1802.997	1451.232
112.5357	5336	1849.988	1450.23
112.6881	5332.002	1779.999	1449.228
112.8405	5335.875	1778.011	1448.225
112.9929	5200.043	1789.996	1447.206
113.1453	5032.999	1809	1446.202
113.2977	5006.975	1811.997	1445.2
113.4501	4947.12	1804.996	1444.205
113.6025	5098.932	1800.002	1443.204
113.7549	5283.985	1782.001	1442.216
113.9073	5383.026	1771.999	1441.208
114.0597	5473.019	1768.009	1440.187
114.2121	5500.984	1781.992	1439.17
114.3645	5463.008	1773.002	1438.15
114.5169	5407.986	1777	1437.146
114.6693	5322.951	1776.002	1436.144
114.8217	5230.994	1780.002	1435.123
114.9741	5224.002	1781.999	1434.106
115.1265	5109.001	1778	1433.088
115.2789	5145.99	1778.998	1432.086
115.4313	5121.963	1774.999	1431.066
115.5837	5074.022	1774	1430.047
115.7361	5228.985	1777	1429.06
115.8885	5335.01	1770.998	1428.042
116.0409	5371.013	1763.006	1427.021
116.1933	5390.988	1771.995	1426.003
116.3457	5188.045	1790.996	1424.982
116.4981	5073.988	1796	1423.963
116.6505	4989.978	1796.995	1422.978
116.8029	4946.088	1787.992	1421.975
116.9553	5045.965	1779.003	1420.974
117.1077	5088.002	1776	1419.956
117.2601	5230.031	1774	1418.952
117.4125	5310.046	1774.001	1417.931
117.5649	5370.971	1775	1416.931
117.7173	5368	1774	1415.91
117.8697	5331.985	1775	1414.908
118.0221	5274.993	1774.001	1413.889
118.1745	5263.007	1774.999	1412.873
118.3269	5211.013	1777	1411.852
118.4793	5130.008	1779	1410.832
118.6317	5188.998	1777.003	1409.828
118.7841	5185.062	1782.99	1408.809
118.9365	5255.974	1772.004	1407.808
119.0889	5340	1769	1406.789
119.2413	5372.034	1770	1405.778
119.3937	5464.027	1769.003	1404.749
119.5461	5500.981	1772.998	1403.765
119.6985	5439.008	1777	1402.73
119.8509	5406.977	1777.999	1401.71
120.0033	5311.983	1772	1400.707
120.1557	5285.017	1772	1399.689
120.3081	5287	1774.999	1398.67
120.4605	5264.001	1776	1397.65
120.6129	5271.021	1777	1396.64
120.7653	5315.039	1777	1395.628
120.9177	5360.982	1777	1394.608
121.0701	5367	1773	1393.605
121.2225	5394.074	1768.998	1392.586
121.3749	5603.079	1763.997	1391.566
121.5273	5711.944	1760.002	1390.565
121.6797	5941.967	1751.001	1389.546
121.8321	5855.992	1751	1388.51
121.9845	5819.982	1752.002	1387.472
122.1369	5790.019	1755.997	1386.455
122.2893	5789	1756	1385.418
122.4417	5656.998	1762	1384.4
122.5941	5630.97	1765	1383.381
122.7465	5565.961	1765.004	1382.362
122.8989	5519.019	1769.998	1381.342
123.0513	5629.996	1771	1380.305
123.2037	5587.979	1765.001	1379.286
123.3561	5524.978	1766.998	1378.266
123.5085	5493.017	1764.002	1377.266
123.6609	5439.009	1762	1376.246
123.8133	5393.985	1765.002	1375.226
123.9657	5323.993	1774.003	1374.205
124.1181	5312.008	1779.996	1373.205
124.2705	5242.021	1778.001	1372.169
124.4229	5176.998	1779	1371.167
124.5753	5144.972	1778.003	1370.163
124.7277	5082.958	1784.001	1369.143
124.8801	5032.021	1785	1368.126
125.0325	4901.006	1785	1367.107
125.1849	4928.001	1785.015	1366.112
125.3373	4931.015	1832.966	1365.1
125.4897	4952.988	1783.027	1364.099
125.6421	4934.003	1786	1363.079
125.7945	4989.04	1778	1362.076
125.9469	5197.064	1778.999	1361.071
126.0993	5311.922	1778.001	1360.054
126.2517	5346.989	1779	1359.051
126.4041	5261.995	1787.999	1358.032
126.5565	5177.985	1776	1357.012
126.7089	5142.943	1776.001	1356.009
126.8613	5072.031	1777	1354.99
127.0137	5003.004	1785.999	1353.971
127.1661	4987.977	1798.003	1352.968
127.3185	4911.013	1807	1351.966
127.4709	4930.989	1807	1350.966
127.6233	4890.008	1808	1349.98
127.7757	4992.031	1805.998	1348.976
127.9281	5170.034	1793	1347.974
128.0805	5232.957	1793	1346.988
128.2329	5349.962	1786.002	1345.986
128.3853	5149.992	1797.001	1344.982
128.5377	4962.993	1813	1343.964
128.6901	4944.894	1812	1342.961
128.8425	4809.062	1812	1341.978
128.9949	4904.992	1811	1340.975
129.1473	4845.065	1808	1339.99
129.2997	5074.101	1807.997	1339.003
129.4521	5228.91	1803.003	1338.001
129.6045	5278.989	1816.997	1337.014
129.7569	5245.982	2022.984	1336.012
129.9093	5128.951	1922.941	1335.034
130.0617	5036.066	1811.079	1334.015
130.2141	4921.039	1812.999	1333.038
130.3665	4880.999	1817	1332.035
130.5189	4852.015	1812.004	1331.05
130.6713	4890.023	1821.004	1330.047
130.8237	4920.985	1825.998	1329.047
130.9761	5113.98	1803.002	1328.06
131.1285	5343.017	1796.002	1327.081
131.2809	5405.894	1803.048	1326.086
131.4333	5239.1	1878.955	1325.086
131.5857	5100.032	1806.017	1324.076
131.7381	4977.993	1808.001	1323.081
131.8905	4929.015	1811.995	1322.078
132.0429	4957.979	1803.006	1321.077
132.1953	4999.985	1803	1320.09
132.3477	4988	1800	1319.105
132.5001	5040.966	1800.002	1318.103
132.6525	4952.093	1805.002	1317.083
132.8049	5075.94	1807.999	1316.099
132.9573	5311.972	1792.002	1315.095
133.1097	5367.988	1788.001	1314.092
133.2621	5320.842	1792	1313.097
133.4145	5065.157	1792	1312.089
133.5669	5026.01	1793	1311.086
133.7193	5029.003	1793	1310.084
133.8717	5053.019	1791	1309.081
134.0241	5090.972	1791	1308.079
134.1765	5109.993	1787.001	1307.074
134.3289	5124	1785	1306.072
134.4813	5126.041	1787.994	1305.053
134.6337	5237.089	1771.001	1304.05
134.7861	5358.939	1772	1303.049
134.9385	5446.988	1768	1302.029
135.0909	5390.98	1766.001	1301.009
135.2433	5307.972	1772.002	1299.997
135.3957	5262.029	1774.998	1298.989
135.5481	5221.011	1770.001	1297.97
135.7005	5255.994	1771	1296.952
135.8529	5202.973	1767.998	1295.933
136.0053	5144.972	1763.014	1294.913
136.1577	5112.013	1779.993	1293.894
136.3101	5035.002	1797	1292.892
136.4625	5136.047	1835.972	1291.872
136.6149	5271	1754.999	1290.867
136.7673	5272	1754	1289.833
136.9197	5284.998	1754	1288.812
137.0721	5163.992	1756	1287.778
137.2245	5125.967	1757.996	1286.775
137.3769	5070.036	1751.005	1285.742
137.5293	4993.021	1714.01	1284.721
137.6817	4975.981	1470.911	1283.684
137.8341	4765.167	480.2537	1282.435
137.9865	5129.987	1034.001	1038.482
138.1389	5114.006	1035	1036.747
138.2913	5044.003	1007.001	1035.008
138.4437	4996.983	707.3271	1033.151
138.5961	4946.981	1700.006	1029.679
138.7485	4920.015	1707.996	1028.609
138.9009	5028.982	1686.004	1027.556
139.0533	5085.019	1700.011	1026.486
139.2057	5177.975	1753.878	1025.433
139.3581	5133.03	1539.143	1024.382
139.5105	4993.042	623.2711	1023.396
139.6629	5024.001	1645.014	1020.539
139.8153	5044.024	1834.003	1019.303
139.9677	5099.053	1841	1018.316
140.1201	5164.972	1841	1017.364
140.2725	5106.003	1843	1016.379
140.4249	5101.999	1843.002	1015.412
140.5773	5096.917	1848	1014.423
140.7297	4975.067	1848	1013.439
140.8821	4972	1856.998	1012.461
141.0345	4919.031	1846.999	1011.492
141.1869	5088.051	1838.997	1010.531
141.3393	5180.937	1833.004	1009.563
141.4917	5255.977	1833	1008.576
141.6441	5149.001	1833	1007.591
141.7965	5163.994	1837.003	1006.605
141.9489	5148.98	1844.101	1005.619
142.1013	5124.011	1971.944	1004.65
142.2537	5197.995	1829.01	1003.664
142.4061	5177.994	1834.999	1002.679
142.5585	5156.923	1832.999	1001.693
142.7109	5041.066	1831.001	1000.717
142.8633	4829.042	1832	999.7392
143.0157	4999.004	1809	998.7688
143.1681	5025.115	1806.998	997.7654
143.3205	5238.851	1803.003	996.7807
143.4729	5173.022	1804	995.7783
143.6253	5066.999	1811	994.7759
143.7776	5024.961	1805.001	993.7736
143.9300	4928.987	1807	992.7872
144.0824	4912.008	1807	991.7855
144.2348	4821.008	1815.999	990.798
144.3872	4793.022	1813	989.7957
144.5396	4872.225	1812.99	988.8094
144.6920	5218.797	1798.009	987.8245
144.8444	5277.987	1798	986.8223
144.9968	5262.994	1800	985.8359
145.1492	5221.932	1803.001	984.8334
145.3016	5090.094	1804.999	983.8157
145.4540	5160.976	1806.999	982.8134
145.6064	5044.001	1808	981.81
145.7588	5115.995	1807.005	980.8236
145.9112	5102.103	1821.076	979.8213
146.0636	5237.936	1920.953	978.8365
146.2160	5235	1798.013	977.8501
146.3684	5139.993	1796.999	976.8488
146.5208	5112.963	1793	975.8454
146.6732	5055.035	1793	974.8446
146.8256	5114.986	1794	973.8403
146.9780	5227.999	1793	972.8539
147.1304	5219.985	1796	971.8335
147.2828	5191.021	1796	970.8327
147.4352	5167.009	1797.999	969.8304
147.5876	5189	1796	968.828
147.7400	5117.981	1796.003	967.8236
147.8924	5068.913	1803.997	966.8213
148.0448	4952.058	1800.002	965.8365
148.1972	4902.006	1803	964.8341
148.3496	5052.045	1795.999	963.8317
148.5020	5233.997	1789.995	962.8294
148.6544	5229.003	1782.005	961.8266
148.8068	5217.003	1797.996	960.8242
148.9592	5109.995	1800	959.8209
149.1116	5068.988	1803.003	958.8195
149.2640	5045.018	1809.995	957.8187
149.4164	5036.003	1800.004	956.8174
149.5688	4982	1799	955.814
149.7212	4894.966	1808.997	954.8196
149.8736	4799.127	1800.002	953.8333
150.0260	4974.911	1802.999	952.8385
150.1784	5237.963	1791.002	951.8361
150.3308	5262.989	1791.999	950.8337
150.4832	5213.951	1789.005	949.8324
150.6356	5132.052	1796.995	948.8147
150.7880	5198.982	1798	947.8102
150.9404	5080	1798	946.8239
151.0928	5083.938	1800.002	945.8195
151.2452	4952.101	1803.997	944.8188
151.3976	4871.032	1803	943.8174
151.5500	4970.997	1810	942.815
151.7024	5026.073	1800.997	941.8116
151.8548	5240.067	1790.996	940.8083
152.0072	5334.95	1786.003	939.8235
152.1596	5230.017	1787	938.8202
152.3120	5199.978	1797.001	937.8008
152.4644	5092.994	1802.998	936.7994
152.6168	5082.007	1799.003	935.7977
152.7692	5192.968	1792.002	934.7943
152.9216	5161	1792	933.8079
153.0740	5159.01	1794	932.8056
153.2264	5180.983	1794.999	931.8038
153.3788	5118.026	1797.999	930.7844
153.5312	5125	1799	929.782
153.6836	5096.988	1801	928.7797
153.8360	5061.006	1799.998	927.7933
153.9884	5069.995	1797.002	926.7916
154.1408	5165.983	1794	925.7882
154.2932	5264.006	1792	924.7858
154.4456	5295.974	1791.998	923.7834
154.5980	5250.031	1788.003	922.7837
154.7504	5163.026	1794.998	921.7823
154.9028	5163.994	1798	920.762
155.0552	5066.04	1798.999	919.7736
155.2076	5156.927	1797.002	918.7728
155.3600	5168.995	1794.001	917.7694
155.5124	5235.996	1793	916.7681
155.6648	5226.986	1792.997	915.7657
155.8172	5182.987	1783.01	914.7623
155.9696	5164.011	1797.992	913.7526
156.1220	5114.009	1797	912.7572
156.2744	5085.992	1796.999	911.7538
156.4268	5043.035	1792	910.7495
156.5792	5106.956	1792	909.7487
156.7316	5152.985	1791	908.7473
156.8840	5247.002	1791	907.7449
157.0364	5292.972	1793.002	906.7416
157.1888	5226.055	1796.997	905.7398
157.3412	5185.019	1798.999	904.7365
157.4936	5140.003	1799	903.7341
157.6460	5091.988	1799	902.7317
157.7984	5050.044	1798.06	901.7293
157.9508	5116.961	1888.948	900.7446
158.1032	5252.972	1886.001	899.7242
158.2556	5252.998	1787.001	898.7218
158.4080	5237.986	1794.002	897.7205
158.5604	5211.019	1797.997	896.7028
158.7128	5122.03	1798	895.6993
158.8652	5108.998	1799	894.7039
159.0176	5052.042	1794	893.7096
159.1700	5157.912	1793.001	892.7089
159.3224	5214.974	1792	891.7065
159.4748	5137.007	1784.001	890.7041
159.6272	5139.992	1791	889.7017
159.7796	5108.958	1791.999	888.6814
159.9320	5043.039	1791.001	887.6966
160.0844	5001.009	1793	886.6942
160.2368	4831.015	1796.998	885.6919
160.3892	4933.07	1785.998	884.6725
160.5416	5069.901	1782.003	883.6707
160.6940	5266.931	1785.999	882.6664
160.8464	5254	1785	881.647
160.9988	5233.925	1785.002	880.6616
161.1512	5040.165	1789.996	879.6448
161.3036	4971.033	1788.001	878.6425
161.4560	4846.014	1793.999	877.6241
161.6084	4745.058	1798.996	876.6198
161.7608	4969.084	1785	875.6174
161.9132	5103.918	1785	874.6326
162.0656	5315.949	1789.999	873.6302
162.2180	5221.987	1785.001	872.6099
162.3704	5123.012	1791.998	871.6075
162.5228	5146.982	1787.004	870.5887
162.6752	5115.012	1783.001	869.5873
162.8276	5153	1782	868.586
162.9800	5210	1784	867.5667
163.1324	5209.001	1784.999	866.5649
163.2848	5108.05	1786	865.5615
163.4372	5142.996	1788	864.5411
163.5896	5108.017	1786	863.5378
163.7420	5176.995	1786	862.5174
163.8944	5169.005	1786	861.5246
164.0468	5131.01	1784	860.5313
164.1992	5154.996	1785	859.5119
164.3516	5117.01	1783	858.4925
164.5040	5137.984	1783.999	857.4907
164.6564	5294.939	1784	856.4703
164.8088	5187.002	1788	855.468
164.9612	5127.949	1788.003	854.4656
165.1136	4984.127	1796.992	853.4648
165.2660	4923.031	1798.999	852.4445
165.4184	4872.007	1798	851.4421
165.5708	4876.004	1794	850.4398
165.7232	4894.112	1793.001	849.4354
165.8756	5082.879	1794.999	848.4347
166.0280	5184.972	1785.003	847.4473
166.1804	5236.006	1783.999	846.4438
166.3328	5296.934	1778.003	845.4255
166.4852	5154.11	1784.995	844.4248
166.6376	5128.01	1786	843.4064
166.7900	5101.001	1788	842.3871
166.9424	5133.012	1787.999	841.3997
167.0948	5168.968	1785.003	840.3979
167.2472	5159.005	1788.998	839.3765
167.3996	5140.003	1784.001	838.3742
167.5520	5000.013	1789	837.3568
167.7044	5064.03	1788.996	836.3555
167.8568	5115.966	1782.005	835.3527
168.0092	5225.968	1783.999	834.3483
168.1616	5235.994	1784	833.3459
168.3140	5152.979	1788.004	832.3266
168.4664	5107.036	1795.994	831.3178
168.6188	4993.048	1794.001	830.3065
168.7712	4947.002	1797	829.3041
168.9236	4963.074	1796.995	828.3167
169.0760	5194.066	1782.997	827.3134
169.2284	5289.948	1778.003	826.3126
169.3808	5309.997	1779	825.2932
169.5332	5259.979	1783.001	824.2738
169.6856	5148.013	1787.999	823.2714
169.8380	5170.984	1786.001	822.2537
169.9904	5074.03	1787.999	821.2503
170.1428	5116.002	1789	820.2469
170.2952	5145.008	1785.003	819.2436
170.4476	5162.985	1790.995	818.2248
170.6000	5307.937	1784.003	817.2244
170.7524	5222.006	1781	816.222
170.9048	5201.004	1799.033	815.2117
171.0572	5214.98	1906.918	814.2003
171.2096	5186.016	1785.069	813.1805
171.3620	5210.995	1788.999	812.1772
171.5144	5194.986	1785.001	811.1578
171.6668	5114.992	1793	810.1555
171.8192	5101.01	1792.001	809.1547
171.9716	5043.019	1793	808.1523
172.1240	5173.005	1794.999	807.15
172.2764	5295.988	1781.001	806.1456
172.4288	5267.024	1782.998	805.1448
172.5812	5295.987	1782	804.1265
172.7336	5221.006	1782	803.1071
172.8860	5210.973	1787.999	802.1207
173.0384	5115.963	1784.004	801.1013
173.1908	5059.033	1789.997	800.0996
173.3432	4958.021	1791	799.0803
173.4956	4958.007	1789.001	798.0778
173.6480	5006.08	1792.996	797.0745
173.8004	5158.892	1786.005	796.0728
173.9528	5339.938	1779.002	795.0693
174.1052	5236.001	1785	794.066
174.2576	5284.945	1783.001	793.0475
174.4100	5145.117	1785.997	792.0289
174.5624	5136.004	1785	791.0285
174.7148	5185.995	1780	790.0251
174.8672	5202.998	1773.004	789.0137
175.0196	5195.968	1788.999	788.0014
175.1720	5145.03	1788.001	786.9996
175.3244	5070.017	1790	785.9802
175.4768	5044.984	1789	784.9769
175.6292	4934.029	1788.002	783.9575
175.7816	4990.958	1791.997	782.9567
175.9340	5164.938	1792	781.9703
176.0864	5306.999	1780	780.966
176.2388	5229.99	1777.003	779.9476
176.3912	5204.022	1784.993	778.9468
176.5436	5185.009	1783.001	777.9265
176.6960	5194.999	1788.999	776.9141
176.8484	5122.994	1787.999	775.9197
177.0008	5097.021	1784.999	774.9174
177.1532	5130.979	1784.001	773.8986
177.3056	5206.981	1780.001	772.8802
177.4580	5252	1778.001	771.8769
177.6104	5253.974	1784.999	770.8735
177.7628	5200.04	1783.001	769.8717
177.9152	5155.017	1776.003	768.8524
178.0676	5177	1778	767.834
178.2200	5129.979	1792	766.8146
178.3724	5074.049	1792	765.8129
178.5248	5175.949	1785.004	764.8175
178.6772	5230.993	1787	763.8231
178.8296	5379.973	1780.001	762.8038
178.9820	5265.949	1782.999	761.8024
179.1344	5181.054	1781.001	760.7847
179.2868	5183	1781	759.7653
179.4392	5008.003	1792	758.7619
179.5916	5041.002	1791.001	757.7415
179.7440	5044.997	1792.999	756.7567
179.8964	5238.924	1783.004	755.7544
180.0488	5260	1786	754.752
180.2012	5103.995	1787.001	753.7336
180.3536	5089.013	1789.997	752.7149
180.5060	5052.019	1791	751.7125
180.6584	4950.015	1787.001	750.7171
180.8108	4866.036	1789	749.7057
180.9632	5033.079	1790.991	748.7024
181.1156	5166.914	1776.01	747.7007
181.2680	5315.958	1789.996	746.6983
181.4204	5175.981	1791	745.6779
181.5728	4966.018	1790.001	744.6755
181.7252	5005.969	1792.998	743.6748
181.8776	4930.031	1792	742.6724
182.0300	4846.003	1793	741.6541
182.1824	4921.027	1793.998	740.6497
182.3348	5001.927	1788.005	739.6479
182.4872	5147.922	1787	738.6445
182.6396	5130.003	1783.001	737.6582
182.7920	5157.008	1789.999	736.6388
182.9444	5198.989	1783.999	735.6365
183.0968	5180.013	1783.001	734.6187
183.2492	5233.984	1784	733.6163
183.4016	5202.001	1780	732.598
183.5540	5215.019	1782	731.6116
183.7064	5256.967	1782	730.5928
183.8588	5211.02	1900.949	729.5724
184.0112	5194.001	1785.006	728.569
184.1636	5185.006	1786	727.5497
184.3160	5203.982	1786	726.5479
184.4684	5204	1786	725.5366
184.6208	5254.991	1788	724.5422
184.7732	5152.014	1786.001	723.5238
184.9256	5228.942	1788.998	722.5195
185.0780	5124.071	1785.003	721.5016
185.2304	5003.038	1783.001	720.5153
185.3828	5125	1783	719.512
185.5352	5120.083	1781.001	718.4926
185.6876	5314.842	1783.998	717.4908
185.8400	5283.014	1784	716.4704
185.9924	5138.011	1788	715.4691
186.1448	5194.952	1781.001	714.4497
186.2972	5033.152	1783.997	713.4489
186.4496	4975.033	1792.995	712.4456
186.6020	4871.021	1797.999	711.4412
186.7544	5034.037	1792.999	710.4378
186.9068	5251.959	1783.999	709.4194
187.0592	5176.053	1782.001	708.4187
187.2116	5163.004	1786.998	707.4163
187.3640	5026.002	1791	706.4139
187.5164	5073.028	1786	705.4095
187.6688	5142.942	1785.001	704.3929
187.8212	5381.891	1785	703.3905
187.9736	5301.007	1786	702.3801
188.1260	5201.991	1787.001	701.3677
188.2784	5171.03	1788.998	700.35
188.4308	5143.017	1789.999	699.3635
188.5832	5146	1787.001	698.3602
188.7356	5015.999	1791	697.3419
188.8880	5009.05	1789.998	696.3395
189.0404	5105.931	1787.002	695.3387
189.1928	5103.001	1787	694.3184
189.3452	5195	1787	693.324
189.4976	5224.007	1780.001	692.3296
189.6500	5242.984	1781.998	691.3109
189.8024	5325.96	1780.001	690.2915
189.9548	5235.01	1779	689.2901
190.1072	5206.975	1783	688.2708
190.2596	5112.092	1781.002	687.269
190.4120	5044.041	1789.995	686.2576
190.5644	4962.019	1793.999	685.2462
190.7168	4989.029	1786	684.2439
190.8692	5209.097	1783	683.2405
191.0216	5402.858	1783.999	682.2397
191.1740	5345.021	1786.999	681.2203
191.3264	5229	1785	680.2
191.4788	5260.967	1786.998	679.2136
191.6312	5173.076	1782.004	678.1959
191.7836	5131.021	1783.999	677.1925
191.9360	5086.005	1790.999	676.1741
192.0884	5132.052	1779	675.1697
192.2408	5343.791	1780.998	674.168
192.3932	5268.047	1780.001	673.1646
192.5456	5209.015	1784.999	672.1462
192.6980	5192.991	1790	671.1439
192.8504	5117.977	1790	670.1235
193.0028	5070.036	1790	669.1227
193.1552	5130.977	1786.001	668.1024
193.3076	5124	1787	667.116
193.4600	5250.065	1781.001	666.1136
193.6124	5431.841	1782.998	665.0949
193.7648	5372.03	1782	664.0935
193.9172	5353.002	1782	663.0751
194.0696	5218.989	1789.999	662.0558
194.2220	5173.046	1785.005	661.055
194.3744	5098.048	1796.992	660.0347
194.5268	4984.031	1796	659.0493
194.6792	5092.014	1790	658.0459
194.8316	5231.044	1787.996	657.0435
194.9840	5324.928	1780.006	656.0258
195.1364	5234.036	1781.999	655.0234
195.2888	5165.002	1785	654.004
195.4412	5136.013	1785.001	652.9857
195.5936	5173.966	1786.998	652.0009
195.7460	5243.963	1785.001	650.9976
195.8984	5343.984	1782	649.9782
196.0508	5266.003	1782.001	648.9747
196.2032	5282.982	1784.997	647.957
196.3556	5239.029	1780.003	646.9387
196.5080	5214.007	1785.998	645.9363
196.6604	5082.01	1783	644.9319
196.8128	5198.021	1781.999	643.9295
196.9652	5245.962	1780.002	642.9108
197.1176	5317.97	1782.999	641.9084
197.2700	5269.002	1786	640.889
197.4224	5242.983	1789	639.8697
197.5748	5191.047	1789.999	638.8849
197.7272	5121.038	1789	637.8666
197.8796	5116.001	1786	636.8632
198.0320	5104.028	1787	635.8598
198.1844	5247.851	1787	634.859
198.3368	5373.916	1778.006	633.8467
198.4892	5343.009	1779	632.8363
198.6416	5293.993	1779.001	631.8339
198.7940	5187.965	1788.001	630.8136
198.9464	5107.064	1790.998	629.7968
199.0988	5042.028	1789.001	628.7944
199.2512	4929.007	1788	627.7921
199.4036	4830.023	1793.998	626.7717
199.5560	4906.929	1787.006	625.7859
199.7084	5087.899	1787	624.7825
199.8608	5370.946	1776.002	623.7622
200.0132	5237.983	1779.001	622.7438
200.1656	5142.98	1785.003	621.7424
200.3180	5106.025	1790.996	620.7247
200.4704	5107	1875.973	619.7383
200.6228	5063.992	1773.001	618.736
200.7752	4910.976	1799.001	617.7156
200.9276	4853.047	1801.998	616.6968
201.0800	5038.917	1797.002	615.6944
201.2324	5194.988	1781.001	614.691
201.3848	5436.972	1778.999	613.6877
201.5372	5341.09	1777.002	612.6879
201.6896	5280.035	1783.996	611.6696
201.8420	5158.025	1789.999	610.6662
201.9944	5127.995	1787	609.6458
202.1468	5093.92	1789.004	608.6425
202.2992	4943.106	1796.994	607.6248
202.4516	5080.954	1789.003	606.6383
202.6040	5230.003	1779	605.6359
202.7564	5324.018	1780	604.6156
202.9088	5368.962	1780	603.6149
203.0612	5314.025	1779	602.5955
203.2136	5227.008	1782	601.5761
203.3660	5219.962	1784	600.5747
203.5184	5083.131	1784	599.565
203.6708	5230.913	1785.999	598.5696
203.8232	5167.014	1785	597.5502
203.9756	5231.013	1786.999	596.5469
204.1280	5322.962	1783	595.5275
204.2804	5250.053	1783	594.5347
204.4328	5294.984	1783	593.5244
204.5852	5141	1786	592.506
204.7376	5102.004	1784.002	591.5026
204.8900	5111.992	1789.995	590.4849
205.0424	5044.033	1791	589.4815
205.1948	5074.997	1786.001	588.4781
205.3472	5323.009	1784	587.4578
205.4996	5359.964	1782.002	586.474
205.6520	5283.047	1781.001	585.4546
205.8044	5182.024	1782	584.4523
205.9568	5181.998	1784.999	583.4329
206.1092	5164.963	1778.005	582.4135
206.2616	5090.055	1788.992	581.4107
206.4140	5096.998	1784.002	580.3914
206.5664	5194	1780	579.404
206.7188	5348.965	1779.001	578.4016
206.8712	5255.081	1781.997	577.3848
207.0236	5189.033	1784.999	576.3665
207.1760	5194	1784	575.3461
207.3284	5135.979	1795.999	574.3337
207.4808	5046.089	1791.005	573.3589
207.6332	4897.093	1794.998	572.3566
207.7856	5045.962	1791.001	571.3362
207.9380	5066.033	1780	570.3339
208.0904	5365.001	1778.001	569.3295
208.2428	5367.998	1779.999	568.3108
208.3952	5240.049	1781	567.2924
208.5476	5311.999	1779	566.308
208.7000	5194.964	1788.999	565.2896
208.8524	5093.09	1785.004	564.2709
209.0048	5094	1786.999	563.2665
209.1572	5070.003	1790.999	562.2461
209.3096	5226.007	1779.001	561.2518
209.4620	5256.969	1783.995	560.241
209.6144	5211.029	1780.003	559.2397
209.7668	5287.979	1781	558.2213
209.9192	5248.001	1781	557.2189
210.0716	5259.045	1782.001	556.1995
210.2240	5355.925	1784.998	555.1978
210.3764	5237.048	1784	554.1784
210.5288	5191.001	1790	553.1681
210.6812	5158.98	1784.001	552.1736
210.8336	5101.052	1785.998	551.1549
210.9860	5138.98	1787	550.1525
211.1384	5166.996	1780.001	549.1332
211.2908	5195.018	1784	548.1298
211.4432	5282.91	1782.002	547.145
211.5956	5352.954	1776.004	546.1247
211.7480	5290.018	1784.997	545.1063
211.9004	5225.989	1784	544.1039
212.0528	5089.033	1786.997	543.0856
212.2052	5161.942	1780.005	542.0668
212.3576	5050.047	1787.997	541.0634
212.5100	5023.001	1793	540.0591
212.6624	5064.019	1783.001	539.0557
212.8148	5122.946	1785.997	538.0549
212.9672	5351.875	1777.005	537.0526
213.1196	5261.016	1779	536.0332
213.2720	5257.99	1784.001	535.0308
213.4244	5207.053	1787.996	534.0131
213.5768	5171.024	1790.998	532.9927
213.7292	5134.011	1789.001	531.9883
213.8816	5161.008	1787	530.986
214.0340	5290.035	1788.995	529.9836
214.1864	5370.935	1778.009	528.9668
214.3388	5318.023	1779	527.9644
214.4912	5320	1779	526.962
214.6436	5298.973	1780.001	525.9417
214.7960	5209.084	1783.996	524.924
214.9484	5190.011	1785.999	523.9205
215.1008	5113.015	1831.991	522.9002
215.2532	5017.017	1904.979	521.8978
215.4056	5115.895	1785.127	520.9141
215.5580	5181.954	1785.999	519.8947
215.7104	5371.938	1779.002	518.8923
215.8628	5300.996	1776	517.8719
216.0152	5216.963	1784	516.8696
216.1676	5128.073	1784	515.8528
216.3200	5121.003	1790.997	514.8335
216.4724	5082.003	1786	513.8301
216.6248	5088.987	1790.001	512.8277
216.7772	5044.042	1793.996	511.825
216.9296	5040.002	1797.998	510.8226
217.0820	5226.96	1797	509.8202
217.2344	5302.008	1778	508.8178
217.3868	5354.943	1778.999	507.8161
217.5392	5367.991	1777.001	506.7967
217.6916	5263.036	1778	505.7943
217.8440	5244.998	1784	504.775
217.9964	5154.961	1785	503.7556
218.1488	5056.083	1785.999	502.7548
218.3012	5092.982	1785	501.7355
218.4536	5063.003	1786	500.7321
218.6060	5325.019	1781	499.7277
218.7584	5396.931	1780.001	498.727
218.9108	5328.041	1782.998	497.7076
219.0632	5200.029	1783	496.7043
219.2156	5182.987	1785	495.6869
219.3680	5089.103	1785	494.6671
219.5204	5113.982	1785.999	493.6817
219.6728	5238.956	1784.001	492.6614
219.8252	5284	1787	491.658
219.9776	5270.989	1786.001	490.6396
220.1300	5242.025	1788.997	489.6389
220.2824	5291.976	1787.001	488.6365
220.4348	5282.001	1780.001	487.6181
220.5872	5284	1784	486.6317
220.7396	5285.998	1783.001	485.615
220.8920	5167.073	1784.999	484.5966
221.0444	5150.004	1785	483.5942
221.1968	5125.992	1787	482.5739
221.3492	5059.074	1785.002	481.5711
221.5016	5311.812	1788.997	480.5677
221.6540	5426.957	1779.004	479.5644
221.8064	5409	1779	478.563
221.9588	5362.939	1777.002	477.5436
222.1112	5196.145	1782.995	476.5259
222.2636	5099.049	1787.997	475.5225
222.4160	5120.997	1785	474.5201
222.5684	5067.011	1788	473.5168
222.7208	5113.953	1789.998	472.499
222.8732	5081.021	1791.999	471.4966
223.0256	5112.992	1788.001	470.4923
223.1780	5120.022	1788	469.4719
223.3304	5331.761	1785.003	468.4701
223.4828	5358.979	1784.001	467.4848
223.6352	5325.013	1784	466.4664
223.7876	5231.002	1784	465.464
223.9400	5211.984	1789.998	464.4457
224.0924	5166.041	1785.004	463.4429
224.2448	5126.021	1791.996	462.4225
224.3972	5052.011	1792	461.4202
224.5496	4881.048	1798.999	460.4338
224.7020	5100.777	1792.007	459.416
224.8544	5217.924	1780.008	458.4126
225.0068	5386.953	1780	457.4103
225.1592	5358.985	1782	456.3919
225.3116	5191.192	1783.998	455.3752
225.4640	5196.995	1783.001	454.3728
225.6164	5158.016	1780.001	453.3684
225.7688	5040.004	1784	452.366
225.9212	5116.055	1781.002	451.3457
226.0736	5281.85	1787.994	450.3449
226.2260	5376.949	1781.004	449.3246
226.3784	5343.006	1783	448.3062
226.5308	5278.99	1789.001	447.3188
226.6832	5231.049	1793.995	446.301
226.8356	5254.984	1783.007	445.2987
226.9880	5187.02	1784.999	444.2963
227.1404	5320.006	1778	443.2759
227.2928	5402.904	1778	442.2732
227.4452	5270.105	1784.995	441.2708
227.5976	5289.992	1779.003	440.2514
227.7500	5170.007	1789.999	439.248
227.9024	5174.017	1785.999	438.2297
228.0548	5228.949	1784.002	437.2269
228.2072	5250.988	1786.998	436.2076
228.3596	5399.973	1778.002	435.2222
228.5120	5380	1781	434.2038
228.6644	5379.001	1780.001	433.203
228.8168	5297.056	1779.001	432.1827
228.9692	5344.985	1780.999	431.1623
229.1216	5312.003	1781	430.1579
229.2740	5373.927	1783.996	429.1412
229.4264	5282.075	1786.998	428.1388
229.5788	5173.048	1786	427.1205
229.7312	5153.001	1793.999	426.1181
229.8836	5120.062	1796.996	425.0977
230.0360	5329.803	1785.011	424.0949
230.1884	5479.915	1779.003	423.0926
230.3408	5368.022	1892.977	422.1062
230.4932	5339.989	1828.993	421.0878
230.6456	5272.072	1785.047	420.0791
230.7980	5219.037	1784.001	419.0687
230.9504	5116.034	1786.999	418.0483
231.1028	5019.003	1788	417.029
231.2552	5109.021	1789.999	416.0256
231.4076	5160.957	1788.002	415.0248
231.5600	5249.959	1787	414.0395
231.7124	5326.993	1778.001	413.0201
231.8648	5348.005	1777	412.0177
232.0172	5365.983	1777.999	410.999
232.1696	5404.977	1779.999	409.9796
232.3220	5297.023	1779	408.9762
232.4744	5293.991	1785	407.9659
232.6268	5236.063	1783.002	406.9561
232.7792	5233.002	1783	405.9527
232.9316	5250.994	1782	404.9324
233.0840	5206.999	1792	403.912
233.2364	5169.995	1786.999	402.9256
233.3888	5156.012	1785.002	401.9249
233.5412	5175.991	1786	400.9215
233.6936	5257.991	1781	399.9011
233.8460	5367.96	1785	398.8977
233.9984	5215.148	1785.999	397.881
234.1508	5203.007	1788.998	396.8646
234.3032	5098.024	1791	395.8602
234.4556	5074.006	1793	394.8569
234.6080	5121.947	1793	393.8551
234.7604	4891.169	1792.001	392.8517
234.9128	4990.964	1794.999	391.8484
235.0652	5109	1784	390.846
235.2176	5217.099	1783.998	389.8416
235.3700	5481.772	1778.005	388.8409
235.5224	5350.065	1780.999	387.8235
235.6748	5350	1785.999	386.8211
235.8272	5228.994	1783.002	385.8018
235.9796	5205.024	1791.991	384.783
236.1320	5082.076	1791.001	383.7806
236.2844	5047.009	1800.997	382.7603
236.4368	5236.022	1791.999	381.7739
236.5892	5421.792	1780.013	380.7731
236.7416	5398.018	1780.999	379.7708
236.8940	5262.052	1785.998	378.7524
237.0464	5299	1781	377.75
237.1988	5199.975	1784.001	376.7296
237.3512	5130.061	1786.997	375.7279
237.5036	5176.976	1786	374.7245
237.6560	5197.997	1781.001	373.7051
237.8084	5398.981	1781.999	372.7018
237.9608	5317.083	1779.003	371.685
238.1132	5234.053	1780.999	370.6816
238.2656	5224.002	1782	369.6623
238.4180	5272.006	1779	368.6759
238.5704	5335.928	1779.999	367.6591
238.7228	5334.001	1778.002	366.6378
238.8752	5226.043	1782.998	365.6354
239.0276	5248	1783	364.617
239.1800	5121.016	1784	363.6137
239.3324	5168.957	1784	362.6129
239.4848	5293.935	1784	361.5926
239.6372	5388.985	1784	360.5891
239.7896	5404.982	1781	359.5698
239.9420	5323.083	1781	358.569
240.0944	5271.034	1780.001	357.5507
240.2468	5250.006	1781.999	356.5483
240.3992	5177.991	1782	355.5439
240.5516	5074.12	1786.994	354.5251
240.7040	5102.978	1791.996	353.5208
240.8564	5101.001	1793	352.5014
241.0088	5395.987	1787	351.5
241.1612	5467.997	1778	350.4987
241.3136	5458.009	1777.001	349.4819
241.4660	5442.009	1778	348.4875
241.6184	5369.013	1778	347.4762
241.7708	5326.002	1777.001	346.4558
241.9232	5334.991	1781.995	345.4381
242.0756	5234.068	1786.997	344.4347
242.2280	5113.037	1787	343.4223
242.3804	4983.013	1791	342.4109
242.5328	5175.775	1785.007	341.4102
242.6852	5311.892	1785	340.4078
242.8376	5405.959	1784	339.3884
242.9900	5374.002	1785	338.3851
243.1424	5293.005	1784	337.3657
243.2948	5308.985	1783.001	336.3729
243.4472	5199.062	1783	335.3785
243.5996	5159.008	1785	334.3602
243.7520	5132.024	1783	333.3408
243.9044	5265.859	1783.999	332.3391
244.0568	5368.929	1780.003	331.3197
244.2092	5299.022	1784.998	330.3173
244.3616	5323.994	1785	329.3149
244.5140	5205.141	1784.001	328.2972
244.6664	5196.007	1784.999	327.2948
244.8188	5254.974	1780.002	326.2905
244.9712	5271.999	1779	325.2701
245.1236	5404.974	1779.001	324.2677
245.2760	5315.085	1781.997	323.2509
245.4284	5319.997	1783.999	322.2486
245.5808	5218.021	1783	321.2302
245.7332	5256.012	1786	320.2268
245.8856	5329.921	1785.001	319.2091
246.0380	5429.93	1785	318.2057
246.1904	5350.027	1784	317.1853
246.3428	5246	1784	316.183
246.4952	5237.011	1785.998	315.1822
246.6476	5162.063	1785.001	314.1788
246.8000	5131.014	1789.998	313.1584
246.9524	4996.013	1794	312.1561
247.1048	5094.043	1786	311.1527
247.2572	5252.848	1786.999	310.135
247.4096	5421.9	1781.004	309.1406
247.5620	5427.999	1783	308.1302
247.7144	5323.985	1782.006	307.1278
247.8668	5221.112	1822.955	306.1101
248.0192	5146.054	1887.953	305.1067
248.1716	5137.003	1778.039	304.0884
248.3240	5100	1791	303.085
248.4764	5081.023	1791	302.0842
248.6288	4969.095	1791	301.0808
248.7812	5124.925	1786.002	300.0625
248.9336	5214.99	1785	299.0591
249.0860	5359.999	1778.003	298.0558
249.2384	5355.005	1788.989	297.047
249.3908	5344.007	1781.005	296.0516
249.5432	5347	1782	295.0323
249.6956	5325.984	1780	294.0289
249.8480	5199.14	1783.996	293.0111
250.0004	5165.025	1784	292.0087
250.1528	5069.035	1776.003	290.9884
250.3052	4973	1791	289.986
250.4576	4918.068	1794.995	288.9673
250.6100	5098.843	1796.998	287.9639
250.7624	5421.839	1784.006	286.9605
250.9148	5383.005	1782	285.9591
251.0672	5298.982	1776.001	284.9408
251.2196	5226.072	1781.994	283.941
251.3720	5224.001	1783.999	282.9286
251.5244	5142.021	1782	281.9173
251.6768	5156.988	1788	280.9139
251.8292	5050.12	1785.003	279.8961
251.9816	5026.018	1791.995	278.8928
252.1340	5180.94	1787.002	277.8724
252.2864	5225.999	1784	276.87
252.4388	5396.787	1783.001	275.8842
252.5912	5451.952	1783.999	274.8649
252.7436	5354.05	1785	273.8625
252.8960	5318.005	1785	272.8431
253.0484	5147.002	1788	271.8418
253.2008	5154.992	1787.001	270.824
253.3532	5072.053	1784.002	269.8297
253.5056	4918.042	1791.998	268.8183
253.6580	4992.025	1796.999	267.8139
253.8104	5259.695	1786.012	266.8111
253.9628	5461.844	1778.006	265.7928
254.1152	5457.002	1778	264.7904
254.2676	5330.004	1778	263.772
254.4200	5328.002	1780.996	262.7873
254.5724	5224.093	1779.002	261.7669
254.7248	5207.009	1781.998	260.7466
254.8772	5142.011	1782	259.7271
255.0296	5257.997	1779.001	258.7238
255.1820	5243.016	1782.996	257.723
255.3344	5393.9	1782.001	256.7207
255.4868	5345.014	1782	255.7003
255.6392	5380.994	1790	254.6799
255.7916	5307.085	1790	253.6792
255.9440	5307	1784.005	252.6768
256.0964	5264.018	1785	251.6574
256.2488	5252	1784	250.67
256.4012	5191.078	1784	249.6533
256.5536	5239.955	1781.003	248.6509
256.7060	5339.945	1782	247.6306
256.8584	5374.994	1780	246.6102
257.0108	5429.983	1783	245.6078
257.1632	5340.094	1783.999	244.5911
257.3156	5341.999	1783.001	243.6047
257.4680	5280.019	1783	242.5863
257.6204	5217	1786	241.5659
257.7728	5225.989	1780.007	240.5632
257.9252	5289.949	1778.002	239.5608
258.0776	5395.954	1779	238.5504
258.2300	5382.001	1781	237.5391
258.3824	5377.006	1781	236.5213
258.5348	5380.996	1783.997	235.5189
258.6872	5368.007	1784	234.4996
258.8396	5323.009	1789.999	233.4802
258.9920	5309.988	1788	232.4768
259.1444	5242.072	1785.003	231.4751
259.2968	5215.019	1787.998	230.4727
259.4492	5259.985	1778.003	229.4703
259.6016	5407	1778	228.45
259.7540	5394.016	1779.998	227.4492
259.9064	5407.988	1780	226.4288
260.0588	5299.049	1780	225.4105
260.2112	5189.009	1789.999	224.4241
260.3636	5161.037	1790	223.4073
260.5160	5093.064	1788.002	222.4039
260.6684	5137.974	1786.001	221.4006
260.8208	4983.033	1789.999	220.3822
260.9732	4987.033	1791.999	219.3788
261.1256	5199.771	1783.01	218.3771
261.2780	5213.99	1785.998	217.3747
261.4304	5463.915	1779.002	216.3703
261.5828	5342.996	1776	215.352
261.7352	5206.165	1788.984	214.3352
261.8876	5180.022	1781.007	213.3328
262.0400	5152.013	1796.993	212.3125
262.1924	5141.001	1794	211.3261
262.3448	5069.096	1792.003	210.3253
262.4972	5033.035	1790.002	209.323
262.6496	5165.92	1782.005	208.3206
262.8020	5239.983	1782	207.3002
262.9544	5398.009	1778	206.2969
263.1068	5464.927	1778	205.2791
263.2592	5391.054	1779.999	204.2607
263.4116	5415.991	1780	203.2583
263.5640	5382	1781	202.256
263.7164	5367.019	1780.001	201.2372
263.8688	5422.952	1779.001	200.2328
264.0212	5363.029	1779	199.2135
264.1736	5323.005	1779	198.1941
264.3260	5404.983	1778	197.1927
264.4784	5337.067	1778.999	196.193
264.6308	5335.001	1779.999	195.1746
264.7832	5263.018	1783.999	194.1543
264.9356	5262.983	1784	193.1499
265.0880	5126.152	1785.998	192.1311
265.2404	5256.903	1791.995	191.1447
265.3928	5335.97	1784.003	190.1254
265.5452	5442	1781	189.124
265.6976	5288.19	1781.999	188.1252
265.8500	5186.089	1782.999	187.1049
266.0024	5114.036	1784	186.0845
266.1548	5033.011	1787	185.0821
266.3072	4967.01	1789	184.0698
266.4596	5010.956	1789	183.077
266.6120	5171.898	1788.001	182.0566
266.7644	5395.941	1789	181.0543
266.9168	5406.999	1779	180.0519
267.0692	5396.012	1777.002	179.0331
267.2216	5382.011	1778.999	178.0468
267.3740	5428.981	1778	177.0274
267.5264	5360.001	1778	176.008
267.6788	5312.06	1778.999	174.9893
267.8312	5247.058	1783.996	173.9869
267.9836	5331.956	1788.997	172.9665
268.1360	5218.017	1792	171.9492
268.2884	5121.024	1792	170.9538
268.4408	5230.888	1791.001	169.961
268.5932	5262.979	1796.996	168.9586
268.7456	5527.926	1780.005	167.9543
268.8980	5468.997	1781	166.9349
269.0504	5430.044	1779.002	165.9352
269.2028	5476.963	1778.001	164.9168
269.3552	5364.046	1779.999	163.9044
269.5076	5352	1783	162.8931
269.6600	5257.121	1783	161.8913
269.8124	5189.062	1785.997	160.8719
269.9648	5348.914	1782.002	159.8535
270.1172	5285.011	1785	158.8522
270.2696	5346.997	1778	157.8398
270.4220	5333.015	1778	156.845
270.5744	5478.903	1778	155.8247
270.7268	5437.012	1777	154.8063
270.8792	5357.996	1783	153.8039
271.0316	5297.071	1783.999	152.7872
271.1840	5237.047	1784.999	151.7668
271.3364	5132.044	1788.998	150.7804
271.4888	5088.002	1786	149.7601
271.6412	5232.813	1786.999	148.7593
271.7936	5444.805	1785.002	147.739
271.9460	5351.052	1784.001	146.7365
272.0984	5330.004	1784	145.7422
272.2508	5185.007	1783	144.7318
272.4032	5222.96	1784.998	143.731
272.5556	5068.105	1785	142.7107
272.7080	5074.998	1794.997	141.6903
272.8604	5247.011	1788.999	140.6879
273.0128	5449.761	1778.013	139.6872
273.1652	5490.967	1778	138.6678
273.3176	5418.032	1781.998	137.6514
273.4700	5372.003	1780	136.6631
273.6224	5374.996	1779.001	135.6453
273.7748	5290.08	1783.995	134.6409
273.9272	5388.944	1776.005	133.6216
274.0796	5513.975	1775	132.6022
274.2320	5435.997	1777	131.5998
274.3844	5418.019	1777.999	130.5991
274.5368	5392.018	1782.996	129.5787
274.6892	5320.024	1785.999	128.5603
274.8416	5309.999	1784	127.558
274.9940	5288.026	1792.989	126.5412
275.1464	5252.03	1786.006	125.5378
275.2988	5261.996	1783.001	124.5345
275.4512	5276.999	1786	123.5301
275.6036	5370.876	1777.012	122.5114
275.7560	5467.907	1777	121.509
275.9084	5417.03	1777.999	120.4906
276.0608	5455.992	1777	119.4722
276.2132	5356.994	1777.001	118.4529
276.3656	5317.043	1783.992	117.4521
276.5180	5288.021	1784	116.4487
276.6704	5251.013	1784	115.4284
276.8228	5222.998	1784	114.426
276.9752	5120.125	1783.001	113.4072
277.1276	5092.023	1784.998	112.4048
277.2800	5184.956	1783.001	111.3845
277.4324	5389.978	1774.001	110.3981
277.5848	5402.982	1775.997	109.3804
277.7372	5423.979	1776	108.362
277.8896	5299.075	1781.996	107.3426
278.0420	5325.994	1786.999	106.3412
278.1944	5242.999	1788	105.3219
278.3468	5235.009	1788	104.3361
278.4992	5090.106	1786.001	103.3148
278.6516	5028.022	1787.999	102.3114
278.8040	5121.001	1787	101.292
278.9564	5387.672	1777.012	100.2912
279.1088	5460.937	1776.001	99.27288
279.2612	5436.012	1769.003	98.27049
279.4136	5308.016	1785.998	97.26712
279.5660	5229.107	1786	96.24938
279.7184	5117.111	1788.997	95.23101
279.8708	5086.019	1789.999	94.22762
280.0232	5010.019	1782.002	93.22425
280.1756	4908.991	1791.001	92.20589
280.3280	4834.083	1797.992	91.2201
280.4804	4872.971	1794.003	90.20076
280.6328	5172.886	1778.006	89.19838
280.7852	5504.996	1770	88.19501
280.9376	5453.064	1778.989	87.17727
281.0900	5438.013	1779.999	86.16689
281.2424	5310.065	1783.998	85.15551
281.3948	5379.99	1790.999	84.15414
281.5472	5240.192	1791	83.1364
281.6996	5155.085	1790.001	82.13401
281.8520	5140.01	1787.002	81.13064
282.0044	5069.019	1789	80.12727
282.1568	5210.009	1777	79.1079
282.3092	5298.899	1777	78.10614
282.4616	5409.915	1777	77.10277
282.6140	5424.994	1778	76.0844
282.7664	5384.001	1778	75.06403
282.9188	5340.056	1778	74.04628
283.0712	5318.02	1779.998	73.04289
283.2236	5334.991	1777.002	72.04053
283.3760	5352.997	1778	71.00516
283.5284	5395.94	1781.995	70.02036
283.6808	5407.988	1771.011	69.00104
283.8332	5428.986	1777.995	67.98067
283.9856	5323.03	1779	66.96229
284.1380	5310.005	1782	65.94192
284.2904	5365.936	1782	64.94914
284.4428	5355.009	1783.998	63.93879
284.5952	5426.97	1783	62.93642
284.7476	5445.999	1788	61.91605
284.9000	5373.093	1789.997	60.8983
285.0524	5393.981	1806.984	59.89491
285.2048	5343.028	1811.997	58.89254
285.3572	5349.999	1813	57.90617
285.5096	5439.874	1813	56.90441
285.6620	5390.052	1813.999	55.91902
285.8144	5441.965	1814	54.91667
285.9668	5470.991	1814	53.9303
286.1192	5493.001	1814	52.92794
286.2716	5513.976	1815.998	51.94315
286.4240	5432.065	1815.001	50.95679
286.5764	5396.016	1816	49.95443
286.7288	5291.006	1815	48.96806
286.8812	5282.012	1812.004	47.98528
287.0336	5240.039	1812.999	46.98293
287.1860	5451.882	1812.001	45.97856
287.3383	5495.992	1812	44.99219
287.4907	5414.117	1813.997	44.0074
287.6431	5348.07	1806.008	43.02204
287.7955	5288.041	1818.991	42.01869
287.9479	5263.008	1837.994	41.01532
288.1003	5214.013	1823.999	40.02795
288.2527	5469.697	1811.015	39.06115
288.4051	5619.878	1799.01	38.07481
288.5575	5658.982	1797.001	37.09044
288.7099	5735.994	1797	36.07208
288.8623	5652.11	1797.999	35.06932
289.0147	5721.934	1797.001	34.07494
289.1671	5702.012	1797	33.06258
289.3195	5662.008	1799.999	32.06021
289.4719	5571.131	1794.009	31.07642
289.6243	5551.021	1793.001	30.07308
289.7767	5442.077	1791.001	29.07071
289.9291	5368.025	1769.007	28.06734
290.0815	5204.001	1765	27.04797
290.2339	5228.97	1769.994	26.02922
290.3863	5247.984	1758.01	25.01085
290.5387	5089.074	1760.999	24.00846
290.6911	5050.004	1749.001	22.9891
290.8435	4989.081	1748.001	21.95337
290.9959	4985.004	1749.998	20.93398
291.1483	4928.034	1750	19.89761
291.3007	4752.04	1740.002	18.86223
291.4531	4672.116	1735.007	17.84548
291.6055	4514.172	1734.001	16.80913
291.7579	4530.988	1732.001	15.77175
291.9103	4540.997	1731	14.73437
292.0627	4496.999	1726	13.69798
292.2151	4451.056	1727.998	12.65527
292.3675	4362.076	1718.009	11.61089
292.5199	4262.048	1720.999	10.5755
292.6723	4239.002	1710.001	9.539115
292.8247	4152.117	1700.013	8.487414
292.9771	4069.081	1695.005	7.419044
293.1295	3860.127	1696.999	6.366641
293.2819	3880.995	1699	5.312253
293.4343	3765.171	1695.006	4.26055
293.5867	3869.884	1689.007	3.191182
293.7391	3775.07	1681.006	2.120789
293.8915	3692.031	1668.005	1.051394

