HOLE:	U1513A
EXPEDITION:	369
TOP:	77.9409
BOTTOM:	294.0439
DEPTH_WMSF	DTCO	DT1	DT2	VCO	VS1	VS2
m	us/ft	us/ft	us/ft	km/s	km/s	km/s
77.9409	170.0501	466.2217	504.634	1.7924	0.6538	0.6040
78.0933	171.4319	452.404	531.5231	1.7780	0.6737	0.5734
78.2457	170.1932	449.308	595.9034	1.7909	0.6784	0.5115
78.3981	170.2537	531.8903	595.9123	1.7903	0.5731	0.5115
78.5505	173.8563	531.1586	605.176	1.7532	0.5738	0.5037
78.7029	165.2604	516.3691	605.1795	1.8444	0.5903	0.5037
78.8553	159.3745	523.4915	614.7122	1.9125	0.5822	0.4958
79.0077	153.131	546.6425	596.8853	1.9905	0.5576	0.5107
79.1601	154.0745	546.8213	564.9567	1.9783	0.5574	0.5395
79.3125	154.5255	692.6605	563.7985	1.9725	0.4400	0.5406
79.4649	150.0742	692.6654	555.0386	2.0310	0.4400	0.5492
79.6173	153.0245	692.7104	570.0829	1.9918	0.4400	0.5347
79.7697	156.5235	756.6154	498.3789	1.9473	0.4028	0.6116
79.9221	164.1254	756.6154	473.8508	1.8571	0.4028	0.6432
80.0745	168.8749	844.8971	528.2122	1.8049	0.3608	0.5770
80.2269	168.086	845.175	530.9985	1.8134	0.3606	0.5740
80.3793	169.9277	881.8015	519.8557	1.7937	0.3457	0.5863
80.5317	171.7663	925.0058	502.2156	1.7745	0.3295	0.6069
80.6841	174.0498	902.4977	485.8284	1.7512	0.3377	0.6274
80.8365	172.6844	901.3514	478.6853	1.7651	0.3382	0.6367
80.9889	170.2366	866.1366	438.8664	1.7904	0.3519	0.6945
81.1413	164.5191	850.6826	407.2432	1.8527	0.3583	0.7484
81.2937	161.9958	831.3833	575.6162	1.8815	0.3666	0.5295
81.4461	159.4752	812.1128	587.9962	1.9113	0.3753	0.5184
81.5985	161.3259	750.2951	588.0224	1.8893	0.4062	0.5183
81.7509	161.0594	678.9413	626.1333	1.8925	0.4489	0.4868
81.9033	161.0132	679.0629	674.1556	1.8930	0.4489	0.4521
82.0557	160.9665	680.1909	826.1402	1.8936	0.4481	0.3689
82.2081	159.2392	692.1718	848.7045	1.9141	0.4404	0.3591
82.3605	157.5047	599.9939	862.2645	1.9352	0.5080	0.3535
82.5129	148.009	590.3605	859.5947	2.0593	0.5163	0.3546
82.6653	145.1924	575.7144	854.1528	2.0993	0.5294	0.3568
82.8177	146.8072	554.5627	805.1624	2.0762	0.5496	0.3786
82.9701	151.0788	634.8621	794.3126	2.0175	0.4801	0.3837
83.1225	160.6384	662.8392	821.5435	1.8974	0.4598	0.3710
83.2749	166.7975	630.4162	803.3708	1.8274	0.4835	0.3794
83.4273	172.9546	687.105	818.7437	1.7623	0.4436	0.3723
83.5797	177.4791	705.2003	817.751	1.7174	0.4322	0.3727
83.7321	176.8503	704.6848	823.2482	1.7235	0.4325	0.3702
83.8845	176.35	718.1634	804.1458	1.7284	0.4244	0.3790
84.0369	174.5365	724.6942	787.3399	1.7463	0.4206	0.3871
84.1893	176.1466	708.4852	839.9077	1.7304	0.4302	0.3629
84.3417	175.2498	739.2351	756.9848	1.7392	0.4123	0.4027
84.4941	174.3544	734.6677	731.8101	1.7482	0.4149	0.4165
84.6465	170.9501	707.8163	733.4871	1.7830	0.4306	0.4155
84.7989	167.545	712.0351	707.3429	1.8192	0.4281	0.4309
84.9513	164.269	737.1277	733.355	1.8555	0.4135	0.4156
85.1037	160.9982	749.3804	719.1274	1.8932	0.4067	0.4238
85.2561	157.6181	741.6998	707.2863	1.9338	0.4109	0.4309
85.4085	152.989	751.6143	753.017	1.9923	0.4055	0.4048
85.5609	152.6541	744.1841	760.1697	1.9967	0.4096	0.4010
85.7133	150.8414	692.1536	758.4056	2.0207	0.4404	0.4019
85.8657	151.2732	676.8439	673.2941	2.0149	0.4503	0.4527
86.0181	149.8351	667.9689	642.3295	2.0342	0.4563	0.4745
86.1705	152.2246	668.2925	658.3696	2.0023	0.4561	0.4630
86.3229	155.3449	659.6556	606.7051	1.9621	0.4621	0.5024
86.4753	155.3919	669.2748	632.3652	1.9615	0.4554	0.4820
86.6277	156.7366	715.8851	655.2409	1.9447	0.4258	0.4652
86.7801	158.7363	714.7786	644.0201	1.9202	0.4264	0.4733
86.9325	161.0771	707.7985	625.4227	1.8923	0.4306	0.4874
87.0849	166.3915	740.0652	580.4662	1.8318	0.4119	0.5251
87.2373	171.6055	768.0305	544.2156	1.7762	0.3969	0.5601
87.3897	170.569	784.6331	527.7925	1.7870	0.3885	0.5775
87.5421	169.4843	752.1724	493.5956	1.7984	0.4052	0.6175
87.6945	166.1685	763.416	412.0768	1.8343	0.3993	0.7397
87.8469	168.2321	723.0687	399.6209	1.8118	0.4215	0.7627
87.9993	171.0709	730.7795	453.9924	1.7817	0.4171	0.6714
88.1517	173.8306	737.9666	495.493	1.7534	0.4130	0.6151
88.3041	175.8509	723.9313	534.747	1.7333	0.4210	0.5700
88.4565	176.0441	722.3183	518.4809	1.7314	0.4220	0.5879
88.6089	176.1276	740.6449	521.1475	1.7306	0.4115	0.5849
88.7613	175.8973	742.983	485.5344	1.7328	0.4102	0.6278
88.9137	176.8031	670.9592	478.322	1.7240	0.4543	0.6372
89.0661	175.6175	705.3252	506.8498	1.7356	0.4321	0.6014
89.2185	175.0789	682.912	453.0777	1.7409	0.4463	0.6727
89.3709	175.3599	689.3843	484.6672	1.7381	0.4421	0.6289
89.5233	175.6417	711.9943	522.7003	1.7354	0.4281	0.5831
89.6757	176.9349	714.2242	579.7166	1.7227	0.4268	0.5258
89.8281	177.6617	706.3578	659.3792	1.7156	0.4315	0.4623
89.9805	175.6621	684.4359	639.4683	1.7351	0.4453	0.4766
90.1329	161.1666	704.0402	598.5737	1.8912	0.4329	0.5092
90.2853	161.7591	692.5723	598.3768	1.8843	0.4401	0.5094
90.4377	161.92	717.3899	628.7083	1.8824	0.4249	0.4848
90.5901	178.3161	715.6106	614.2385	1.7093	0.4259	0.4962
90.7425	175.8024	717.0278	617.0814	1.7338	0.4251	0.4939
90.8949	174.3038	694.9393	635.6063	1.7487	0.4386	0.4795
91.0473	174.044	716.0709	702.1329	1.7513	0.4257	0.4341
91.1997	175.8049	744.9202	678.9415	1.7337	0.4092	0.4489
91.3521	172.1723	747.7522	680.8366	1.7703	0.4076	0.4477
91.5045	173.2677	717.0605	659.5678	1.7591	0.4251	0.4621
91.6569	174.0802	638.5076	641.4298	1.7509	0.4774	0.4752
91.8093	176.9384	673.1694	642.5092	1.7226	0.4528	0.4744
91.9617	175.5233	686.2131	645.536	1.7365	0.4442	0.4722
92.1141	175.3153	683.0287	666.2949	1.7386	0.4462	0.4575
92.2665	176.4486	752.2102	645.9601	1.7274	0.4052	0.4719
92.4189	175.0986	746.5627	633.805	1.7407	0.4083	0.4809
92.5713	175.3265	755.5004	640.6155	1.7385	0.4034	0.4758
92.7237	175.8838	721.8987	680.659	1.7330	0.4222	0.4478
92.8761	174.5738	727.7621	672.7169	1.7460	0.4188	0.4531
93.0285	173.2659	702.342	685.1356	1.7591	0.4340	0.4449
93.1809	172.4055	713.1801	663.5128	1.7679	0.4274	0.4594
93.3333	172.9245	726.299	674.8161	1.7626	0.4197	0.4517
93.4857	172.9422	739.7109	693.4943	1.7624	0.4121	0.4395
93.6381	172.7067	718.7545	738.9023	1.7648	0.4241	0.4125
93.7905	171.5661	679.0717	737.623	1.7766	0.4488	0.4132
93.9429	170.6665	710.8515	744.0176	1.7859	0.4288	0.4097
94.0953	165.8237	737.3607	699.5964	1.8381	0.4134	0.4357
94.2477	165.4225	713.1917	700.4023	1.8426	0.4274	0.4352
94.4001	165.9582	716.5593	665.1578	1.8366	0.4254	0.4582
94.5525	170.6956	742.9266	633.5406	1.7856	0.4103	0.4811
94.7049	173.9034	774.3832	653.8699	1.7527	0.3936	0.4661
94.8573	174.3209	769.4398	671.9006	1.7485	0.3961	0.4536
95.0097	173.0731	776.6223	694.9913	1.7611	0.3925	0.4386
95.1621	174.9251	784.0469	725.4016	1.7425	0.3888	0.4202
95.3145	174.3786	787.2413	714.816	1.7479	0.3872	0.4264
95.4669	173.8318	777.4515	699.2127	1.7534	0.3921	0.4359
95.6193	173.285	780.0727	688.8669	1.7590	0.3907	0.4425
95.7717	172.7391	733.3602	726.7268	1.7645	0.4156	0.4194
95.9241	171.4391	724.0106	815.3126	1.7779	0.4210	0.3738
96.0765	168.7262	701.9329	801.2661	1.8065	0.4342	0.3804
96.2289	167.4655	713.366	804.1977	1.8201	0.4273	0.3790
96.3813	171.1582	748.0821	757.5035	1.7808	0.4074	0.4024
96.5337	173.2784	737.2523	723.4496	1.7590	0.4134	0.4213
96.6861	174.3219	768.377	706.522	1.7485	0.3967	0.4314
96.8385	172.5931	787.3065	659.6584	1.7660	0.3871	0.4621
96.9909	173.8536	794.9254	699.1182	1.7532	0.3834	0.4360
97.1433	172.9997	789.6311	713.0352	1.7619	0.3860	0.4275
97.2957	172.0463	789.8421	711.4708	1.7716	0.3859	0.4284
97.4481	174.2911	792.303	656.9698	1.7488	0.3847	0.4639
97.6005	171.3703	795.8803	677.8126	1.7786	0.3830	0.4497
97.7529	171.977	754.4639	647.869	1.7723	0.4040	0.4705
97.9053	170.7012	762.7177	591.6265	1.7856	0.3996	0.5152
98.0577	165.887	728.9985	621.4092	1.8374	0.4181	0.4905
98.2101	167.0621	761.5027	553.7823	1.8245	0.4003	0.5504
98.3625	164.2261	776.2657	563.0233	1.8560	0.3926	0.5414
98.5149	165.0865	764.7828	609.9763	1.8463	0.3985	0.4997
98.6673	166.021	703.882	728.5223	1.8359	0.4330	0.4184
98.8197	167.3459	722.2573	722.8802	1.8214	0.4220	0.4216
98.9721	169.78	749.4061	735.8132	1.7953	0.4067	0.4142
99.1245	176.492	772.0644	742.5972	1.7270	0.3948	0.4105
99.2769	176.8804	755.9973	778.1742	1.7232	0.4032	0.3917
99.4293	179.097	748.6991	787.5895	1.7019	0.4071	0.3870
99.5817	172.8514	759.1495	751.5835	1.7634	0.4015	0.4055
99.7341	172.4536	735.6779	748.8519	1.7674	0.4143	0.4070
99.8865	172.3307	708.2409	741.4044	1.7687	0.4304	0.4111
100.0389	168.73	749.5649	734.3421	1.8064	0.4066	0.4151
100.1913	168.174	767.7982	699.1974	1.8124	0.3970	0.4359
100.3437	169.9092	709.645	642.7831	1.7939	0.4295	0.4742
100.4961	169.0718	742.9285	612.1535	1.8028	0.4103	0.4979
100.6485	167.5599	745.6729	610.3448	1.8191	0.4088	0.4994
100.8009	168.9177	762.223	586.939	1.8044	0.3999	0.5193
100.9533	170.1088	706.0557	590.4539	1.7918	0.4317	0.5162
101.1057	168.3573	713.1978	584.2598	1.8104	0.4274	0.5217
101.2581	158.8612	698.0847	621.2436	1.9187	0.4366	0.4906
101.4105	156.8001	683.0726	659.843	1.9439	0.4462	0.4619
101.5629	159.4299	665.0648	708.9866	1.9118	0.4583	0.4299
101.7153	160.3594	623.0093	654.6316	1.9007	0.4892	0.4656
101.8677	163.9538	637.4138	685.0967	1.8591	0.4782	0.4449
102.0201	167.9865	695.6421	722.9176	1.8144	0.4382	0.4216
102.1725	171.6635	699.0406	740.3827	1.7756	0.4360	0.4117
102.3249	175.4906	673.9153	647.8102	1.7368	0.4523	0.4705
102.4773	175.6717	728.7776	726.933	1.7351	0.4182	0.4193
102.6297	176.2266	722.8098	713.4349	1.7296	0.4217	0.4272
102.7821	174.4601	703.2808	732.4329	1.7471	0.4334	0.4161
102.9345	172.6771	699.8936	774.2281	1.7651	0.4355	0.3937
103.0869	172.4759	721.8538	748.8655	1.7672	0.4222	0.4070
103.2393	175.8968	726.8771	733.4603	1.7328	0.4193	0.4156
103.3917	174.3619	671.1708	754.6101	1.7481	0.4541	0.4039
103.5441	176.4783	651.5651	690.9767	1.7271	0.4678	0.4411
103.6965	177.4879	691.5147	633.6767	1.7173	0.4408	0.4810
103.8489	176.5731	670.9359	640.2996	1.7262	0.4543	0.4760
104.0013	175.5196	650.9456	696.6563	1.7366	0.4682	0.4375
104.1537	173.6495	647.57	706.1328	1.7553	0.4707	0.4316
104.3061	173.01	710.4794	758.5727	1.7617	0.4290	0.4018
104.4585	172.1065	672.9755	788.2469	1.7710	0.4529	0.3867
104.6109	171.0764	693.7793	777.1312	1.7817	0.4393	0.3922
104.7633	171.0023	610.5704	745.3552	1.7824	0.4992	0.4089
104.9157	171.0209	629.0287	656.7637	1.7822	0.4846	0.4641
105.0681	169.4357	631.3483	657.9406	1.7989	0.4828	0.4633
105.2205	171.0747	630.0139	630.35	1.7817	0.4838	0.4835
105.3729	171.8116	622.4861	619.8234	1.7740	0.4896	0.4918
105.5253	171.8851	622.608	641.8446	1.7733	0.4896	0.4749
105.6777	172.0726	622.5196	648.433	1.7713	0.4896	0.4701
105.8301	170.0377	617.7497	650.8989	1.7925	0.4934	0.4683
105.9825	169.8902	634.3694	653.3472	1.7941	0.4805	0.4665
106.1349	169.6387	640.4089	604.9696	1.7968	0.4759	0.5038
106.2873	169.1397	614.8608	595.5218	1.8021	0.4957	0.5118
106.4397	167.155	640.4887	619.3295	1.8235	0.4759	0.4921
106.5921	164.5196	636.0667	587.4506	1.8527	0.4792	0.5189
106.7445	162.3382	665.0905	628.9667	1.8776	0.4583	0.4846
106.8969	161.5374	650.1987	638.6382	1.8869	0.4688	0.4773
107.0493	160.9185	620.6667	675.7596	1.8941	0.4911	0.4510
107.2017	159.5599	608.5833	718.952	1.9103	0.5008	0.4240
107.3541	157.9282	662.5821	710.3839	1.9300	0.4600	0.4291
107.5065	158.6326	671.8574	706.8247	1.9214	0.4537	0.4312
107.6589	156.2803	694.7476	697.3377	1.9503	0.4387	0.4371
107.8113	151.1282	633.9838	706.2723	2.0168	0.4808	0.4316
107.9637	150.4651	639.9146	673.0405	2.0257	0.4763	0.4529
108.1161	159.1206	661.2116	667.9305	1.9155	0.4610	0.4563
108.2685	161.4833	650.4771	667.3443	1.8875	0.4686	0.4567
108.4209	161.7493	636.1905	593.3073	1.8844	0.4791	0.5137
108.5733	163.0849	608.1078	590.33	1.8690	0.5012	0.5163
108.7257	165.0542	588.2097	591.9563	1.8467	0.5182	0.5149
108.8781	165.0913	581.8964	549.3958	1.8463	0.5238	0.5548
109.0305	164.9926	598.7917	558.1954	1.8474	0.5090	0.5460
109.1829	165.9065	598.0729	623.7497	1.8372	0.5096	0.4887
109.3353	162.515	614.2774	630.033	1.8755	0.4962	0.4838
109.4877	155.465	576.6772	634.7604	1.9606	0.5285	0.4802
109.6401	155.1303	564.4037	630.0563	1.9648	0.5400	0.4838
109.7925	154.795	588.0319	537.7949	1.9691	0.5183	0.5668
109.9449	153.8874	617.0693	433.2932	1.9807	0.4939	0.7034
110.0973	152.721	654.8375	409.4814	1.9958	0.4655	0.7444
110.2497	152.6898	663.4523	415.6722	1.9962	0.4594	0.7333
110.4021	153.0902	671.8394	422.716	1.9910	0.4537	0.7211
110.5545	153.4694	624.8961	425.412	1.9861	0.4878	0.7165
110.7069	155.2227	607.8021	412.9237	1.9636	0.5015	0.7382
110.8593	154.3313	613.9491	434.8704	1.9750	0.4965	0.7009
111.0117	154.1462	692.3657	508.7093	1.9773	0.4402	0.5992
111.1641	153.4353	711.0652	495.3734	1.9865	0.4287	0.6153
111.3165	153.5299	802.0789	506.7722	1.9853	0.3800	0.6015
111.4689	159.9293	791.8859	520.0545	1.9058	0.3849	0.5861
111.6213	164.5036	768.6382	515.1848	1.8528	0.3965	0.5916
111.7737	166.7072	709.3688	567.9062	1.8284	0.4297	0.5367
111.9261	168.0879	616.7683	592.3192	1.8133	0.4942	0.5146
112.0785	169.5923	595.6447	595.6227	1.7973	0.5117	0.5117
112.2309	168.6298	598.6705	605.7646	1.8075	0.5091	0.5032
112.3833	167.5938	598.9943	587.6264	1.8187	0.5089	0.5187
112.5357	165.9529	628.7751	494.2475	1.8367	0.4848	0.6167
112.6881	167.5625	660.1194	494.9562	1.8190	0.4617	0.6158
112.8405	167.0899	653.8176	552.8666	1.8242	0.4662	0.5513
112.9929	167.4122	646.7465	592.9872	1.8207	0.4713	0.5140
113.1453	167.0901	656.7322	597.7813	1.8242	0.4641	0.5099
113.2977	163.8963	710.9983	598.9054	1.8597	0.4287	0.5089
113.4501	159.2021	690.1096	559.2271	1.9145	0.4417	0.5450
113.6025	159.6776	544.8718	599.6727	1.9088	0.5594	0.5083
113.7549	158.6495	564.1425	544.1632	1.9212	0.5403	0.5601
113.9073	158.2639	571.7283	543.9978	1.9259	0.5331	0.5603
114.0597	158.2689	571.7064	554.4295	1.9258	0.5331	0.5498
114.2121	158.1326	571.2095	577.2988	1.9275	0.5336	0.5280
114.3645	159.6212	559.2875	575.9229	1.9095	0.5450	0.5292
114.5169	164.7771	516.0934	585.8076	1.8498	0.5906	0.5203
114.6693	170.5016	558.1219	565.9458	1.7877	0.5461	0.5386
114.8217	168.573	548.5508	573.7324	1.8081	0.5556	0.5313
114.9741	170.0747	498.5906	589.4732	1.7922	0.6113	0.5171
115.1265	175.4896	536.855	593.1238	1.7369	0.5678	0.5139
115.2789	174.9651	549.6265	583.634	1.7421	0.5546	0.5222
115.4313	174.6113	609.7222	608.8794	1.7456	0.4999	0.5006
115.5837	174.4111	626.2474	614.453	1.7476	0.4867	0.4961
115.7361	174.5606	619.2039	584.3394	1.7461	0.4922	0.5216
115.8885	174.3565	619.8419	615.5142	1.7481	0.4917	0.4952
116.0409	172.8587	626.7557	610.7814	1.7633	0.4863	0.4990
116.1933	171.1471	656.7974	613.9828	1.7809	0.4641	0.4964
116.3457	170.5506	655.9658	612.0334	1.7872	0.4647	0.4980
116.4981	172.2049	673.4761	617.6943	1.7700	0.4526	0.4934
116.6505	169.7529	596.8924	608.0611	1.7956	0.5106	0.5013
116.8029	168.817	582.9852	602.1628	1.8055	0.5228	0.5062
116.9553	171.7039	623.5764	605.0186	1.7751	0.4888	0.5038
117.1077	173.8492	623.7986	605.1881	1.7532	0.4886	0.5036
117.2601	173.9903	623.8434	626.3221	1.7518	0.4886	0.4867
117.4125	176.089	632.3423	636.4399	1.7309	0.4820	0.4789
117.5649	177.1629	695.4358	651.0993	1.7205	0.4383	0.4681
117.7173	169.8144	699.2209	627.8211	1.7949	0.4359	0.4855
117.8697	166.3151	659.7094	641.7064	1.8327	0.4620	0.4750
118.0221	163.6032	656.0168	616.0067	1.8630	0.4646	0.4948
118.1745	162.7218	654.4752	636.5162	1.8731	0.4657	0.4789
118.3269	165.0708	612.1976	612.5912	1.8465	0.4979	0.4976
118.4793	169.764	611.2335	578.8993	1.7954	0.4987	0.5265
118.6317	170.0088	598.3613	610.9846	1.7928	0.5094	0.4989
118.7841	169.5274	614.1214	606.2492	1.7979	0.4963	0.5028
118.9365	175.5576	600.7542	585.2379	1.7362	0.5074	0.5208
119.0889	177.1523	610.7528	567.2158	1.7206	0.4991	0.5374
119.2413	176.7769	620.9141	568.4277	1.7242	0.4909	0.5362
119.3937	177.1093	596.0447	585.8191	1.7210	0.5114	0.5203
119.5461	174.6206	571.0214	600.7425	1.7455	0.5338	0.5074
119.6985	175.4022	576.7094	614.7848	1.7377	0.5285	0.4958
119.8509	170.7813	554.673	601.8696	1.7847	0.5495	0.5064
120.0033	168.828	577.9657	565.342	1.8054	0.5274	0.5391
120.1557	167.1033	589.1362	545.5994	1.8240	0.5174	0.5587
120.3081	165.2612	550.3791	544.9877	1.8444	0.5538	0.5593
120.4605	167.7117	531.5814	545.8204	1.8174	0.5734	0.5584
120.6129	168.8533	536.97	535.5949	1.8051	0.5676	0.5691
120.7653	169.0504	527.4388	531.7909	1.8030	0.5779	0.5732
120.9177	173.3592	525.9564	618.0558	1.7582	0.5795	0.4932
121.0701	172.03	550.9426	594.4427	1.7718	0.5532	0.5127
121.2225	173.5468	554.424	572.0918	1.7563	0.5498	0.5328
121.3749	171.1365	563.4266	585.4344	1.7810	0.5410	0.5206
121.5273	168.8385	563.6799	560.7023	1.8053	0.5407	0.5436
121.6797	163.5311	572.2307	537.1929	1.8639	0.5327	0.5674
121.8321	164.236	582.796	564.7995	1.8559	0.5230	0.5397
121.9845	165.1993	527.3377	582.9516	1.8450	0.5780	0.5229
122.1369	170.5984	585.87	567.8581	1.7867	0.5203	0.5368
122.2893	172.9066	591.3013	567.2717	1.7628	0.5155	0.5373
122.4417	172.4946	573.014	572.393	1.7670	0.5319	0.5325
122.5941	163.2618	561.5577	572.9963	1.8669	0.5428	0.5319
122.7465	164.4408	567.8919	575.8518	1.8536	0.5367	0.5293
122.8989	164.4314	567.1125	572.3066	1.8537	0.5375	0.5326
123.0513	166.0309	572.3973	576.8017	1.8358	0.5325	0.5284
123.2037	164.4793	614.235	628.0471	1.8531	0.4962	0.4853
123.3561	169.8178	586.1583	662.9194	1.7949	0.5200	0.4598
123.5085	170.9656	607.2032	649.849	1.7828	0.5020	0.4690
123.6609	171.5835	619.3784	648.577	1.7764	0.4921	0.4700
123.8133	172.969	614.2535	650.0621	1.7622	0.4962	0.4689
123.9657	172.9899	594.1313	611.6174	1.7620	0.5130	0.4984
124.1181	173.294	621.0937	593.5753	1.7589	0.4907	0.5135
124.2705	173.1773	591.2756	598.2013	1.7600	0.5155	0.5095
124.4229	167.7238	570.7749	575.4634	1.8173	0.5340	0.5297
124.5753	165.2055	520.9954	561.0479	1.8450	0.5850	0.5433
124.7277	166.5639	524.3119	562.0763	1.8299	0.5813	0.5423
124.8801	163.0492	519.024	578.2781	1.8694	0.5873	0.5271
125.0325	162.483	506.5759	541.5037	1.8759	0.6017	0.5629
125.1849	162.2145	506.7009	551.7397	1.8790	0.6015	0.5524
125.3373	160.3704	525.1667	529.8791	1.9006	0.5804	0.5752
125.4897	161.2985	501.0175	522.3989	1.8897	0.6084	0.5835
125.6421	168.6433	510.606	536.544	1.8074	0.5969	0.5681
125.7945	168.5487	520.4313	540.9935	1.8084	0.5857	0.5634
125.9469	172.4456	509.6039	550.2343	1.7675	0.5981	0.5539
126.0993	172.5944	510.5945	548.2915	1.7660	0.5970	0.5559
126.2517	171.6071	528.6381	556.2674	1.7762	0.5766	0.5479
126.4041	170.8483	520.5224	563.1346	1.7840	0.5856	0.5413
126.5565	170.7779	522.2509	550.7502	1.7848	0.5836	0.5534
126.7089	169.5853	527.2675	537.4121	1.7973	0.5781	0.5672
126.8613	166.6182	519.2007	561.0848	1.8293	0.5871	0.5432
127.0137	167.5473	468.4563	580.3412	1.8192	0.6506	0.5252
127.1661	170.8771	505.623	576.5865	1.7837	0.6028	0.5286
127.3185	169.5669	499.3956	584.1322	1.7975	0.6103	0.5218
127.4709	166.6612	495.0193	572.4858	1.8289	0.6157	0.5324
127.6233	165.6775	516.9601	581.7262	1.8397	0.5896	0.5240
127.7757	164.653	513.6773	576.6044	1.8512	0.5934	0.5286
127.9281	164.9898	539.751	574.1489	1.8474	0.5647	0.5309
128.0805	168.5722	560.1264	571.6857	1.8081	0.5442	0.5332
128.2329	167.3911	528.8557	558.7114	1.8209	0.5763	0.5455
128.3853	168.505	513.4558	557.2485	1.8088	0.5936	0.5470
128.5377	170.4669	516.6283	559.1609	1.7880	0.5900	0.5451
128.6901	172.3033	559.3539	559.834	1.7690	0.5449	0.5444
128.8425	167.4346	534.6528	557.7811	1.8204	0.5701	0.5465
128.9949	165.2616	555.467	607.7664	1.8443	0.5487	0.5015
129.1473	166.8111	562.2932	606.4286	1.8272	0.5421	0.5026
129.2997	170.1202	555.0334	608.7919	1.7917	0.5492	0.5007
129.4521	170.5	559.548	616.151	1.7877	0.5447	0.4947
129.6045	170.8808	568.0393	619.5947	1.7837	0.5366	0.4919
129.7569	169.3636	574.4088	624.6924	1.7997	0.5306	0.4879
129.9093	169.9581	560.5408	621.8396	1.7934	0.5438	0.4902
130.0617	169.6847	563.8197	623.1971	1.7963	0.5406	0.4891
130.2141	170.3561	591.8426	593.8455	1.7892	0.5150	0.5133
130.3665	167.7684	537.5806	526.9398	1.8168	0.5670	0.5784
130.5189	168.8289	534.5853	531.3748	1.8054	0.5702	0.5736
130.6713	171.4188	564.8878	550.9658	1.7781	0.5396	0.5532
130.8237	173.3157	576.2131	584.8596	1.7586	0.5290	0.5212
130.9761	174.7863	580.8313	588.1065	1.7438	0.5248	0.5183
131.1285	171.6938	586.1412	589.1386	1.7753	0.5200	0.5174
131.2809	171.2377	599.2983	598.5217	1.7800	0.5086	0.5093
131.4333	163.9478	579.1582	586.0142	1.8591	0.5263	0.5201
131.5857	162.0154	552.225	586.2989	1.8813	0.5519	0.5199
131.7381	162.2884	545.1714	604.8038	1.8781	0.5591	0.5040
131.8905	165.3847	505.3296	562.5598	1.8430	0.6032	0.5418
132.0429	165.8097	510.4323	536.8287	1.8383	0.5971	0.5678
132.1953	170.5878	517.6039	543.0549	1.7868	0.5889	0.5613
132.3477	169.0547	497.601	546.1784	1.8030	0.6125	0.5581
132.5001	174.6662	517.915	549.1927	1.7450	0.5885	0.5550
132.6525	173.0871	550.8514	557.6984	1.7610	0.5533	0.5465
132.8049	170.1899	571.0225	574.4623	1.7909	0.5338	0.5306
132.9573	164.2418	568.0251	576.7737	1.8558	0.5366	0.5285
133.1097	163.4774	557.3777	574.8726	1.8645	0.5468	0.5302
133.2621	165.1166	560.46	603.2139	1.8460	0.5438	0.5053
133.4145	164.4606	552.0174	597.0096	1.8533	0.5522	0.5105
133.5669	167.4064	555.7959	597.0237	1.8207	0.5484	0.5105
133.7193	165.2358	547.8393	619.955	1.8446	0.5564	0.4916
133.8717	165.5294	542.2393	563.8618	1.8414	0.5621	0.5406
134.0241	167.727	544.5878	569.5775	1.8172	0.5597	0.5351
134.1765	166.342	533.0226	576.2819	1.8324	0.5718	0.5289
134.3289	167.308	530.8268	565.8257	1.8218	0.5742	0.5387
134.4813	169.1065	517.4852	537.3894	1.8024	0.5890	0.5672
134.6337	168.2158	508.9666	541.2291	1.8120	0.5989	0.5632
134.7861	166.3677	503.2106	524.7231	1.8321	0.6057	0.5809
134.9385	166.0845	516.8524	555.0734	1.8352	0.5897	0.5491
135.0909	164.4412	508.4842	552.6555	1.8536	0.5994	0.5515
135.2433	163.001	529.4414	551.0474	1.8699	0.5757	0.5531
135.3957	163.2177	543.0504	553.8498	1.8674	0.5613	0.5503
135.5481	168.1328	539.1864	552.7235	1.8129	0.5653	0.5515
135.7005	168.0609	538.9289	539.8041	1.8136	0.5656	0.5646
135.8529	164.3851	536.2472	531.753	1.8542	0.5684	0.5732
136.0053	168.0712	529.6873	522.6755	1.8135	0.5754	0.5832
136.1577	168.1377	507.8719	547.202	1.8128	0.6002	0.5570
136.3101	167.403	527.0488	548.4445	1.8208	0.5783	0.5558
136.4625	167.9953	542.2305	529.1854	1.8143	0.5621	0.5760
136.6149	169	514.2585	523.7994	1.8036	0.5927	0.5819
136.7673	166.8607	505.5969	495.6288	1.8267	0.6029	0.6150
136.9197	168.3543	503.5502	522.4366	1.8105	0.6053	0.5834
137.0721	171.3727	500.0096	537.9392	1.7786	0.6096	0.5666
137.2245	171.0458	500.8596	544.7949	1.7820	0.6086	0.5595
137.3769	168.4701	499.4145	558.0209	1.8092	0.6103	0.5462
137.5293	168.8709	542.4483	591.9848	1.8049	0.5619	0.5149
137.6817	171.0713	553.6987	610.7426	1.7817	0.5505	0.4991
137.8341	171.9178	545.9502	627.2745	1.7729	0.5583	0.4859
137.9865	172.7133	563.808	612.3877	1.7648	0.5406	0.4977
138.1389	173.9932	560.9063	514.7025	1.7518	0.5434	0.5922
138.2913	173.1142	519.9774	520.9924	1.7607	0.5862	0.5850
138.4437	171.2046	515.9057	423.2129	1.7803	0.5908	0.7202
138.5961	171.4586	538.4208	409.9217	1.7777	0.5661	0.7436
138.7485	171.1505	538.1533	403.5852	1.7809	0.5664	0.7552
138.9009	170.1208	557.267	419.6584	1.7917	0.5470	0.7263
139.0533	171.767	573.5721	463.1865	1.7745	0.5314	0.6581
139.2057	168.9362	611.5346	547.7553	1.8042	0.4984	0.5565
139.3581	166.11	576.9645	542.1967	1.8349	0.5283	0.5622
139.5105	166.8764	586.1409	619.7057	1.8265	0.5200	0.4918
139.6629	166.5781	593.3987	619.9492	1.8298	0.5137	0.4917
139.8153	166.3824	575.4755	605.1206	1.8319	0.5296	0.5037
139.9677	166.0695	568.6794	564.7868	1.8354	0.5360	0.5397
140.1201	166.6203	588.0941	559.561	1.8293	0.5183	0.5447
140.2725	165.1375	570.6241	538.8488	1.8457	0.5342	0.5657
140.4249	168.6791	601.4681	537.3127	1.8070	0.5068	0.5673
140.5773	168.2192	615.4016	541.367	1.8119	0.4953	0.5630
140.7297	168.6942	596.1906	556.0628	1.8068	0.5112	0.5481
140.8821	168.7607	619.375	579.0406	1.8061	0.4921	0.5264
141.0345	170.8578	623.4215	574.0494	1.7839	0.4889	0.5310
141.1869	169.9944	638.0643	593.2524	1.7930	0.4777	0.5138
141.3393	170.8904	644.6149	609.6541	1.7836	0.4728	0.5000
141.4917	172.3759	629.7302	627.2405	1.7682	0.4840	0.4859
141.6441	172.4304	620.3741	543.1223	1.7677	0.4913	0.5612
141.7965	169.3742	559.1665	562.6782	1.7996	0.5451	0.5417
141.9489	167.3249	552.614	572.3923	1.8216	0.5516	0.5325
142.1013	165.2679	547.6313	600.0067	1.8443	0.5566	0.5080
142.2537	164.6037	560.1762	578.3083	1.8517	0.5441	0.5271
142.4061	165.9564	604.874	570.7581	1.8366	0.5039	0.5340
142.5585	164.8419	630.6846	535.177	1.8490	0.4833	0.5695
142.7109	166.7425	608.1876	550.9802	1.8280	0.5012	0.5532
142.8633	171.4009	637.9253	550.8051	1.7783	0.4778	0.5534
143.0157	170.3208	640.3083	600.5876	1.7896	0.4760	0.5075
143.1681	169.8853	561.5593	604.8273	1.7942	0.5428	0.5039
143.3205	168.4733	559.9626	643.569	1.8092	0.5443	0.4736
143.4729	169.3061	589.9424	637.9507	1.8003	0.5167	0.4778
143.6253	168.6677	615.8706	627	1.8071	0.4949	0.4861
143.7776	167.8494	579.2599	621.7173	1.8159	0.5262	0.4903
143.9300	169.2196	584.8829	630.352	1.8012	0.5211	0.4835
144.0824	170.8897	602.2643	627.6515	1.7836	0.5061	0.4856
144.2348	171.0023	616.4732	624.7031	1.7824	0.4944	0.4879
144.3872	173.0263	640.6699	638.2977	1.7616	0.4758	0.4775
144.5396	167.9352	658.8633	614.5952	1.8150	0.4626	0.4959
144.6920	170.7561	625.764	617.923	1.7850	0.4871	0.4933
144.8444	168.5481	611.7429	605.0173	1.8084	0.4982	0.5038
144.9968	166.8735	568.926	568.3787	1.8265	0.5357	0.5363
145.1492	166.6492	562.568	525.1191	1.8290	0.5418	0.5804
145.3016	167.6985	540.1041	537.4438	1.8175	0.5643	0.5671
145.4540	163.7422	528.3579	561.0319	1.8615	0.5769	0.5433
145.6064	164.636	549.0826	545.4139	1.8514	0.5551	0.5588
145.7588	164.5013	541.602	556.5213	1.8529	0.5628	0.5477
145.9112	163.3949	535.8724	567.5493	1.8654	0.5688	0.5370
146.0636	165.2197	532.1316	524.5457	1.8448	0.5728	0.5811
146.2160	166.1963	529.363	519.1175	1.8340	0.5758	0.5872
146.3684	164.8143	526.5496	559.3357	1.8494	0.5789	0.5449
146.5208	166.9248	533.568	584.0534	1.8260	0.5712	0.5219
146.6732	168.7254	556.2343	574.3398	1.8065	0.5480	0.5307
146.8256	168.6459	527.8469	560.7657	1.8073	0.5774	0.5435
146.9780	168.3737	556.3372	574.61	1.8103	0.5479	0.5304
147.1304	167.5123	556.1641	582.7462	1.8196	0.5480	0.5230
147.2828	170.6997	548.9332	581.827	1.7856	0.5553	0.5239
147.4352	169.6534	567.368	609.3961	1.7966	0.5372	0.5002
147.5876	172.5566	589.4003	613.2365	1.7664	0.5171	0.4970
147.7400	171.3789	578.0408	617.8771	1.7785	0.5273	0.4933
147.8924	168.1224	605.2164	588.3965	1.8130	0.5036	0.5180
148.0448	163.8792	525.9592	559.0723	1.8599	0.5795	0.5452
148.1972	164.776	561.1614	532.7877	1.8498	0.5432	0.5721
148.3496	161.8279	507.733	508.258	1.8835	0.6003	0.5997
148.5020	162.3739	493.8955	509.8528	1.8771	0.6171	0.5978
148.6544	163.2057	509.6494	521.3947	1.8676	0.5981	0.5846
148.8068	162.5314	480.1736	528.9761	1.8753	0.6348	0.5762
148.9592	160.202	496.8681	531.2698	1.9026	0.6134	0.5737
149.1116	165.0408	523.8854	574.7778	1.8468	0.5818	0.5303
149.2640	167.598	552.2039	589.8611	1.8186	0.5520	0.5167
149.4164	170.1581	564.0409	582.942	1.7913	0.5404	0.5229
149.5688	172.1219	553.8307	584.8801	1.7708	0.5503	0.5211
149.7212	164.5642	547.1232	577.929	1.8522	0.5571	0.5274
149.8736	161.8979	543.7886	529.9374	1.8827	0.5605	0.5752
150.0260	161.0495	533.1776	553.9479	1.8926	0.5717	0.5502
150.1784	164.6765	543.3984	560.2407	1.8509	0.5609	0.5441
150.3308	166.2392	556.315	560.7875	1.8335	0.5479	0.5435
150.4832	166.5479	557.1966	567.0107	1.8301	0.5470	0.5376
150.6356	162.1564	535.4495	536.1359	1.8797	0.5692	0.5685
150.7880	163.3305	500.7713	540.3163	1.8662	0.6087	0.5641
150.9404	164.7012	539.5177	547.0692	1.8506	0.5649	0.5572
151.0928	165.1351	527.5381	544.5325	1.8458	0.5778	0.5597
151.2452	164.569	523.3035	522.4437	1.8521	0.5825	0.5834
151.3976	165.5242	516.4501	501.2784	1.8414	0.5902	0.6080
151.5500	165.9387	506.5448	486.5465	1.8368	0.6017	0.6265
151.7024	164.037	490.3949	481.0468	1.8581	0.6215	0.6336
151.8548	160.6277	481.0008	486.5938	1.8976	0.6337	0.6264
152.0072	162.8196	504.0893	517.8789	1.8720	0.6047	0.5886
152.1596	162.6324	488.539	515.7785	1.8742	0.6239	0.5910
152.3120	161.7532	495.3098	499.1606	1.8844	0.6154	0.6106
152.4644	161.0624	472.7679	494.3953	1.8924	0.6447	0.6165
152.6168	162.6763	450.0571	505.2933	1.8737	0.6772	0.6032
152.7692	167.2116	436.4529	495.1915	1.8228	0.6984	0.6155
152.9216	167.7769	450.718	482.1924	1.8167	0.6763	0.6321
153.0740	168.5538	499.326	545.1274	1.8083	0.6104	0.5591
153.2264	166.5434	521.4851	556.5933	1.8302	0.5845	0.5476
153.3788	162.3025	548.3995	582.3757	1.8780	0.5558	0.5234
153.5312	164.3527	599.8683	593.9295	1.8545	0.5081	0.5132
153.6836	161.523	625.0203	563.3795	1.8870	0.4877	0.5410
153.8360	160.922	606.2051	537.9219	1.8941	0.5028	0.5666
153.9884	161.8455	602.3759	531.8298	1.8833	0.5060	0.5731
154.1408	162.8671	601.8682	529.868	1.8715	0.5064	0.5752
154.2932	162.9921	589.7705	528.308	1.8700	0.5168	0.5769
154.4456	165.6958	574.3156	521.4761	1.8395	0.5307	0.5845
154.5980	169.036	561.5841	554.2606	1.8032	0.5428	0.5499
154.7504	168.3403	564.6182	562.4236	1.8106	0.5398	0.5419
154.9028	169.6136	556.9246	572.6246	1.7970	0.5473	0.5323
155.0552	167.808	561.7449	583.4805	1.8164	0.5426	0.5224
155.2076	167.1097	527.4734	556.1014	1.8240	0.5778	0.5481
155.3600	167.3374	525.429	556.2332	1.8215	0.5801	0.5480
155.5124	167.8083	527.2008	559.5217	1.8164	0.5781	0.5448
155.6648	166.5574	516.3695	546.9335	1.8300	0.5903	0.5573
155.8172	166.4033	533.6179	548.9641	1.8317	0.5712	0.5552
155.9696	164.4756	537.0502	546.4289	1.8532	0.5675	0.5578
156.1220	161.7358	537.6678	535.3664	1.8846	0.5669	0.5693
156.2744	157.8324	545.7908	539.7831	1.9312	0.5585	0.5647
156.4268	155.5121	547.6608	539.3718	1.9600	0.5565	0.5651
156.5792	157.0223	535.3185	506.3125	1.9411	0.5694	0.6020
156.7316	155.3696	521.6081	505.1111	1.9618	0.5843	0.6034
156.8840	156.8746	508.2328	510.7193	1.9430	0.5997	0.5968
157.0364	155.8611	464.4718	498.9755	1.9556	0.6562	0.6109
157.1888	154.1857	473.2824	494.804	1.9768	0.6440	0.6160
157.3412	154.8096	466.4907	491.1729	1.9689	0.6534	0.6206
157.4936	155.8288	483.8836	498.5143	1.9560	0.6299	0.6114
157.6460	154.1862	474.4816	500.8427	1.9768	0.6424	0.6086
157.7984	156.3718	445.3827	523.5243	1.9492	0.6844	0.5822
157.9508	155.6688	471.0917	512.0075	1.9580	0.6470	0.5953
158.1032	153.8204	462.1009	488.7022	1.9815	0.6596	0.6237
158.2556	157.3202	452.0686	472.7801	1.9374	0.6742	0.6447
158.4080	156.31	412.2155	462.1445	1.9500	0.7394	0.6595
158.5604	151.286	403.6098	450.6858	2.0147	0.7552	0.6763
158.7128	154.1242	392.8568	449.3642	1.9776	0.7759	0.6783
158.8652	155.3061	417.275	433.7714	1.9626	0.7305	0.7027
159.0176	153.0659	402.1681	461.4568	1.9913	0.7579	0.6605
159.1700	150.4587	414.4119	475.6016	2.0258	0.7355	0.6409
159.3224	152.132	415.2379	478.8246	2.0035	0.7340	0.6366
159.4748	152.8542	434.9934	482.399	1.9941	0.7007	0.6318
159.6272	151.3161	449.8887	454.551	2.0143	0.6775	0.6706
159.7796	152.1827	433.7882	445.124	2.0029	0.7026	0.6848
159.9320	151.3909	430.4069	472.0989	2.0133	0.7082	0.6456
160.0844	152.8925	409.4188	487.8629	1.9936	0.7445	0.6248
160.2368	153.8139	412.9964	486.2563	1.9816	0.7380	0.6268
160.3892	154.5103	409.8684	498.4807	1.9727	0.7437	0.6115
160.5416	155.2285	437.84	525.755	1.9636	0.6961	0.5797
160.6940	155.9938	488.3462	514.8698	1.9539	0.6241	0.5920
160.8464	160.085	502.2346	517.3174	1.9040	0.6069	0.5892
160.9988	159.8084	542.5145	519.0629	1.9073	0.5618	0.5872
161.1512	161.8865	521.977	526.9418	1.8828	0.5839	0.5784
161.3036	157.6644	462.3964	512.9712	1.9332	0.6592	0.5942
161.4560	159.8411	444.4982	534.7866	1.9069	0.6857	0.5699
161.6084	151.9605	409.8833	522.2493	2.0058	0.7436	0.5836
161.7608	148.2078	429.7849	467.701	2.0566	0.7092	0.6517
161.9132	148.5201	440.6438	454.6899	2.0522	0.6917	0.6703
162.0656	150.9704	435.8411	445.6403	2.0189	0.6993	0.6840
162.2180	147.6028	455.0409	477.419	2.0650	0.6698	0.6384
162.3704	147.583	454.88	493.9637	2.0653	0.6701	0.6170
162.5228	146.7066	450.5664	494.6922	2.0776	0.6765	0.6161
162.6752	145.7568	470.9041	470.5298	2.0912	0.6473	0.6478
162.8276	147.1499	462.4545	481.0762	2.0714	0.6591	0.6336
162.9800	148.8436	481.4697	464.9436	2.0478	0.6331	0.6556
163.1324	153.1806	443.206	462.0638	1.9898	0.6877	0.6596
163.2848	155.9548	457.3625	456.535	1.9544	0.6664	0.6676
163.4372	154.0444	456.1065	440.8072	1.9787	0.6683	0.6915
163.5896	157.1929	453.271	461.5306	1.9390	0.6724	0.6604
163.7420	154.1993	449.1024	457.9996	1.9767	0.6787	0.6655
163.8944	151.2511	470.2969	466.2932	2.0152	0.6481	0.6537
164.0468	150.3864	477.552	442.8135	2.0268	0.6383	0.6883
164.1992	144.8363	395.3699	422.3793	2.1044	0.7709	0.7216
164.3516	134.4414	433.8221	444.9	2.2672	0.7026	0.6851
164.5040	136.1417	430.3787	455.3992	2.2388	0.7082	0.6693
164.6564	137.2604	426.1168	439.4409	2.2206	0.7153	0.6936
164.8088	136.9783	420.0387	429.7665	2.2252	0.7256	0.7092
164.9612	141.2344	420.1235	435.8307	2.1581	0.7255	0.6994
165.1136	141.974	431.1191	429.2339	2.1469	0.7070	0.7101
165.2660	145.7556	463.8931	411.1706	2.0912	0.6570	0.7413
165.4184	147.2668	471.2744	459.7922	2.0697	0.6468	0.6629
165.5708	151.2784	464.7839	468.7149	2.0148	0.6558	0.6503
165.7232	153.1654	489.0786	454.933	1.9900	0.6232	0.6700
165.8756	155.371	444.6227	479.2083	1.9618	0.6855	0.6360
166.0280	157.6864	447.5903	451.2079	1.9330	0.6810	0.6755
166.1804	158.3463	453.3985	469.439	1.9249	0.6723	0.6493
166.3328	158.5482	478.8636	477.642	1.9224	0.6365	0.6381
166.4852	152.7562	455.8161	434.1862	1.9953	0.6687	0.7020
166.6376	146.224	450.2468	467.9116	2.0845	0.6770	0.6514
166.7900	146.2716	455.1989	481.9406	2.0838	0.6696	0.6324
166.9424	145.246	431.8604	479.7919	2.0985	0.7058	0.6353
167.0948	143.4892	421.8687	479.0776	2.1242	0.7225	0.6362
167.2472	145.2855	412.6494	473.3277	2.0979	0.7386	0.6440
167.3996	146.8582	482.6468	461.1898	2.0755	0.6315	0.6609
167.5520	148.0632	454.3328	442.938	2.0586	0.6709	0.6881
167.7044	156.1299	474.7353	455.6082	1.9522	0.6420	0.6690
167.8568	158.4143	435.3182	483.6294	1.9241	0.7002	0.6302
168.0092	156.0011	453.5939	510.3011	1.9538	0.6720	0.5973
168.1616	158.2121	451.6699	433.0061	1.9265	0.6748	0.7039
168.3140	158.313	466.522	442.5167	1.9253	0.6533	0.6888
168.4664	160.3583	427.7937	460.2607	1.9007	0.7125	0.6622
168.6188	161.5378	440.4762	478.2767	1.8869	0.6920	0.6373
168.7712	162.0752	439.2895	478.7771	1.8806	0.6938	0.6366
168.9236	160.872	455.8739	480.5871	1.8947	0.6686	0.6342
169.0760	160.2038	478.4267	506.082	1.9026	0.6371	0.6023
169.2284	159.9521	501.6775	505.3681	1.9056	0.6076	0.6031
169.3808	154.9813	491.9992	487.1963	1.9667	0.6195	0.6256
169.5332	155.0103	483.2028	467.7048	1.9663	0.6308	0.6517
169.6856	152.5934	497.1176	447.8903	1.9975	0.6131	0.6805
169.8380	154.5682	433.8474	447.6075	1.9719	0.7026	0.6810
169.9904	154.4029	433.8925	452.2705	1.9741	0.7025	0.6739
170.1428	154.2495	453.3061	454.3786	1.9760	0.6724	0.6708
170.2952	153.9003	455.2121	450.7197	1.9805	0.6696	0.6763
170.4476	152.7542	440.8902	473.4521	1.9954	0.6913	0.6438
170.6000	153.3911	443.7878	473.0289	1.9871	0.6868	0.6444
170.7524	151.0652	457.3565	446.0228	2.0177	0.6664	0.6834
170.9048	158.185	444.516	507.2995	1.9269	0.6857	0.6008
171.0572	157.7382	479.0733	505.817	1.9323	0.6362	0.6026
171.2096	164.4931	491.3743	483.8555	1.8530	0.6203	0.6299
171.3620	168.6444	500.0345	590.3177	1.8074	0.6096	0.5163
171.5144	167.3992	500.5343	623.1013	1.8208	0.6089	0.4892
171.6668	168.3405	503.2786	636.2276	1.8106	0.6056	0.4791
171.8192	166.7703	543.5518	628.2753	1.8277	0.5608	0.4851
171.9716	160.1964	586.7374	588.3025	1.9027	0.5195	0.5181
172.1240	158.8765	582.3533	560.2839	1.9185	0.5234	0.5440
172.2764	159.9865	568.9786	531.9205	1.9052	0.5357	0.5730
172.4288	163.5511	557.8409	538.5768	1.8636	0.5464	0.5659
172.5812	163.9057	560.3228	530.2684	1.8596	0.5440	0.5748
172.7336	164.0308	541.6377	524.8343	1.8582	0.5627	0.5808
172.8860	164.2913	527.2169	526.5971	1.8552	0.5781	0.5788
173.0384	165.2958	530.9073	531.0142	1.8440	0.5741	0.5740
173.1908	167.0043	520.1375	544.497	1.8251	0.5860	0.5598
173.3432	159.73	556.4752	567.053	1.9082	0.5477	0.5375
173.4956	158.9659	553.3832	562.1748	1.9174	0.5508	0.5422
173.6480	155.9596	527.1783	555.7144	1.9544	0.5782	0.5485
173.8004	157.4902	534.0583	516.9412	1.9354	0.5707	0.5896
173.9528	158.5661	516.7947	507.0782	1.9222	0.5898	0.6011
174.1052	160.774	492.6783	493.43	1.8958	0.6187	0.6177
174.2576	164.9526	497.0352	513.8513	1.8478	0.6132	0.5932
174.4100	164.0443	506.5103	496.2969	1.8580	0.6018	0.6141
174.5624	163.5554	460.774	511.8232	1.8636	0.6615	0.5955
174.7148	161.6056	467.2545	536.3722	1.8861	0.6523	0.5683
174.8672	159.2619	481.6402	533.5105	1.9138	0.6328	0.5713
175.0196	158.2622	490.8257	533.5504	1.9259	0.6210	0.5713
175.1720	154.6666	468.6259	520.2386	1.9707	0.6504	0.5859
175.3244	155.0724	484.6809	538.1722	1.9655	0.6289	0.5664
175.4768	158.8716	500.3887	567.9833	1.9185	0.6091	0.5366
175.6292	159.7982	505.4827	503.0858	1.9074	0.6030	0.6059
175.7816	159.3634	485.2863	503.7896	1.9126	0.6281	0.6050
175.9340	161.1053	439.3348	479.6487	1.8919	0.6938	0.6355
176.0864	159.0652	416.871	459.7341	1.9162	0.7312	0.6630
176.2388	161.1772	433.762	461.3584	1.8911	0.7027	0.6607
176.3912	161.1217	456.2046	466.3999	1.8917	0.6681	0.6535
176.5436	159.3328	467.182	460.6126	1.9130	0.6524	0.6617
176.6960	158.916	445.958	476.3286	1.9180	0.6835	0.6399
176.8484	159.4815	441.6794	458.5595	1.9112	0.6901	0.6647
177.0008	163.4517	453.2556	456.0605	1.8648	0.6725	0.6683
177.1532	163.65	439.9266	457.5818	1.8625	0.6928	0.6661
177.3056	165.359	442.4751	450.5307	1.8433	0.6889	0.6765
177.4580	163.4413	475.8247	473.7198	1.8649	0.6406	0.6434
177.6104	163.2301	492.1944	466.9911	1.8673	0.6193	0.6527
177.7628	164.0006	494.8093	481.8034	1.8585	0.6160	0.6326
177.9152	164.0901	483.4113	495.616	1.8575	0.6305	0.6150
178.0676	163.2318	490.563	497.3501	1.8673	0.6213	0.6128
178.2200	162.9011	483.5464	492.6214	1.8711	0.6303	0.6187
178.3724	163.5723	464.2089	493.0243	1.8634	0.6566	0.6182
178.5248	164.8265	473.3879	488.4772	1.8492	0.6439	0.6240
178.6772	164.4572	473.7491	475.7529	1.8534	0.6434	0.6407
178.8296	164.1237	472.058	458.1295	1.8571	0.6457	0.6653
178.9820	163.8091	461.0797	469.2377	1.8607	0.6611	0.6496
179.1344	163.3964	456.9769	476.3318	1.8654	0.6670	0.6399
179.2868	162.2705	467.2433	473.3579	1.8783	0.6523	0.6439
179.4392	161.7204	460.7751	471.7713	1.8847	0.6615	0.6461
179.5916	159.306	438.9076	469.2629	1.9133	0.6945	0.6495
179.7440	161.0208	440.1612	481.3298	1.8929	0.6925	0.6332
179.8964	160.1352	453.2457	474.3	1.9034	0.6725	0.6426
180.0488	158.9877	446.1216	483.3567	1.9171	0.6832	0.6306
180.2012	159.6846	472.3661	478.6165	1.9088	0.6453	0.6368
180.3536	159.2875	472.2044	478.0317	1.9135	0.6455	0.6376
180.5060	159.4831	474.8736	484.0789	1.9112	0.6419	0.6296
180.6584	158.8748	488.351	491.6047	1.9185	0.6241	0.6200
180.8108	161.6059	483.743	494.5641	1.8861	0.6301	0.6163
180.9632	163.4267	484.3669	496.6023	1.8651	0.6293	0.6138
181.1156	166.0496	480.3429	499.4711	1.8356	0.6345	0.6102
181.2680	167.2018	481.4947	493.284	1.8229	0.6330	0.6179
181.4204	167.1713	469.8447	491.1886	1.8233	0.6487	0.6205
181.5728	166.4139	472.6389	496.4683	1.8316	0.6449	0.6139
181.7252	166.0858	489.527	500.671	1.8352	0.6226	0.6088
181.8776	164.7824	491.481	506.2357	1.8497	0.6202	0.6021
182.0300	164.6819	494.8138	507.9771	1.8508	0.6160	0.6000
182.1824	164.5324	499.5453	510.5526	1.8525	0.6102	0.5970
182.3348	164.8124	500.9986	508.6671	1.8494	0.6084	0.5992
182.4872	163.6869	510.269	506.3439	1.8621	0.5973	0.6020
182.6396	166.3065	505.5763	509.4779	1.8328	0.6029	0.5983
182.7920	170.3346	512.502	522.8864	1.7894	0.5947	0.5829
182.9444	171.7373	514.8524	510.4838	1.7748	0.5920	0.5971
183.0968	169.963	507.3419	501.7014	1.7933	0.6008	0.6075
183.2492	169.1847	510.231	518.3248	1.8016	0.5974	0.5880
183.4016	169.0972	523.696	540.7526	1.8025	0.5820	0.5637
183.5540	167.0338	534.736	542.7315	1.8248	0.5700	0.5616
183.7064	165.3759	539.2292	534.4731	1.8431	0.5653	0.5703
183.8588	163.725	522.4499	508.5525	1.8617	0.5834	0.5993
184.0112	164.6045	518.3545	506.1438	1.8517	0.5880	0.6022
184.1636	166.3712	487.1358	501.0296	1.8320	0.6257	0.6083
184.3160	166.394	489.1679	497.1518	1.8318	0.6231	0.6131
184.4684	165.931	465.1028	508.9647	1.8369	0.6553	0.5989
184.6208	165.3396	488.4236	502.1222	1.8435	0.6240	0.6070
184.7732	165.0976	485.2851	498.1408	1.8462	0.6281	0.6119
184.9256	164.7959	499.6424	497.3123	1.8496	0.6100	0.6129
185.0780	164.5187	481.6753	476.2007	1.8527	0.6328	0.6401
185.2304	161.8183	473.7119	470.5047	1.8836	0.6434	0.6478
185.3828	160.4517	460.4098	462.3306	1.8996	0.6620	0.6593
185.5352	158.9415	460.4537	465.349	1.9177	0.6620	0.6550
185.6876	158.679	464.332	469.7158	1.9209	0.6564	0.6489
185.8400	158.1773	458.6359	457.7516	1.9270	0.6646	0.6659
185.9924	157.7627	450.5588	459.4474	1.9320	0.6765	0.6634
186.1448	157.3121	456.3636	459.235	1.9375	0.6679	0.6637
186.2972	160.6203	450.045	464.602	1.8976	0.6773	0.6560
186.4496	162.8823	462.257	457.3228	1.8713	0.6594	0.6665
186.6020	165.164	453.9215	460.0048	1.8454	0.6715	0.6626
186.7544	162.7428	437.9013	451.5627	1.8729	0.6960	0.6750
186.9068	162.0145	441.9973	470.7184	1.8813	0.6896	0.6475
187.0592	161.9894	462.1109	477.0678	1.8816	0.6596	0.6389
187.2116	162.5933	477.0693	482.264	1.8746	0.6389	0.6320
187.3640	162.8806	472.9316	474.7477	1.8713	0.6445	0.6420
187.5164	162.6128	469.2913	471.7813	1.8744	0.6495	0.6461
187.6688	163.2171	479.2026	464.1801	1.8675	0.6361	0.6566
187.8212	164.6746	469.08	475.1562	1.8509	0.6498	0.6415
187.9736	163.3482	465.0407	474.3365	1.8660	0.6554	0.6426
188.1260	161.789	467.0474	471.3478	1.8839	0.6526	0.6467
188.2784	161.9427	454.0721	481.4701	1.8821	0.6713	0.6331
188.4308	161.0339	465.1214	481.6494	1.8928	0.6553	0.6328
188.5832	159.8672	489.8497	474.0025	1.9066	0.6222	0.6430
188.7356	159.7043	473.3862	462.5715	1.9085	0.6439	0.6589
188.8880	161.4089	467.1066	428.7179	1.8884	0.6525	0.7110
189.0404	158.8358	467.5353	426.1259	1.9190	0.6519	0.7153
189.1928	157.8519	460.4002	431.862	1.9309	0.6620	0.7058
189.3452	158.5139	469.1454	443.1152	1.9229	0.6497	0.6879
189.4976	160.3279	440.9012	435.4695	1.9011	0.6913	0.6999
189.6500	161.6636	430.3132	442.8884	1.8854	0.7083	0.6882
189.8024	162.8596	434.6276	440.1343	1.8716	0.7013	0.6925
189.9548	164.5412	438.3213	448.9681	1.8524	0.6954	0.6789
190.1072	167.6973	439.5024	467.9395	1.8176	0.6935	0.6514
190.2596	167.7656	452.0389	471.5642	1.8168	0.6743	0.6464
190.4120	166.5086	493.5174	492.9816	1.8305	0.6176	0.6183
190.5644	165.8152	495.2499	496.9345	1.8382	0.6154	0.6134
190.7168	166.0706	497.42	493.3487	1.8354	0.6128	0.6178
190.8692	165.5356	497.8635	493.1026	1.8413	0.6122	0.6181
191.0216	165.7749	493.1056	489.5005	1.8386	0.6181	0.6227
191.1740	164.8441	484.2316	489.1764	1.8490	0.6295	0.6231
191.3264	168.287	479.7967	477.3242	1.8112	0.6353	0.6386
191.4788	169.4233	490.3196	528.0415	1.7990	0.6216	0.5772
191.6312	169.1036	497.364	508.5374	1.8024	0.6128	0.5994
191.7836	168.5408	507.814	523.8849	1.8085	0.6002	0.5818
191.9360	168.4796	494.2896	522.6895	1.8091	0.6166	0.5831
192.0884	164.2216	519.3721	514.306	1.8560	0.5869	0.5926
192.2408	165.8506	539.7657	514.5253	1.8378	0.5647	0.5924
192.3932	162.7315	535.4145	493.2961	1.8730	0.5693	0.6179
192.5456	159.4348	522.7646	473.7385	1.9118	0.5831	0.6434
192.6980	158.599	502.95	456.2178	1.9218	0.6060	0.6681
192.8504	159.5708	510.2808	442.3473	1.9101	0.5973	0.6891
193.0028	161.0589	502.8629	458.7766	1.8925	0.6061	0.6644
193.1552	161.9777	466.6585	440.7666	1.8817	0.6532	0.6915
193.3076	161.6047	466.8065	441.0723	1.8861	0.6529	0.6910
193.4600	161.7103	463.9766	444.4994	1.8849	0.6569	0.6857
193.6124	162.6419	477.6163	422.7366	1.8741	0.6382	0.7210
193.7648	164.1155	482.0119	423.837	1.8572	0.6323	0.7191
193.9172	165.5201	490.4095	447.9091	1.8415	0.6215	0.6805
194.0696	164.3707	501.4895	477.8148	1.8543	0.6078	0.6379
194.2220	163.2437	491.8971	453.9551	1.8671	0.6196	0.6714
194.3744	164.8722	501.5874	463.375	1.8487	0.6077	0.6578
194.5268	163.8133	498.7132	457.009	1.8607	0.6112	0.6669
194.6792	163.3246	498.0482	465.205	1.8662	0.6120	0.6552
194.8316	163.1483	496.8234	478.5895	1.8682	0.6135	0.6369
194.9840	163.8204	496.1507	483.3561	1.8606	0.6143	0.6306
195.1364	165.557	503.9697	481.3285	1.8411	0.6048	0.6332
195.2888	167.164	504.3461	477.5976	1.8234	0.6043	0.6382
195.4412	167.534	504.7117	477.9228	1.8193	0.6039	0.6378
195.5936	167.5091	497.6601	489.2656	1.8196	0.6125	0.6230
195.7460	169.3255	515.8017	501.6289	1.8001	0.5909	0.6076
195.8984	169.8589	518.2669	492.847	1.7944	0.5881	0.6184
196.0508	169.7759	514.4034	477.5381	1.7953	0.5925	0.6383
196.2032	167.9754	524.3632	476.9348	1.8146	0.5813	0.6391
196.3556	164.2791	521.4586	510.3643	1.8554	0.5845	0.5972
196.5080	163.5563	529.1625	525.2271	1.8636	0.5760	0.5803
196.6604	164.2985	539.8754	524.791	1.8552	0.5646	0.5808
196.8128	165.6226	516.0952	486.8401	1.8403	0.5906	0.6261
196.9652	166.5933	531.7624	467.6315	1.8296	0.5732	0.6518
197.1176	166.3386	520.1864	473.9781	1.8324	0.5859	0.6431
197.2700	163.5498	484.9158	434.994	1.8637	0.6286	0.7007
197.4224	164.28	473.2648	431.9112	1.8554	0.6440	0.7057
197.5748	164.4795	484.6313	434.4916	1.8531	0.6289	0.7015
197.7272	164.0837	492.3322	438.6136	1.8576	0.6191	0.6949
197.8796	164.0707	492.2379	430.4091	1.8577	0.6192	0.7082
198.0320	163.8266	488.4174	440.3672	1.8605	0.6241	0.6921
198.1844	165.1485	491.2372	443.7723	1.8456	0.6205	0.6868
198.3368	166.3598	507.0595	476.7256	1.8322	0.6011	0.6394
198.4892	166.7898	513.6661	478.4965	1.8274	0.5934	0.6370
198.6416	168.147	525.0536	485.075	1.8127	0.5805	0.6284
198.7940	168.297	547.5912	501.6872	1.8111	0.5566	0.6075
198.9464	166.6161	545.7266	509.8971	1.8294	0.5585	0.5978
199.0988	165.0156	539.3825	483.0052	1.8471	0.5651	0.6310
199.2512	164.8623	539.9852	489.7737	1.8488	0.5645	0.6223
199.4036	165.2526	540.1163	507.8547	1.8444	0.5643	0.6002
199.5560	164.3987	539.3099	511.8343	1.8540	0.5652	0.5955
199.7084	163.8791	555.8206	485.0258	1.8599	0.5484	0.6284
199.8608	164.8139	553.1368	493.4039	1.8494	0.5510	0.6177
200.0132	163.2574	532.3703	451.7179	1.8670	0.5725	0.6748
200.1656	162.4465	541.6257	445.7089	1.8763	0.5628	0.6839
200.3180	163.0233	523.0475	444.02	1.8697	0.5827	0.6865
200.4704	163.0241	509.1494	461.7749	1.8697	0.5986	0.6601
200.6228	163.4477	514.1093	466.3594	1.8648	0.5929	0.6536
200.7752	164.3296	497.335	454.6914	1.8548	0.6129	0.6703
200.9276	164.1772	497.5489	441.6547	1.8565	0.6126	0.6901
201.0800	165.5573	500.1005	436.3995	1.8411	0.6095	0.6984
201.2324	166.6431	502.8159	437.9778	1.8291	0.6062	0.6959
201.3848	166.4875	503.0709	444.3391	1.8308	0.6059	0.6860
201.5372	168.7331	504.5139	449.309	1.8064	0.6041	0.6784
201.6896	167.7242	506.629	452.9025	1.8173	0.6016	0.6730
201.8420	165.9331	493.7717	460.5461	1.8369	0.6173	0.6618
201.9944	165.2896	479.8399	449.8927	1.8440	0.6352	0.6775
202.1468	164.7923	478.1693	431.4795	1.8496	0.6374	0.7064
202.2992	164.9118	478.9286	428.3199	1.8483	0.6364	0.7116
202.4516	165.0773	480.9831	425.469	1.8464	0.6337	0.7164
202.6040	165.1965	463.1845	433.3785	1.8451	0.6581	0.7033
202.7564	164.1149	473.1542	469.5125	1.8572	0.6442	0.6492
202.9088	163.9272	478.6082	467.0234	1.8594	0.6368	0.6526
203.0612	164.9633	486.4272	489.3853	1.8477	0.6266	0.6228
203.2136	167.1448	502.4786	476.4883	1.8236	0.6066	0.6397
203.3660	168.0387	539.4364	455.831	1.8139	0.5650	0.6687
203.5184	169.4607	501.5538	462.6909	1.7986	0.6077	0.6588
203.6708	169.9235	487.8738	473.3324	1.7937	0.6248	0.6439
203.8232	168.8456	496.2941	442.3477	1.8052	0.6142	0.6891
203.9756	167.2657	495.0095	449.3195	1.8223	0.6157	0.6784
204.1280	167.0363	504.1329	454.4751	1.8248	0.6046	0.6707
204.2804	167.0764	507.7952	459.4107	1.8243	0.6002	0.6635
204.4328	167.5205	509.7934	460.2864	1.8195	0.5979	0.6622
204.5852	166.2732	504.5674	449.0739	1.8331	0.6041	0.6787
204.7376	164.8954	491.9133	444.9742	1.8484	0.6196	0.6850
204.8900	164.38	488.941	451.8363	1.8542	0.6234	0.6746
205.0424	164.3046	486.956	451.7145	1.8551	0.6259	0.6748
205.1948	164.5167	491.6947	448.8461	1.8527	0.6199	0.6791
205.3472	164.6471	478.7146	439.4325	1.8512	0.6367	0.6936
205.4996	164.0397	465.2839	434.4091	1.8581	0.6551	0.7016
205.6520	163.7386	492.7844	436.5819	1.8615	0.6185	0.6982
205.8044	163.8739	493.5381	440.8228	1.8600	0.6176	0.6914
205.9568	164.5695	492.4524	442.1312	1.8521	0.6189	0.6894
206.1092	165.1628	476.718	443.9799	1.8455	0.6394	0.6865
206.2616	164.8619	475.2	437.8423	1.8488	0.6414	0.6961
206.4140	164.5057	470.1935	439.2927	1.8528	0.6482	0.6938
206.5664	164.6794	468.4507	432.0269	1.8509	0.6507	0.7055
206.7188	165.6755	471.714	453.7587	1.8397	0.6462	0.6717
206.8712	165.758	487.4632	455.8308	1.8388	0.6253	0.6687
207.0236	165.9573	489.9302	456.4058	1.8366	0.6221	0.6678
207.1760	166.0534	488.4088	458.0456	1.8356	0.6241	0.6654
207.3284	167.4296	486.2904	459.8862	1.8205	0.6268	0.6628
207.4808	167.8042	487.8652	466.7285	1.8164	0.6248	0.6531
207.6332	166.8686	487.615	473.3459	1.8266	0.6251	0.6439
207.7856	166.4186	492.6195	464.5258	1.8315	0.6187	0.6562
207.9380	166.2223	498.6677	463.3204	1.8337	0.6112	0.6579
208.0904	166.473	501.5505	445.8208	1.8309	0.6077	0.6837
208.2428	164.5375	496.3993	450.1067	1.8525	0.6140	0.6772
208.3952	164.0417	494.5093	448.8937	1.8581	0.6164	0.6790
208.5476	163.5578	483.3823	448.9819	1.8636	0.6306	0.6789
208.7000	164.7919	476.1499	461.1439	1.8496	0.6401	0.6610
208.8524	167.8941	502.7233	486.9488	1.8154	0.6063	0.6259
209.0048	167.6981	520.7526	485.279	1.8176	0.5853	0.6281
209.1572	167.6714	521.9669	480.5234	1.8178	0.5839	0.6343
209.3096	167.6784	514.0377	482.5143	1.8178	0.5930	0.6317
209.4620	169.18	510.0678	485.8814	1.8016	0.5976	0.6273
209.6144	170.7228	513.2099	482.1356	1.7854	0.5939	0.6322
209.7668	171.2569	553.2875	494.1112	1.7798	0.5509	0.6169
209.9192	170.882	550.4004	498.0403	1.7837	0.5538	0.6120
210.0716	168.2807	539.5057	485.2301	1.8113	0.5650	0.6282
210.2240	167.2575	512.3438	453.1618	1.8223	0.5949	0.6726
210.3764	165.9841	471.1305	446.3829	1.8363	0.6470	0.6828
210.5288	164.1991	470.451	450.0558	1.8563	0.6479	0.6772
210.6812	164.2878	476.3949	445.0604	1.8553	0.6398	0.6849
210.8336	164.8916	481.5864	449.7032	1.8485	0.6329	0.6778
210.9860	164.6726	483.4978	457.2401	1.8509	0.6304	0.6666
211.1384	164.4565	487.8725	462.1924	1.8534	0.6248	0.6595
211.2908	163.7693	491.0677	455.3474	1.8612	0.6207	0.6694
211.4432	163.6772	497.5618	471.5867	1.8622	0.6126	0.6463
211.5956	163.8658	501.3907	463.665	1.8601	0.6079	0.6574
211.7480	163.3279	498.7357	442.739	1.8662	0.6111	0.6884
211.9004	163.4768	498.2083	455.7081	1.8645	0.6118	0.6688
212.0528	162.4118	495.2878	449.3626	1.8767	0.6154	0.6783
212.2052	160.3867	477.4856	441.6926	1.9004	0.6383	0.6901
212.3576	163.1873	492.2738	457.2079	1.8678	0.6192	0.6667
212.5100	166.2748	507.3416	475.135	1.8331	0.6008	0.6415
212.6624	169.719	506.5833	480.7046	1.7959	0.6017	0.6341
212.8148	169.9738	506.9238	480.9478	1.7932	0.6013	0.6337
212.9672	169.4839	507.3567	472.941	1.7984	0.6008	0.6445
213.1196	169.3663	516.4934	480.8712	1.7996	0.5901	0.6338
213.2720	169.6157	523.625	519.5229	1.7970	0.5821	0.5867
213.4244	169.8693	553.978	517.5439	1.7943	0.5502	0.5889
213.5768	169.5827	563.0766	536.2947	1.7974	0.5413	0.5683
213.7292	169.2068	534.8104	509.7796	1.8013	0.5699	0.5979
213.8816	168.5661	525.9562	527.0093	1.8082	0.5795	0.5784
214.0340	167.2826	529.3602	534.0202	1.8221	0.5758	0.5708
214.1864	167.4294	537.9961	519.1736	1.8205	0.5665	0.5871
214.3388	167.5884	544.7838	525.6904	1.8187	0.5595	0.5798
214.4912	168.6674	547.0112	520.52	1.8071	0.5572	0.5856
214.6436	167.6561	542.1412	505.4106	1.8180	0.5622	0.6031
214.7960	166.6985	530.7441	505.1926	1.8285	0.5743	0.6033
214.9484	166.2915	512.2655	497.8573	1.8329	0.5950	0.6122
215.1008	165.6124	511.4355	476.4567	1.8404	0.5960	0.6397
215.2532	165.0376	514.9255	490.4348	1.8469	0.5919	0.6215
215.4056	165.8486	515.3912	495.5037	1.8378	0.5914	0.6151
215.5580	166.0604	517.5154	500.8368	1.8355	0.5890	0.6086
215.7104	165.6271	515.6809	498.8507	1.8403	0.5911	0.6110
215.8628	164.8555	507.502	491.9593	1.8489	0.6006	0.6196
216.0152	164.6536	500.9545	498.4837	1.8512	0.6084	0.6115
216.1676	165.2052	494.028	485.0264	1.8450	0.6170	0.6284
216.3200	164.5103	479.6941	467.0363	1.8528	0.6354	0.6526
216.4724	163.5423	471.6441	445.6078	1.8637	0.6463	0.6840
216.6248	162.0017	496.5649	448.621	1.8815	0.6138	0.6794
216.7772	159.556	494.3882	462.5726	1.9103	0.6165	0.6589
216.9296	157.4318	492.6617	479.9804	1.9361	0.6187	0.6350
217.0820	157.0708	492.2687	488.2425	1.9405	0.6192	0.6243
217.2344	156.9048	494.2357	457.0976	1.9426	0.6167	0.6668
217.3868	159.0409	479.1006	452.1386	1.9165	0.6362	0.6741
217.5392	163.2226	468.9573	452.6079	1.8674	0.6500	0.6734
217.6916	163.6346	458.7383	427.8441	1.8627	0.6644	0.7124
217.8440	163.5171	454.8789	447.5432	1.8640	0.6701	0.6811
217.9964	162.5511	456.6332	452.6479	1.8751	0.6675	0.6734
218.1488	160.183	465.1445	464.7728	1.9028	0.6553	0.6558
218.3012	158.6526	461.3766	476.2332	1.9212	0.6606	0.6400
218.4536	160.0982	486.3695	466.3959	1.9038	0.6267	0.6535
218.6060	160.1608	464.0702	451.2276	1.9031	0.6568	0.6755
218.7584	160.4993	457.7799	445.3519	1.8991	0.6658	0.6844
218.9108	160.114	451.0414	450.3032	1.9036	0.6758	0.6769
219.0632	160.1764	472.3646	450.9564	1.9029	0.6453	0.6759
219.2156	160.1998	475.7305	454.6016	1.9026	0.6407	0.6705
219.3680	161.411	482.5085	473.9146	1.8883	0.6317	0.6432
219.5204	164.57	505.9247	477.2017	1.8521	0.6025	0.6387
219.6728	165.8284	518.2043	533.1715	1.8380	0.5882	0.5717
219.8252	166.4092	518.5371	548.7263	1.8316	0.5878	0.5555
219.9776	167.0321	517.0011	530.8462	1.8248	0.5896	0.5742
220.1300	166.6127	527.081	529.9523	1.8294	0.5783	0.5751
220.2824	166.3032	531.3689	537.3393	1.8328	0.5736	0.5672
220.4348	166.2807	536.2559	538.0621	1.8330	0.5684	0.5665
220.5872	165.9311	530.8243	523.2843	1.8369	0.5742	0.5825
220.7396	165.3504	528.1933	520.9233	1.8434	0.5771	0.5851
220.8920	164.7166	522.4395	519.073	1.8505	0.5834	0.5872
221.0444	162.4577	516.485	513.4202	1.8762	0.5901	0.5937
221.1968	161.877	494.4757	527.9976	1.8829	0.6164	0.5773
221.3492	161.5835	494.558	524.6407	1.8863	0.6163	0.5810
221.5016	162.8026	447.2223	522.1169	1.8722	0.6815	0.5838
221.6540	162.1587	452.7983	525.8251	1.8796	0.6731	0.5797
221.8064	161.9125	455.416	521.4021	1.8825	0.6693	0.5846
221.9588	161.7605	457.3758	521.0936	1.8843	0.6664	0.5849
222.1112	161.78	463.7693	524.9042	1.8840	0.6572	0.5807
222.2636	161.9728	467.1089	513.9359	1.8818	0.6525	0.5931
222.4160	161.9884	469.4106	482.9636	1.8816	0.6493	0.6311
222.5684	163.1803	477.3636	453.3358	1.8679	0.6385	0.6723
222.7208	162.131	467.3004	460.5833	1.8800	0.6523	0.6618
222.8732	161.1632	457.1112	489.1129	1.8913	0.6668	0.6232
223.0256	163.0519	464.9271	498.8807	1.8693	0.6556	0.6110
223.1780	164.1582	472.514	495.2498	1.8567	0.6451	0.6154
223.3304	164.9897	442.6779	476.7088	1.8474	0.6885	0.6394
223.4828	166.2	421.5818	454.4568	1.8339	0.7230	0.6707
223.6352	164.9592	501.9544	483.0262	1.8477	0.6072	0.6310
223.7876	164.7671	569.9146	547.3853	1.8499	0.5348	0.5568
223.9400	163.7951	568.2521	545.7929	1.8609	0.5364	0.5585
224.0924	163.6631	567.9189	547.8336	1.8624	0.5367	0.5564
224.2448	164.6227	512.5278	529.0991	1.8515	0.5947	0.5761
224.3972	165.9247	520.7141	528.5782	1.8370	0.5854	0.5766
224.5496	167.3579	541.1322	504.5056	1.8212	0.5633	0.6042
224.7020	165.8189	537.2634	511.1357	1.8381	0.5673	0.5963
224.8544	164.5657	538.3937	496.6067	1.8521	0.5661	0.6138
225.0068	164.8731	541.4473	496.6364	1.8487	0.5629	0.6137
225.1592	164.0435	555.4576	530.85	1.8580	0.5487	0.5742
225.3116	163.2112	560.2952	527.3693	1.8675	0.5440	0.5780
225.4640	163.4137	552.9686	528.688	1.8652	0.5512	0.5765
225.6164	162.1813	517.5168	520.1699	1.8794	0.5890	0.5860
225.7688	161.9468	486.371	487.3959	1.8821	0.6267	0.6254
225.9212	162.3336	477.2995	500.8489	1.8776	0.6386	0.6086
226.0736	163.4613	482.1211	498.5032	1.8647	0.6322	0.6114
226.2260	164.7932	485.2411	495.8179	1.8496	0.6281	0.6147
226.3784	163.0285	486.5711	495.7932	1.8696	0.6264	0.6148
226.5308	164.3167	487.2932	503.0124	1.8550	0.6255	0.6059
226.6832	162.3153	489.3873	464.7038	1.8778	0.6228	0.6559
226.8356	162.2997	489.125	471.4283	1.8780	0.6232	0.6465
226.9880	163.917	492.4278	458.6441	1.8595	0.6190	0.6646
227.1404	163.3811	506.8234	475.6539	1.8656	0.6014	0.6408
227.2928	163.3991	480.5681	513.4187	1.8654	0.6342	0.5937
227.4452	160.104	503.6367	519.9207	1.9038	0.6052	0.5862
227.5976	158.3532	490.3532	525.8115	1.9248	0.6216	0.5797
227.7500	160.2287	495.2846	517.8763	1.9023	0.6154	0.5886
227.9024	160.7375	498.8243	510.8473	1.8963	0.6110	0.5967
228.0548	160.6815	491.6181	475.4273	1.8969	0.6200	0.6411
228.2072	162.0966	494.8745	476.5401	1.8804	0.6159	0.6396
228.3596	162.0592	494.1878	478.7791	1.8808	0.6168	0.6366
228.5120	162.3438	483.784	480.4212	1.8775	0.6300	0.6344
228.6644	162.3277	485.4761	484.2797	1.8777	0.6278	0.6294
228.8168	162.4696	491.4657	510.1816	1.8760	0.6202	0.5974
228.9692	163.5116	511.6056	507.855	1.8641	0.5958	0.6002
229.1216	163.9801	515.2729	476.7602	1.8588	0.5915	0.6393
229.2740	165.3678	500.48	447.6877	1.8432	0.6090	0.6808
229.4264	164.5906	476.0443	449.0747	1.8519	0.6403	0.6787
229.5788	164.9633	482.2601	468.1857	1.8477	0.6320	0.6510
229.7312	162.9463	488.5491	468.7462	1.8706	0.6239	0.6502
229.8836	164.9729	489.9776	463.3096	1.8476	0.6221	0.6579
230.0360	166.0087	480.57	457.5788	1.8360	0.6342	0.6661
230.1884	165.5398	487.5723	463.5018	1.8412	0.6251	0.6576
230.3408	166.4284	488.3695	473.937	1.8314	0.6241	0.6431
230.4932	167.8715	485.8728	456.8024	1.8157	0.6273	0.6672
230.6456	168.4142	493.4426	471.2062	1.8098	0.6177	0.6469
230.7980	171.8774	508.0683	497.0119	1.7734	0.5999	0.6133
230.9504	171.1846	519.0114	478.6961	1.7805	0.5873	0.6367
231.1028	167.5209	505.7388	471.2247	1.8195	0.6027	0.6468
231.2552	164.8703	507.316	459.5706	1.8487	0.6008	0.6632
231.4076	164.9049	518.9685	472.626	1.8483	0.5873	0.6449
231.5600	165.1589	532.7855	477.0011	1.8455	0.5721	0.6390
231.7124	164.4925	533.8269	475.0074	1.8530	0.5710	0.6417
231.8648	164.6355	519.5413	467.9621	1.8514	0.5867	0.6513
232.0172	165.3212	499.1777	491.9005	1.8437	0.6106	0.6196
232.1696	167.2525	495.4737	483.8079	1.8224	0.6152	0.6300
232.3220	170.4207	527.7502	512.5487	1.7885	0.5775	0.5947
232.4744	172.9823	533.1298	515.9819	1.7620	0.5717	0.5907
232.6268	173.764	532.6478	515.3928	1.7541	0.5722	0.5914
232.7792	173.0697	538.5718	522.8616	1.7611	0.5659	0.5829
232.9316	172.4313	549.2955	533.9208	1.7677	0.5549	0.5709
233.0840	171.6244	576.6544	543.6115	1.7760	0.5286	0.5607
233.2364	170.4677	596.4904	551.9526	1.7880	0.5110	0.5522
233.3888	169.4367	593.1085	543.9235	1.7989	0.5139	0.5604
233.5412	170.0479	584.1319	549.3649	1.7924	0.5218	0.5548
233.6936	170.8158	571.6235	534.4399	1.7844	0.5332	0.5703
233.8460	172.5539	548.864	535.9481	1.7664	0.5553	0.5687
233.9984	170.7765	540.573	527.4233	1.7848	0.5638	0.5779
234.1508	170.2481	539.6659	542.3056	1.7903	0.5648	0.5620
234.3032	171.8097	547.2476	551.9885	1.7741	0.5570	0.5522
234.4556	171.8247	559.2214	554.7506	1.7739	0.5450	0.5494
234.6080	169.7649	559.7144	563.7516	1.7954	0.5446	0.5407
234.7604	169.3945	567.7347	547.1462	1.7994	0.5369	0.5571
234.9128	168.4173	550.9444	504.2553	1.8098	0.5532	0.6045
235.0652	166.4438	550.8234	495.5757	1.8312	0.5534	0.6150
235.2176	166.6482	549.5024	517.7358	1.8290	0.5547	0.5887
235.3700	161.6482	538.8335	467.8732	1.8856	0.5657	0.6515
235.5224	159.5291	494.3764	456.5342	1.9106	0.6165	0.6676
235.6748	158.423	486.3738	459.0403	1.9240	0.6267	0.6640
235.8272	158.0657	488.7714	465.0684	1.9283	0.6236	0.6554
235.9796	157.0596	484.8181	461.7452	1.9407	0.6287	0.6601
236.1320	166.0307	473.0115	439.3968	1.8358	0.6444	0.6937
236.2844	165.5194	467.1058	438.304	1.8415	0.6525	0.6954
236.4368	167.2008	478.0232	451.3706	1.8230	0.6376	0.6753
236.5892	164.7115	497.3902	447.5785	1.8505	0.6128	0.6810
236.7416	160.284	474.3014	437.9987	1.9016	0.6426	0.6959
236.8940	153.6038	464.2484	438.9707	1.9843	0.6565	0.6944
237.0464	155.676	499.9949	455.5786	1.9579	0.6096	0.6690
237.1988	158.8403	503.0401	472.5096	1.9189	0.6059	0.6451
237.3512	161.0178	515.7013	487.299	1.8930	0.5910	0.6255
237.5036	160.3697	518.5157	479.3276	1.9006	0.5878	0.6359
237.6560	161.1493	506.3867	474.3372	1.8914	0.6019	0.6426
237.8084	161.8487	491.7885	433.4988	1.8832	0.6198	0.7031
237.9608	161.8298	478.471	455.1423	1.8835	0.6370	0.6697
238.1132	159.2129	452.4952	457.3601	1.9144	0.6736	0.6664
238.2656	158.3073	452.4737	458.2217	1.9254	0.6736	0.6652
238.4180	159.4794	484.321	451.3481	1.9112	0.6293	0.6753
238.5704	160.6456	484.6136	479.3034	1.8973	0.6290	0.6359
238.7228	162.5402	486.0915	473.4286	1.8752	0.6270	0.6438
238.8752	163.0363	494.1977	474.0655	1.8695	0.6168	0.6429
239.0276	162.5404	499.8991	466.8043	1.8752	0.6097	0.6530
239.1800	163.6552	509.9536	480.0051	1.8625	0.5977	0.6350
239.3324	164.2747	514.1738	486.7026	1.8554	0.5928	0.6263
239.4848	165.0065	529.2333	487.5717	1.8472	0.5759	0.6251
239.6372	166.5829	524.2736	483.812	1.8297	0.5814	0.6300
239.7896	164.4144	533.9521	477.8376	1.8539	0.5708	0.6379
239.9420	171.336	581.1677	516.9485	1.7790	0.5245	0.5896
240.0944	171.6044	594.5291	568.217	1.7762	0.5127	0.5364
240.2468	172.7966	605.6553	589.6129	1.7639	0.5033	0.5169
240.3992	171.2543	617.5809	606.4103	1.7798	0.4935	0.5026
240.5516	171.6649	624.1803	617.0051	1.7756	0.4883	0.4940
240.7040	172.2162	637.5178	614.769	1.7699	0.4781	0.4958
240.8564	172.6541	651.7592	619.5873	1.7654	0.4677	0.4919
241.0088	174.1198	634.4561	614.7534	1.7505	0.4804	0.4958
241.1612	175.68	634.6452	585.4122	1.7350	0.4803	0.5207
241.3136	172.8549	614.7567	592.9092	1.7633	0.4958	0.5141
241.4660	172.7381	600.2172	609.054	1.7645	0.5078	0.5004
241.6184	172.5863	631.8918	597.0648	1.7661	0.4824	0.5105
241.7708	171.8116	656.8698	585.0826	1.7740	0.4640	0.5210
241.9232	170.9562	680.9149	578.2394	1.7829	0.4476	0.5271
242.0756	170.3415	692.3988	624.019	1.7893	0.4402	0.4884
242.2280	170.1909	722.3312	643.0889	1.7909	0.4220	0.4740
242.3804	172.4413	719.4666	683.2501	1.7676	0.4236	0.4461
242.5328	174.1127	734.8166	709.1891	1.7506	0.4148	0.4298
242.6852	175.1975	708.6223	704.1262	1.7398	0.4301	0.4329
242.8376	176.1923	679.54	675.6563	1.7299	0.4485	0.4511
242.9900	175.5985	665.9774	665.515	1.7358	0.4577	0.4580
243.1424	174.563	654.6541	648.9807	1.7461	0.4656	0.4697
243.2948	175.6823	662.7104	649.4119	1.7349	0.4599	0.4693
243.4472	176.8034	665.986	742.7	1.7239	0.4577	0.4104
243.5996	177.9245	668.4053	749.0975	1.7131	0.4560	0.4069
243.7520	177.4213	704.0369	741.8619	1.7179	0.4329	0.4109
243.9044	177.6783	697.3892	748.4504	1.7155	0.4371	0.4072
244.0568	178.3843	738.7938	741.4083	1.7087	0.4126	0.4111
244.2092	179.1719	739.9609	739.0187	1.7012	0.4119	0.4124
244.3616	179.6828	741.9509	724.3868	1.6963	0.4108	0.4208
244.5140	179.7248	724.3522	726.0475	1.6959	0.4208	0.4198
244.6664	179.683	726.1323	726.3234	1.6963	0.4198	0.4196
244.8188	179.6994	734.9404	749.7191	1.6962	0.4147	0.4066
244.9712	179.586	747.2899	775.586	1.6972	0.4079	0.3930
245.1236	179.5401	775.4011	782.4214	1.6977	0.3931	0.3896
245.2760	179.2484	787.6025	802.1183	1.7004	0.3870	0.3800
245.4284	179.4955	791.7733	810.2889	1.6981	0.3850	0.3762
245.5808	179.2212	794.4968	790.5557	1.7007	0.3836	0.3856
245.7332	178.1318	777.824	771.5346	1.7111	0.3919	0.3951
245.8856	179.4382	768.9589	759.0892	1.6986	0.3964	0.4015
246.0380	178.7793	774.9002	749.8265	1.7049	0.3933	0.4065
246.1904	179.0993	780.3719	762.8775	1.7018	0.3906	0.3995
246.3428	179.187	781.4632	787.9586	1.7010	0.3900	0.3868
246.4952	179.2803	791.4772	797.7755	1.7001	0.3851	0.3821
246.6476	179.42	790.3511	807.5163	1.6988	0.3857	0.3775
246.8000	179.546	791.6139	813.4225	1.6976	0.3850	0.3747
246.9524	179.2527	796.6376	798.4041	1.7004	0.3826	0.3818
247.1048	178.166	793.2549	769.6178	1.7108	0.3842	0.3960
247.2572	177.8448	788.8387	766.4136	1.7139	0.3864	0.3977
247.4096	179.1143	758.7491	773.8794	1.7017	0.4017	0.3939
247.5620	179.6198	756.6232	770.8164	1.6969	0.4028	0.3954
247.7144	179.5226	748.4104	754.7938	1.6978	0.4073	0.4038
247.8668	179.4816	744.467	750.4809	1.6982	0.4094	0.4061
248.0192	179.5079	750.7346	757.1437	1.6980	0.4060	0.4026
248.1716	179.5165	753.0445	761.9795	1.6979	0.4048	0.4000
248.3240	178.4138	748.9345	756.1885	1.7084	0.4070	0.4031
248.4764	178.493	770.4855	737.8108	1.7076	0.3956	0.4131
248.6288	178.2298	768.2767	756.0162	1.7102	0.3967	0.4032
248.7812	178.6938	766.561	771.6723	1.7057	0.3976	0.3950
248.9336	178.6691	764.3322	788.5462	1.7059	0.3988	0.3865
249.0860	179.2206	778.6073	806.1792	1.7007	0.3915	0.3781
249.2384	178.8667	772.3285	786.7881	1.7041	0.3947	0.3874
249.3908	178.022	767.3394	773.8207	1.7121	0.3972	0.3939
249.5432	177.8276	767.3309	767.0859	1.7140	0.3972	0.3973
249.6956	178.1552	765.4373	755.0718	1.7109	0.3982	0.4037
249.8480	178.1113	766.0231	744.8626	1.7113	0.3979	0.4092
250.0004	177.629	761.0577	741.092	1.7159	0.4005	0.4113
250.1528	178.7001	755.9321	747.7347	1.7057	0.4032	0.4076
250.3052	179.2927	767.9507	768.8455	1.7000	0.3969	0.3964
250.4576	179.5819	772.4212	798.0718	1.6973	0.3946	0.3819
250.6100	179.3416	781.7192	779.4992	1.6995	0.3899	0.3910
250.7624	179.2762	790.9669	789.5399	1.7002	0.3854	0.3860
250.9148	178.789	796.1525	799.006	1.7048	0.3828	0.3815
251.0672	178.6439	797.0062	813.2507	1.7062	0.3824	0.3748
251.2196	178.5467	796.9728	795.0193	1.7071	0.3824	0.3834
251.3720	178.6136	793.6544	762.3333	1.7065	0.3840	0.3998
251.5244	177.586	775.151	737.7304	1.7164	0.3932	0.4132
251.6768	177.5275	762.9091	740.9713	1.7169	0.3995	0.4114
251.8292	177.8866	767.4939	745.6989	1.7135	0.3971	0.4087
251.9816	177.9577	767.7964	787.2993	1.7128	0.3970	0.3871
252.1340	178.0025	771.9729	778.1722	1.7123	0.3948	0.3917
252.2864	178.0958	768.3561	782.4229	1.7114	0.3967	0.3896
252.4388	176.6223	781.6528	787.0166	1.7257	0.3899	0.3873
252.5912	176.2989	803.0328	776.7594	1.7289	0.3796	0.3924
252.7436	177.424	790.2234	782.1288	1.7179	0.3857	0.3897
252.8960	178.16	781.4112	754.2858	1.7108	0.3901	0.4041
253.0484	178.1127	770.8516	749.8657	1.7113	0.3954	0.4065
253.2008	178.4438	773.6852	746.5895	1.7081	0.3940	0.4083
253.3532	178.3446	777.2335	756.0974	1.7091	0.3922	0.4031
253.5056	178.1405	774.4966	768.0598	1.7110	0.3935	0.3968
253.6580	178.0613	770.1238	766.4372	1.7118	0.3958	0.3977
253.8104	178.0351	764.9362	768.3052	1.7120	0.3985	0.3967
253.9628	178.12	764.439	744.5589	1.7112	0.3987	0.4094
254.1152	176.9218	763.4998	746.4738	1.7228	0.3992	0.4083
254.2676	175.9075	744.6107	739.0255	1.7327	0.4093	0.4124
254.4200	174.6873	743.666	746.8736	1.7448	0.4099	0.4081
254.5724	173.4352	746.3965	749.3823	1.7574	0.4084	0.4067
254.7248	172.4229	752.7943	750.1728	1.7677	0.4049	0.4063
254.8772	171.7298	745.067	747.6721	1.7749	0.4091	0.4077
255.0296	171.9904	749.2243	734.8766	1.7722	0.4068	0.4148
255.1820	171.7767	741.1014	724.6298	1.7744	0.4113	0.4206
255.3344	172.6805	730.9553	712.0331	1.7651	0.4170	0.4281
255.4868	174.1935	720.9726	714.3948	1.7498	0.4228	0.4267
255.6392	173.4208	710.7462	713.5843	1.7576	0.4288	0.4271
255.7916	173.3239	702.8289	708.9225	1.7586	0.4337	0.4299
255.9440	173.4601	719.4272	731.2751	1.7572	0.4237	0.4168
256.0964	174.1182	723.6185	731.1171	1.7505	0.4212	0.4169
256.2488	173.6561	730.5487	704.3956	1.7552	0.4172	0.4327
256.4012	173.5029	717.6411	699.7709	1.7567	0.4247	0.4356
256.5536	173.736	707.7631	677.3118	1.7544	0.4307	0.4500
256.7060	174.3482	699.2445	681.7046	1.7482	0.4359	0.4471
256.8584	174.3602	690.9105	682.5267	1.7481	0.4412	0.4466
257.0108	174.741	706.1709	706.4687	1.7443	0.4316	0.4314
257.1632	174.3283	713.9395	715.1537	1.7484	0.4269	0.4262
257.3156	175.4892	726.9402	733.8121	1.7369	0.4193	0.4154
257.4680	176.2977	746.4276	750.3647	1.7289	0.4083	0.4062
257.6204	177.6349	761.0877	774.5988	1.7159	0.4005	0.3935
257.7728	177.4311	768.6308	767.4758	1.7178	0.3965	0.3971
257.9252	176.6501	765.323	780.1414	1.7254	0.3983	0.3907
258.0776	176.8116	771.1338	793.8112	1.7239	0.3953	0.3840
258.2300	178.1959	782.5702	790.1155	1.7105	0.3895	0.3858
258.3824	175.7484	785.5375	781.9965	1.7343	0.3880	0.3898
258.5348	175.8779	786.6568	773.0545	1.7330	0.3875	0.3943
258.6872	175.8926	772.2813	769.8336	1.7329	0.3947	0.3959
258.8396	176.8595	768.5057	765.2311	1.7234	0.3966	0.3983
258.9920	177.4677	757.41	756.3331	1.7175	0.4024	0.4030
259.1444	178.2621	740.7936	743.0403	1.7098	0.4115	0.4102
259.2968	179.3404	747.1765	768.1418	1.6996	0.4079	0.3968
259.4492	177.9295	795.0142	822.0947	1.7130	0.3834	0.3708
259.6016	178.5073	925.8981	918.9061	1.7075	0.3292	0.3317
259.7540	178.238	926.8702	921.1632	1.7101	0.3288	0.3309
259.9064	176.5103	933.8053	920.5043	1.7268	0.3264	0.3311
260.0588	176.0949	921.6971	921.557	1.7309	0.3307	0.3307
260.2112	177.5757	920.4126	915.2198	1.7165	0.3312	0.3330
260.3636	175.9501	919.0772	860.3852	1.7323	0.3316	0.3543
260.5160	174.3215	880.826	825.5661	1.7485	0.3460	0.3692
260.6684	172.693	838.1066	800.3463	1.7650	0.3637	0.3808
260.8208	172.3977	807.4594	803.8925	1.7680	0.3775	0.3792
260.9732	175.2972	818.7872	845.3018	1.7388	0.3723	0.3606
261.1256	179.0843	877.7106	872.3522	1.7020	0.3473	0.3494
261.2780	178.3415	894.1268	872.3079	1.7091	0.3409	0.3494
261.4304	177.9377	899.5079	878.8207	1.7130	0.3389	0.3468
261.5828	178.122	893.0748	876.174	1.7112	0.3413	0.3479
261.7352	178.2198	892.8539	858.399	1.7102	0.3414	0.3551
261.8876	178.2202	881.6995	844.6378	1.7102	0.3457	0.3609
262.0400	178.9719	859.6375	840.8792	1.7031	0.3546	0.3625
262.1924	179.7046	823.4897	811.9169	1.6961	0.3701	0.3754
262.3448	179.0207	826.1741	803.4172	1.7026	0.3689	0.3794
262.4972	178.3355	821.5377	805.9047	1.7091	0.3710	0.3782
262.6496	178.0808	827.1295	819.2623	1.7116	0.3685	0.3720
262.8020	177.9041	829.4229	803.2272	1.7133	0.3675	0.3795
262.9544	178.6048	905.3715	855.5693	1.7066	0.3367	0.3563
263.1068	178.9427	917.0571	870.056	1.7033	0.3324	0.3503
263.2592	177.3401	904.9365	891.7102	1.7187	0.3368	0.3418
263.4116	177.3634	908.8414	893.9434	1.7185	0.3354	0.3410
263.5640	176.6411	888.1001	859.4643	1.7255	0.3432	0.3546
263.7164	175.9327	877.2388	865.4022	1.7325	0.3475	0.3522
263.8688	176.0415	863.3513	837.5472	1.7314	0.3530	0.3639
264.0212	175.9373	892.4717	853.4778	1.7324	0.3415	0.3571
264.1736	175.8962	881.0332	853.8182	1.7328	0.3460	0.3570
264.3260	175.7305	876.2579	799.1872	1.7345	0.3478	0.3814
264.4784	176.5552	875.5912	796.5109	1.7264	0.3481	0.3827
264.6308	177.2194	891.0189	793.8303	1.7199	0.3421	0.3840
264.7832	177.582	879.8098	800.2362	1.7164	0.3464	0.3809
264.9356	177.9039	905.1676	866.0117	1.7133	0.3367	0.3520
265.0880	178.5405	929.2066	874.3691	1.7072	0.3280	0.3486
265.2404	178.2464	928.7059	873.0169	1.7100	0.3282	0.3491
265.3928	178.2542	935.3845	872.99	1.7099	0.3259	0.3491
265.5452	177.4072	928.5021	884.7862	1.7181	0.3283	0.3445
265.6976	177.4708	921.2699	880.9808	1.7175	0.3308	0.3460
265.8500	176.7854	893.5341	896.0417	1.7241	0.3411	0.3402
266.0024	176.8055	912.9491	915.0259	1.7239	0.3339	0.3331
266.1548	178.4244	921.0732	897.0869	1.7083	0.3309	0.3398
266.3072	179.6868	922.6476	899.6976	1.6963	0.3304	0.3388
266.4596	179.6911	926.4153	891.9628	1.6962	0.3290	0.3417
266.6120	178.4922	924.3178	883.5794	1.7076	0.3298	0.3450
266.7644	179.6143	917.7911	851.4563	1.6970	0.3321	0.3580
266.9168	179.8023	914.2529	843.0443	1.6952	0.3334	0.3615
267.0692	177.0578	931.6539	898.0195	1.7215	0.3272	0.3394
267.2216	173.7027	924.5036	894.3156	1.7547	0.3297	0.3408
267.3740	176.3789	932.4805	886.6314	1.7281	0.3269	0.3438
267.5264	179.4942	931.4668	882.4364	1.6981	0.3272	0.3454
267.6788	178.0385	912.3954	891.9816	1.7120	0.3341	0.3417
267.8312	177.5134	902.2548	886.8824	1.7171	0.3378	0.3437
267.9836	177.5213	897.8771	870.498	1.7170	0.3395	0.3501
268.1360	178.1149	903.0625	870.6263	1.7113	0.3375	0.3501
268.2884	178.3048	898.5546	912.188	1.7094	0.3392	0.3341
268.4408	178.1364	899.553	908.9031	1.7110	0.3388	0.3353
268.5932	179.2834	912.6589	911.1569	1.7001	0.3340	0.3345
268.7456	178.7403	899.3675	907.3618	1.7053	0.3389	0.3359
268.8980	178.7899	906.1668	881.9248	1.7048	0.3364	0.3456
269.0504	178.6869	897.12	891.5306	1.7058	0.3398	0.3419
269.2028	178.62	879.4206	894.6877	1.7064	0.3466	0.3407
269.3552	177.9737	860.3534	942.8754	1.7126	0.3543	0.3233
269.5076	178.0653	889.8348	947.834	1.7117	0.3425	0.3216
269.6600	179.7222	901.9028	943.3901	1.6960	0.3380	0.3231
269.8124	179.7632	899.7434	945.7017	1.6956	0.3388	0.3223
269.9648	179.6414	894.1114	937.6941	1.6967	0.3409	0.3251
270.1172	179.5688	890.1779	910.7709	1.6974	0.3424	0.3347
270.2696	178.2114	885.7477	917.0187	1.7103	0.3441	0.3324
270.4220	178.139	910.3797	920.3257	1.7110	0.3348	0.3312
270.5744	178.1508	926.3654	917.7766	1.7109	0.3290	0.3321
270.7268	178.141	944.934	907.1481	1.7110	0.3226	0.3360
270.8792	178.1771	941.5021	908.1703	1.7107	0.3237	0.3356
271.0316	178.1923	938.2212	913.5867	1.7105	0.3249	0.3336
271.1840	178.1793	933.6898	931.0611	1.7106	0.3264	0.3274
271.3364	177.9737	934.3085	925.6091	1.7126	0.3262	0.3293
271.4888	178.9684	936.3112	923.4985	1.7031	0.3255	0.3300
271.6412	177.5703	936.7575	911.6955	1.7165	0.3254	0.3343
271.7936	177.0791	931.4572	920.1451	1.7213	0.3272	0.3313
271.9460	176.5664	919.9412	916.9372	1.7263	0.3313	0.3324
272.0984	176.1549	913.9788	899.5489	1.7303	0.3335	0.3388
272.2508	175.8642	905.3718	892.0265	1.7332	0.3367	0.3417
272.4032	175.7503	904.718	894.0637	1.7343	0.3369	0.3409
272.5556	175.8243	897.2921	897.5966	1.7335	0.3397	0.3396
272.7080	175.9687	901.7983	901.1012	1.7321	0.3380	0.3383
272.8604	178.5326	897.7236	894.5315	1.7073	0.3395	0.3407
273.0128	177.4485	898.3337	909.8182	1.7177	0.3393	0.3350
273.1652	177.2974	897.9616	922.094	1.7191	0.3394	0.3306
273.3176	177.4452	898.1378	918.459	1.7177	0.3394	0.3319
273.4700	177.1817	892.3558	916.2499	1.7203	0.3416	0.3327
273.6224	177.6418	894.3447	923.2961	1.7158	0.3408	0.3301
273.7748	177.2509	897.0294	927.359	1.7196	0.3398	0.3287
273.9272	177.7441	898.3287	927.3798	1.7148	0.3393	0.3287
274.0796	177.2977	817.2626	921.6216	1.7191	0.3730	0.3307
274.2320	177.5865	750.5353	913.1718	1.7163	0.4061	0.3338
274.3844	177.6797	749.9669	920.7756	1.7154	0.4064	0.3310
274.5368	177.7519	742.603	914.0284	1.7147	0.4104	0.3335
274.6892	178.7343	742.5979	923.2325	1.7053	0.4105	0.3301
274.8416	178.7369	731.4778	921.6931	1.7053	0.4167	0.3307
274.9940	177.7642	584.2575	914.9151	1.7146	0.5217	0.3331
275.1464	177.721	584.0817	914.799	1.7150	0.5218	0.3332
275.2988	177.6999	584.0817	914.6909	1.7153	0.5218	0.3332
275.4512	177.8311	584.0817	914.4746	1.7140	0.5218	0.3333
275.6036	177.8522	606.0306	913.3518	1.7138	0.5029	0.3337
275.7560	177.8291	606.0596	833.0694	1.7140	0.5029	0.3659
275.9084	177.8449	601.8018	832.9927	1.7139	0.5065	0.3659
276.0608	178.9506	601.7993	676.5811	1.7033	0.5065	0.4505
276.2132	177.843	594.321	676.547	1.7139	0.5129	0.4505
276.3656	177.8435	598.3938	676.547	1.7139	0.5094	0.4505
276.5180	177.7466	613.8148	676.547	1.7148	0.4966	0.4505
276.6704	178.8513	605.3054	676.547	1.7042	0.5035	0.4505

