HOLE:	U1513A
EXPEDITION:	369
TOP:	88.3041
BOTTOM:	258.0776
DEPTH_WMSF	LCAL
m	in
88.3041	8.740123
88.4565	9.51368
88.6089	10.32581
88.7613	11.13795
88.9137	11.97814
89.0661	12.87286
89.2185	13.77834
89.3709	14.74454
89.5233	15.87305
89.6757	16.87667
89.8281	17.04909
89.9805	17.05832
90.1329	15.88223
90.2853	14.93088
90.4377	14.92622
90.5901	14.92622
90.7425	14.92621
90.8949	14.91689
91.0473	14.92621
91.1997	14.91689
91.3521	14.89818
91.5045	14.73957
91.6569	14.70658
91.8093	14.34776
91.9617	14.74442
92.1141	16.30762
92.2665	17.03515
92.4189	17.05845
92.5713	17.06779
92.7237	16.94631
92.8761	16.46584
93.0285	16.36332
93.1809	16.40058
93.3333	15.78865
93.4857	12.4578
93.6381	12.05989
93.7905	15.3079
93.9429	16.5219
94.0953	16.51723
94.2477	16.52191
94.4001	16.53589
94.5525	16.40059
94.7049	15.15014
94.8573	15.05199
95.0097	14.76151
95.1621	15.66325
95.3145	15.30415
95.4669	15.32748
95.6193	15.34146
95.7717	15.3368
95.9241	15.34147
96.0765	15.32747
96.2289	15.32748
96.3813	15.3368
96.5337	15.33867
96.6861	15.62556
96.8385	13.965
96.9909	13.86559
97.1433	14.77488
97.2957	15.47677
97.4481	15.43945
97.6005	15.45343
97.7529	15.43945
97.9053	15.44878
98.0577	15.43012
98.2101	15.44818
98.3625	14.69793
98.5149	14.21239
98.6673	14.2867
98.8197	13.23733
98.9721	13.40043
99.1245	13.73172
99.2769	13.94175
99.4293	13.96039
99.5817	13.93715
99.7341	14.01171
99.8865	14.0304
100.0389	14.07238
100.1913	14.06778
100.3437	14.14234
100.4961	14.36631
100.6485	14.62963
100.8009	15.19278
100.9533	16.15274
101.1057	16.3119
101.2581	16.31194
101.4105	16.32593
101.5629	16.31662
101.7153	16.33153
101.8677	14.54487
102.0201	14.31162
102.1725	14.18104
102.3249	14.18902
102.4773	14.1919
102.6297	14.1797
102.7821	14.20021
102.9345	14.17971
103.0869	14.66949
103.2393	14.87489
103.3917	14.85148
103.5441	14.69062
103.6965	13.83101
103.8489	13.39585
104.0013	13.87812
104.1537	14.25895
104.3061	14.17041
104.4585	14.13304
104.6109	14.10034
104.7633	13.94137
104.9157	13.32486
105.0681	12.30433
105.2205	11.66027
105.3729	12.27621
105.5253	12.5655
105.6777	12.74569
105.8301	12.76598
105.9825	12.66329
106.1349	12.54207
106.2873	12.60265
106.4397	12.61667
106.5921	12.79395
106.7445	12.70982
106.8969	12.43468
107.0493	12.40206
107.2017	12.81741
107.3541	13.88587
107.5065	14.12837
107.6589	14.12371
107.8113	14.09105
107.9637	14.07706
108.1161	14.09566
108.2685	14.02576
108.4209	14.76747
108.5733	13.68024
108.7257	12.64027
108.8781	13.10252
109.0305	13.74094
109.1829	13.77844
109.3353	13.79244
109.4877	13.77845
109.6401	13.78777
109.7925	13.72712
109.9449	13.80148
110.0973	12.88861
110.2497	12.5562
110.4021	12.55042
110.5545	12.45343
110.7069	12.73816
110.8593	13.05705
111.0117	13.31179
111.1641	13.31193
111.3165	14.17048
111.4689	14.42694
111.6213	14.37568
111.7737	14.07707
111.9261	13.88577
112.0785	13.9423
112.2309	14.76246
112.3833	14.34774
112.5357	13.01799
112.6881	13.38679
112.8405	13.88575
112.9929	13.88575
113.1453	13.88109
113.2977	13.86709
113.4501	13.8624
113.6025	13.82978
113.7549	13.47986
113.9073	13.1906
114.0597	13.33981
114.2121	13.26525
114.3645	12.60281
114.5169	12.65867
114.6693	12.67266
114.8217	12.66799
114.9741	12.66333
115.1265	12.65866
115.2789	12.63082
115.4313	12.99034
115.5837	13.51225
115.7361	13.29323
115.8885	13.03662
116.0409	13.13469
116.1933	13.32109
116.3457	13.3352
116.4981	13.36319
116.6505	13.35852
116.8029	13.33563
116.9553	13.82026
117.1077	14.10038
117.2601	14.24502
117.4125	14.24036
117.5649	14.25434
117.7173	14.28234
117.8697	14.26822
118.0221	13.78241
118.1745	12.66868
118.3269	13.38168
118.4793	14.10971
118.6317	14.12837
118.7841	14.12372
118.9365	14.1377
119.0889	14.12837
119.2413	13.99277
119.3937	13.18567
119.5461	12.87344
119.6985	13.90429
119.8509	14.04904
120.0033	14.00239
120.1557	13.98375
120.3081	13.85313
120.4605	13.81578
120.6129	13.92312
120.7653	14.0113
120.9177	13.50802
121.0701	13.62914
121.2225	13.79244
121.3749	13.79244
121.5273	13.79244
121.6797	14.08168
121.8321	13.96037
121.9845	13.77889
122.1369	14.54313
122.2893	14.5343
122.4417	14.53429
122.5941	14.52497
122.7465	14.54872
122.8989	15.07064
123.0513	15.4581
123.2037	15.77047
123.3561	15.02899
123.5085	15.21073
123.6609	15.21549
123.8133	15.22014
123.9657	15.15481
124.1181	15.10821
124.2705	15.08486
124.4229	14.80485
124.5753	14.10043
124.7277	14.20791
124.8801	14.47819
125.0325	14.47364
125.1849	14.4783
125.3373	14.46897
125.4897	14.46897
125.6421	14.74887
125.7945	15.48615
125.9469	15.69625
126.0993	16.03177
126.2517	16.08797
126.4041	16.01052
126.5565	15.79864
126.7089	15.64002
126.8613	15.56545
127.0137	15.6494
127.1661	15.64473
127.3185	15.61693
127.4709	15.89653
127.6233	16.18591
127.7757	16.30256
127.9281	16.01778
128.0805	15.62168
128.2329	15.61208
128.3853	15.65409
128.5377	16.01349
128.6901	16.40058
128.8425	16.39126
128.9949	16.40059
129.1473	16.37259
129.2997	16.37254
129.4521	16.29332
129.6045	16.29328
129.7569	16.07399
129.9093	16.09724
130.0617	15.94812
130.2141	15.7941
130.3665	15.8547
130.5189	15.89668
130.6713	15.87803
130.8237	15.88269
130.9761	15.88269
131.1285	15.91534
131.2809	15.86403
131.4333	15.86403
131.5857	16.0786
131.7381	15.56074
131.8905	15.46743
132.0429	15.43947
132.1953	15.44411
132.3477	15.43478
132.5001	15.44411
132.6525	15.44884
132.8049	15.52806
132.9573	15.24352
133.1097	14.9496
133.2621	15.19721
133.4145	15.81699
133.5669	16.12057
133.7193	16.11131
133.8717	16.11598
134.0241	16.11132
134.1765	16.10199
134.3289	16.1953
134.4813	16.1766
134.6337	16.06914
134.7861	15.8175
134.9385	15.85003
135.0909	15.91991
135.2433	15.44407
135.3957	15.37417
135.5481	15.39745
135.7005	15.38346
135.8529	15.38811
136.0053	15.35976
136.1577	14.91706
136.3101	14.10506
136.4625	14.33834
136.6149	14.34767
136.7673	14.36165
136.9197	14.34766
137.0721	14.34953
137.2245	14.35234
137.3769	14.37098
137.5293	14.4223
137.6817	14.49229
137.8341	14.33367
137.9865	14.34744
138.1389	14.07716
138.2913	14.00707
138.4437	13.94175
138.5961	13.95106
138.7485	13.9231
138.9009	14.01638
139.0533	14.17505
139.2057	14.25434
139.3581	14.24502
139.5105	14.25435
139.6629	14.27301
139.8153	14.27756
139.9677	14.01198
140.1201	14.3242
140.2725	14.21236
140.4249	14.22169
140.5773	14.21703
140.7297	14.22169
140.8821	14.18903
141.0345	14.35235
141.1869	14.48312
141.3393	14.7534
141.4917	15.1034
141.6441	15.03354
141.7965	15.23888
141.9489	15.37181
142.1013	14.80516
142.2537	14.78624
142.4061	14.96345
142.5585	14.6555
142.7109	14.50638
142.8633	14.45965
143.0157	14.06772
143.1681	14.06772
143.3205	14.07238
143.4729	14.07239
143.6253	14.21236
143.7776	14.24996
143.9300	14.93605
144.0824	15.58845
144.2348	15.58409
144.3872	15.57942
144.5396	15.58876
144.6920	15.6074
144.8444	14.71645
144.9968	14.47827
145.1492	14.23583
145.3016	14.51543
145.4540	14.16582
145.6064	14.1657
145.7588	14.17036
145.9112	14.16569
146.0636	14.15171
146.2160	14.27766
146.3684	14.19375
146.5208	14.38954
146.6732	14.2078
146.8256	14.33364
146.9780	14.17504
147.1304	14.21238
147.2828	14.24965
147.4352	14.28233
147.5876	14.39432
147.7400	14.43164
147.8924	14.40846
148.0448	14.59952
148.1972	14.59961
148.3496	14.62293
148.5020	14.58084
148.6544	14.40376
148.8068	14.34768
148.9592	14.36166
149.1116	14.32896
149.2640	14.25441
149.4164	14.19372
149.5688	14.38032
149.7212	14.21703
149.8736	14.22169
150.0260	14.22635
150.1784	14.21702
150.3308	14.217
150.4832	14.11431
150.6356	13.99781
150.7880	14.17498
150.9404	14.20303
151.0928	14.21703
151.2452	14.22635
151.3976	14.21236
151.5500	14.10971
151.7024	13.8902
151.8548	13.23254
152.0072	13.2139
152.1596	13.21855
152.3120	13.20456
152.4644	13.21388
152.6168	13.20363
152.7692	13.1859
152.9216	13.18124
153.0740	13.27452
153.2264	13.22792
153.3788	13.0973
153.5312	13.13923
153.6836	12.9433
153.8360	13.01327
153.9884	13.01793
154.1408	13.01326
154.2932	13.01793
154.4456	13.02266
154.5980	13.1345
154.7504	12.96665
154.9028	13.07858
155.0552	12.99927
155.2076	13.01325
155.3600	12.99927
155.5124	13.01793
155.6648	13.00396
155.8172	13.11602
155.9696	13.28845
156.1220	13.44248
156.2744	13.1299
156.4268	13.09725
156.5792	13.10191
156.7316	13.10658
156.8840	13.09258
157.0364	13.10191
157.1888	13.10191
157.3412	13.14388
157.4936	13.25587
157.6460	13.32588
157.7984	13.37251
157.9508	13.34921
158.1032	13.35386
158.2556	13.35386
158.4080	13.35382
158.5604	13.26527
158.7128	13.26055
158.8652	13.36785
159.0176	13.23721
159.1700	13.22789
159.3224	13.2139
159.4748	13.22322
159.6272	13.33523
159.7796	13.45183
159.9320	13.42853
160.0844	13.67108
160.2368	13.74579
160.3892	13.77845
160.5416	13.78777
160.6940	13.80643
160.8464	13.70845
160.9988	13.5638
161.1512	13.51254
161.3036	13.24201
161.4560	13.24188
161.6084	13.24189
161.7608	13.25121
161.9132	13.25121
162.0656	12.92003
162.2180	12.75198
162.3704	12.73798
162.5228	12.72866
162.6752	12.72399
162.8276	12.72399
162.9800	12.71932
163.1324	12.72398
163.2848	12.71466
163.4372	12.72398
163.5896	12.73798
163.7420	12.72398
163.8944	12.71466
164.0468	12.71465
164.1992	12.71466
164.3516	12.72398
164.5040	12.71466
164.6564	12.72398
164.8088	12.71465
164.9612	12.74266
165.1136	12.77528
165.2660	12.8266
165.4184	12.82663
165.5708	12.85462
165.7232	12.8313
165.8756	12.84062
166.0280	12.83597
166.1804	12.85464
166.3328	12.98993
166.4852	12.98527
166.6376	12.88733
166.7900	12.89195
166.9424	12.89009
167.0948	12.89661
167.2472	12.90595
167.3996	12.89662
167.5520	12.91532
167.7044	13.07864
167.8568	13.1765
168.0092	13.10193
168.1616	13.1579
168.3140	13.20923
168.4664	13.22787
168.6188	13.21389
168.7712	13.21389
168.9236	13.21856
169.0760	13.21858
169.2284	13.25586
169.3808	13.42382
169.5332	13.42385
169.6856	13.42384
169.8380	13.41452
169.9904	13.42385
170.1428	13.42385
170.2952	13.43318
170.4476	13.42386
170.6000	13.43318
170.7524	13.54981
170.9048	13.72245
171.0572	13.71873
171.2096	13.73489
171.3620	13.71313
171.5144	13.73367
171.6668	13.79712
171.8192	13.82974
171.9716	13.5126
172.1240	13.52183
172.2764	13.51716
172.4288	13.51716
172.5812	13.51716
172.7336	13.53116
172.8860	13.51717
173.0384	13.53116
173.1908	13.5265
173.3432	13.57781
173.4956	13.56849
173.6480	13.59182
173.8004	13.59648
173.9528	13.66178
174.1052	13.72712
174.2576	13.74112
174.4100	13.73646
174.5624	13.73645
174.7148	13.72712
174.8672	13.73645
175.0196	13.73178
175.1720	13.72246
175.3244	13.74578
175.4768	13.94641
175.6292	13.98373
175.7816	13.96975
175.9340	13.96507
176.0864	13.96974
176.2388	13.97906
176.3912	13.96509
176.5436	13.9744
176.6960	14.00706
176.8484	14.01173
177.0008	14.00241
177.1532	14.01173
177.3056	14.01173
177.4580	14.00706
177.6104	14.0024
177.7628	13.99774
177.9152	14.01173
178.0676	13.99773
178.2200	14.00707
178.3724	14.00707
178.5248	13.99774
178.6772	13.99773
178.8296	13.99773
178.9820	13.99307
179.1344	13.99773
179.2868	14.0024
179.4392	13.96974
179.5916	13.96041
179.7440	13.96507
179.8964	13.95108
180.0488	13.9744
180.2012	13.96508
180.3536	13.9744
180.5060	13.95109
180.6584	13.96507
180.8108	13.94643
180.9632	14.04909
181.1156	14.10501
181.2680	14.08639
181.4204	14.06306
181.5728	14.06772
181.7252	14.06306
181.8776	14.07705
182.0300	14.06306
182.1824	14.08171
182.3348	14.06307
182.4872	14.06772
182.6396	14.06306
182.7920	14.07238
182.9444	14.06306
183.0968	14.06772
183.2492	14.06772
183.4016	14.02106
183.5540	13.94641
183.7064	13.95573
183.8588	13.94175
184.0112	13.94175
184.1636	13.94175
184.3160	13.94641
184.4684	13.93708
184.6208	13.94641
184.7732	13.94641
184.9256	13.93708
185.0780	13.94174
185.2304	13.94175
185.3828	13.94174
185.5352	13.9464
185.6876	13.93242
185.8400	13.92775
185.9924	13.94174
186.1448	13.93708
186.2972	13.94174
186.4496	13.93242
186.6020	13.93708
186.7544	13.93241
186.9068	13.88571
187.0592	13.80183
187.2116	13.79711
187.3640	13.72245
187.5164	13.72245
187.6688	13.72245
187.8212	13.73644
187.9736	13.72246
188.1260	13.72245
188.2784	13.72245
188.4308	13.73178
188.5832	13.73645
188.7356	13.73645
188.8880	13.72715
189.0404	13.77841
189.1928	13.82508
189.3452	13.8251
189.4976	13.82044
189.6500	13.82696
189.8024	13.99765
189.9548	14.11903
190.1072	14.37566
190.2596	14.37566
190.4120	14.36167
190.5644	14.33834
190.7168	13.94171
190.8692	13.72246
191.0216	13.73178
191.1740	13.72246
191.3264	13.74112
191.4788	13.72246
191.6312	13.7411
191.7836	13.72246
191.9360	13.73645
192.0884	13.71313
192.2408	13.73643
192.3932	13.74111
192.5456	13.81575
192.6980	13.81111
192.8504	13.86246
193.0028	13.93702
193.1552	13.91376
193.3076	13.91842
193.4600	13.90909
193.6124	13.91375
193.7648	13.92028
193.9172	13.94174
194.0696	13.93242
194.2220	13.9464
194.3744	13.94641
194.5268	13.94641
194.6792	13.94175
194.8316	13.94174
194.9840	13.93708
195.1364	13.95573
195.2888	13.94641
195.4412	13.95574
195.5936	13.94176
195.7460	13.95107
195.8984	13.93708
196.0508	13.94641
196.2032	13.94175
196.3556	13.94641
196.5080	13.93242
196.6604	13.95107
196.8128	13.94175
196.9652	13.95107
197.1176	13.94641
197.2700	13.95574
197.4224	13.94175
197.5748	13.95573
197.7272	13.93709
197.8796	13.94641
198.0320	13.94641
198.1844	13.95107
198.3368	13.93709
198.4892	13.93708
198.6416	13.91282
198.7940	13.92778
198.9464	13.99768
199.0988	14.03504
199.2512	14.03039
199.4036	14.03506
199.5560	14.02574
199.7084	14.02106
199.8608	14.02573
200.0132	14.0304
200.1656	14.04907
200.3180	14.0817
200.4704	14.25429
200.6228	14.37099
200.7752	14.37566
200.9276	14.38032
201.0800	14.38499
201.2324	14.38499
201.3848	14.37566
201.5372	14.37566
201.6896	14.38498
201.8420	14.36633
201.9944	14.31967
202.1468	14.31963
202.2992	14.25439
202.4516	13.93252
202.6040	13.68513
202.7564	13.62914
202.9088	13.6338
203.0612	13.62168
203.2136	13.60426
203.3660	13.59555
203.5184	13.61046
203.6708	13.67109
203.8232	13.72711
203.9756	13.72712
204.1280	13.73178
204.2804	13.72246
204.4328	13.72712
204.5852	13.77378
204.7376	13.94178
204.8900	14.03032
205.0424	14.42213
205.1948	14.60892
205.3472	14.70226
205.4996	14.71624
205.6520	14.71626
205.8044	14.72559
205.9568	14.71626
206.1092	14.73495
206.2616	14.79087
206.4140	14.94948
206.5664	14.94954
206.7188	14.96354
206.8712	14.94956
207.0236	14.96354
207.1760	14.94488
207.3284	14.94021
207.4808	14.92157
207.6332	14.88331
207.7856	14.69764
207.9380	14.1097
208.0904	14.0024
208.2428	14.00706
208.3952	14.0024
208.5476	13.96041
208.7000	13.71773
208.8524	13.54531
209.0048	13.30266
209.1572	13.15792
209.3096	13.16723
209.4620	13.15791
209.6144	13.1952
209.7668	13.44244
209.9192	13.56849
210.0716	13.56847
210.2240	13.52653
210.3764	13.52649
210.5288	13.51716
210.6812	13.51716
210.8336	13.52182
210.9860	13.52649
211.1384	13.47518
211.2908	13.28387
211.4432	13.25125
211.5956	13.24189
211.7480	13.25587
211.9004	13.23722
212.0528	13.24655
212.2052	13.24189
212.3576	13.26054
212.5100	13.23722
212.6624	13.18115
212.8148	12.93883
212.9672	12.99457
213.1196	13.06924
213.2720	13.12524
213.4244	13.12524
213.5768	13.12524
213.7292	13.12524
213.8816	13.12524
214.0340	13.12524
214.1864	13.12524
214.3388	13.10659
214.4912	13.10191
214.6436	13.27917
214.7960	13.13471
214.9484	12.84079
215.1008	12.84996
215.2532	12.84063
215.4056	12.84529
215.5580	12.83131
215.7104	12.84063
215.8628	12.83596
216.0152	12.836
216.1676	12.92454
216.3200	13.17179
216.4724	13.35385
216.6248	13.32119
216.7772	13.28205
216.9296	13.27455
217.0820	13.28387
217.2344	13.27454
217.3868	13.27454
217.5392	13.21393
217.6916	13.20456
217.8440	13.27454
217.9964	13.27451
218.1488	13.19063
218.3012	13.13926
218.4536	13.12058
218.6060	13.01791
218.7584	12.93869
218.9108	12.60754
219.0632	12.46274
219.2156	12.36472
219.3680	12.30414
219.5204	12.26211
219.6728	12.26208
219.8252	12.25741
219.9776	12.24807
220.1300	12.2341
220.2824	12.2061
220.4348	12.16877
220.5872	12.22943
220.7396	12.28069
220.8920	12.29473
221.0444	12.28914
221.1968	12.28541
221.3492	12.28168
221.5016	12.28074
221.6540	12.28541
221.8064	12.28074
221.9588	12.28541
222.1112	12.29473
222.2636	12.28075
222.4160	12.25275
222.5684	12.25275
222.7208	12.25275
222.8732	12.24808
223.0256	12.25275
223.1780	12.2434
223.3304	12.06166
223.4828	11.89827
223.6352	11.4784
223.7876	11.66953
223.9400	12.1641
224.0924	12.17808
224.2448	12.17809
224.3972	12.17343
224.5496	12.14075
224.7020	12.06153
224.8544	12.03347
225.0068	11.98215
225.1592	11.63219
225.3116	11.45977
225.4640	11.71599
225.6164	11.72178
225.7688	11.70686
225.9212	11.70685
226.0736	11.70685
226.2260	11.71618
226.3784	11.70686
226.5308	11.69285
226.6832	11.66023
226.8356	11.66486
226.9880	11.6602
227.1404	11.6882
227.2928	11.76276
227.4452	11.79548
227.5976	11.87012
227.7500	12.01945
227.9024	12.11281
228.0548	12.21533
228.2072	12.38329
228.3596	12.73325
228.5120	12.84529
228.6644	12.84529
228.8168	12.83597
228.9692	12.85462
229.1216	12.93861
229.2740	12.87337
229.4264	12.5656
229.5788	12.26688
229.7312	12.19676
229.8836	12.19205
230.0360	12.05691
230.1884	11.89824
230.3408	11.7722
230.4932	11.77218
230.6456	11.77684
230.7980	11.80482
230.9504	11.8095
231.1028	11.80017
231.2552	11.81886
231.4076	11.87478
231.5600	11.91679
231.7124	11.91215
231.8648	11.92148
232.0172	11.91682
232.1696	11.92148
232.3220	11.9448
232.4744	11.96347
232.6268	11.94949
232.7792	11.9588
232.9316	11.95881
233.0840	11.95881
233.2364	11.94948
233.3888	11.95414
233.5412	11.95414
233.6936	11.94947
233.8460	11.94947
233.9984	11.94947
234.1508	11.95414
234.3032	11.94947
234.4556	11.98214
234.6080	12.00544
234.7604	12.02877
234.9128	12.00547
235.0652	12.02413
235.2176	12.01013
235.3700	12.01945
235.5224	12.0148
235.6748	12.02412
235.8272	12.01946
235.9796	12.02412
236.1320	12.0148
236.2844	12.02412
236.4368	12.01013
236.5892	12.02877
236.7416	12.01947
236.8940	12.01946
237.0464	12.00546
237.1988	12.02413
237.3512	12.02413
237.5036	12.02413
237.6560	12.04279
237.8084	12.17348
237.9608	12.37851
238.1132	12.4067
238.2656	12.40672
238.4180	12.40671
238.5704	12.40672
238.7228	12.40205
238.8752	12.41138
239.0276	12.38339
239.1800	12.36935
239.3324	12.24353
239.4848	12.10818
239.6372	12.08012
239.7896	12.09413
239.9420	12.17335
240.0944	12.13613
240.2468	12.1361
240.3992	12.1361
240.5516	12.1361
240.7040	12.1361
240.8564	12.1361
241.0088	12.14544
241.1612	12.05209
241.3136	11.94957
241.4660	11.91217
241.6184	11.83751
241.7708	11.83376
241.9232	11.83283
242.0756	11.83283
242.2280	11.84682
242.3804	11.83283
242.5328	11.84215
242.6852	11.8375
242.8376	11.90279
242.9900	12.51399
243.1424	12.71927
243.2948	12.57015
243.4472	12.66328
243.5996	12.65867
243.7520	12.67266
243.9044	12.67732
244.0568	12.67267
244.2092	12.66333
244.3616	12.87792
244.5140	12.1929
244.6664	12.16412
244.8188	12.18742
244.9712	12.13144
245.1236	12.13142
245.2760	12.08482
245.4284	12.09411
245.5808	12.08012
245.7332	12.08478
245.8856	12.08944
246.0380	12.20134
246.1904	12.19956
246.3428	12.16876
246.4952	12.08022
246.6476	12.08011
246.8000	12.24334
246.9524	12.31806
247.1048	12.02879
247.2572	12.02879
247.4096	12.15935
247.5620	12.34602
247.7144	12.41605
247.8668	12.46732
248.0192	12.45338
248.1716	12.34144
248.3240	12.25741
248.4764	12.14091
248.6288	12.09881
248.7812	12.08945
248.9336	12.12677
249.0860	12.01012
249.2384	11.96352
249.3908	11.95415
249.5432	11.99146
249.6956	11.99146
249.8480	11.97282
250.0004	11.90287
250.1528	12.29926
250.3052	12.76131
250.4576	12.81257
250.6100	12.80331
250.7624	11.17577
250.9148	3.948657
251.0672	3.574466
251.2196	3.560486
251.3720	3.579124
251.5244	3.555813
251.6768	3.555807
251.8292	3.560467
251.9816	3.569797
252.1340	3.555812
252.2864	3.560472
252.4388	3.555812
252.5912	3.560468
252.7436	3.560472
252.8960	3.560472
253.0484	3.560472
253.2008	3.560472
253.3532	3.565135
253.5056	3.560474
253.6580	3.565137
253.8104	3.555817
253.9628	3.560469
254.1152	3.574464
254.2676	3.555807
254.4200	3.565126
254.5724	3.560477
254.7248	3.569799
254.8772	3.565139
255.0296	3.56514
255.1820	3.57446
255.3344	3.566077
255.4868	3.565139
255.6392	3.569803
255.7916	3.560483
255.9440	3.560472
256.0964	3.5698
256.2488	3.565139
256.4012	3.573526
256.5536	3.565146
256.7060	3.551149
256.8584	3.560471
257.0108	3.569804
257.1632	3.569804
257.3156	3.569804
257.4680	3.569804
257.6204	3.560473
257.7728	3.569793
257.9252	3.555818
258.0776	3.565801

