HOLE:	U1352C
EXPEDITION:	317
TOP:	0.0920
BOTTOM:	204.9176
DEPTH_WMSF	TENS	CS	ETIM	DF
m	lbf	m/h	s	lbf
0.0920	907.9060	1077.7786	129.6998	622.8426
0.2444	855.7553	1077.8016	130.2000	641.4090
0.3968	881.0376	1071.5562	130.7003	654.4889
0.5492	940.5473	1069.7042	131.2080	646.6411
0.7016	916.7356	1070.3196	131.7074	647.0436
0.8540	927.6035	1069.1924	132.2099	641.7581
1.0064	934.2452	1067.6971	132.6972	686.1818
1.1588	951.6415	1069.1003	133.1881	711.7110
1.3112	932.0195	1070.2506	133.6937	719.1966
1.4636	877.4537	1070.4576	134.1967	694.4866
1.6160	905.4146	1072.0276	134.7035	681.1448
1.7684	903.7925	1074.9951	135.2119	688.2816
1.9208	876.7554	1076.1567	135.7144	688.0804
2.0732	847.6231	1073.5574	136.2257	672.4655
2.2256	854.5092	1072.6890	136.7313	654.5830
2.3780	907.2639	1074.6558	137.2211	654.9450
2.5304	913.9441	1078.6755	137.7208	673.6586
2.6828	913.8676	1079.0438	138.2247	685.0619
2.8352	930.3583	1075.9384	138.7256	685.4309
2.9876	934.1699	1072.8673	139.2310	681.2722
3.1400	961.5458	1073.0110	139.7304	681.1782
3.2924	952.1900	1073.7932	140.2271	689.4685
3.4448	920.4717	1073.3503	140.7315	695.0025
3.5972	922.9244	1073.6494	141.2354	687.5036
3.7496	924.6417	1076.7030	141.7323	676.6978
3.9020	927.4337	1080.7057	142.2284	665.5903
4.0544	906.6613	1081.1141	142.7319	655.9445
4.2068	880.1318	1078.2616	143.2408	650.2298
4.3592	889.0380	1071.9589	143.7466	641.7581
4.5116	880.3586	1065.8856	144.2510	640.5238
4.6640	883.1695	1066.3226	144.7576	644.0250
4.8164	899.0565	1066.6908	145.2559	645.3936
4.9688	920.3948	1066.0812	145.7541	641.0601
5.1212	952.0944	1067.2313	146.2605	650.0753
5.2736	946.3210	1069.6237	146.7632	658.3857
5.4260	943.6034	1072.4990	147.2718	669.5475
5.5784	953.4163	1076.0129	147.7779	662.6588
5.7308	926.5472	1077.2322	148.2795	660.9417
5.8832	920.6420	1077.3416	148.7860	658.8890
6.0356	896.4536	1076.5133	149.2863	660.5927
6.1880	870.9608	1075.0295	149.7901	663.5043
6.3404	903.6418	1075.2595	150.3013	652.5842
6.4928	899.4333	1076.5536	150.7825	645.1924
6.6452	918.8307	1076.1396	151.2917	640.2153
6.7976	892.7740	1072.6948	151.8001	639.5312
6.9500	891.5617	1071.0844	152.3016	636.6600
7.1024	1018.4540	1075.1331	152.8101	644.9977
7.2548	974.3028	1076.8584	153.3102	647.8547
7.4072	931.3766	1076.8412	153.8105	669.2860
7.5596	951.0000	1075.9440	154.3183	663.0075
7.7120	917.0000	1079.9064	154.8275	660.8745
7.8644	929.8577	1082.6196	155.3148	668.2583
8.0168	846.3965	1082.9493	155.8300	671.8366
8.1692	836.1970	1078.7806	156.3428	670.1564
8.3216	820.4376	1067.1251	156.8535	656.6322
8.4740	825.8032	1064.1467	157.3695	651.7831
8.6264	892.3578	1062.8843	157.8693	657.1017
8.7788	910.3000	1064.5864	158.3848	666.1581
8.9312	941.4253	1065.8256	158.9088	665.8865
9.0836	946.7813	1067.0382	159.4015	659.1302
9.2360	918.8045	1069.3965	159.9238	659.7439
9.3884	973.0635	1073.2456	160.4320	661.1367
9.5408	927.7665	1074.9213	160.9471	674.7697
9.6932	902.7601	1075.3110	161.4702	680.7299
9.8456	898.2460	1074.4950	161.9787	680.4853
9.9980	871.5365	1073.5856	162.4932	685.6176
10.1504	869.9071	1074.3351	163.0013	691.9194
10.3028	891.6389	1075.5192	163.5088	702.1298
10.4552	900.2729	1075.9124	164.0241	695.8517
10.6076	949.0966	1074.3152	164.5178	685.1868
10.7600	904.5425	1073.0359	165.0380	666.9885
10.9124	927.9111	1072.6278	165.5474	656.9664
11.0648	939.8685	1073.3906	166.0549	652.7895
11.2172	941.0000	1074.8296	166.5695	644.6209
11.3696	966.0374	1075.2927	167.0852	647.1381
11.5220	889.3599	1077.1648	167.5939	650.7708
11.6744	920.3256	1078.5073	168.1087	659.1549
11.8268	933.9287	1079.7198	168.6118	669.5518
11.9792	912.2795	1078.6240	169.1240	676.8679
12.1316	897.9678	1072.7764	169.6324	680.0189
12.2840	898.4917	1069.3984	170.1400	680.4270
12.4364	940.2550	1068.6821	170.6473	667.2275
12.5888	938.3447	1068.8787	171.1476	660.6415
12.7412	909.9469	1067.4447	171.6671	633.1801
12.8936	896.7217	1066.1189	172.1845	626.2396
13.0460	886.1643	1067.3545	172.6936	628.3199
13.1984	918.3048	1071.3618	173.2009	630.0140
13.3508	928.5846	1074.7013	173.7146	633.3998
13.5032	934.5079	1076.5336	174.2233	634.2120
13.6556	939.9069	1076.6202	174.7436	635.8787
13.8080	937.1204	1076.5536	175.2543	637.7242
13.9604	982.9968	1078.9019	175.7680	649.3521
14.1128	957.2209	1081.4669	176.2836	653.5139
14.2652	951.8357	1079.9564	176.7929	652.6845
14.4176	972.0976	1077.4581	177.3036	625.5355
14.5700	952.5482	1074.8049	177.8025	609.3411
14.7224	946.2294	1074.7947	178.3132	603.9326
14.8748	921.1816	1073.6805	178.8290	606.8616
15.0272	945.6816	1073.4240	179.3390	606.6987
15.1796	929.6577	1074.6130	179.8527	612.5863
15.3320	902.4108	1075.9089	180.3692	616.2971
15.4844	916.0428	1081.2668	180.8787	619.8462
15.6368	901.2689	1084.1252	181.3918	627.3718
15.7892	914.5557	1080.6112	181.8955	630.4472
15.9416	928.8959	1073.4493	182.3998	632.1489
16.0940	917.8149	1069.7981	182.9212	625.3890
16.2464	937.4741	1068.8187	183.4257	614.0480
16.3988	920.9966	1068.2124	183.9346	599.2242
16.5512	938.4897	1068.4323	184.4503	576.4571
16.7036	926.7883	1070.0629	184.9604	564.7440
16.8560	899.3340	1071.3719	185.4796	575.4354
17.0084	895.3058	1070.8707	186.0009	586.7689
17.1608	886.5089	1070.8574	186.5166	592.6824
17.3132	894.6550	1072.8510	187.0269	620.5170
17.4656	891.6836	1074.2035	187.5407	643.0486
17.6180	895.5894	1073.6406	188.0515	647.7210
17.7704	926.3535	1073.5872	188.5638	625.6388
17.9228	929.0608	1075.5342	189.0790	598.5851
18.0752	939.4418	1076.7434	189.5936	575.2930
18.2276	924.0676	1075.7292	190.1080	568.9455
18.3800	917.7917	1075.0295	190.6227	574.0585
18.5324	931.2783	1075.2144	191.1249	576.9124
18.6848	907.7501	1075.8840	191.6295	580.9645
18.8372	893.7646	1075.7042	192.1440	587.3984
18.9896	882.8371	1074.0753	192.6556	602.9271
19.1420	856.0449	1073.2008	193.1737	619.5058
19.2944	866.0093	1074.7897	193.6890	634.4406
19.4468	863.6412	1076.6434	194.2020	641.1181
19.5992	881.8221	1075.7776	194.7133	639.5524
19.7516	894.7441	1071.2941	195.2205	629.0746
19.9040	884.8853	1068.7987	195.7322	615.0330
20.0564	904.4186	1068.7654	196.2471	602.4236
20.2088	887.6699	1068.7953	196.7575	592.2556
20.3612	856.2134	1067.4497	197.2688	590.4388
20.5136	859.4255	1067.0065	197.7840	594.9532
20.6660	868.7100	1069.1683	198.2952	597.7839
20.8184	896.1291	1071.4169	198.8118	599.6293
20.9708	889.4502	1072.4446	199.3323	598.5670
21.1232	876.8673	1072.1216	199.8423	595.9909
21.2756	913.3748	1071.5219	200.3546	592.7470
21.4280	917.4005	1072.1381	200.8682	589.2384
21.5804	904.9668	1073.9569	201.3794	587.1171
21.7328	898.2145	1075.7789	201.8947	582.3618
21.8852	886.9451	1076.9983	202.4058	578.4180
22.0376	893.8083	1075.4163	202.9166	574.4398
22.1900	853.8395	1071.4620	203.4320	566.2012
22.3424	818.5666	1068.9703	203.9438	562.9836
22.4948	846.6108	1068.8903	204.4474	567.0612
22.6472	848.0667	1070.9421	204.9545	572.0925
22.7996	851.6871	1072.8677	205.4667	581.5198
22.9520	856.4228	1073.4739	205.9817	603.0428
23.1044	869.1932	1076.2385	206.4961	632.5032
23.2568	926.7362	1080.0962	207.0029	655.2907
23.4092	937.5035	1080.8624	207.5170	665.4960
23.5616	934.3759	1078.4376	208.0289	655.6482
23.7140	923.4400	1073.9722	208.5394	629.5261
23.8664	895.9830	1070.4111	209.0546	585.6867
24.0188	898.0825	1067.8794	209.5598	546.8525
24.1712	884.5311	1067.1697	210.0644	544.6337
24.3236	864.6299	1068.4438	210.5859	549.2373
24.4760	827.3635	1069.5432	211.1029	554.7199
24.6284	804.0863	1069.0702	211.6230	557.0042
24.7808	849.0662	1069.9559	212.1388	566.3862
24.9332	883.1823	1072.9359	212.6451	584.8428
25.0856	869.0591	1073.2792	213.1617	608.1310
25.2380	891.2502	1087.2899	213.6747	629.6636
25.3904	905.0335	1112.3251	214.1818	650.7672
25.5428	903.6822	1102.7780	214.6917	673.9515
25.6952	899.3136	1083.4893	215.2009	681.2100
25.8476	879.2286	1077.9979	215.7077	655.8654
26.0000	880.4659	1072.1682	216.2251	600.8680
26.1524	844.6685	1070.1528	216.7346	572.8303
26.3048	832.1616	1070.4526	217.2485	559.9759
26.4572	840.1055	1070.3794	217.7545	569.1882
26.6096	814.5844	1067.9678	218.2558	575.5019
26.7620	820.8030	1065.9806	218.7742	577.6875
26.9144	831.5894	1068.6151	219.2937	579.9717
27.0668	838.9952	1074.4816	219.8046	589.1054
27.2192	839.3762	1074.5250	220.3237	599.6701
27.3716	851.2087	1071.6204	220.8405	603.7516
27.5240	846.0906	1068.1128	221.3415	612.1345
27.6764	865.3776	1065.5308	221.8512	629.7535
27.8288	849.7172	1066.6899	222.3585	633.3710
27.9812	841.5675	1068.1008	222.8678	623.7032
28.1336	852.9366	1068.4039	223.3835	596.1336
28.2860	825.9327	1068.8635	223.8991	579.5514
28.4384	843.2355	1069.7731	224.4163	570.4938
28.5908	829.5916	1070.3827	224.9350	574.2955
28.7432	815.8842	1070.0063	225.4441	577.6601
28.8956	825.2349	1069.4716	225.9555	581.5743
29.0480	821.1818	1069.3783	226.4756	587.6938
29.2004	812.6163	1070.5991	226.9867	592.3286
29.3528	838.1259	1073.8003	227.5069	606.2803
29.5052	835.0000	1076.3986	228.0139	624.3600
29.6576	843.9270	1076.8754	228.5248	660.5336
29.8100	869.5107	1071.7936	229.0440	680.0337
29.9624	835.4101	1070.0278	229.5481	692.3742
30.1148	840.4572	1071.0538	230.0613	687.9285
30.2672	861.7852	1072.0599	230.5696	665.9935
30.4196	819.3432	1070.9574	231.0699	631.5533
30.5720	827.9022	1070.4576	231.5922	582.6498
30.7244	820.3706	1070.9221	232.1066	570.1187
30.8768	837.5726	1073.2008	232.6170	574.7852
31.0292	860.4555	1072.6697	233.1402	575.0512
31.1816	830.8470	1068.8691	233.6561	579.4022
31.3340	836.1949	1063.4022	234.1699	588.1890
31.4864	869.8697	1063.0559	234.6731	596.4218
31.6388	862.0521	1062.6161	235.1778	604.4985
31.7912	893.8689	1062.9827	235.6935	620.7432
31.9436	889.1060	1062.0764	236.2080	636.1392
32.0960	867.1672	1063.3256	236.7168	658.8972
32.2484	903.3940	1065.0859	237.2385	652.3842
32.4008	891.5461	1068.5903	237.7478	628.9974
32.5532	897.4529	1070.8257	238.2717	591.5251
32.7056	904.6926	1071.2222	238.7942	586.4458
32.8580	857.8566	1069.5651	239.3019	598.3395
33.0104	871.5437	1066.8267	239.8109	598.7863
33.1628	823.7715	1067.2546	240.3266	600.1714
33.3152	812.6758	1069.0734	240.8358	600.9059
33.4676	842.3021	1070.5028	241.3587	597.9006
33.6200	809.9473	1066.9252	241.8669	598.0550
33.7724	852.4805	1064.3616	242.3821	609.8320
33.9248	859.1815	1064.5612	242.8966	612.5202
34.0772	847.5049	1067.9893	243.4000	618.4478
34.2296	895.3887	1067.4362	243.9113	616.3920
34.3820	882.0000	1068.2404	244.4180	623.0015
34.5344	883.1458	1073.9701	244.9254	618.0516
34.6868	915.1447	1078.7704	245.4409	612.8593
34.8392	849.3703	1081.6555	245.9644	599.0865
34.9916	865.6075	1077.8633	246.4725	586.1788
35.1440	841.9457	1064.9414	246.9887	583.7233
35.2964	837.0000	1062.2280	247.5103	583.0200
35.4488	892.0000	1062.8376	248.0045	581.2425
35.6012	832.0000	1062.8376	248.5235	581.5980
35.7536	836.9451	1062.5361	249.0373	581.9496
35.9060	885.1937	1063.4321	249.5530	580.5549
36.0584	843.9431	1065.5341	250.0681	577.7499
36.2108	870.2333	1067.6559	250.5828	587.3690
36.3632	877.7700	1068.0092	251.0980	599.3314
36.5156	859.7284	1067.4329	251.6213	601.0960
36.6680	862.8250	1066.5353	252.1292	603.8701
36.8204	807.8574	1065.9156	252.6445	606.3604
36.9728	804.0547	1065.8856	253.1450	607.4911
37.1252	832.1949	1068.1772	253.6607	598.5286
37.2776	810.6412	1068.8936	254.1774	578.6856
37.4300	842.4406	1066.9518	254.6936	560.1603
37.5824	833.9189	1063.9854	255.2093	555.2350
37.7348	807.2974	1063.7520	255.7325	546.4509
37.8872	855.1887	1065.6990	256.2409	542.4485
38.0396	850.0228	1066.1621	256.7362	543.4273
38.1920	846.2952	1067.5643	257.2582	553.8160
38.3444	854.0651	1069.8995	257.7621	563.2183
38.4968	811.3586	1071.5101	258.2761	568.6112
38.6492	814.8519	1071.9465	258.7917	589.9247
38.8016	769.3753	1070.6410	259.2997	598.5605
38.9540	749.0123	1063.5295	259.8143	590.0493
39.1064	796.5220	1060.6791	260.3291	573.8827
39.2588	817.8129	1059.8729	260.8369	559.3677
39.4112	805.4161	1059.2667	261.3582	543.3951
39.5636	861.8157	1058.4006	261.8671	542.5862
39.7160	855.9084	1059.0400	262.3812	540.1388
39.8684	840.3778	1064.3097	262.8966	541.4439
40.0208	847.1957	1065.2760	263.4053	552.1837
40.1732	760.9653	1065.0228	263.9200	558.9485
40.3256	737.2245	1064.2167	264.4498	586.0174
40.4780	764.6857	1063.3074	264.9617	599.4189
40.6304	749.0189	1063.3905	265.4830	617.9368
40.7828	762.5999	1063.4471	265.9934	628.9567
40.9352	798.3245	1066.3850	266.5077	637.7953
41.0876	785.2582	1068.8069	267.0100	631.3200
41.2400	795.8456	1067.7894	267.5156	619.3771
41.3924	841.7007	1063.5725	268.0295	591.3389
41.5448	831.1219	1061.3420	268.5518	585.8309
41.6972	843.6210	1061.9547	269.0627	599.7349
41.8496	849.0000	1062.4629	269.5768	614.3203
42.0020	825.2858	1063.6986	270.0930	618.5913
42.1544	798.2535	1064.7512	270.6027	618.6555
42.3068	807.8350	1067.2695	271.1104	612.1365
42.4592	788.2972	1069.1600	271.6180	602.3207
42.6116	801.5497	1067.5048	272.1377	583.3500
42.7640	792.7718	1064.7765	272.6551	572.1806
42.9164	789.9286	1062.2715	273.1661	566.5780
43.0688	825.8810	1060.2894	273.6777	570.4117
43.2212	808.7071	1058.9103	274.1923	580.3037
43.3736	813.4626	1057.4796	274.7020	586.6834
43.5260	830.6550	1057.2629	275.2213	601.1282
43.6784	804.6913	1059.9293	275.7397	619.2624
43.8308	812.9813	1062.7141	276.2437	657.1839
43.9832	828.2454	1063.6587	276.7540	676.6113
44.1356	807.5927	1066.2700	277.2691	676.8023
44.2880	815.4402	1068.4504	277.7788	654.4395
44.4404	797.5757	1068.5205	278.2972	627.4199
44.5928	790.3764	1067.5046	278.8101	604.9462
44.7452	816.9976	1068.5271	279.3290	577.3341
44.8976	825.0332	1070.0444	279.8476	567.7277
45.0500	831.5234	1069.6582	280.3581	572.7507
45.2024	870.4612	1066.8602	280.8604	571.5006
45.3548	899.9602	1066.9563	281.3759	571.5738
45.5072	932.2092	1069.2732	281.8894	579.0736
45.6596	942.5633	1070.5392	282.3969	592.1281
45.8120	894.7603	1070.3794	282.9099	616.3587
45.9644	843.7074	1068.6339	283.4209	645.3939
46.1168	785.7808	1067.3380	283.9333	676.0073
46.2692	747.3732	1067.4778	284.4436	694.7743
46.4216	760.0144	1067.3447	284.9557	688.1325
46.5740	760.3789	1065.6393	285.4685	661.0542
46.7264	769.2705	1060.3099	285.9698	607.4957
46.8788	813.4556	1056.4519	286.4770	579.3369
47.0312	824.8923	1056.0054	286.9926	585.6124
47.1836	844.2212	1056.3085	287.5086	589.6619
47.3360	892.6851	1058.7100	288.0247	590.8990
47.4884	900.3627	1063.1703	288.5409	602.5651
47.6408	933.8971	1067.3345	289.0571	618.9965
47.7932	966.8854	1070.4623	289.5688	635.7840
47.9456	932.3391	1073.5269	290.0767	656.3655
48.0980	900.0825	1074.1969	290.5891	668.5049
48.2504	852.7279	1071.6921	291.1019	671.6559
48.4028	789.7624	1068.1943	291.6133	671.4387
48.5552	777.5997	1066.8184	292.1272	666.9146
48.7076	782.8040	1068.3838	292.6378	651.9540
48.8600	792.4958	1069.5432	293.1534	635.6152
49.0124	809.1086	1065.9429	293.6688	629.9268
49.1648	801.3136	1061.7584	294.1721	626.5256
49.3172	803.5723	1061.1620	294.6799	621.0433
49.4696	824.4576	1061.7682	295.1918	615.0331
49.6220	832.9835	1062.9774	295.7038	607.7949
49.7744	859.2855	1064.3448	296.2244	606.0591
49.9268	882.6345	1067.6090	296.7412	618.3583
50.0792	866.6411	1071.7616	297.2494	633.1041
50.2316	860.0480	1072.0551	297.7576	643.6133
50.3840	839.2078	1069.0638	298.2697	667.2139
50.5364	818.3917	1064.5869	298.7822	688.7839
50.6888	820.3031	1061.4802	299.2900	682.5482
50.8412	787.9767	1061.3136	299.7977	660.3062
50.9936	781.1619	1058.8855	300.3054	636.1483
51.1460	797.6888	1054.3618	300.8131	610.8955
51.2984	793.8419	1052.8690	301.3243	579.1078
51.4508	816.1428	1054.4279	301.8397	557.6401
51.6032	848.3173	1059.0327	302.3581	551.5890
51.7556	856.3809	1064.4597	302.8773	552.6366
51.9080	904.5994	1066.6349	303.3884	570.2548
52.0604	935.6165	1068.9467	303.8986	597.2252
52.2128	914.7861	1071.0055	304.4143	620.2612
52.3652	918.8531	1071.7317	304.9301	641.7327
52.5176	878.6996	1072.4047	305.4432	668.0303
52.6700	821.8527	1070.1433	305.9419	683.4503
52.8224	801.1519	1064.1222	306.4380	701.6155
52.9748	771.4861	1060.0245	306.9518	707.9821
53.1272	790.1055	1058.5405	307.4601	685.7355
53.2796	803.2174	1057.5212	307.9715	628.4580
53.4320	777.3551	1056.8499	308.4877	565.1620
53.5844	796.1812	1057.5792	308.9976	561.5632
53.7368	821.7391	1061.2982	309.4992	571.8295
53.8892	820.9033	1067.6309	310.0119	583.0200
54.0416	860.3303	1070.1527	310.5331	586.8109
54.1940	880.0166	1068.9640	311.0460	596.4936
54.3464	881.5453	1064.7848	311.5589	605.9511
54.4988	867.1389	1063.4623	312.0754	620.1715
54.6512	816.8860	1062.4580	312.5803	632.3285
54.8036	816.4243	1060.1265	313.0918	645.0571
54.9560	820.7839	1056.6500	313.5944	653.3440
55.1084	801.4249	1057.0662	314.1051	666.0719
55.2608	814.3162	1059.1881	314.6187	670.0513
55.4132	814.3183	1060.4442	315.1306	654.4433
55.5656	814.4868	1060.1293	315.6518	647.5865
55.7180	845.1721	1061.5083	316.1671	651.3089
55.8704	821.1109	1063.2456	316.6828	651.3909
56.0228	819.4212	1064.8411	317.1962	647.2029
56.1752	851.0134	1066.8948	317.7057	640.6447
56.3276	832.5385	1069.4697	318.2195	634.3889
56.4800	862.1284	1070.6177	318.7271	633.0701
56.6324	871.9814	1068.4325	319.2369	632.3661
56.7848	833.5303	1065.4561	319.7509	638.5185
56.9372	830.6236	1064.1267	320.2586	645.6965
57.0896	822.1924	1064.0203	320.7661	660.7893
57.2420	817.7396	1062.5046	321.2740	655.1566
57.3944	839.8391	1061.2487	321.7803	644.3469
57.5468	805.7924	1061.3251	322.2828	642.6099
57.6992	813.8920	1062.7792	322.7882	640.7968
57.8516	842.5103	1063.5721	323.2975	626.3864
58.0040	819.6321	1062.6046	323.8134	609.1023
58.1564	837.0425	1061.3354	324.3290	604.4312
58.3088	842.9356	1060.2042	324.8429	612.5830
58.4612	834.9424	1060.6508	325.3502	635.9691
58.6136	865.5399	1060.2444	325.8584	641.0075
58.7660	871.1190	1059.3849	326.3687	614.1134
58.9184	843.7603	1059.5994	326.8744	601.0025
59.0708	877.8125	1063.4471	327.3888	607.4195
59.2232	837.4102	1063.3573	327.8987	627.8063
59.3756	833.8580	1062.7511	328.4211	641.8433
59.5280	824.9441	1061.7286	328.9368	676.7906
59.6804	780.2900	1058.6104	329.4521	668.1116
59.8328	820.8699	1059.0283	329.9665	626.5137
59.9852	807.1132	1060.8268	330.4748	610.8068
60.1376	766.5225	1066.5050	330.9885	617.8636
60.2900	790.9145	1068.8004	331.4892	626.7053
60.4424	828.5104	1067.3033	332.0053	606.2794
60.5948	810.8320	1063.8418	332.5209	581.5879
60.7472	850.4557	1064.6947	333.0361	572.1736
60.8996	891.8168	1065.0776	333.5505	609.9510
61.0520	871.4556	1066.2404	334.0581	623.0587
61.2044	895.7137	1066.8000	334.5727	612.1802
61.3568	853.2331	1066.8217	335.0802	594.5773
61.5092	816.6070	1067.0649	335.5954	589.0851
61.6616	807.5789	1066.3672	336.1101	610.7493
61.8140	755.0909	1064.1455	336.6168	628.8148
61.9664	774.4420	1060.2345	337.1240	650.3695
62.1188	782.1713	1057.0597	337.6314	611.8299
62.2712	765.6018	1057.3628	338.1465	605.1229
62.4236	806.8177	1057.5563	338.6545	624.9159
62.5760	830.7821	1054.5914	339.1706	633.2078
62.7284	824.0455	1054.0847	339.6868	609.5192
62.8808	870.7065	1058.0155	340.2032	586.5036
63.0332	853.0975	1061.3433	340.7026	603.8431
63.1856	862.0000	1064.0568	341.2155	622.4805
63.3380	895.0000	1064.6664	341.7422	636.7005
63.4904	822.0000	1066.1904	342.2600	602.9280
63.6428	823.0000	1064.0568	342.7777	591.5520
63.7952	846.0000	1062.2280	343.2955	606.1275
63.9476	826.0000	1064.0568	343.8138	618.2145
64.1000	842.0000	1065.8856	344.3328	616.7925
64.2524	845.0000	1066.8000	344.8510	580.8870
64.4048	842.0000	1063.7520	345.3702	615.0150
64.5572	864.0000	1063.1425	345.8767	640.2555
64.7096	813.0000	1062.5328	346.3830	655.1865
64.8620	806.0000	1061.0088	346.8930	610.3935
65.0144	796.0000	1060.7040	347.4113	622.8360
65.1668	747.0000	1061.0088	347.9210	650.5650
65.3192	786.0000	1063.4471	348.4390	654.8310
65.4716	827.0000	1068.6288	348.9565	603.9945
65.6240	799.0000	1067.4095	349.4745	578.0430
65.7764	817.0000	1064.3616	349.9847	602.9280
65.9288	864.0000	1060.7040	350.4950	627.8130
66.0812	882.0000	1060.0944	350.9965	617.1480
66.2336	940.0000	1062.2280	351.5150	596.5290
66.3860	897.0000	1063.7520	352.0252	608.9715
66.5384	858.0000	1063.1425	352.5438	660.5190
66.6908	812.0000	1062.5328	353.0623	666.2070
66.8432	781.0000	1062.8376	353.5805	632.4345
66.9956	806.0000	1061.0088	354.0985	624.9690
67.1480	800.0000	1060.3992	354.6162	642.7440
67.3004	766.0000	1061.9232	355.1342	658.3860
67.4528	778.0000	1063.1425	355.6440	616.7925
67.6052	786.0000	1064.3616	356.1703	588.7080
67.7576	806.0000	1065.2760	356.6718	599.3730
67.9100	864.0000	1067.4095	357.1815	611.1045
68.0624	893.0000	1068.0192	357.7000	628.5240
68.2148	919.0000	1067.4095	358.2180	596.8845
68.3672	951.0000	1067.1049	358.7282	581.5980
68.5196	986.0000	1073.2008	359.2385	589.7745
68.6720	915.0000	1073.8104	359.7570	621.0585
68.8244	890.0000	1071.6768	360.2760	641.3220
68.9768	786.0000	1068.3240	360.7940	619.6365
69.1292	784.0000	1064.0568	361.2873	597.9510
69.2816	793.0000	1066.4952	361.8052	595.4625
69.4340	796.0000	1065.8856	362.3232	630.3015
69.5864	814.0000	1061.0088	362.8330	648.4320
69.7388	823.0000	1058.2656	363.3515	595.8180
69.8912	902.0000	1060.3992	363.8615	587.2860
70.0436	899.0000	1060.0944	364.3802	597.2401
70.1960	916.0000	1059.7896	364.8993	635.9895
70.3484	941.0000	1061.3136	365.4100	621.7695
70.5008	896.0000	1064.0568	365.9205	589.7745
70.6532	931.0000	1070.4576	366.4310	576.2655
70.8056	910.0000	1069.5432	366.9578	583.7310
70.9580	849.0000	1068.0192	367.4760	593.6850
71.1104	882.0000	1065.8856	367.9940	606.4830
71.2628	823.0000	1064.0568	368.5122	611.4600
71.4152	831.0000	1064.6664	369.0310	621.0585
71.5676	855.0000	1065.8856	369.5415	611.4600
71.7200	792.0000	1068.3240	370.0605	591.9075
71.8724	819.0000	1066.1904	370.5630	591.9075
72.0248	826.0000	1064.0568	371.0820	605.4165
72.1772	820.0000	1063.1425	371.5927	629.2350
72.3296	911.0000	1062.8376	372.1112	624.9690
72.4820	909.0000	1062.8376	372.6215	589.0635
72.6344	965.0000	1063.1425	373.1395	577.6875
72.7868	999.0000	1068.9336	373.6575	586.5750
72.9392	971.0000	1073.5056	374.1755	596.1735
73.0916	945.0000	1080.8208	374.6940	613.9485
73.2440	851.0000	1082.3448	375.1870	611.4600
73.3964	820.0000	1065.5808	375.7055	605.4165
73.5488	818.0000	1058.8752	376.2240	586.5750
73.7012	775.0000	1057.6560	376.7340	583.7310
73.8536	797.0000	1057.3512	377.2445	633.8565
74.0060	793.0000	1057.9608	377.7545	655.8975
74.1584	820.0000	1058.2656	378.2730	645.9435
74.3108	878.0000	1061.0088	378.7840	611.8156
74.4632	883.0000	1064.6664	379.3025	625.6800
74.6156	961.0000	1064.9712	379.8125	643.0995
74.7680	1006.0000	1067.4095	380.3315	616.0815
74.9204	1019.0000	1077.1632	380.8500	589.0635
75.0728	1042.0000	1079.2968	381.3690	580.8870
75.2252	977.0000	1079.2968	381.8875	587.2860
75.3776	909.0000	1077.7728	382.3972	605.0610
75.5300	794.0000	1070.4576	382.9155	604.3500
75.6824	803.0000	1065.2760	383.4337	583.3755
75.8348	849.0000	1063.1425	383.9352	566.6670
75.9872	816.0000	1064.6664	384.4455	586.2195
76.1396	817.0000	1065.5808	384.9635	598.3065
76.2920	833.0000	1065.5808	385.4740	611.1045
76.4444	858.0000	1063.7520	385.9845	627.4575
76.5968	912.0000	1063.1425	386.5035	603.9945
76.7492	877.0000	1066.1904	387.0138	593.3295
76.9016	928.0000	1069.2384	387.5330	600.7950
77.0540	932.0000	1071.6768	388.0352	619.2810
77.2064	930.0000	1071.0673	388.5455	663.3630
77.3588	937.0000	1068.6288	389.0640	636.7005
77.5112	877.0000	1068.0192	389.5738	616.7925
77.6636	901.0000	1064.3616	390.0920	625.3245
77.8160	891.0000	1059.7896	390.5933	631.3680
77.9684	881.0000	1058.5704	391.1195	583.7310
78.1208	889.0000	1063.4471	391.6380	571.6440
78.2732	849.0000	1064.3616	392.1565	578.0430
78.4256	838.0000	1063.4471	392.6750	612.1710
78.5780	873.0000	1063.1425	393.1770	623.9025
78.7304	831.0000	1062.5328	393.6960	617.1480
78.8828	879.0000	1063.4471	394.2155	576.2655
79.0352	869.0000	1066.4952	394.7345	572.7105
79.1876	932.0000	1075.3344	395.2540	591.1965
79.3400	937.0000	1079.2968	395.7647	610.3935
79.4924	929.0000	1082.3448	396.2840	633.1455
79.6448	955.0000	1080.8208	396.7865	620.3475
79.7972	932.0000	1071.0673	397.2965	603.6390
79.9496	924.0000	1068.6288	397.8065	610.7490
80.1020	873.0000	1068.3240	398.3242	642.7440
80.2544	869.0000	1068.0192	398.8253	664.7850
80.4068	877.0000	1068.0192	399.3427	648.7875
80.5592	869.0000	1069.8480	399.8525	647.3655
80.7116	872.0000	1070.4576	400.3622	673.3170
80.8640	872.0000	1068.9336	400.8805	702.1125
81.0164	863.0000	1067.7144	401.3910	676.5165
81.1688	919.0000	1066.4952	401.8935	676.5165
81.3212	894.0000	1064.3616	402.4045	731.6190
81.4736	919.0000	1064.3616	402.9073	713.1330
81.6260	914.0000	1064.0568	403.4268	692.8695
81.7784	914.0000	1063.4471	403.9457	712.0665
81.9308	894.0000	1064.6664	404.4560	732.6855
82.0832	878.0000	1065.2760	404.9755	724.8645
82.2356	879.0000	1066.4952	405.4755	690.0255
82.3880	851.0000	1063.1425	405.9853	704.9565
82.5404	853.0000	1064.0568	406.5038	755.0820
82.6928	833.0000	1064.3616	407.0135	734.4630
82.8452	842.0000	1064.0568	407.5243	724.8645
82.9976	858.0000	1061.9232	408.0262	759.3480
83.1500	858.0000	1065.2760	408.5365	773.5681
83.3024	857.0000	1068.0192	409.0380	776.0565
83.4548	869.0000	1064.9712	409.5478	778.5450
83.6072	888.0000	1064.9712	410.0367	773.5681
83.7596	870.0000	1064.9712	410.5338	778.5450
83.9120	901.0000	1066.4952	411.0350	776.7675
84.0644	901.0000	1065.5808	411.5367	776.4120
84.2168	897.0000	1066.4952	412.0388	779.9670
84.3692	892.0000	1069.5432	412.5500	803.0745
84.5216	860.0000	1070.1528	413.0530	812.6730
84.6740	858.0000	1069.5432	413.5560	812.3175
84.8264	878.0000	1067.4095	414.0631	816.9390
84.9788	864.0000	1063.1425	414.5533	822.6270
85.1312	873.0000	1060.0944	415.0560	821.5605
85.2836	859.0000	1060.0944	415.5583	816.2280
85.4360	881.0000	1059.4847	416.0600	818.0056
85.5884	850.0000	1055.5225	416.5615	821.5605
85.7408	820.0000	1057.9608	417.0627	824.0490
85.8932	837.0000	1060.0944	417.5725	814.4505
86.0456	823.0000	1061.3136	418.0735	806.6295
86.1980	835.0000	1062.2280	418.5793	800.9415
86.3504	871.0000	1063.4471	419.0770	808.4070
86.5028	873.0000	1062.2280	419.5790	805.5630
86.6552	891.0000	1064.6664	420.0898	816.9390
86.8076	908.0000	1067.4095	420.5923	825.4710
86.9600	922.0000	1070.4576	421.0945	830.4481
87.1124	918.0000	1074.1152	421.5967	846.0900
87.2648	914.0000	1072.2864	422.0900	846.0900
87.4172	875.0000	1068.0192	422.5920	840.7575
87.5696	860.0000	1066.1904	423.0935	815.5170
87.7220	852.0000	1067.1049	423.5950	807.3405
87.8744	852.0000	1067.1049	424.0965	802.7191
88.0268	866.0000	1066.1904	424.5985	805.5630
88.1792	869.0000	1068.9336	425.1088	811.9620
88.3316	877.0000	1070.1528	425.6107	809.1180
88.4840	903.0000	1069.8480	426.1215	820.1385
88.6364	908.0000	1067.7144	426.6070	834.0031
88.7888	928.0000	1064.9712	427.1090	841.8240
88.9412	905.0000	1063.7520	427.6110	835.7805
89.0936	898.0000	1064.3616	428.1125	834.7141
89.2460	916.0000	1062.2280	428.6057	842.5350
89.3984	878.0000	1060.3992	429.1072	856.7550
89.5508	882.0000	1061.9232	429.6175	846.0900
89.7032	863.0000	1063.4471	430.1280	824.7600
89.8556	845.0000	1063.1425	430.6305	827.2485
90.0080	856.0000	1064.0568	431.1245	822.9825
90.1604	838.0000	1064.3616	431.6353	820.1385
90.3128	847.0000	1068.6288	432.1372	808.7625
90.4652	857.0000	1109.1672	432.6475	794.5425
90.6176	873.0000	1087.5264	433.1495	796.6755
90.7700	882.0000	1072.5912	433.6510	806.2740
90.9224	878.0000	1069.5432	434.1617	830.4481
91.0748	889.0000	1068.0192	434.6638	852.4890
91.2272	871.0000	1066.8000	435.1604	856.3995
91.3796	891.0000	1067.7144	435.6632	862.7985
91.5320	878.0000	1066.1904	436.1445	862.7985
91.6844	883.0000	1066.4952	436.6465	873.8190
91.8368	898.0000	1067.7144	437.1485	873.8190
91.9892	864.0000	1070.1528	437.6588	840.0465
92.1416	876.0000	1070.7625	438.1607	831.1591
92.2940	860.0000	1070.4576	438.6628	824.4045
92.4464	866.0000	1068.3240	439.1606	813.0285
92.5988	871.0000	1062.8376	439.6665	806.6295
92.7512	860.0000	1061.6184	440.1600	809.1180
92.9036	849.0000	1062.2280	440.6540	825.1155
93.0560	842.0000	1060.7040	441.1560	845.3790
93.2084	850.0000	1061.0088	441.6577	850.3560
93.3608	863.0000	1061.6184	442.1592	853.2000
93.5132	835.0000	1062.8376	442.6690	851.4225
93.6656	849.0000	1064.3616	443.1710	854.9775
93.8180	865.0000	1064.6664	443.6808	855.6885
93.9704	882.0000	1063.7520	444.1704	849.2896
94.1228	901.0000	1065.8856	444.6765	846.0900
94.2752	891.0000	1068.3240	445.1790	833.6475
94.4276	876.0000	1069.2384	445.6815	823.6935
94.5800	863.0000	1068.9336	446.1925	822.6270
94.7324	837.0000	1069.2384	446.6953	827.2485
94.8848	836.0000	1067.4095	447.1890	821.5605
95.0372	816.0000	1065.2760	447.6910	820.4940
95.1896	827.0000	1065.5808	448.1925	835.0695
95.3420	842.0000	1065.8856	448.6935	821.9160
95.4944	876.0000	1066.4952	449.1945	834.7141
95.6468	895.0000	1067.4095	449.7037	857.4660
95.7992	878.0000	1069.2384	450.2130	862.7985
95.9516	910.0000	1074.1152	450.7227	860.3101
96.1040	901.0000	1076.2488	451.2412	853.5555
96.2564	923.0000	1070.1528	451.7515	857.8215
96.4088	915.0000	1068.6288	452.2622	833.6475
96.5612	917.0000	1068.3240	452.7689	832.2255
96.7136	881.0000	1066.1904	453.2755	828.6705
96.8660	895.0000	1061.0088	453.7865	818.3610
97.0184	857.0000	1059.1801	454.2970	820.4940
97.1708	844.0000	1059.7896	454.8155	833.6475
97.3232	833.0000	1063.4471	455.3340	835.0695
97.4756	825.0000	1065.8856	455.8440	834.3585
97.6280	833.0000	1066.1904	456.3578	847.5120
97.7804	832.0000	1064.3616	456.8715	843.2460
97.9328	844.0000	1064.3616	457.3725	844.6680
98.0852	845.0000	1067.4095	457.8825	850.7115
98.2376	863.0000	1068.9336	458.3925	853.2000
98.3900	870.0000	1070.1528	458.9027	864.2205
98.5424	882.0000	1072.5912	459.4130	846.8010
98.6948	879.0000	1072.8960	459.9315	851.7780
98.8472	907.0000	1068.3240	460.4415	861.3765
98.9996	914.0000	1067.1049	460.9515	845.3790
99.1520	917.0000	1067.7144	461.4612	837.5580
99.3044	950.0000	1068.9336	461.9715	844.3125
99.4568	954.0000	1070.1528	462.4740	842.1795
99.6092	919.0000	1070.1528	462.9843	838.2690
99.7616	902.0000	1073.8104	463.4950	837.9135
99.9140	857.0000	1071.3719	464.0140	858.1770
100.0664	877.0000	1067.1049	464.5250	865.9980
100.2188	851.0000	1064.6664	465.0355	873.1080
100.3712	836.0000	1064.6664	465.5298	885.1950
100.5236	836.0000	1061.3136	466.0400	895.5045
100.6760	839.0000	1058.8752	466.5505	876.6630
100.8284	842.0000	1058.8752	467.0605	869.1975
100.9808	859.0000	1061.9232	467.5790	871.6860
101.1332	849.0000	1062.2280	468.0970	870.9750
101.2856	855.0000	1062.8376	468.6072	850.3560
101.4380	893.0000	1064.6664	469.1258	832.9365
101.5904	879.0000	1067.7144	469.6195	834.0031
101.7428	909.0000	1068.6288	470.1550	853.9110
101.8952	902.0000	1069.5432	470.6493	861.0211
102.0476	931.0000	1070.7625	471.1605	873.4635
102.2000	917.0000	1072.5912	471.6713	888.0390
102.3524	921.7913	1074.6357	472.1686	892.8083
102.5048	943.0833	1076.4012	472.6580	890.0832
102.6572	946.7501	1073.6199	473.1465	890.7498
102.8096	953.6663	1072.9468	473.6208	879.3300
102.9620	964.5002	1075.0677	474.0992	861.5392
103.1144	973.0001	1073.8104	474.5924	860.6656
103.2668	994.8323	1072.7690	475.0827	868.5306
103.4192	988.3340	1073.6072	475.5711	868.0127
103.5716	986.0001	1075.0677	476.0602	866.7979
103.7240	993.6663	1077.2393	476.5543	877.6398
103.8764	978.0425	1075.7410	477.0470	885.1950
104.0288	961.5000	1071.5244	477.5364	881.6400
104.1812	965.1254	1069.2638	478.0181	879.8775
104.3336	972.0833	1071.6005	478.4981	880.5143
104.4860	982.8749	1077.5060	478.9902	874.1746
104.6384	997.3334	1082.0400	479.4843	868.2496
104.7908	1006.7070	1080.9357	479.9732	870.9305
104.9432	1027.5000	1074.1914	480.4641	870.8862
105.0956	1043.2919	1076.4139	480.9608	868.1902
105.2480	1052.9998	1081.2269	481.4579	859.3643
105.4004	1058.9999	1085.3165	481.9538	817.1617
105.5528	1063.9155	1089.1267	482.4417	795.7595
105.7052	1041.6239	1090.0536	482.9157	847.1370
105.8576	1056.0000	1092.0984	483.4050	912.2130
106.0100	1050.0000	1093.6224	483.9245	842.8905
106.1624	1042.0000	1096.0608	484.4348	821.2050
106.3148	1045.0000	1096.9752	484.9450	910.4355
106.4672	1063.0000	1094.5367	485.4635	896.5710
106.6196	1079.0000	1092.7080	485.9735	853.5555
106.7720	1105.0000	1091.7936	486.4750	903.3256
106.9244	1105.0000	1092.0984	486.9765	912.9240
107.0768	1146.0000	1092.0984	487.4870	886.9725
107.2292	1140.0000	1092.4032	487.9973	871.6860
107.3816	1109.0000	1096.0608	488.5075	889.8165
107.5340	1139.0000	1096.3656	489.0178	858.8880
107.6864	1105.0000	1096.6704	489.5363	838.9800
107.8388	1105.0000	1095.4512	490.0465	850.0005
107.9912	1113.0000	1092.4032	490.5565	863.8651
108.1436	1087.0000	1090.5743	491.0665	842.5350
108.2960	1071.0000	1088.7456	491.5725	844.3125
108.4484	1066.0000	1087.5264	492.0787	875.5966
108.6008	1067.0000	1084.1736	492.5890	870.2640
108.7532	1101.0000	1086.6121	493.1075	879.1516
108.9056	1106.0000	1088.7456	493.6177	894.7935
109.0580	1097.0000	1088.1360	494.1365	899.4150
109.2104	1120.0000	1090.5743	494.6465	877.0186
109.3628	1135.0000	1093.6224	495.1562	876.6630
109.5152	1137.0000	1094.8416	495.6745	886.2615
109.6676	1110.0000	1092.4032	496.1675	864.2205
109.8200	1093.0000	1090.8792	496.6778	867.0645
109.9724	1080.0000	1091.4888	497.1885	867.0645
110.1248	1086.0000	1095.1464	497.7075	865.6425
110.2772	1085.0000	1096.6704	498.2188	862.7985
110.4296	1105.0000	1093.9272	498.7300	882.3510
110.5820	1095.0000	1091.4888	499.2405	883.4175
110.7344	1109.0000	1090.5743	499.7510	881.6400
110.8868	1133.0000	1092.4032	500.2610	889.1055
111.0392	1160.0000	1092.7080	500.7545	886.6170
111.1916	1137.0000	1093.0128	501.2730	885.1950
111.3440	1161.0000	1096.3656	501.7827	873.1080
111.4964	1151.0000	1100.0232	502.2930	870.6195
111.6488	1166.0000	1099.1088	502.8115	865.6425
111.8012	1145.0000	1095.7560	503.3222	858.5325
111.9536	1127.0000	1090.8792	503.8330	853.5555
112.1060	1125.0000	1088.7456	504.3272	861.3765
112.2584	1094.0000	1085.6976	504.8465	864.9315
112.4108	1072.0000	1083.2592	505.3570	870.2640
112.5632	1082.0000	1085.0880	505.8760	889.4611
112.7156	1055.0000	1088.1360	506.3863	893.7271
112.8680	1059.0000	1087.5264	506.9045	890.5275
113.0204	1106.0000	1088.7456	507.4145	887.6835
113.1728	1121.0000	1089.6600	507.9325	878.0850
113.3252	1148.0000	1095.1464	508.4255	870.6195
113.4776	1154.0000	1097.5848	508.9355	869.9085
113.6300	1176.0000	1096.3656	509.4463	871.6860
113.7824	1189.0000	1096.6704	509.9570	877.7296
113.9348	1184.0000	1100.9376	510.4755	883.0620
114.0872	1166.0000	1099.1088	510.9862	885.1950
114.2396	1141.8423	1095.0181	511.5141	886.0557
114.3920	1109.5787	1091.7028	512.0338	890.2220
114.5444	1102.8424	1094.6650	512.5605	889.1995
114.6968	1093.8420	1095.7133	513.0808	874.1372
114.8492	1095.6655	1095.4512	513.6085	869.1163
115.0016	1086.3147	1095.2587	514.1385	866.1666
115.1540	1118.1055	1094.9860	514.6737	862.0127
115.3064	1146.9304	1096.6223	515.2047	859.8984
115.4588	1159.8416	1096.8950	515.7366	862.1247
115.6112	1170.2103	1095.6331	516.2568	866.1602
115.7636	1180.7019	1093.9004	516.7800	869.8337
115.9160	1171.1078	1091.5050	517.3084	874.3053
116.0684	1140.1417	1088.8795	517.8405	877.4113
116.2208	1129.4385	1087.5210	518.3730	882.9933
116.3732	1118.2644	1089.4352	518.9054	889.2176
116.5256	1105.0000	1090.7080	519.4373	892.6355
116.6780	1109.1754	1090.3926	519.9652	888.6378
116.8304	1112.0000	1090.8472	520.4912	887.2159
116.9828	1112.0000	1090.5745	521.0150	887.6836
117.1352	1107.7897	1090.2697	521.5421	882.3387
117.2876	1118.5260	1090.7188	522.0710	877.0747
117.4400	1111.4224	1094.1727	522.5999	867.7203
117.5924	1136.2441	1097.1141	523.1351	861.8445
117.7448	1158.1580	1095.2747	523.6653	858.6260
117.8972	1163.6315	1087.6232	524.1933	859.7361
118.0496	1143.0178	1076.0457	524.7213	862.5490
118.2020	1152.3683	1074.7408	525.2338	870.5446
118.3544	1133.3524	1074.4254	525.7605	879.7060
118.5068	1139.4746	1074.1206	526.2886	886.7975
118.6592	1109.8422	1074.4681	526.8251	897.2631
118.8116	1107.1753	1075.2810	527.3539	903.2010
118.9640	1109.2454	1074.6500	527.8896	902.4270
119.1164	1112.2628	1073.8265	528.4178	905.8329
119.2688	1121.8937	1071.9336	528.9460	902.2535
119.4212	1132.1760	1070.5271	529.4707	891.6324
119.5736	1126.5262	1070.5219	529.9880	877.4678
119.7260	1132.4738	1069.8480	530.5226	866.3972
119.8784	1141.3337	1070.2543	531.0536	860.9031
120.0308	1134.3164	1070.9550	531.5906	857.1852
120.1832	1137.6831	1071.0083	532.1277	858.5325
120.3356	1154.6310	1072.0403	532.6612	865.0797
120.4880	1153.2638	1074.1952	533.1820	880.8719
120.6404	1141.3861	1075.7942	533.7017	889.2864
120.7928	1135.0000	1075.9440	534.2304	901.4467
120.9452	1126.8955	1075.4147	534.7590	915.2064
121.0976	1119.1580	1075.2167	535.2927	913.7538
121.2500	1130.9800	1076.1256	535.8242	905.1478
121.4024	1141.4205	1076.3451	536.3520	901.6603
121.5548	1130.7728	1075.5911	536.8615	887.2293
121.7072	1135.8051	1074.6448	537.3885	877.0818
121.8596	1155.5765	1074.6606	537.9186	878.6833
122.0120	1148.4565	1074.7249	538.4465	880.6795
122.1644	1196.7181	1074.9868	538.9742	877.8730
122.3168	1205.0000	1076.1204	539.5096	880.2365
122.4692	1196.6323	1077.9491	540.0381	891.8113
122.6216	1199.8595	1078.9598	540.5659	888.8875
122.7740	1164.0000	1076.8584	541.0935	881.6400
122.9264	1169.6996	1075.7002	541.6972	885.6924
123.0788	1145.7017	1072.3475	663.8335	917.8989
123.2312	1134.5010	1070.4274	679.8976	851.6618
123.3836	1125.8007	1067.2271	681.0062	867.2041
123.5360	1118.7501	1067.1809	681.7131	934.9631
123.6884	1136.5966	1069.1162	682.2909	877.3522
123.8408	1158.6481	1070.6404	682.8310	853.6608
123.9932	1174.3997	1071.4330	683.3612	902.6124
124.1456	1199.2469	1071.8444	683.8809	913.9756
124.2980	1219.4994	1073.2007	684.4013	879.5099
124.4504	1223.1001	1074.8314	684.9296	851.6009
124.6028	1223.6001	1076.3098	685.4454	872.5400
124.7552	1212.3521	1078.3062	685.9526	898.7070
124.9076	1178.0006	1079.8453	686.4797	860.0258
125.0600	1160.2496	1080.5161	686.9958	865.0195
125.2124	1166.0011	1078.3826	687.5138	888.1823
125.3648	1150.1500	1076.6146	688.0367	874.9210
125.5172	1152.5995	1073.6885	688.5527	891.2012
125.6696	1167.6492	1075.3800	689.0695	944.7064
125.8220	1180.0000	1076.2488	689.6010	933.8986
125.9744	1183.8000	1075.9592	690.1126	852.8431
126.1268	1191.1995	1075.9440	690.6131	901.3666
126.2792	1192.0000	1075.9440	691.1237	870.3727
126.4316	1182.3999	1076.1879	691.6397	889.7457
126.5840	1167.2504	1076.9346	692.1565	888.7502
126.7364	1160.2001	1076.3098	692.6619	880.2894
126.8888	1160.3000	1074.7552	693.1633	888.8212
127.0412	1148.3986	1073.9324	693.6649	902.8998
127.1936	1147.1501	1072.4692	694.1570	900.4814
127.3460	1136.9993	1068.9335	694.6504	892.8383
127.4984	1114.2494	1065.8093	695.1508	902.9533
127.6508	1148.7980	1066.1903	695.6510	913.5641
127.8032	1224.2014	1069.5128	696.1508	904.9248
127.9556	1207.7905	1072.4694	696.6527	901.4067
128.1080	1137.4968	1072.4388	697.1559	888.6651
128.2604	1199.9976	1071.6158	697.6514	839.4753
128.4128	1241.4940	1074.1764	698.1581	893.2126
128.5652	1180.3005	1076.0050	698.6581	900.5537
128.7176	1168.4523	1073.8562	699.1517	866.1581
128.8700	1234.0000	1074.7249	699.6530	869.1975
129.0224	1235.7999	1080.7598	700.1053	905.0312
129.1748	1183.2024	1078.7483	700.5715	867.4930
129.3272	1183.3014	1075.5171	701.0331	848.1510
129.4796	1201.0004	1075.5173	701.4927	970.5899
129.6320	1186.0000	1075.3345	701.9524	987.0458
129.7844	1145.7992	1073.2008	702.4086	899.9830
129.9368	1138.0049	1071.4634	702.8629	878.0159
130.0892	1176.7994	1072.2255	703.3237	889.4601
130.2416	1162.3995	1074.6030	703.7895	872.2556
130.3940	1148.0000	1076.2488	704.2477	896.5710
130.5464	1148.0000	1075.9745	704.7065	902.0101
130.6988	1175.1987	1075.9440	705.1719	886.6888
130.8512	1189.0007	1073.5968	705.6329	857.3212
131.0036	1181.1997	1072.2255	706.0923	892.7330
131.1560	1193.0000	1072.4387	706.5519	932.4766
131.3084	1210.0001	1073.1399	707.0097	904.1093
131.4608	1203.1010	1073.1399	707.4654	863.0438
131.6132	1200.4011	1072.4083	707.9237	909.1578
131.7656	1220.5985	1072.8960	708.3896	946.9431
131.9180	1172.0000	1072.8960	708.8495	872.3970
132.0704	1190.0526	1073.5002	709.3849	855.8118
132.2228	1193.4205	1073.2329	709.9042	922.0989
132.3752	1204.5259	1074.1473	710.4320	904.4433
132.5276	1195.7192	1074.7035	710.9668	808.1539
132.6800	1192.7017	1074.4735	711.4844	965.5065
132.8324	1201.8944	1075.2861	711.9963	1007.3581
132.9848	1216.5267	1077.7673	712.5226	888.4587
133.1372	1207.4038	1079.3501	713.0405	862.7526
133.2896	1216.0000	1075.7034	713.5526	955.6195
133.4420	1213.8949	1074.6874	714.0731	890.9083
133.5944	1200.5269	1076.0028	714.5994	880.3038
133.7468	1182.8425	1076.0563	715.1184	917.9012
133.8992	1175.3324	1075.0564	715.6376	903.5708
134.0516	1187.2982	1074.1901	716.1567	874.5924
134.2040	1175.5791	1074.4200	716.6735	891.4998
134.3564	1163.7550	1074.4200	717.1865	918.3960
134.5088	1164.5624	1074.3291	717.7083	886.6153
134.6612	1189.1586	1073.9227	718.2338	874.3440
134.8136	1209.6667	1073.3024	718.7535	944.4486
134.9660	1212.4034	1072.6821	719.2761	945.8713
135.1184	1214.2632	1072.0618	719.8040	815.7042
135.2708	1218.0186	1071.4414	720.3286	844.9868
135.4232	1213.8943	1071.8052	720.8462	926.1659
135.5756	1194.3158	1073.0243	721.3645	933.7493
135.7280	1188.0525	1073.7356	721.8858	878.5211
135.8804	1188.0176	1074.1420	722.4045	897.0449
136.0328	1209.6327	1073.8104	722.9235	929.2017
136.1852	1219.1401	1073.8104	723.4426	895.0612
136.3376	1220.6655	1073.8104	723.9617	885.2929
136.4900	1230.5262	1076.3771	724.4811	914.1207
136.6424	1242.4211	1080.1792	725.0037	884.1221
136.7948	1237.4039	1081.0881	725.5269	871.8849
136.9472	1217.8947	1077.6444	726.0320	919.2485
137.0996	1191.1234	1075.1526	726.5453	880.4317
137.2520	1184.9828	1074.6553	727.0677	838.5995
137.4044	1174.8419	1074.6125	727.5920	874.5117
137.5568	1170.5441	1074.1312	728.1141	901.1678
137.7092	1183.6677	1074.8265	728.6331	880.3341
137.8616	1213.6309	1075.7515	729.1519	875.0537
138.0140	1194.8264	1077.0134	729.6709	900.5363
138.1664	1190.6326	1076.5909	730.1899	898.3160
138.3188	1205.0529	1075.3503	730.6970	881.4153
138.4712	1221.0701	1072.7302	731.2122	897.9368
138.6236	1214.9642	1072.9229	731.7322	901.1798
138.7760	1196.9994	1073.6821	732.2587	897.3193
138.9284	1204.2987	1072.8264	732.7800	931.8605
139.0808	1232.5618	1072.5912	733.2999	949.3848
139.2332	1228.7372	1072.8479	733.8122	894.7392
139.3856	1227.0000	1073.4200	734.3299	884.7397
139.5380	1218.2277	1073.2383	734.8491	909.7879
139.6904	1216.1052	1074.5645	735.3679	883.3796
139.8428	1209.6140	1074.4468	735.8865	881.1598
139.9952	1192.2634	1074.7035	736.4129	865.4183
140.1476	1208.0537	1074.4360	736.9246	878.0297
140.3000	1183.9113	1075.3022	737.4436	949.8054
140.4524	1204.6145	1077.7301	737.9628	864.7176
140.6048	1202.0000	1077.4680	738.4655	845.0236
140.7572	1195.0656	1076.2488	738.9843	910.6506
140.9096	1201.1305	1076.2887	739.5109	963.3419
141.0620	1257.8344	1076.8284	740.0385	875.6426
141.2144	1242.3268	1076.2738	740.5729	873.8412
141.3668	1269.0333	1074.4700	741.0995	903.8322
141.5192	1254.6729	1074.8447	741.6263	910.5290
141.6716	1228.2800	1075.4043	742.1508	900.8610
141.8240	1191.3925	1075.5592	742.6710	891.5597
141.9764	1168.2291	1074.7047	743.1964	908.1865
142.1288	1166.6230	1072.5012	743.7161	899.1985
142.2812	1165.1473	1070.2977	744.2343	883.4471
142.4336	1152.2130	1068.4539	744.7610	937.7361
142.5860	1158.6738	1067.9742	745.2879	939.5837
142.7384	1187.8191	1069.1635	745.8146	900.6326
142.8908	1223.2794	1072.2516	746.3458	908.7626
143.0432	1237.5247	1075.0597	746.8772	888.8298
143.1956	1264.7522	1076.1488	747.4041	878.2481
143.3480	1285.4098	1075.6542	747.9312	915.5939
143.5004	1258.8341	1074.0802	748.4556	854.4991
143.6528	1244.3114	1074.1052	748.9840	796.5363
143.8052	1237.4270	1074.8396	749.5125	910.7084
143.9576	1208.7544	1077.2281	750.0399	934.7847
144.1100	1202.0164	1080.3761	750.5674	865.9525
144.2624	1190.4098	1078.7272	751.0880	925.7632
144.4148	1181.2617	1075.0793	751.6002	959.2917
144.5672	1200.4587	1074.6799	752.1242	909.2533
144.7196	1198.6886	1076.0739	752.6512	916.1756
144.8720	1197.0819	1076.2488	753.1782	978.3111
145.0244	1220.7721	1075.3793	753.7047	861.9744
145.1768	1224.9507	1075.0345	754.2311	839.2548
145.3292	1299.0358	933.3307	754.7575	890.8665
145.4816	1351.1069	171.7191	755.2758	908.5569
145.6340	1166.7161	236.5080	755.8024	858.3287
145.7864	1241.5409	503.4400	756.3242	865.0206
145.9388	1219.2606	729.9520	756.8408	932.6804
146.0912	1132.6276	821.0510	757.3680	916.7334
146.2436	1234.4084	954.9857	757.8970	892.1392
146.3960	1222.1626	983.0801	758.4309	918.7520
146.5484	1132.6239	993.4980	758.9576	911.6546
146.7008	1129.1478	995.0970	759.4844	878.3415
146.8532	1216.5938	995.5170	760.0111	893.3964
147.0056	1212.0376	1001.1327	760.5378	904.1887
147.1580	1155.8358	1006.0748	761.0580	890.5335
147.3104	1199.2158	1005.1304	761.5753	887.0720
147.4628	1195.1208	1005.3452	762.0984	906.5347
147.6152	1171.8513	1007.3839	762.6215	914.7719
147.7676	1214.0990	1008.2534	763.1489	902.9174
147.9200	1167.7369	1005.3503	763.6767	896.5128
148.0724	1147.8997	1001.7378	764.1964	880.9184
148.2248	1275.3262	1005.9199	764.7166	877.8227
148.3772	1285.2473	1011.9609	765.2415	908.0453
148.5296	1264.2291	1014.7491	765.7676	909.8245
148.6820	1254.9338	1015.0640	766.2941	881.2366
148.8344	1247.1472	1017.8024	766.8206	905.3503
148.9868	1239.5742	1027.4552	767.3470	917.0558
149.1392	1228.8030	1045.4144	767.8734	872.3665
149.2916	1203.5400	1046.9230	768.3932	916.9474
149.4440	1227.9484	1043.1108	768.9193	978.5353
149.5964	1237.5410	1043.5753	769.4307	882.3965
149.7488	1216.7211	1045.1093	769.9568	908.2504
149.9012	1172.0000	1043.9399	770.4755	923.5891
150.0536	1132.8007	1042.7452	770.9834	909.3053
150.2060	1098.4011	1040.9652	771.4831	891.6088
150.3584	1190.9952	1040.6055	771.9828	893.8904
150.5108	1173.0795	1044.2327	772.4822	873.1502
150.6632	1130.4991	1047.0186	772.9897	786.8619
150.8156	1199.0403	1048.3657	773.4901	860.0687
150.9680	1245.9789	1050.3468	773.9901	1020.8281
151.1204	1153.7233	1057.3022	774.4758	944.2398
151.2728	1301.4513	1062.3193	774.9801	861.7567
151.4252	1439.5801	1068.0183	775.4752	903.8834
151.5776	1358.9227	1076.1328	775.9683	911.8008
151.7300	1268.9594	1074.8345	776.4603	933.3157
151.8824	1226.3234	1070.6532	776.9586	925.9232
152.0348	1176.9629	1068.8849	777.4488	926.3758
152.1872	1181.2988	1072.6825	777.9368	936.2800
152.3396	1212.4349	1074.8344	778.4273	921.4601
152.4920	1167.5687	1074.6273	778.9241	868.3513
152.6444	1172.2788	1074.0299	779.4237	894.7490
152.7968	1230.6798	1075.7002	779.9236	873.3714
152.9492	1210.0044	1077.2241	780.4236	862.8677
153.1016	1166.6608	1075.7003	780.9240	915.7443
153.2540	1226.9937	1072.3719	781.4248	941.3785
153.4064	1283.0798	1071.9143	781.9300	903.3685
153.5588	1217.9705	1071.6283	782.4211	892.5153
153.7112	1168.4989	1067.7147	782.9135	920.7440
153.8636	1223.6697	1064.9712	783.4133	920.9891
154.0160	1198.3334	1065.1113	783.9086	928.7191
154.1684	1081.7633	1064.0691	784.4081	953.1095
154.3208	1172.5699	1062.9167	784.9076	936.1459
154.4732	1339.0048	1066.6160	785.4073	895.5090
154.6256	1230.6217	1072.5299	785.9071	893.4597
154.7780	1121.1041	1071.4589	786.4073	913.6530
154.9304	1226.2274	1067.1228	786.9050	893.4870
155.0828	1301.6019	1071.4692	787.3975	871.9575
155.2352	1256.6028	1078.1383	787.8900	887.2145
155.3876	1242.0302	1079.5049	788.3847	970.2869
155.5400	1275.6653	1075.1759	788.8850	950.3519
155.6924	1212.8085	1074.6517	789.3845	883.9014
155.8448	1163.2109	1074.3530	789.8822	893.2762
155.9972	1210.7985	1074.6638	790.3754	937.0980
156.1496	1226.7047	1076.9681	790.8747	931.8524
156.3020	1145.9717	1076.8834	791.3699	912.2086
156.4544	1118.3429	1073.4269	791.8483	935.5043
156.6068	1307.6377	1071.4692	792.3472	938.1528
156.7592	1303.7502	1074.3896	792.8397	914.9552
156.9116	1098.6274	1073.4829	793.3391	895.1906
157.0640	1163.5702	1066.1173	793.8322	902.2640
157.2164	1344.3228	1065.1776	794.3407	939.9196
157.3688	1325.6013	1070.1709	794.8491	903.9050
157.5212	1207.0000	1071.0673	795.3497	844.6680
157.6736	1208.6838	1070.0408	795.7726	942.8407
157.8260	1251.4084	1074.0177	796.2012	983.6431
157.9784	1236.2720	1076.4252	796.6359	902.3196
158.1308	1193.5812	1076.0725	797.0701	839.0324
158.2832	1189.1467	1075.4943	797.4999	892.0844
158.4356	1244.3716	1078.5105	797.9298	960.5742
158.5880	1218.2646	1080.5640	798.3593	852.4953
158.7404	1153.8539	1078.3508	798.7827	860.7175
158.8928	1193.9355	1075.5273	799.1955	952.4432
159.0452	1255.8398	1075.5267	799.5900	984.4958
159.1976	1252.6931	1077.9491	799.9779	935.8661
159.3500	1177.4218	1078.9119	800.3801	913.1478
159.5024	1164.7904	1075.8319	800.7649	926.3198
159.6548	1242.1416	1071.3087	801.1790	937.2456
159.8072	1233.3193	1071.6926	801.6049	896.3891
159.9596	1185.6862	1073.3131	802.0383	870.9750
160.1120	1166.2046	1074.4038	802.4775	856.7236
160.2644	1198.4199	1075.3181	802.9171	835.4736
160.4168	1206.0000	1076.8584	803.3395	886.9725
160.5692	1202.5372	1076.8408	803.8670	941.9053
160.7216	1230.8441	1076.0376	804.3744	914.5796
160.8740	1249.5206	1078.4528	804.8900	903.2499
161.0264	1210.8466	1079.5078	805.4023	912.9786
161.1788	1239.6267	1078.2654	805.9217	914.0142
161.3312	1300.7305	1077.0576	806.4332	999.0373
161.4836	1279.4250	1075.8385	806.9457	996.9333
161.6360	1206.8445	1072.9666	807.4666	923.7286
161.7884	1220.9805	1072.1515	807.9933	904.9118
161.9408	1226.3492	1074.8302	808.5131	901.3143
162.0932	1156.3143	1076.3602	809.0353	891.8987
162.2456	1108.5387	1075.5688	809.5627	819.4566
162.3980	1140.0000	1075.4868	810.0809	1005.2652
162.5504	1259.7214	1077.9126	810.5952	992.1608
162.7028	1280.8156	1082.9955	811.1182	889.2383
162.8552	1185.3857	1081.3134	811.6419	881.1721
163.0076	1210.7812	1079.0916	812.1536	954.9587
163.1600	1294.3486	1082.0392	812.6536	963.5371
163.3124	1237.4469	1085.6626	813.1359	908.3909
163.4648	1152.7701	1080.0238	813.6195	933.1865
163.6172	1161.0892	1075.5804	814.0966	961.6542
163.7696	1219.6919	1077.1045	814.5891	941.9802
163.9220	1207.8119	1078.9568	815.1025	897.4205
164.0744	1199.1466	1079.4374	815.6268	870.7045
164.2268	1253.6322	1080.1876	816.1510	890.6057
164.3792	1253.0024	1080.5160	816.6760	886.2657
164.5316	1223.8092	1079.7366	817.1970	893.7133
164.6840	1282.5283	1079.4608	817.7090	960.9402
164.8364	1340.9036	1080.1115	818.2220	938.2427
164.9888	1307.0890	1079.8129	818.7427	872.9680
165.1412	1285.9604	1077.6617	819.2680	918.9338
165.2936	1262.3113	1076.7411	819.7913	966.7685
165.4460	1208.1958	1074.7308	820.3107	896.4821
165.5984	1219.0333	1074.3027	820.8297	887.2956
165.7508	1174.7545	1075.9557	821.3486	940.6436
165.9032	1063.3151	1073.5996	821.8732	900.1040
166.0556	1137.9783	1068.8170	822.3891	856.4714
166.2080	1275.7972	1069.4141	822.8945	899.1633
166.3604	1224.5116	1076.3242	823.4039	960.1997
166.5128	1151.3901	1077.6791	823.9221	897.3188
166.6652	1249.9481	1077.9486	824.4424	914.5327
166.8176	1283.2306	1083.0010	824.9630	916.7531
166.9700	1205.4602	1083.6696	825.4831	902.9454
167.1224	1289.6848	1080.4694	826.0030	918.8295
167.2748	1313.1919	1080.9614	826.5153	926.4737
167.4272	1217.6017	1081.6648	827.0336	872.1240
167.5796	1165.2347	1077.3278	827.5536	813.8472
167.7320	1260.6796	1079.3903	828.0737	957.3699
167.8844	1257.6943	1083.3347	828.5942	932.9618
168.0368	1186.8160	1083.2709	829.1148	773.4772
168.1892	1219.3057	1081.4657	829.6357	869.3215
168.3416	1292.0000	1081.7352	830.1400	902.2590
168.4940	1236.3420	1081.0881	830.6515	827.6801
168.6464	1211.1757	1074.9642	831.1582	833.6696
168.7988	1244.7147	1074.7628	831.6972	876.0522
168.9512	1231.1477	1076.5536	832.2411	903.5989
169.1036	1209.4803	1076.7985	832.7827	878.4563
169.2560	1221.5707	1078.0557	833.3372	739.7153
169.4084	1223.6260	1079.7538	833.8885	784.8069
169.5608	1214.1437	1079.3406	834.4307	816.2263
169.7132	1230.2109	1079.0952	834.9719	824.1765
169.8656	1265.8531	1081.3322	835.5093	802.5976
170.0180	1252.8455	1082.0400	836.0528	670.8392
170.1704	1248.8544	1081.8441	836.5975	627.0180
170.3228	1217.0085	1081.7352	837.1411	693.2658
170.4752	1174.5035	1081.5067	837.6877	616.3618
170.6276	1202.9601	1080.6957	838.2204	603.2242
170.7800	1237.7120	1078.9486	838.7488	689.8660
170.9324	1177.3511	1078.4097	839.2844	710.6559
171.0848	1204.7448	1079.2639	839.8212	729.5213
171.2372	1246.1069	1079.6614	840.3459	767.8834
171.3896	1248.7911	1082.7805	840.8866	863.8687
171.5420	1225.3615	1080.8206	841.4252	820.2391
171.6944	1359.7141	1083.9885	841.9747	678.5232
171.8468	1361.6440	1087.8265	842.5388	515.7661
171.9992	1282.4277	1084.2610	843.1012	456.4012
172.1516	1290.4092	1082.1273	843.6572	490.5487
172.3040	1267.9750	1079.5583	844.2141	472.8784
172.4564	1215.0906	1076.3092	844.7703	473.0500
172.6088	1245.4923	1073.9629	845.3287	475.3029
172.7612	1198.9937	1075.4971	845.8928	484.0493
172.9136	1080.4082	1074.2683	846.4570	511.4689
173.0660	1154.0201	1070.9803	847.0155	563.9509
173.2184	1277.5671	1072.5475	847.5705	576.0121
173.3708	1219.0151	1077.4836	848.1219	566.5158
173.5232	1179.8577	1075.9332	848.6619	558.6939
173.6756	1270.6151	1076.1344	849.2245	501.1277
173.8280	1328.5620	1081.9082	849.7887	320.4689
173.9804	1406.6370	1089.2295	850.3519	225.4569
174.1328	1493.2139	1093.9272	852.0831	206.1500
174.2852	1489.6409	1094.1990	883.9542	1185.1996
174.4376	1370.0228	1096.7142	895.4420	470.3969
174.5900	1209.1176	1091.6161	951.8293	431.8994
174.7424	1138.0017	1076.8586	956.2685	667.2795
174.8948	1133.5171	1076.2214	959.3267	427.9500
175.0472	1175.9204	1077.1849	965.0778	520.4038
175.1996	1280.4861	1078.3984	970.6225	605.7110
175.3520	1286.8309	1080.4287	977.5202	970.2959
175.5044	1205.9337	1081.1039	978.1592	610.5730
175.6568	1221.5620	1078.4264	1009.5506	697.1202
175.8092	1251.8757	1077.8107	1033.5637	877.9199
175.9616	1273.7468	1078.5892	1037.1255	684.4986
176.1140	1334.7806	1079.1334	1041.5702	207.9960
176.2664	1312.9327	1081.6914	1054.1163	372.6328
176.4188	1219.7544	1080.8099	1060.2654	543.7516
176.5712	1222.7474	1079.4275	1065.4706	109.9249
176.7236	1270.4177	1081.0272	1111.1835	695.9351
176.8760	1252.0000	1082.0400	1177.3405	1264.1581
177.0284	1146.7249	1081.6578	1178.7330	639.7093
177.1808	1139.8846	1078.1937	1180.4271	181.8307
177.3332	1274.6562	1081.1315	1182.1702	61.5690
177.4856	1289.3975	1085.7494	1183.9454	8.1646
177.6380	1188.0187	1086.0482	1192.8970	16.0791
177.7904	1217.6332	1083.6743	1254.8821	259.0609
177.9428	1298.0450	1082.7079	1255.5299	125.0123
178.0952	1268.4215	1084.8868	1256.1721	49.6181
178.2476	1297.2736	1085.3928	1256.8903	7.8153
178.4000	1326.7239	1085.2632	1261.0679	135.8541
178.5524	1312.8751	1084.9258	1273.7634	584.5552
178.7048	1280.1926	1085.3151	1320.7666	225.5619
178.8572	1268.6823	1085.3408	1474.0665	116.2236
179.0096	1255.5328	1085.9116	1521.6378	110.5267
179.1620	1191.0686	1083.7522	1524.0538	35.6433
179.3144	1075.3192	1076.8003	1533.4786	-24.6279
179.4668	1166.2224	1070.2697	1575.4015	214.5861
179.6192	1307.1769	1069.7244	1632.9576	586.1357
179.7716	1215.8173	1071.2424	1633.4414	454.0352
179.9240	1190.4371	1069.7638	1634.7312	570.1432
180.0764	1294.8003	1074.1396	1636.4602	753.5951
180.2288	1265.7566	1081.4950	1637.1091	580.4312
180.3812	1294.8201	1082.6561	1637.7063	359.1598
180.5336	1501.1168	1084.0568	1638.2998	168.3601
180.6860	1602.7233	1113.2587	1644.6412	470.3786
180.8384	1551.7893	1152.1824	1650.2867	652.4985
180.9908	1501.6805	1168.5840	1650.8685	332.0562
181.1432	1416.5797	1169.4141	1651.4630	97.0485
181.2956	1256.4976	1132.3347	1658.5065	186.4681
181.4480	1113.1266	1091.1254	1671.7969	934.6262
181.6004	1090.7638	1072.1704	1677.3358	1087.0580
181.7528	1184.3740	1066.1517	1677.9928	713.1082
181.9052	1233.5317	1071.2682	1678.6732	328.0777
182.0576	1238.0000	1075.3538	1679.3481	242.6319
182.2100	1268.5320	1076.8519	1683.2185	941.0710
182.3624	1269.0426	1079.9647	1684.8309	1137.3054
182.5148	1307.7214	1082.0205	1685.2704	1024.4121
182.6672	1423.2948	1085.3020	1685.7122	844.5591
182.8196	1420.6180	1090.3019	1686.3229	419.6263
182.9720	1291.6040	1088.0713	1691.8363	800.3134
183.1244	1232.4915	1080.8795	1693.2130	669.4413
183.2768	1237.7227	1076.9105	1693.7170	474.5655
183.4292	1115.4731	1074.0436	1694.2256	289.1435
183.5816	1060.9349	1060.1135	1694.7399	356.2738
183.7340	1307.8982	1060.6392	1706.7786	920.4602
183.8864	1386.5394	1070.8479	1707.7706	739.6214
184.0388	1193.0000	1080.2112	1708.1490	444.7305
184.1912	1191.0000	1075.9440	1708.5229	243.1620
184.3436	1375.0000	1077.4680	1708.8915	177.3945
184.4960	1489.0000	1084.1736	1709.6230	-21.3300
184.6484	1485.0000	1095.1464	1812.9615	364.3875
184.8008	1530.0000	1128.0648	1812.9615	364.3875
184.9532	1572.0000	1146.0480	1812.9615	364.3875
185.1056	1493.0000	1159.7640	1812.9615	364.3875
185.2580	1273.0000	1162.2024	1812.9615	364.3875
185.4104	1170.0000	1135.6848	1812.9615	364.3875
185.5628	1200.0000	1080.8208	1812.9615	364.3875
185.7152	1172.0000	1075.3344	1812.9615	364.3875
185.8676	1101.0000	1071.9816	1812.9615	364.3875
186.0200	1268.0000	1071.6768	1812.9615	364.3875
186.1724	1342.0000	1078.3824	1812.9615	364.3875
186.3248	1178.0000	1082.0400	1812.9615	364.3875
186.4772	1198.0000	1076.2488	1812.9615	364.3875
186.6296	1337.0000	1076.2488	1812.9615	364.3875
186.7820	1263.0000	1075.9440	1812.9615	364.3875
186.9344	1187.0000	1075.3344	1812.9615	364.3875
187.0868	1289.0000	1074.7249	1812.9615	364.3875
187.2392	1323.0000	1077.1632	1812.9615	364.3875
187.3916	1210.0000	1076.8584	1812.9615	364.3875
187.5440	1222.0000	1075.3344	1812.9615	364.3875
187.6964	1429.0000	1082.0400	1812.9615	364.3875
187.8488	1432.0000	1092.0984	1812.9615	364.3875
188.0012	1331.0000	1094.8416	1812.9615	364.3875
188.1536	1322.0000	1089.6600	1812.9615	364.3875
188.3060	1269.0000	1077.7728	1812.9615	364.3875
188.4584	1239.0000	1076.5536	1812.9615	364.3875
188.6108	1264.0000	1078.9919	1812.9615	364.3875
188.7632	1194.0000	1080.8208	1812.9615	364.3875
188.9156	1108.0000	1073.2008	1812.9615	364.3875
189.0680	1231.0000	1067.7144	1812.9615	364.3875
189.2204	1327.0000	1073.5056	1812.9615	364.3875
189.3728	1166.0000	1079.6016	1812.9615	364.3875
189.5252	1141.0000	1074.4200	1812.9615	364.3875
189.6776	1394.0000	1074.1152	1812.9615	364.3875
189.8300	1481.0000	1079.6016	1812.9615	364.3875
189.9824	1434.0000	1115.2632	1812.9615	364.3875
190.1348	1366.0000	1127.7600	1812.9615	364.3875
190.2872	1238.0000	1115.8728	1812.9615	364.3875
190.4396	1232.0000	1093.6224	1812.9615	364.3875
190.5920	1097.0000	1070.7625	1812.9615	364.3875
190.7444	997.0000	1064.6664	1812.9615	364.3875
190.8968	1066.0000	1057.3512	1812.9615	364.3875
191.0492	1125.0000	1054.6080	1812.9615	364.3875
191.2016	1146.0000	1059.7896	1812.9615	364.3875
191.3540	1167.0000	1064.3616	1812.9615	364.3875
191.5064	1127.0000	1066.1904	1812.9615	364.3875
191.6588	938.0000	1063.7520	1812.9615	364.3875
191.8112	1035.0000	1058.2656	1812.9615	364.3875
191.9636	1209.0000	1058.5704	1812.9615	364.3875
192.1160	1190.0000	1066.8000	1812.9615	364.3875
192.2684	1311.0000	1074.7249	1812.9615	364.3875
192.4208	1337.0000	1083.2592	1812.9615	364.3875
192.5732	1322.0000	1088.7456	1812.9615	364.3875
192.7256	1344.0000	1082.6497	1812.9615	364.3875
192.8780	1236.0000	1079.9064	1812.9615	364.3875
193.0304	1210.0000	1077.7728	1812.9615	364.3875
193.1828	1147.0000	1072.2864	1812.9615	364.3875
193.3352	954.0000	1067.4095	1812.9615	364.3875
193.4876	736.0000	1056.7416	1812.9615	364.3875
193.6400	752.0000	1042.4160	1812.9615	364.3875
193.7924	831.0000	1036.6248	1812.9615	364.3875
193.9448	811.0000	1039.0632	1812.9615	364.3875
194.0972	818.0000	1037.8440	1812.9615	364.3875
194.2496	811.0000	1031.4432	1812.9615	364.3875
194.4020	807.0000	1029.6144	1812.9615	364.3875
194.5544	859.0000	1029.0048	1812.9615	364.3875
194.7068	975.0000	1032.6624	1812.9615	364.3875
194.8592	938.0000	1035.1008	1812.9615	364.3875
195.0116	886.0000	1038.7584	1812.9615	364.3875
195.1640	935.0000	1044.8544	1812.9615	364.3875
195.3164	860.0000	1046.3784	1812.9615	364.3875
195.4688	727.0000	1046.6832	1812.9615	364.3875
195.6212	601.0000	1032.9672	1812.9615	364.3875
195.7736	498.0000	1024.7375	1812.9615	364.3875
195.9260	455.0000	1018.9464	1812.9615	364.3875
196.0784	1380.0000	104.8512	1812.9615	364.3875
196.2308	762.0000	227.3808	1812.9615	364.3875
196.3832	599.0000	305.4096	1812.9615	364.3875
196.5356	969.0000	340.7664	1812.9615	364.3875
196.6880	602.0000	518.7696	1812.9615	364.3875
196.8404	912.0000	245.0592	1812.9615	364.3875
196.9928	619.0000	373.3800	1812.9615	364.3875
197.1452	1312.0000	92.3544	1812.9615	364.3875
197.2976	969.0000	657.4536	1812.9615	364.3875
197.4500	654.0000	848.8680	1812.9615	364.3875
197.6024	1262.0000	35.9664	1812.9615	364.3875
197.7548	994.0000	319.7352	1812.9615	364.3875
197.9072	1213.0000	124.9680	1812.9615	364.3875
198.0596	1113.0000	58.5216	1812.9615	364.3875
198.2120	1106.0000	172.2120	1812.9615	364.3875
198.3644	948.0000	107.8992	1812.9615	364.3875
198.5168	1141.0000	7.9248	1812.9615	364.3875
198.6692	1022.0000	206.0448	1812.9615	364.3875
198.8216	1442.0000	40.2336	1812.9615	364.3875
198.9740	832.0000	385.5720	1812.9615	364.3875
199.1264	450.0000	328.8792	1812.9615	364.3875
199.2788	399.0000	324.0024	1812.9615	364.3875
199.4312	330.0000	305.4096	1812.9615	364.3875
199.5836	313.0000	313.0296	1812.9615	364.3875
199.7360	437.0000	877.2144	1812.9615	364.3875
199.8884	333.0000	859.8408	1812.9615	364.3875
200.0408	332.0000	860.7552	1812.9615	364.3875
200.1932	295.0000	862.8888	1812.9615	364.3875
200.3456	1244.0000	1.8288	1812.9615	364.3875
200.4980	904.0000	245.3640	1812.9615	364.3875
200.6504	468.0000	603.5040	1812.9615	364.3875
200.8028	367.0000	853.1352	1812.9615	364.3875
200.9552	378.0000	1544.1168	1812.9615	364.3875
201.1076	396.0000	1522.4760	1812.9615	364.3875
201.2600	302.0000	495.9096	1812.9615	364.3875
201.4124	283.0000	911.6568	1812.9615	364.3875
201.5648	969.0000	144.4752	1812.9615	364.3875
201.7172	759.0000	433.1208	1812.9615	364.3875
201.8696	584.0000	808.9392	1812.9615	364.3875
202.0220	1095.0000	62.4840	1812.9615	364.3875
202.1744	990.0000	279.5016	1812.9615	364.3875
202.3268	708.0000	836.0664	1812.9615	364.3875
202.4792	469.0000	919.5816	1812.9615	364.3875
202.6316	409.0000	932.9928	1812.9615	364.3875
202.7840	1004.0000	282.2448	1812.9615	364.3875
202.9364	700.0000	861.6696	1812.9615	364.3875
203.0888	419.0000	950.0616	1812.9615	364.3875
203.2412	376.0000	929.6400	1812.9615	364.3875
203.3936	593.0000	748.5888	1812.9615	364.3875
203.5460	1432.0000	48.4632	1812.9615	364.3875
203.6984	1140.0000	559.9176	1812.9615	364.3875
203.8508	723.0000	847.6488	1812.9615	364.3875
204.0032	463.0000	838.8096	1812.9615	364.3875
204.1556	619.0000	822.3504	1812.9615	364.3875
204.3080	1540.0000	67.0560	1812.9615	364.3875
204.4604	1369.0000	314.8584	1812.9615	364.3875
204.6128	1189.0000	1073.8104	1812.9615	364.3875
204.7652	995.0000	1232.6112	1812.9615	364.3875
204.9176	1360.0000	21.6408	1812.9615	364.3875
