HOLE:	U1352C
EXPEDITION:	317
TOP:	0.0920
BOTTOM:	186.9344
DEPTH_WMSF	HSGR	HCGR	HFK	HTHO	HURA	HBHK
m	gAPI	gAPI	%	ppm	ppm	%
0.0920	9.9747	10.1550	0.2516	1.7824	0.0369	-0.3093
0.2444	13.1037	13.4880	0.3257	2.4173	0.0125	-0.2446
0.3968	19.3845	19.7582	0.4913	3.4578	0.0089	-0.2446
0.5492	24.1392	25.4943	0.6604	4.3065	-0.0947	-0.2446
0.7016	24.8214	25.8339	0.6637	4.3960	-0.0269	-0.2446
0.8540	25.2216	25.3813	0.6336	4.4276	0.1224	-0.2446
1.0064	26.6820	25.9533	0.6639	4.4330	0.2505	-0.2446
1.1588	29.8579	28.9091	0.7414	4.9268	0.2722	-0.2446
1.3112	33.1993	31.6116	0.8325	5.2599	0.3840	-0.2446
1.4636	34.7338	31.6967	0.8546	5.1578	0.5535	-0.2446
1.6160	35.8852	32.9759	0.8782	5.4298	0.5839	-0.2446
1.7684	37.3359	31.8397	0.8452	5.2589	0.8857	-0.2446
1.9208	41.5367	34.8346	0.9573	5.5626	1.0491	-0.2446
2.0732	42.8471	35.2188	1.0211	5.3125	1.1750	-0.2446
2.2256	42.1728	33.5426	0.9539	5.1685	1.3009	-0.2446
2.3780	39.1580	31.1721	0.8731	4.8817	1.1770	-0.2446
2.5304	37.9677	29.7068	0.8549	4.5182	1.1862	-0.2446
2.6828	39.1043	30.8097	0.8900	4.6663	1.2065	-0.2446
2.8352	39.2603	30.0745	0.8731	4.5297	1.3411	-0.2446
2.9876	38.1782	29.1393	0.8150	4.5700	1.2915	-0.2446
3.1400	38.1617	29.2332	0.8134	4.6095	1.2492	-0.2446
3.2924	40.3804	30.4825	0.8615	4.7284	1.3792	-0.2446
3.4448	43.7295	34.2101	0.9874	5.1862	1.3302	-0.2446
3.5972	44.1762	35.0024	0.9924	5.4110	1.3429	-0.2446
3.7496	42.6805	34.5826	0.9334	5.6218	1.2213	-0.2446
3.9020	42.4634	35.0779	0.9553	5.6522	1.1358	-0.2446
4.0544	43.3624	35.6575	0.9982	5.5872	1.1478	-0.2446
4.2068	43.6286	35.3343	0.9945	5.5054	1.2423	-0.2446
4.3592	42.4913	35.0770	0.9358	5.7662	1.1651	-0.2446
4.5116	41.0039	36.5593	0.9446	6.1902	0.7920	-0.2446
4.6640	40.3777	36.5504	0.9722	6.0253	0.7567	-0.2446
4.8164	40.5072	37.3190	0.9319	6.5078	0.7138	-0.2446
4.9688	40.1822	36.2926	0.9165	6.2687	0.8224	-0.2446
5.1212	41.6844	37.7744	0.9628	6.4728	0.8814	-0.2446
5.2736	42.2094	36.9480	0.9507	6.2788	1.0319	-0.2446
5.4260	41.9561	36.7247	0.9336	6.3076	0.9618	-0.2446
5.5784	40.7369	34.5324	0.8818	5.9081	1.0547	-0.2446
5.7308	38.8166	32.5087	0.8180	5.6327	1.1601	-0.2446
5.8832	36.9082	31.5388	0.7577	5.6745	1.0319	-0.2446
6.0356	35.3473	30.5681	0.7587	5.3574	0.9300	-0.2446
6.1880	32.2069	26.0201	0.6671	4.4358	1.0929	-0.2446
6.3404	30.7687	24.5223	0.6087	4.2974	1.1063	-0.2446
6.4928	28.3248	22.8528	0.6049	3.7847	0.9595	-0.2446
6.6452	27.4063	23.2763	0.6184	3.8412	0.7320	-0.2446
6.7976	24.4070	20.8858	0.5178	3.6641	0.5894	-0.2446
6.9500	19.8137	17.0780	0.4215	3.0070	0.4786	-0.2446
7.1024	15.7134	12.9282	0.3159	2.2950	0.4872	-0.2446
7.2548	12.7335	10.9977	0.2689	1.9511	0.3313	-0.2446
7.4072	13.7296	11.6025	0.2638	2.1750	0.3593	-0.2446
7.5596	19.7584	16.8811	0.4057	3.0363	0.4266	-0.2446
7.7120	27.1720	22.0840	0.5496	3.8619	0.6873	-0.2446
7.8644	31.6944	25.2556	0.6633	4.2129	0.8611	-0.2446
8.0168	30.7768	24.7923	0.6837	3.9451	0.7623	-0.2446
8.1692	29.8712	23.6452	0.6494	3.7784	0.8120	-0.2446
8.3216	30.9633	23.7955	0.6520	3.8109	0.9360	-0.2446
8.4740	32.6023	24.5845	0.6946	3.8145	1.1083	-0.2446
8.6264	34.1680	26.6404	0.7516	4.1399	1.0448	-0.2446
8.7788	34.2476	28.0126	0.7736	4.4511	0.8967	-0.2446
8.9312	35.1159	28.1950	0.7469	4.6661	1.0705	-0.2446
9.0836	34.0946	27.3546	0.7666	4.2812	1.0479	-0.2446
9.2360	34.1331	28.6269	0.8105	4.4320	0.9639	-0.2446
9.3884	33.7735	28.6382	0.8092	4.4431	0.8871	-0.2446
9.5408	34.1174	28.7303	0.7985	4.5355	0.8912	-0.2446
9.6932	31.8148	26.7060	0.7080	4.4163	0.8445	-0.2446
9.8456	29.7922	24.9837	0.6944	3.9435	0.7795	-0.2446
9.9980	30.5322	26.4292	0.7217	4.2476	0.7115	-0.2446
10.1504	32.2264	28.1149	0.7519	4.6109	0.6815	-0.2446
10.3028	33.7077	28.6598	0.7748	4.6518	0.7343	-0.2446
10.4552	31.7678	26.7858	0.7477	4.2097	0.7049	-0.2446
10.6076	29.6406	25.2874	0.7386	3.7822	0.5754	-0.2446
10.7600	29.2838	26.2115	0.7422	4.0576	0.3879	-0.2446
10.9124	30.2612	26.1237	0.7351	4.0711	0.5089	-0.2446
11.0648	32.3942	27.6578	0.7637	4.3956	0.6379	-0.2446
11.2172	31.0755	27.3516	0.7263	4.5161	0.5504	-0.2446
11.3696	30.1583	26.4337	0.7244	4.2330	0.5092	-0.2446
11.5220	28.9087	25.1827	0.6558	4.2337	0.5429	-0.2446
11.6744	28.7959	24.6620	0.6660	4.0073	0.6201	-0.2446
11.8268	26.6045	23.2438	0.6303	3.7611	0.4902	-0.2446
11.9792	26.2501	23.3127	0.6358	3.7514	0.4729	-0.2446
12.1316	27.3709	23.3429	0.6456	3.7036	0.6231	-0.2446
12.2840	30.7634	25.8454	0.7162	4.0927	0.7250	-0.2446
12.4364	33.0657	26.3388	0.7638	3.9718	0.9649	-0.2446
12.5888	33.6542	26.6354	0.7756	3.9979	1.0262	-0.2446
12.7412	33.6383	27.6824	0.7893	4.2535	0.8300	-0.2446
12.8936	34.1397	27.3616	0.7790	4.2106	0.8993	-0.2446
13.0460	34.9183	28.7980	0.7880	4.6188	0.8077	-0.2446
13.1984	35.2349	28.4317	0.7963	4.4528	0.9491	-0.2446
13.3508	35.2333	28.3351	0.7777	4.5304	0.9287	-0.2446
13.5032	36.0442	28.8272	0.8055	4.5256	1.0626	-0.2446
13.6556	35.9623	28.6931	0.7902	4.5724	1.0759	-0.2446
13.8080	34.7223	29.0023	0.7960	4.6375	0.8075	-0.2446
13.9604	32.8989	28.6331	0.7925	4.5393	0.5988	-0.2446
14.1128	34.1590	29.8325	0.8178	4.7758	0.5928	-0.2446
14.2652	35.3186	31.0081	0.8423	5.0090	0.5339	-0.2446
14.4176	35.2887	30.7769	0.8103	5.1223	0.5259	-0.2446
14.5700	33.9014	30.5148	0.8196	4.9839	0.3794	-0.2446
14.7224	33.4839	29.2985	0.8146	4.6235	0.5149	-0.2446
14.8748	34.2512	30.8351	0.8237	5.0626	0.3662	-0.2446
15.0272	36.7048	32.8782	0.8775	5.4028	0.4341	-0.2446
15.1796	38.5907	34.8124	0.9093	5.8368	0.3365	-0.2446
15.3320	40.4398	36.4867	0.9659	6.0421	0.3564	-0.2446
15.4844	39.0188	34.6394	0.9162	5.7409	0.4603	-0.2446
15.6368	39.3466	33.4469	0.8306	5.8596	0.6854	-0.2446
15.7892	37.5884	31.5596	0.7868	5.5109	0.7314	-0.2446
15.9416	38.2255	32.5939	0.8131	5.6884	0.6612	-0.2446
16.0940	36.9517	30.9363	0.7908	5.2877	0.7683	-0.2446
16.2464	36.7560	30.5023	0.7798	5.2131	0.8130	-0.2446
16.3988	35.9630	29.1667	0.7088	5.2004	0.9301	-0.2446
16.5512	31.1057	24.8900	0.6235	4.3290	0.8582	-0.2446
16.7036	24.8744	20.2995	0.5085	3.5306	0.6338	-0.2446
16.8560	18.8785	15.8806	0.3999	2.7496	0.4425	-0.2446
17.0084	17.4551	14.7652	0.3712	2.5601	0.3993	-0.2446
17.1608	17.5363	14.8195	0.3739	2.5619	0.4304	-0.2446
17.3132	19.1381	17.0716	0.4678	2.7342	0.3700	-0.2446
17.4656	21.5192	20.4558	0.5303	3.4527	0.3030	-0.2446
17.6180	24.5325	22.4128	0.5582	3.9171	0.5033	-0.2446
17.7704	25.9922	23.3540	0.6293	3.8025	0.5815	-0.2446
17.9228	26.9736	23.9831	0.6329	3.9834	0.6457	-0.2446
18.0752	27.8785	24.7130	0.6751	3.9701	0.6288	-0.2446
18.2276	28.9840	25.0252	0.6984	3.9336	0.7434	-0.2446
18.3800	29.4438	25.2343	0.6820	4.0969	0.8060	-0.2446
18.5324	31.0250	26.2213	0.7334	4.1120	0.9244	-0.2446
18.6848	31.8411	26.6025	0.7491	4.1424	0.9913	-0.2446
18.8372	32.6395	26.3094	0.7094	4.2813	1.1138	-0.2446
18.9896	32.8476	25.1880	0.6818	4.0829	1.2246	-0.2446
19.1420	33.3028	24.8687	0.6631	4.0902	1.2888	-0.2446
19.2944	33.3685	23.6899	0.6650	3.7013	1.4570	-0.2446
19.4468	33.1282	23.1518	0.6320	3.7218	1.4664	-0.2446
19.5992	32.0007	21.9104	0.6177	3.4079	1.4746	-0.2446
19.7516	31.7168	22.2857	0.6139	3.5505	1.4430	-0.2446
19.9040	30.7571	22.2348	0.5833	3.7131	1.2888	-0.2446
20.0564	29.4241	21.5827	0.5870	3.4823	1.1719	-0.2446
20.2088	26.6881	19.9004	0.5123	3.3804	0.9876	-0.2446
20.3612	25.4540	18.6221	0.4639	3.2537	0.9795	-0.2446
20.5136	23.4847	17.3390	0.4729	2.7896	0.8924	-0.2446
20.6660	23.3656	17.9147	0.4333	3.2061	0.8612	-0.2446
20.8184	22.5774	17.3544	0.4225	3.0902	0.8357	-0.2446
20.9708	23.4756	19.0050	0.4566	3.4193	0.7256	-0.2446
21.1232	23.0395	18.4678	0.4305	3.4000	0.7671	-0.2446
21.2756	22.9966	18.2030	0.4402	3.2581	0.8039	-0.2446
21.4280	22.1660	17.0533	0.4189	3.0143	0.7695	-0.2446
21.5804	22.8462	17.8471	0.4435	3.1249	0.7582	-0.2446
21.7328	22.9687	17.6172	0.4243	3.1637	0.7894	-0.2446
21.8852	23.5693	17.6210	0.4222	3.1772	0.8452	-0.2446
22.0376	22.9603	17.2212	0.4168	3.0809	0.7816	-0.2446
22.1900	23.5464	17.9232	0.4117	3.3356	0.7347	-0.2446
22.3424	24.1590	17.8157	0.4702	2.9585	0.8357	-0.2446
22.4948	24.1034	17.6789	0.4774	2.8725	0.8156	-0.2446
22.6472	22.5222	17.3192	0.4560	2.8827	0.7106	-0.2446
22.7996	19.9710	15.8434	0.4133	2.6591	0.5430	-0.2446
22.9520	18.9680	15.0012	0.3660	2.6666	0.5089	-0.2446
23.1044	17.5751	13.9949	0.3380	2.5079	0.5154	-0.2446
23.2568	17.2082	12.6288	0.2967	2.3115	0.6610	-0.2446
23.4092	16.2967	11.8624	0.2777	2.1770	0.6410	-0.2446
23.5616	17.2950	12.0490	0.2909	2.1595	0.7785	-0.2446
23.7140	18.0071	12.6111	0.2916	2.3357	0.8216	-0.2446
23.8664	18.2042	12.5982	0.2875	2.3553	0.8704	-0.2446
24.0188	17.7427	12.5220	0.2599	2.4926	0.7583	-0.2446
24.1712	16.6713	11.6926	0.2461	2.3076	0.7536	-0.2446
24.3236	15.8755	10.8414	0.2131	2.2280	0.7019	-0.2446
24.4760	15.1663	10.2072	0.2107	2.0388	0.7274	-0.2446
24.6284	15.4656	10.2684	0.2062	2.0845	0.7754	-0.2446
24.7808	17.0944	10.9027	0.1955	2.3507	0.9268	-0.2446
24.9332	17.5903	11.7449	0.2133	2.5162	0.8609	-0.2446
25.0856	18.6369	12.9868	0.2340	2.7935	0.8441	-0.2446
25.2380	15.9604	11.3825	0.2062	2.4421	0.6789	-0.2446
25.3904	14.6904	11.5709	0.2094	2.4837	0.5055	-0.2446
25.5428	12.4875	10.5577	0.1895	2.2753	0.3483	-0.2446
25.6952	12.8901	11.2588	0.1922	2.4842	0.3338	-0.2446
25.8476	13.6693	11.7825	0.2062	2.5701	0.3422	-0.2446
26.0000	13.2272	11.1064	0.2147	2.3035	0.4231	-0.2446
26.1524	12.3078	10.5716	0.1847	2.3079	0.3452	-0.2446
26.3048	10.4105	9.2327	0.1596	2.0255	0.2618	-0.2446
26.4572	9.5749	9.6661	0.1817	2.0348	0.0645	-0.2446
26.6096	9.9981	10.2966	0.2049	2.1012	0.0675	-0.2446
26.7620	9.7940	9.6242	0.1872	1.9892	0.1265	-0.2446
26.9144	10.9516	10.4942	0.1978	2.2064	0.1985	-0.2446
27.0668	10.7861	9.4638	0.1735	2.0184	0.2632	-0.2446
27.2192	11.3225	9.7540	0.1777	2.0867	0.3252	-0.2446
27.3716	11.4557	9.2886	0.1805	1.9208	0.4237	-0.2446
27.5240	11.2919	9.3779	0.1698	2.0124	0.4044	-0.2446
27.6764	11.8715	10.0165	0.1706	2.2124	0.3893	-0.2446
27.8288	11.6630	9.1788	0.1694	1.9510	0.4660	-0.2446
27.9812	12.5966	9.6541	0.1812	2.0341	0.4749	-0.2446
28.1336	12.1228	8.4016	0.1728	1.6817	0.5502	-0.2446
28.2860	11.8121	8.7220	0.1793	1.7461	0.4577	-0.2446
28.4384	11.5534	8.8747	0.2032	1.6555	0.3952	-0.2446
28.5908	11.4739	9.6481	0.2183	1.8147	0.2869	-0.2446
28.7432	10.9478	9.3288	0.2128	1.7450	0.2854	-0.2446
28.8956	9.9463	8.0962	0.2057	1.3909	0.2769	-0.2446
29.0480	9.4538	7.9176	0.1863	1.4474	0.2485	-0.2446
29.2004	9.9797	8.7009	0.2111	1.5537	0.2303	-0.2446
29.3528	10.7658	8.9868	0.2218	1.5825	0.2797	-0.2446
29.5052	11.2132	11.0699	0.2398	2.1451	0.0844	-0.2446
29.6576	11.6082	11.1029	0.2481	2.1069	0.1453	-0.2446
29.8100	11.4893	10.8493	0.2329	2.1145	0.1801	-0.2446
29.9624	11.5350	10.4781	0.2179	2.0831	0.2470	-0.2446
30.1148	11.6721	9.7650	0.1820	2.0650	0.4048	-0.2446
30.2672	12.3332	8.9584	0.1743	1.8514	0.5964	-0.2446
30.4196	12.2196	8.6693	0.1668	1.8029	0.6267	-0.2446
30.5720	11.3062	7.7320	0.1450	1.6296	0.6260	-0.2446
30.7244	10.4290	7.9389	0.1533	1.6473	0.4708	-0.2446
30.8768	10.8555	8.4624	0.1613	1.7688	0.4802	-0.2446
31.0292	12.0173	9.3274	0.1709	1.9895	0.5566	-0.2446
31.1816	12.1471	9.4812	0.1887	1.9350	0.5496	-0.2446
31.3340	11.7519	9.4349	0.1968	1.8722	0.5558	-0.2446
31.4864	11.3916	9.2016	0.1830	1.8786	0.5368	-0.2446
31.6388	11.1995	8.8069	0.1831	1.7511	0.5338	-0.2446
31.7912	12.6431	9.8754	0.2228	1.8616	0.5437	-0.2446
31.9436	12.7535	10.9124	0.2217	2.2002	0.4437	-0.2446
32.0960	12.5291	10.9471	0.2339	2.1401	0.3948	-0.2446
32.2484	10.9049	9.9474	0.2148	1.9314	0.2771	-0.2446
32.4008	10.2661	8.4934	0.1952	1.5797	0.3443	-0.2446
32.5532	10.9651	8.4444	0.2005	1.5334	0.4154	-0.2446
32.7056	11.8925	9.9156	0.2277	1.8459	0.3369	-0.2446
32.8580	12.1067	8.7603	0.2177	1.5337	0.4983	-0.2446
33.0104	12.1933	8.8346	0.2119	1.5918	0.4524	-0.2446
33.1628	12.3365	8.3342	0.1918	1.5486	0.5267	-0.2446
33.3152	11.9116	7.6676	0.1723	1.4494	0.5891	-0.2446
33.4676	11.2827	7.4307	0.1734	1.3667	0.5664	-0.2446
33.6200	11.1638	7.1999	0.1829	1.2371	0.5753	-0.2446
33.7724	11.9191	7.3183	0.1835	1.2717	0.6824	-0.2446
33.9248	12.3201	7.4377	0.1936	1.2511	0.7335	-0.2446
34.0772	12.1518	7.2625	0.1932	1.1969	0.7343	-0.2446
34.2296	12.2841	7.8783	0.2085	1.3048	0.6821	-0.2446
34.3820	13.5516	8.2903	0.2490	1.2001	0.7976	-0.2446
34.5344	14.7535	8.9382	0.2566	1.3633	0.8746	-0.2446
34.6868	14.4340	8.8942	0.2598	1.3301	0.8312	-0.2446
34.8392	12.6215	7.9458	0.2278	1.2134	0.7393	-0.2446
34.9916	11.7039	8.4633	0.2234	1.4052	0.5516	-0.2446
35.1440	12.8056	9.8260	0.2411	1.7383	0.5376	-0.2446
35.2964	13.3627	9.3647	0.2342	1.6309	0.6653	-0.2446
35.4488	13.0307	9.1261	0.2180	1.6493	0.6550	-0.2446
35.6012	11.1404	8.0541	0.1685	1.5953	0.5010	-0.2446
35.7536	11.4125	8.5523	0.1637	1.7832	0.5016	-0.2446
35.9060	11.5291	8.9997	0.1534	1.9868	0.4689	-0.2446
36.0584	13.6449	10.5051	0.1680	2.3844	0.6009	-0.2446
36.2108	13.9094	11.2809	0.1841	2.5388	0.5579	-0.2446
36.3632	13.9890	11.5943	0.1733	2.7023	0.5767	-0.2446
36.5156	12.7772	11.1422	0.1952	2.4293	0.3878	-0.2446
36.6680	11.7181	10.2026	0.1773	2.2327	0.3256	-0.2446
36.8204	10.8354	8.8242	0.1583	1.9018	0.3614	-0.2446
36.9728	11.5064	9.8407	0.1684	2.1686	0.3048	-0.2446
37.1252	11.7819	10.3387	0.1950	2.1727	0.2804	-0.2446
37.2776	12.3761	10.8656	0.1923	2.3573	0.3261	-0.2446
37.4300	11.4142	10.2804	0.2198	2.0087	0.2435	-0.2446
37.5824	11.9645	10.2579	0.2347	1.9143	0.3238	-0.2446
37.7348	10.8432	9.3217	0.2018	1.8070	0.2834	-0.2446
37.8872	10.6391	9.3280	0.2029	1.8025	0.2299	-0.2446
38.0396	10.8694	9.0321	0.2135	1.6456	0.2894	-0.2446
38.1920	11.7833	10.1006	0.2291	1.8967	0.2972	-0.2446
38.3444	12.1867	10.1791	0.2416	1.8485	0.3549	-0.2446
38.4968	11.8256	10.9246	0.2451	2.0675	0.2038	-0.2446
38.6492	12.1007	11.2071	0.2557	2.0956	0.2225	-0.2446
38.8016	12.0144	10.9799	0.2369	2.1332	0.2123	-0.2446
38.9540	11.6934	10.3684	0.2555	1.8279	0.2574	-0.2446
39.1064	11.5024	9.8797	0.2283	1.8306	0.3008	-0.2446
39.2588	11.0939	9.5288	0.2181	1.7781	0.2761	-0.2446
39.4112	10.9962	9.9070	0.2091	1.9515	0.2363	-0.2446
39.5636	10.9070	9.8914	0.2242	1.8584	0.2571	-0.2446
39.7160	11.3620	10.1998	0.2306	1.9199	0.2417	-0.2446
39.8684	11.5367	9.8911	0.2279	1.8364	0.3180	-0.2446
40.0208	12.1501	9.7784	0.2406	1.7259	0.4054	-0.2446
40.1732	11.8754	9.1342	0.2400	1.5230	0.4696	-0.2446
40.3256	11.6356	9.6565	0.2459	1.6559	0.3659	-0.2446
40.4780	10.6393	8.9684	0.2349	1.5000	0.3442	-0.2446
40.6304	10.8719	9.4835	0.2505	1.5736	0.3154	-0.2446
40.7828	10.8508	9.8824	0.2444	1.7372	0.2754	-0.2446
40.9352	11.9200	10.2937	0.2563	1.7995	0.3759	-0.2446
41.0876	11.7988	9.8847	0.2661	1.6107	0.3736	-0.2446
41.2400	11.9325	9.4816	0.2398	1.6357	0.4419	-0.2446
41.3924	10.7151	8.6004	0.2066	1.5479	0.4231	-0.2446
41.5448	11.2207	9.5167	0.2300	1.7043	0.3732	-0.2446
41.6972	11.5123	10.9066	0.2415	2.0824	0.2464	-0.2446
41.8496	12.4541	11.5668	0.2473	2.2600	0.3048	-0.2446
42.0020	12.5474	11.2816	0.2358	2.2362	0.3809	-0.2446
42.1544	12.2032	10.6722	0.2092	2.1964	0.4026	-0.2446
42.3068	11.6135	9.7216	0.1689	2.1280	0.4445	-0.2446
42.4592	10.7790	8.2256	0.1433	1.7978	0.5050	-0.2446
42.6116	11.3299	8.6954	0.1551	1.8794	0.5009	-0.2446
42.7640	12.2058	9.5328	0.1770	2.0199	0.5315	-0.2446
42.9164	13.0004	10.6791	0.2190	2.1411	0.4905	-0.2446
43.0688	13.1327	10.7274	0.2278	2.1055	0.4583	-0.2446
43.2212	12.9549	10.0959	0.2126	1.9919	0.5026	-0.2446
43.3736	12.9367	9.2163	0.1996	1.7857	0.6008	-0.2446
43.5260	13.4664	9.1783	0.2170	1.6719	0.6906	-0.2446
43.6784	13.4555	9.1458	0.2174	1.6593	0.6878	-0.2446
43.8308	13.0018	9.1915	0.2155	1.6848	0.6244	-0.2446
43.9832	11.8470	8.5533	0.1967	1.5902	0.5197	-0.2446
44.1356	12.3563	9.1345	0.2082	1.7096	0.5310	-0.2446
44.2880	13.7328	9.9452	0.2409	1.7779	0.6265	-0.2446
44.4404	14.2338	10.1041	0.2447	1.8066	0.6795	-0.2446
44.5928	13.3654	8.7912	0.1839	1.7419	0.7258	-0.2446
44.7452	12.6656	8.4585	0.1717	1.7061	0.7120	-0.2446
44.8976	13.1093	8.4270	0.1644	1.7388	0.7795	-0.2446
45.0500	13.3623	8.0194	0.1642	1.6096	0.8557	-0.2446
45.2024	12.3992	8.6665	0.1514	1.8919	0.6195	-0.2446
45.3548	11.6904	7.8149	0.1501	1.6268	0.6260	-0.2446
45.5072	11.2634	7.2441	0.1508	1.4397	0.6287	-0.2446
45.6596	11.6661	7.8965	0.1570	1.6123	0.6267	-0.2446
45.8120	12.0572	8.0165	0.1702	1.5733	0.6192	-0.2446
45.9644	12.8493	8.9261	0.1637	1.9032	0.6634	-0.2446
46.1168	13.2000	8.7235	0.1647	1.8324	0.7503	-0.2446
46.2692	13.2014	9.8492	0.1746	2.1352	0.6156	-0.2446
46.4216	12.8571	10.1243	0.1828	2.1757	0.5194	-0.2446
46.5740	12.5840	9.8817	0.1714	2.1644	0.5429	-0.2446
46.7264	12.3021	9.8316	0.1612	2.2078	0.5221	-0.2446
46.8788	11.6721	8.2232	0.1293	1.8794	0.6308	-0.2446
47.0312	11.4188	8.2854	0.1184	1.9632	0.5736	-0.2446
47.1836	12.1926	8.9461	0.1062	2.2462	0.6078	-0.2446
47.3360	12.5467	8.9882	0.1215	2.1702	0.6387	-0.2446
47.4884	12.2830	8.9514	0.1137	2.2040	0.6149	-0.2446
47.6408	11.1103	7.8252	0.1298	1.7485	0.5530	-0.2446
47.7932	11.2022	8.1696	0.1280	1.8695	0.5202	-0.2446
47.9456	11.9974	8.0353	0.1330	1.7971	0.6723	-0.2446
48.0980	13.0145	9.5137	0.1474	2.1869	0.6343	-0.2446
48.2504	13.6591	10.1814	0.1915	2.1429	0.6121	-0.2446
48.4028	13.7776	11.0297	0.2246	2.2212	0.5129	-0.2446
48.5552	13.0787	10.5792	0.2308	2.0400	0.4581	-0.2446
48.7076	12.5547	10.5244	0.2383	1.9789	0.4067	-0.2446
48.8600	12.2229	10.8567	0.2551	1.9870	0.2970	-0.2446
49.0124	12.5986	11.4467	0.2670	2.1062	0.2557	-0.2446
49.1648	12.7488	11.1647	0.2674	2.0136	0.3276	-0.2446
49.3172	12.6241	11.2389	0.2530	2.1219	0.3217	-0.2446
49.4696	12.1411	10.4902	0.2464	1.9206	0.3243	-0.2446
49.6220	12.3728	11.4990	0.2826	2.0318	0.2105	-0.2446
49.7744	12.3388	10.3392	0.2830	1.6577	0.3325	-0.2446
49.9268	12.8203	11.5976	0.2847	2.0514	0.2460	-0.2446
50.0792	11.8700	10.4463	0.2593	1.8310	0.2975	-0.2446
50.2316	12.3425	11.4421	0.2694	2.0910	0.2671	-0.2446
50.3840	12.3016	10.9014	0.2479	2.0433	0.3276	-0.2446
50.5364	13.6538	10.9942	0.2589	2.0089	0.5075	-0.2446
50.6888	12.7936	10.2868	0.2457	1.8590	0.4944	-0.2446
50.8412	12.5202	10.4798	0.2395	1.9572	0.4436	-0.2446
50.9936	11.8180	9.6846	0.2107	1.8710	0.4070	-0.2446
51.1460	12.3761	10.7939	0.2106	2.2275	0.4003	-0.2446
51.2984	13.0047	11.0264	0.1864	2.4438	0.4952	-0.2446
51.4508	13.3466	11.8123	0.1657	2.8168	0.4455	-0.2446
51.6032	13.4319	11.1224	0.1524	2.6734	0.5143	-0.2446
51.7556	13.2845	10.7556	0.1385	2.6372	0.5170	-0.2446
51.9080	12.1021	9.3780	0.1304	2.2431	0.5026	-0.2446
52.0604	11.2493	8.7461	0.1221	2.0889	0.4678	-0.2446
52.2128	11.2462	9.4233	0.1309	2.2546	0.3841	-0.2446
52.3652	10.8915	8.2501	0.1076	2.0150	0.4687	-0.2446
52.5176	11.0690	8.1879	0.0964	2.0605	0.5056	-0.2446
52.6700	10.2261	8.3419	0.1086	2.0382	0.3931	-0.2446
52.8224	10.9233	7.5332	0.1081	1.7819	0.5698	-0.2446
52.9748	12.2658	8.3701	0.1475	1.8200	0.6302	-0.2446
53.1272	13.1386	8.8796	0.1910	1.7284	0.6828	-0.2446
53.2796	14.1760	10.0170	0.1927	2.0828	0.7026	-0.2446
53.4320	15.3085	10.5433	0.1842	2.3018	0.8088	-0.2446
53.5844	15.1572	10.4026	0.1770	2.2984	0.8118	-0.2446
53.7368	15.1747	10.3659	0.1864	2.2318	0.7902	-0.2446
53.8892	13.6007	9.3577	0.1663	2.0264	0.6929	-0.2446
54.0416	13.9829	10.3416	0.1651	2.3490	0.6438	-0.2446
54.1940	12.4340	10.7136	0.1911	2.3157	0.3729	-0.2446
54.3464	12.4904	10.1547	0.1731	2.2417	0.4456	-0.2446
54.4988	11.9084	10.8723	0.1820	2.4201	0.2875	-0.2446
54.6512	12.5278	11.1611	0.1874	2.4810	0.3322	-0.2446
54.8036	12.3633	10.8133	0.1557	2.5552	0.3652	-0.2446
54.9560	12.2890	9.9820	0.1534	2.3021	0.4883	-0.2446
55.1084	12.8234	10.8888	0.1841	2.4129	0.4610	-0.2446
55.2608	12.1662	10.5419	0.1889	2.2738	0.3944	-0.2446
55.4132	12.4245	10.7083	0.1757	2.4044	0.4498	-0.2446
55.5656	12.5765	10.4634	0.1927	2.2262	0.5355	-0.2446
55.7180	12.8480	11.1033	0.2277	2.2262	0.4686	-0.2446
55.8704	12.6357	9.8075	0.1941	2.0078	0.6095	-0.2446
56.0228	11.7482	8.7710	0.1982	1.6512	0.6242	-0.2446
56.1752	11.7469	9.6154	0.2207	1.7904	0.4774	-0.2446
56.3276	11.0947	8.8706	0.1889	1.7377	0.4530	-0.2446
56.4800	11.2268	8.6900	0.2000	1.6151	0.5058	-0.2446
56.6324	12.1659	9.7820	0.2430	1.7135	0.4585	-0.2446
56.7848	12.5870	10.7288	0.2624	1.9034	0.3767	-0.2446
56.9372	13.0894	11.0643	0.2612	2.0177	0.4347	-0.2446
57.0896	12.5862	10.6766	0.2660	1.8655	0.3724	-0.2446
57.2420	12.5076	10.1557	0.2407	1.8466	0.4196	-0.2446
57.3944	12.0685	8.7979	0.1925	1.6934	0.5283	-0.2446
57.5468	11.1572	8.0227	0.1755	1.5442	0.4871	-0.2446
57.6992	11.3630	8.7622	0.1895	1.6996	0.3994	-0.2446
57.8516	11.3143	7.5152	0.1622	1.4598	0.5866	-0.2446
58.0040	11.9904	8.0749	0.1837	1.5131	0.6224	-0.2446
58.1564	12.8196	9.3714	0.2307	1.6534	0.5165	-0.2446
58.3088	13.1770	9.4115	0.2312	1.6639	0.6093	-0.2446
58.4612	12.6660	7.8012	0.2000	1.3299	0.7521	-0.2446
58.6136	11.8708	7.1160	0.1986	1.1183	0.7263	-0.2446
58.7660	12.1937	7.3221	0.2096	1.1199	0.7499	-0.2446
58.9184	12.5012	8.1879	0.2299	1.2790	0.6544	-0.2446
59.0708	12.9628	8.6309	0.2485	1.3120	0.6812	-0.2446
59.2232	12.6135	8.0697	0.2391	1.1869	0.7124	-0.2446
59.3756	12.6630	7.8278	0.2294	1.1664	0.7863	-0.2446
59.5280	12.8090	8.4454	0.2435	1.2820	0.7051	-0.2446
59.6804	13.0719	9.1153	0.2422	1.5042	0.6714	-0.2446
59.8328	13.3591	9.5910	0.2385	1.6781	0.6848	-0.2446
59.9852	13.0873	9.9526	0.2398	1.7864	0.5717	-0.2446
60.1376	12.9730	10.7547	0.2724	1.8531	0.4262	-0.2446
60.2900	12.8145	11.1429	0.2457	2.1340	0.3624	-0.2446
60.4424	12.4770	10.7179	0.2352	2.0589	0.3922	-0.2446
60.5948	12.7867	10.5769	0.2338	2.0219	0.4734	-0.2446
60.7472	12.3032	10.2473	0.2271	1.9552	0.4305	-0.2446
60.8996	12.4009	10.7924	0.2408	2.0498	0.3807	-0.2446
61.0520	10.8830	9.5932	0.1997	1.9065	0.2976	-0.2446
61.2044	10.7561	9.8668	0.2105	1.9304	0.2367	-0.2446
61.3568	11.5894	10.3801	0.2430	1.9048	0.2709	-0.2446
61.5092	11.8259	10.0580	0.2332	1.8591	0.3378	0.0612
61.6616	12.1999	10.0962	0.2336	1.8690	0.3915	0.0612
61.8140	10.3620	8.4754	0.1779	1.6754	0.3563	0.0612
61.9664	11.9444	9.6983	0.2126	1.8646	0.3711	0.0612
62.1188	12.3542	10.0300	0.2136	1.9650	0.3661	0.0612
62.2712	13.9689	11.0755	0.2266	2.2237	0.4285	0.0612
62.4236	13.4773	10.5270	0.2240	2.0635	0.4167	0.0612
62.5760	15.1490	11.3992	0.2494	2.1943	0.5113	0.0612
62.7284	14.2645	11.0835	0.2647	2.0037	0.4116	0.0612
62.8808	13.5556	10.2960	0.2530	1.8194	0.4001	0.0612
63.0332	11.0926	8.4684	0.2094	1.4887	0.3107	0.0612
63.1856	11.2930	8.1968	0.2074	1.4137	0.3657	0.0612
63.3380	11.4828	7.5388	0.1871	1.3213	0.4970	0.0612
63.4904	11.3844	7.3100	0.1938	1.2087	0.5090	0.0612
63.6428	10.9298	7.2979	0.2052	1.1385	0.4721	0.0612
63.7952	10.3217	7.1867	0.2016	1.1234	0.4237	0.0612
63.9476	10.0603	7.0064	0.2007	1.0713	0.4558	0.0612
64.1000	9.9246	7.2564	0.2116	1.0874	0.4329	0.0612
64.2524	8.8549	6.8348	0.1932	1.0599	0.3421	0.0612
64.4048	8.4675	6.1943	0.1737	0.9689	0.3875	0.0612
64.5572	8.5634	5.9452	0.1597	0.9710	0.4444	0.0612
64.7096	9.4678	6.4059	0.1685	1.0668	0.5379	0.0612
64.8620	10.3876	7.2702	0.1827	1.2608	0.5636	0.0612
65.0144	11.2663	8.6808	0.2286	1.4443	0.4644	0.0612
65.1668	11.7359	9.0401	0.2375	1.5075	0.4717	0.0612
65.3192	11.8672	8.7553	0.2285	1.4687	0.5321	0.0612
65.4716	11.6478	7.9443	0.2045	1.3495	0.5771	0.0612
65.6240	12.6757	8.7819	0.2371	1.4272	0.5822	0.0612
65.7764	12.4520	8.3494	0.2243	1.3634	0.5933	0.0612
65.9288	11.9237	8.1229	0.2223	1.3027	0.5502	0.0612
66.0812	11.9510	8.0639	0.2113	1.3482	0.5636	0.0612
66.2336	13.0871	8.9327	0.2232	1.5570	0.6327	0.0612
66.3860	14.2090	9.2514	0.2392	1.5652	0.7010	0.0612
66.5384	13.6294	9.0883	0.2365	1.5286	0.6549	0.0612
66.6908	12.4915	8.2957	0.2219	1.3603	0.6066	0.0612
66.8432	12.3864	8.3597	0.2243	1.3667	0.5920	0.0612
66.9956	12.9018	8.7204	0.2384	1.3996	0.6143	0.0612
67.1480	13.3579	9.3186	0.2698	1.4080	0.5992	0.0612
67.3004	13.5079	9.9072	0.2583	1.6638	0.5473	0.0612
67.4528	12.4941	9.4383	0.2179	1.7497	0.4832	0.0612
67.6052	12.2545	8.7717	0.2044	1.6152	0.5365	0.0612
67.7576	11.4095	8.4861	0.2082	1.5014	0.4417	0.0612
67.9100	12.0623	9.5178	0.2499	1.5881	0.3751	0.0612
68.0624	12.0497	9.8312	0.2418	1.7363	0.3836	0.0612
68.2148	12.4478	9.7708	0.2405	1.7240	0.4286	0.0612
68.3672	13.1604	10.7380	0.2486	1.9871	0.3622	0.0612
68.5196	14.0472	11.0003	0.2634	1.9846	0.4381	0.0612
68.6720	14.2398	11.1634	0.2586	2.0650	0.4753	0.0612
68.8244	12.8743	10.4640	0.2464	1.9118	0.3863	0.0612
68.9768	12.6970	10.1864	0.2550	1.7728	0.3867	0.0612
69.1292	12.5981	10.5709	0.2944	1.6653	0.3115	0.0612
69.2816	14.0429	11.6027	0.3228	1.8299	0.3764	0.0612
69.4340	14.2649	11.1308	0.2967	1.8313	0.4995	0.0612
69.5864	14.2996	10.6368	0.2887	1.7200	0.5630	0.0612
69.7388	13.8272	10.7719	0.2990	1.7028	0.4577	0.0612
69.8912	13.2994	11.2599	0.3081	1.8056	0.3502	0.0612
70.0436	13.7355	10.9965	0.3254	1.6201	0.4956	0.0612
70.1960	13.2888	10.9754	0.3069	1.7216	0.4711	0.0612
70.3484	13.5910	10.4322	0.2984	1.5975	0.5649	0.0612
70.5008	12.9644	9.4011	0.2631	1.4732	0.6093	0.0612
70.6532	13.4256	10.5982	0.2797	1.7599	0.5188	0.0612
70.8056	13.4479	9.8653	0.2308	1.8115	0.6519	0.0612
70.9580	13.6377	10.1648	0.2294	1.9155	0.6329	0.0612
71.1104	13.0994	10.0814	0.2304	1.8831	0.5569	0.0612
71.2628	13.2426	9.9501	0.2121	1.9478	0.5917	0.0612
71.4152	13.4442	9.6516	0.2212	1.7992	0.6471	0.0612
71.5676	13.4268	8.8745	0.1823	1.7777	0.7123	0.0612
71.7200	14.9546	11.6706	0.2160	2.4768	0.5772	0.0612
71.8724	16.1990	12.9615	0.2333	2.7892	0.5852	0.0612
72.0248	17.2397	14.5902	0.2710	3.0905	0.5250	0.0612
72.1772	15.8016	14.0593	0.2472	3.0600	0.4202	0.0612
72.3296	14.9818	13.2394	0.2201	2.9556	0.4407	0.0612
72.4820	14.0667	12.5303	0.2332	2.6516	0.3585	0.0612
72.6344	13.5865	12.5760	0.2583	2.5191	0.2832	0.0612
72.7868	12.7162	11.8292	0.2489	2.3351	0.2296	0.0612
72.9392	13.0983	12.2945	0.2627	2.4031	0.2402	0.0612
73.0916	13.0547	12.3651	0.2481	2.5115	0.2255	0.0612
73.2440	12.4624	11.9525	0.2513	2.3605	0.2341	0.0612
73.3964	12.4457	10.5396	0.2306	2.0286	0.3937	0.0612
73.5488	12.7965	10.2721	0.2388	1.8948	0.4579	0.0612
73.7012	12.6656	10.0038	0.2237	1.8975	0.4775	0.0612
73.8536	13.4060	10.8134	0.2398	2.0628	0.4617	0.0612
74.0060	13.4575	10.1999	0.2413	1.8569	0.5378	0.0612
74.1584	14.0036	10.7757	0.2504	1.9883	0.6173	0.0612
74.3108	13.1119	9.4584	0.2061	1.8255	0.6583	0.0612
74.4632	12.7735	9.4706	0.2059	1.8309	0.6448	0.0612
74.6156	13.7049	10.1723	0.2416	1.8463	0.7176	0.0612
74.7680	13.9152	9.9667	0.2491	1.7368	0.7431	0.0612
74.9204	13.2278	9.4332	0.2556	1.5274	0.7071	0.0612
75.0728	13.0537	8.4310	0.2236	1.3939	0.8259	0.0612
75.2252	13.0228	8.9868	0.2412	1.4690	0.7417	0.0612
75.3776	13.5209	9.6202	0.2722	1.4905	0.7072	0.0612
75.5300	13.3011	8.9537	0.2602	1.3470	0.7431	0.0612
75.6824	13.0985	8.7239	0.2524	1.3191	0.7624	0.0612
75.8348	12.8162	8.9719	0.2405	1.4680	0.6463	0.0612
75.9872	12.9820	9.8097	0.2478	1.6942	0.5441	0.0612
76.1396	12.9772	9.5822	0.2237	1.7620	0.5584	0.0612
76.2920	13.2400	9.4129	0.2124	1.7740	0.5283	0.0612
76.4444	12.8812	9.6226	0.2088	1.8624	0.4840	0.0612
76.5968	12.9818	9.8457	0.2147	1.8992	0.4557	0.0612
76.7492	13.1214	11.2498	0.2472	2.1590	0.3060	0.0612
76.9016	13.4311	10.9192	0.2222	2.1995	0.3811	0.0612
77.0540	13.3258	11.0096	0.2121	2.2875	0.3640	0.0612
77.2064	13.8351	12.6952	0.2474	2.6212	0.2335	0.0612
77.3588	13.8783	12.2330	0.2474	2.4734	0.2880	0.0612
77.5112	14.3325	12.4733	0.2684	2.4273	0.3123	0.0612
77.6636	13.6630	11.6301	0.2393	2.3275	0.3704	0.0612
77.8160	13.0583	11.5149	0.2475	2.2424	0.3591	0.0612
77.9684	12.4812	11.4317	0.2300	2.3181	0.3504	0.0612
78.1208	12.4256	11.2571	0.2390	2.2098	0.3624	0.0612
78.2732	12.9865	11.5685	0.2357	2.3285	0.4220	0.0612
78.4256	13.7863	12.3688	0.2576	2.4571	0.4299	0.0612
78.5780	14.4762	13.2212	0.2578	2.7290	0.4517	0.0612
78.7304	14.7876	13.3002	0.2614	2.7332	0.4651	0.0612
78.8828	14.6692	12.3398	0.2399	2.5513	0.5747	0.0612
79.0352	14.6685	13.0887	0.2584	2.6832	0.4668	0.0612
79.1876	14.1877	12.6415	0.2647	2.5028	0.4450	0.0612
79.3400	14.7992	12.5556	0.2825	2.3711	0.5256	0.0612
79.4924	15.2501	12.6115	0.2984	2.2960	0.5084	0.0612
79.6448	15.2360	12.8892	0.3167	2.2780	0.4324	0.0612
79.7972	14.8589	11.9233	0.2681	2.2527	0.5213	0.0612
79.9496	14.4279	11.6430	0.2402	2.3265	0.4710	0.0612
80.1020	14.4013	11.0448	0.2384	2.1452	0.5420	0.0612
80.2544	13.6757	10.1368	0.2331	1.8847	0.5418	0.0612
80.4068	14.1621	10.0975	0.2411	1.8258	0.6029	0.0612
80.5592	13.8766	9.7439	0.2485	1.6687	0.5858	0.0612
80.7116	14.5949	9.9719	0.2536	1.7121	0.6561	0.0612
80.8640	15.3152	10.2052	0.2581	1.7606	0.7022	0.0612
81.0164	17.7099	12.6910	0.3180	2.2064	0.7206	0.0612
81.1688	17.6316	12.6699	0.3182	2.1986	0.7276	0.0612
81.3212	16.9127	12.5826	0.2978	2.2903	0.6948	0.0612
81.4736	14.7797	11.8740	0.2705	2.2229	0.4807	0.0612
81.6260	14.2229	11.2487	0.2557	2.1090	0.5249	0.0612
81.7784	14.2655	11.2964	0.2498	2.1590	0.5040	0.0612
81.9308	14.6258	11.7016	0.2745	2.1442	0.5255	0.0612
82.0832	14.8659	11.5354	0.2588	2.1827	0.6117	0.0612
82.2356	14.0490	10.9887	0.2421	2.1055	0.5957	0.0612
82.3880	13.5799	10.4802	0.2381	1.9658	0.5698	0.0612
82.5404	13.7168	10.2957	0.2189	2.0187	0.6441	0.0612
82.6928	14.0154	9.7411	0.2015	1.9431	0.7299	0.0612
82.8452	13.2287	9.2416	0.1845	1.8824	0.7076	0.0612
82.9976	12.3193	8.0294	0.1587	1.6447	0.7171	0.0612
83.1500	11.6332	7.2516	0.1494	1.4501	0.7017	0.0612
83.3024	13.3914	9.1136	0.2155	1.6601	0.6744	0.0612
83.4548	14.7316	10.3810	0.2398	1.9242	0.7502	0.0612
83.6072	14.9568	10.6480	0.2312	2.0597	0.7223	0.0612
83.7596	13.3847	10.3171	0.2383	1.9122	0.5484	0.0612
83.9120	12.1819	8.8671	0.2110	1.6075	0.5195	0.0612
84.0644	13.1591	9.9051	0.2446	1.7432	0.5379	0.0612
84.2168	13.2664	9.9092	0.2562	1.6770	0.5607	0.0612
84.3692	12.9235	10.3692	0.2761	1.7077	0.4754	0.0612
84.5216	11.4042	9.2385	0.2459	1.5218	0.3937	0.0612
84.6740	11.9468	9.2839	0.2703	1.3939	0.4639	0.0612
84.8264	13.3021	10.7696	0.3159	1.6032	0.4999	0.0612
84.9788	12.6578	10.1872	0.2817	1.6168	0.4848	0.0612
85.1312	12.1186	9.6338	0.2590	1.5723	0.4204	0.0612
85.2836	12.0916	9.5717	0.2542	1.5805	0.4359	0.0612
85.4360	12.9232	10.1644	0.2648	1.7081	0.4668	0.0612
85.5884	13.3461	10.8405	0.2581	1.9644	0.5279	0.0612
85.7408	12.9284	10.0615	0.2278	1.8921	0.5433	0.0612
85.8932	12.7721	10.3490	0.2221	2.0175	0.4543	0.0612
86.0456	13.8674	11.0965	0.2417	2.1421	0.5099	0.0612
86.1980	13.5712	10.6230	0.2175	2.1322	0.5458	0.0612
86.3504	14.1688	10.9502	0.1899	2.3987	0.5823	0.0612
86.5028	13.7278	11.0158	0.2126	2.2869	0.4799	0.0612
86.6552	13.7986	10.1778	0.2147	2.0058	0.6184	0.0612
86.8076	13.6536	10.2437	0.2197	1.9976	0.5829	0.0612
86.9600	13.3851	9.8577	0.2075	1.9452	0.5940	0.0612
87.1124	13.5712	10.0175	0.1937	2.0773	0.5832	0.0612
87.2648	13.9407	10.5128	0.2231	2.0641	0.5082	0.0612
87.4172	12.8727	9.2431	0.1873	1.8664	0.5674	0.0612
87.5696	12.5513	8.8260	0.1690	1.8398	0.5890	0.0612
87.7220	12.3446	8.3536	0.1299	1.9176	0.6004	0.0612
87.8744	13.4714	10.2894	0.1634	2.3422	0.4743	0.0612
88.0268	13.7923	10.8701	0.1875	2.3870	0.4345	0.0612
88.1792	13.0709	9.4208	0.1583	2.0934	0.5246	0.0612
88.3316	12.7015	9.5076	0.1482	2.1802	0.4485	0.0612
88.4840	12.6196	9.3122	0.1409	2.1606	0.4925	0.0612
88.6364	13.3870	9.8055	0.1620	2.1949	0.5233	0.0612
88.7888	14.3885	10.4455	0.2033	2.1586	0.5792	0.0612
88.9412	14.2756	9.7116	0.1743	2.0930	0.6732	0.0612
89.0936	13.3379	10.1435	0.1755	2.2245	0.5000	0.0612
89.2460	12.0714	9.7759	0.1604	2.1948	0.3858	0.0612
89.3984	12.2452	10.3925	0.1916	2.2099	0.3332	0.0612
89.5508	13.1548	10.4394	0.2164	2.0799	0.4669	0.0612
89.7032	12.8477	11.0009	0.2319	2.1689	0.3876	0.0612
89.8556	13.0838	11.2510	0.2169	2.3368	0.3702	0.0612
90.0080	13.3279	11.4165	0.2251	2.3423	0.3620	0.0612
90.1604	14.8934	11.7597	0.2306	2.4200	0.5267	0.0612
90.3128	15.2029	12.3298	0.2584	2.4396	0.4693	0.0612
90.4652	15.5952	11.8954	0.2451	2.3786	0.5538	0.0612
90.6176	15.6223	12.4504	0.2603	2.4673	0.4611	0.0612
90.7700	18.3438	14.4400	0.3275	2.7119	0.5329	0.0612
90.9224	20.4114	15.1852	0.3800	2.6433	0.7095	0.0612
91.0748	22.2344	16.1069	0.4052	2.7915	0.8382	0.0612
91.2272	20.6253	14.5942	0.3479	2.6416	0.8520	0.0612
91.3796	18.6888	12.7199	0.3243	2.1791	0.8170	0.0612
91.5320	17.3886	11.7240	0.3075	1.9583	0.8069	0.0612
91.6844	15.2647	9.7448	0.2625	1.5871	0.7985	0.0612
91.8368	14.2006	9.7469	0.2753	1.5129	0.6334	0.0612
91.9892	11.7401	8.1508	0.2142	1.3590	0.5391	0.0612
92.1416	11.1568	7.8156	0.1993	1.3385	0.5456	0.0612
92.2940	11.6953	7.9319	0.2088	1.3206	0.6311	0.0612
92.4464	12.1894	7.6900	0.1891	1.3581	0.7269	0.0612
92.5988	12.3256	7.6844	0.1838	1.3875	0.7323	0.0612
92.7512	12.1184	7.4780	0.1784	1.3527	0.7345	0.0612
92.9036	12.1344	7.7840	0.1825	1.4268	0.6585	0.0612
93.0560	12.6266	8.3571	0.1760	1.6489	0.6366	0.0612
93.2084	12.5844	8.2903	0.1752	1.6320	0.6649	0.0612
93.3608	13.3011	9.2964	0.1914	1.8599	0.6213	0.0612
93.5132	14.2263	9.6609	0.2005	1.9235	0.7118	0.0612
93.6656	13.7665	8.8505	0.1889	1.7311	0.7731	0.0612
93.8180	14.0083	9.7917	0.2034	1.9485	0.6822	0.0612
93.9704	13.3005	9.8028	0.1935	2.0097	0.5896	0.0612
94.1228	12.9314	9.7181	0.2050	1.9152	0.5798	0.0612
94.2752	12.6412	9.1084	0.1895	1.8104	0.6447	0.0612
94.4276	12.8179	9.4052	0.1943	1.8778	0.6440	0.0612
94.5800	12.9149	8.9183	0.2072	1.6460	0.7180	0.0612
94.7324	12.1308	7.9683	0.1939	1.4190	0.7406	0.0612
94.8848	11.7917	8.2853	0.2088	1.4339	0.6125	0.0612
95.0372	11.6153	8.4342	0.2133	1.4552	0.5725	0.0612
95.1896	11.5900	8.7798	0.2171	1.5434	0.5380	0.0612
95.3420	11.7799	9.1163	0.2304	1.5739	0.5064	0.0612
95.4944	11.7828	8.7584	0.2315	1.4522	0.5340	0.0612
95.6468	12.3904	9.1142	0.2415	1.5081	0.5486	0.0612
95.7992	12.4638	9.6402	0.2485	1.6356	0.4687	0.0612
95.9516	12.6802	10.5981	0.2797	1.7599	0.3573	0.0612
96.1040	13.0262	10.5777	0.2811	1.7452	0.3752	0.0612
96.2564	13.3745	11.7868	0.2912	2.0736	0.2616	0.0612
96.4088	13.5470	12.5132	0.2827	2.3562	0.1821	0.0612
96.5612	12.8730	11.6009	0.2592	2.2017	0.2520	0.0612
96.7136	12.3168	10.6187	0.2395	2.0020	0.2994	0.0612
96.8660	11.4244	9.2587	0.2059	1.7628	0.3592	0.0612
97.0184	10.5445	8.3866	0.1878	1.5892	0.3511	0.0612
97.1708	9.8263	8.3191	0.1865	1.5752	0.2914	0.0612
97.3232	10.3125	8.8565	0.2049	1.6398	0.2949	0.0612
97.4756	10.4586	8.6772	0.2007	1.6070	0.3262	0.0612
97.6280	10.3610	8.6350	0.1929	1.6387	0.3308	0.0612
97.7804	10.2054	8.2411	0.1890	1.5354	0.3807	0.0612
97.9328	9.8023	7.5241	0.1786	1.3664	0.4181	0.0612
98.0852	10.4066	6.8153	0.1752	1.1589	0.5799	0.0612
98.2376	10.5962	7.1626	0.1729	1.2842	0.5457	0.0612
98.3900	10.9836	7.9379	0.1833	1.4715	0.5175	0.0612
98.5424	10.4220	8.5577	0.2043	1.5471	0.3385	0.0612
98.6948	10.1511	8.5842	0.1924	1.6252	0.2817	0.0612
98.8472	10.7910	8.4692	0.1771	1.6782	0.3696	0.0612
98.9996	11.0425	8.1624	0.1799	1.5637	0.4554	0.0612
99.1520	11.2345	8.0260	0.1806	1.5157	0.5185	0.0612
99.3044	10.3919	7.0743	0.1669	1.2909	0.5029	0.0612
99.4568	9.6460	6.8624	0.1603	1.2615	0.4255	0.0612
99.6092	9.4294	6.2105	0.1376	1.1854	0.5100	0.0612
99.7616	8.7869	6.1861	0.1338	1.1997	0.4397	0.0612
99.9140	8.6556	5.8187	0.1300	1.1044	0.4489	0.0612
100.0664	8.7459	5.3344	0.1177	1.0209	0.5045	0.0612
100.2188	9.7898	5.2705	0.1167	1.0065	0.6682	0.0612
100.3712	10.3681	5.8836	0.1337	1.1037	0.6867	0.0612
100.5236	11.2669	6.7388	0.1489	1.2883	0.6646	0.0612
100.6760	11.2314	7.1009	0.1391	1.4619	0.6076	0.0612
100.8284	12.4950	8.3076	0.1748	1.6400	0.6359	0.0612
100.9808	12.2758	8.3594	0.1871	1.5846	0.5623	0.0612
101.1332	13.4314	8.4885	0.1996	1.5524	0.6719	0.0612
101.2856	14.6445	8.5911	0.2225	1.4517	0.7707	0.0612
101.4380	17.5637	10.8418	0.2923	1.7645	0.8711	0.0612
101.5904	23.3752	14.4629	0.4061	2.2588	1.1498	0.0612
101.7428	29.6459	19.2356	0.5596	2.8901	1.3430	0.0612
101.8952	38.0948	26.2236	0.7598	3.9585	1.4980	0.0612
102.0476	44.9079	32.7260	0.9427	4.9720	1.5156	0.0612
102.2000	48.4644	35.8615	1.0521	5.3370	1.5874	0.0612
102.3524	47.9392	35.4947	1.0707	5.1105	1.5832	0.0612
102.5048	44.9891	33.3811	0.9944	4.8794	1.4376	0.0612
102.6572	44.7187	33.3777	0.9789	4.9691	1.4183	0.0612
102.8096	44.4304	34.2800	0.9909	5.1882	1.2445	0.0612
102.9620	43.1095	35.2916	0.9959	5.4832	0.9701	0.0612
103.1144	40.5294	33.1447	0.9548	5.0353	0.8970	0.0612
103.2668	37.7001	31.8580	0.9051	4.9142	0.7461	0.0612
103.4192	37.4895	32.3304	0.9089	5.0432	0.6407	0.0612
103.5716	37.4386	31.8357	0.8710	5.1064	0.6794	0.0612
103.7240	38.6304	30.0038	0.8333	4.7397	1.0865	0.0612
103.8764	38.4635	29.6928	0.8312	4.6528	1.0773	0.0612
104.0288	38.9776	30.0371	0.8345	4.7436	1.0597	0.0612
104.1812	40.3069	31.0476	0.8706	4.8561	1.1121	0.0612
104.3336	43.4176	33.5526	0.9575	5.1506	1.1735	0.0612
104.4860	45.7534	36.1420	0.9954	5.7588	1.2068	0.0612
104.6384	45.6962	36.0971	1.0132	5.6402	1.1895	0.0612
104.7908	45.4574	36.4317	0.9925	5.8687	1.1188	0.0612
104.9432	46.2503	36.5030	0.9811	5.9584	1.1767	0.0612
105.0956	50.2994	38.2730	1.0502	6.1208	1.4946	0.0612
105.2480	53.2452	41.6250	1.1228	6.7708	1.4773	0.0612
105.4004	54.9896	44.9784	1.1883	7.4619	1.2531	0.0612
105.5528	55.6289	45.7701	1.1762	7.7870	1.2554	0.0612
105.7052	56.9487	46.1246	1.1710	7.9310	1.4400	0.0612
105.8576	57.4969	47.2178	1.2117	8.0429	1.3802	0.0612
106.0100	55.7025	45.6917	1.1427	7.9579	1.4162	0.0612
106.1624	52.0346	42.9776	1.0975	7.3523	1.2546	0.0612
106.3148	50.9767	42.2243	1.0408	7.4426	1.2477	0.0612
106.4672	50.9378	42.4867	1.0626	7.3995	1.2170	0.0612
106.6196	50.9503	43.5360	1.0820	7.6223	1.1002	0.0612
106.7720	49.5313	43.9607	1.0604	7.8845	0.8329	0.0612
106.9244	49.1983	42.3243	1.0569	7.3808	1.0072	0.0612
107.0768	48.9022	41.2770	1.0667	6.9873	1.0934	0.0612
107.2292	48.2432	39.8811	1.0482	6.6480	1.2267	0.0612
107.3816	50.0879	42.7106	1.1372	7.0342	1.0808	0.0612
107.5340	51.7963	44.3795	1.1969	7.2196	1.0658	0.0612
107.6864	54.6662	46.6342	1.3037	7.3174	1.0865	0.0612
107.8388	53.7673	44.9844	1.2806	6.9236	1.1730	0.0612
107.9912	55.7517	46.3983	1.3337	7.0662	1.2455	0.0612
108.1436	57.4821	47.3789	1.3598	7.2276	1.2956	0.0612
108.2960	62.8986	50.6350	1.4870	7.5268	1.5763	0.0612
108.4484	65.3885	51.4959	1.5622	7.3626	1.8439	0.0612
108.6008	67.1697	53.3441	1.6176	7.6309	1.8344	0.0612
108.7532	68.2909	54.6843	1.6266	8.0075	1.8236	0.0612
108.9056	70.9622	57.6607	1.7371	8.3146	1.7609	0.0612
109.0580	74.2124	60.1210	1.8226	8.6029	1.8667	0.0612
109.2104	74.1335	60.1591	1.8007	8.7436	1.8472	0.0612
109.3628	72.5508	60.8573	1.7849	9.0596	1.5817	0.0612
109.5152	70.8082	60.9393	1.7295	9.4105	1.4007	0.0612
109.6676	69.9064	60.3620	1.7054	9.3663	1.3918	0.0612
109.8200	69.1220	60.6806	1.7035	9.4797	1.3060	0.0612
109.9724	69.3876	61.4087	1.7016	9.7241	1.2840	0.0612
110.1248	69.0793	61.9155	1.6586	10.1387	1.1477	0.0612
110.2772	69.8412	63.1448	1.6773	10.4229	1.0989	0.0612
110.4296	68.5195	61.3479	1.6654	9.9169	1.1277	0.0612
110.5820	68.8136	61.6562	1.6308	10.2181	1.0716	0.0612
110.7344	69.1474	61.6828	1.6130	10.3307	1.0711	0.0612
110.8868	70.9427	60.7352	1.5945	10.1351	1.4848	0.0612
111.0392	70.6930	58.2404	1.5279	9.7256	1.7893	0.0612
111.1916	69.2095	55.5084	1.5143	8.9292	1.8959	0.0612
111.3440	67.5102	53.7910	1.4586	8.7047	1.8558	0.0612
111.4964	65.1622	51.3067	1.3997	8.2534	1.8346	0.0612
111.6488	64.8906	50.1866	1.4271	7.7336	1.8874	0.0612
111.8012	65.9557	50.9259	1.4579	7.7901	1.9055	0.0612
111.9536	66.8426	50.6967	1.4613	7.6969	2.0384	0.0612
112.1060	65.4238	50.5641	1.4282	7.8483	1.8250	0.0612
112.2584	61.5272	47.4043	1.3580	7.2461	1.7744	0.0612
112.4108	59.0494	44.8282	1.3081	6.7128	1.7752	0.0612
112.5632	58.2879	45.7356	1.2975	7.0654	1.5395	0.0612
112.7156	59.5752	47.1277	1.3473	7.2203	1.4919	-0.0035
112.8680	58.0521	46.5711	1.3249	7.1728	1.3518	-0.0035
113.0204	52.1761	43.0374	1.2349	6.5671	1.0747	-0.0035
113.1728	45.1985	37.4131	1.0848	5.6431	0.9111	-0.0035
113.3252	42.7868	36.5231	1.0080	5.8070	0.7394	-0.0035
113.4776	43.7546	37.9585	1.0208	6.1922	0.7143	-0.0035
113.6300	44.0481	38.0706	1.0251	6.2033	0.7629	-0.0035
113.7824	43.5754	37.3145	1.0201	5.9902	0.8256	-0.0035
113.9348	42.9687	35.8918	0.9945	5.6836	0.9411	-0.0035
114.0872	45.9183	38.9948	1.0410	6.4066	0.8913	-0.0035
114.2396	49.9588	41.8298	1.1596	6.6210	1.0263	-0.0035
114.3920	55.0592	46.5868	1.2793	7.4452	1.1178	-0.0035
114.5444	56.4460	46.6257	1.3077	7.2912	1.3200	-0.0035
114.6968	57.1857	46.2239	1.2908	7.2613	1.4692	-0.0035
114.8492	57.8027	48.1350	1.3228	7.6868	1.3285	-0.0035
115.0016	60.5188	50.0926	1.3776	7.9935	1.3858	-0.0035
115.1540	63.2524	51.2906	1.4618	7.8842	1.5509	-0.0035
115.3064	65.8731	53.9587	1.5259	8.3643	1.5382	-0.0035
115.4588	66.8967	54.7965	1.5219	8.6566	1.6626	-0.0035
115.6112	69.2102	58.2317	1.6011	9.2944	1.5359	-0.0035
115.7636	69.7341	57.8800	1.6340	8.9887	1.7502	-0.0035
115.9160	70.1291	59.3287	1.6264	9.4979	1.6387	-0.0035
116.0684	69.4008	58.2589	1.5755	9.4525	1.6617	-0.0035
116.2208	71.1674	59.9970	1.6215	9.7408	1.6225	-0.0035
116.3732	72.7288	59.8718	1.6763	9.3794	1.8143	-0.0035
116.5256	72.5510	57.5049	1.6176	8.9647	2.0536	-0.0035
116.6780	70.0904	54.5614	1.5561	8.3809	2.0750	-0.0035
116.8304	68.6754	54.3171	1.5633	8.2604	1.9595	-0.0035
116.9828	68.3337	53.2174	1.5738	7.8466	1.9911	-0.0035
117.1352	68.5257	54.1744	1.6100	7.9415	1.8709	-0.0035
117.2876	70.0051	55.2525	1.6355	8.1379	1.9350	-0.0035
117.4400	71.7274	57.6631	1.7002	8.5319	1.8565	-0.0035
117.5924	72.8129	58.1502	1.7563	8.3593	1.9691	-0.0035
117.7448	71.8264	58.0070	1.7962	8.0799	1.8574	-0.0035
117.8972	71.6167	58.7323	1.7557	8.5496	1.7855	-0.0035
118.0496	71.5979	61.3635	1.8295	8.9610	1.5128	-0.0035
118.2020	71.4771	61.4183	1.8624	8.7861	1.5083	-0.0035
118.3544	70.0268	60.7269	1.8446	8.6684	1.4714	-0.0035
118.5068	71.1344	60.8177	1.8608	8.6026	1.5532	-0.0035
118.6592	72.3000	63.1896	1.8837	9.2292	1.4329	-0.0035
118.8116	72.8006	62.7893	1.8382	9.3673	1.5559	-0.0035
118.9640	72.8798	62.0568	1.8200	9.2388	1.6545	-0.0035
119.1164	73.0510	60.9603	1.8330	8.8111	1.7570	-0.0035
119.2688	71.8351	60.1731	1.8059	8.7174	1.6167	-0.0035
119.4212	71.2015	58.9374	1.7768	8.4920	1.6571	-0.0035
119.5736	70.3307	58.8216	1.7825	8.4210	1.5036	-0.0035
119.7260	70.3209	57.4094	1.7084	8.4025	1.5911	-0.0035
119.8784	70.2180	57.1040	1.6689	8.5359	1.6201	-0.0035
120.0308	69.7935	56.8152	1.6747	8.4090	1.6277	-0.0035
120.1832	71.6172	58.7201	1.7021	8.8593	1.6054	-0.0035
120.3356	70.8997	57.5697	1.6773	8.6360	1.6820	-0.0035
120.4880	71.1029	57.8062	1.7086	8.5285	1.6303	-0.0035
120.6404	70.3298	57.6244	1.7097	8.4634	1.5433	-0.0035
120.7928	69.8293	58.8024	1.7227	8.7651	1.3554	-0.0035
120.9452	71.1010	60.1170	1.7816	8.8415	1.3395	-0.0035
121.0976	70.5407	60.1734	1.7937	8.7891	1.2978	-0.0035
121.2500	71.7225	60.5969	1.8453	8.6225	1.4610	-0.0035
121.4024	70.6675	59.7498	1.8215	8.4905	1.4465	-0.0035
121.5548	71.7037	60.8953	1.8725	8.5590	1.4498	-0.0035
121.7072	69.9225	59.9140	1.8328	8.4771	1.2958	-0.0035
121.8596	70.4297	59.9732	1.8417	8.4436	1.3721	-0.0035
122.0120	69.8942	59.3281	1.8254	8.3321	1.4161	-0.0035
122.1644	69.7152	59.5449	1.8747	8.1132	1.3408	-0.0035
122.3168	65.8817	56.4335	1.8128	7.4785	1.1829	-0.0035
122.4692	64.0797	54.1379	1.7382	7.1791	1.2299	-0.0035
122.6216	65.0326	54.0884	1.7172	7.2864	1.4313	-0.0035
122.7740	67.1094	55.1268	1.7065	7.6816	1.5980	-0.0035
122.9264	67.1150	53.8499	1.6541	7.5791	1.7326	-0.0035
123.0788	67.5601	53.3033	1.6327	7.5291	1.8090	-0.0035
123.2312	67.5810	53.2344	1.6271	7.5401	1.7898	-0.0035
123.3836	68.7463	53.9687	1.6424	7.6857	1.8180	-0.0035
123.5360	68.3997	54.0531	1.6404	7.7242	1.8216	-0.0035
123.6884	69.6602	55.2393	1.6803	7.8709	1.7937	-0.0035
123.8408	69.4268	55.0651	1.6760	7.8403	1.7621	-0.0035
123.9932	69.2144	55.0016	1.6772	7.8133	1.7775	-0.0035
124.1456	68.2495	53.6370	1.6298	7.6533	1.8244	-0.0035
124.2980	68.0391	53.3211	1.6197	7.6107	1.7949	-0.0035
124.4504	68.4324	52.7603	1.6326	7.3558	1.8701	-0.0035
124.6028	67.8321	53.0468	1.6387	7.4118	1.7894	-0.0035
124.7552	69.9133	54.3934	1.7251	7.3376	1.9361	-0.0035
124.9076	69.3617	55.6960	1.7526	7.5940	1.7119	-0.0035
125.0600	69.2770	55.5603	1.7569	7.5256	1.7620	-0.0035
125.2124	67.0723	53.9701	1.6936	7.3867	1.6291	-0.0035
125.3648	67.2285	53.5045	1.6937	7.2364	1.7232	-0.0035
125.5172	67.1710	53.6331	1.6786	7.3664	1.7569	-0.0035
125.6696	69.7322	56.2207	1.6755	8.2137	1.7910	-0.0035
125.8220	71.5520	56.9631	1.6762	8.4480	1.9795	-0.0035
125.9744	73.0274	59.4704	1.7144	9.0278	1.8636	-0.0035
126.1268	70.4130	59.7685	1.6862	9.2884	1.4814	-0.0035
126.2792	67.8905	56.9310	1.6202	8.7653	1.5261	-0.0035
126.4316	66.7119	57.8515	1.6020	9.1671	1.2655	-0.0035
126.5840	66.7383	56.9855	1.5739	9.0539	1.3675	-0.0035
126.7364	68.9413	58.8998	1.6062	9.4783	1.3882	-0.0035
126.8888	70.3946	59.9161	1.6588	9.4962	1.4501	-0.0035
127.0412	71.4374	60.8735	1.6599	9.7969	1.4715	-0.0035
127.1936	70.7790	59.4937	1.6191	9.5934	1.5040	-0.0035
127.3460	70.5871	58.8101	1.6519	9.1821	1.5789	-0.0035
127.4984	72.1489	60.8322	1.7417	9.3044	1.4704	-0.0035
127.6508	72.1485	59.9807	1.7247	9.1314	1.5943	-0.0035
127.8032	73.0800	60.0330	1.7527	8.9839	1.7184	-0.0035
127.9556	73.7512	60.9835	1.8027	8.9962	1.6922	-0.0035
128.1080	77.0515	62.7547	1.8650	9.1994	1.8680	-0.0035
128.2604	79.9841	64.4923	1.9599	9.2005	2.0160	-0.0035
128.4128	81.1572	66.1129	2.0060	9.4499	1.9867	-0.0035
128.5652	81.7291	65.2493	1.9973	9.2239	2.1843	-0.0035
128.7176	81.0245	63.7336	1.9997	8.7241	2.2606	-0.0035
128.8700	80.0192	63.8045	1.9748	8.8926	2.1398	-0.0035
129.0224	75.2107	59.8381	1.8579	8.3056	1.9802	-0.0035
129.1748	73.8757	59.1299	1.8100	8.3589	1.9304	-0.0035
129.3272	71.2919	56.9854	1.7850	7.8181	1.8451	-0.0035
129.4796	71.9009	57.0183	1.7819	7.8463	1.9162	-0.0035
129.6320	68.8576	54.3682	1.6819	7.5826	1.7864	-0.0035
129.7844	67.2570	52.9164	1.6443	7.3371	1.7657	-0.0035
129.9368	66.2347	51.2948	1.5849	7.1652	1.8434	-0.0035
130.0892	66.6854	51.8614	1.5948	7.2891	1.8054	-0.0035
130.2416	67.5754	53.4946	1.6261	7.6292	1.7437	-0.0035
130.3940	65.8306	53.1026	1.5829	7.7564	1.5431	-0.0035
130.5464	61.0930	48.9980	1.4633	7.1409	1.5123	-0.0035
130.6988	57.6726	45.6633	1.3734	6.5978	1.4780	-0.0035
130.8512	54.9017	43.0617	1.3054	6.1624	1.4544	-0.0035
131.0036	53.9735	42.1484	1.2595	6.1381	1.4481	-0.0035
131.1560	51.7577	39.5416	1.1811	5.7614	1.5037	-0.0035
131.3084	51.7010	39.8851	1.1826	5.8629	1.4956	-0.0035
131.4608	52.0757	40.5943	1.2143	5.9047	1.4684	-0.0035
131.6132	53.1023	41.6977	1.2284	6.1757	1.4454	-0.0035
131.7656	55.3096	42.3643	1.2385	6.3303	1.6237	-0.0035
131.9180	57.2063	44.0928	1.2773	6.6573	1.6519	-0.0035
132.0704	60.0968	46.9956	1.3438	7.1984	1.6433	-0.0035
132.2228	60.4630	46.7275	1.3490	7.0820	1.6764	-0.0035
132.3752	60.8218	46.6782	1.3440	7.0953	1.7647	-0.0035
132.5276	63.0620	48.9981	1.4163	7.4158	1.7275	-0.0035
132.6800	64.7704	50.2466	1.4775	7.4581	1.8505	-0.0035
132.8324	66.3881	54.5781	1.5560	8.3869	1.5269	-0.0035
132.9848	65.1359	53.3908	1.4894	8.3964	1.5098	-0.0035
133.1372	65.3640	53.9944	1.5064	8.4902	1.4743	-0.0035
133.2896	66.3966	55.3522	1.5448	8.7007	1.4886	-0.0035
133.4420	66.4293	55.4729	1.5968	8.4348	1.5108	-0.0035
133.5944	66.3957	55.2228	1.5907	8.3902	1.5384	-0.0035
133.7468	67.0648	55.4915	1.6217	8.2952	1.6579	-0.0035
133.8992	69.8447	59.3840	1.7058	9.0506	1.5558	-0.0035
134.0516	70.5186	60.0702	1.7355	9.0969	1.5576	-0.0035
134.2040	70.8687	59.9052	1.6992	9.2561	1.6568	-0.0035
134.3564	69.3568	60.4562	1.6685	9.6128	1.2654	-0.0035
134.5088	70.6123	58.7512	1.6802	8.9976	1.5663	-0.0035
134.6612	69.6691	57.7606	1.7020	8.5524	1.5595	-0.0035
134.8136	69.7232	56.7675	1.6664	8.4425	1.6618	-0.0035
134.9660	69.0758	56.7450	1.6583	8.4825	1.6149	-0.0035
135.1184	69.9005	58.2424	1.6598	8.9537	1.5523	-0.0035
135.2708	69.1030	57.2368	1.6034	8.9617	1.5824	-0.0035
135.4232	69.8444	57.8349	1.5889	9.2384	1.5104	-0.0035
135.5756	69.8168	56.2618	1.5691	8.8497	1.7308	-0.0035
135.7280	68.0085	55.3702	1.5028	8.9521	1.5794	-0.0035
135.8804	63.8002	53.2700	1.4398	8.6480	1.3450	-0.0035
136.0328	62.1711	50.5369	1.4072	7.9623	1.5340	-0.0035
136.1852	62.5406	51.1850	1.4055	8.1805	1.5006	-0.0035
136.3376	62.6038	51.8735	1.4144	8.3486	1.4304	-0.0035
136.4900	60.7926	50.8587	1.3829	8.2078	1.3409	-0.0035
136.6424	59.5465	50.2814	1.3516	8.2060	1.2199	-0.0035
136.7948	59.8870	50.2091	1.3219	8.3568	1.2792	-0.0035
136.9472	61.6684	52.7049	1.4082	8.6514	1.1146	-0.0035
137.0996	60.7117	51.3383	1.4073	8.2190	1.1908	-0.0035
137.2520	60.8477	52.7681	1.4603	8.3671	1.0223	-0.0035
137.4044	60.3128	52.2863	1.4556	8.2399	1.0192	-0.0035
137.5568	61.4632	52.3718	1.4722	8.1700	1.1176	-0.0035
137.7092	59.9588	51.5657	1.4013	8.3269	1.0685	-0.0035
137.8616	57.0785	49.4769	1.3308	8.0698	0.9824	-0.0035
138.0140	58.2754	50.4751	1.3103	8.5098	1.0536	-0.0035
138.1664	59.1437	49.9178	1.3024	8.3778	1.2850	-0.0035
138.3188	59.5994	50.4659	1.3153	8.4777	1.2399	-0.0035
138.4712	57.6148	48.5753	1.2905	8.0170	1.1572	-0.0035
138.6236	55.2333	46.1296	1.2375	7.5429	1.1903	-0.0035
138.7760	56.0151	46.9712	1.2539	7.7168	1.1991	-0.0035
138.9284	56.0926	45.8982	1.2377	7.4677	1.3124	-0.0035
139.0808	57.6142	47.6669	1.2987	7.6779	1.3060	-0.0035
139.2332	57.9505	47.9715	1.2954	7.7947	1.3160	-0.0035
139.3856	57.5065	46.7503	1.2959	7.4000	1.4139	-0.0035
139.5380	58.8095	48.3684	1.3475	7.6167	1.4360	-0.0035
139.6904	59.2886	48.0406	1.3934	7.2431	1.5031	-0.0035
139.8428	62.1501	51.3635	1.5183	7.5769	1.3633	-0.0035
139.9952	63.2688	51.2046	1.5563	7.3034	1.5279	-0.0035
140.1476	64.6199	52.0437	1.5817	7.4242	1.6698	-0.0035
140.3000	65.1785	52.2094	1.5601	7.6034	1.6983	-0.0035
140.4524	67.2976	53.5124	1.6146	7.7024	1.7763	-0.0035
140.6048	67.5788	53.3495	1.5893	7.7983	1.8794	-0.0035
140.7572	66.9563	52.8521	1.5508	7.8641	1.8554	-0.0035
140.9096	62.4728	48.4501	1.4526	7.0277	1.8153	-0.0035
141.0620	60.3963	47.6667	1.4013	7.0772	1.6551	-0.0035
141.2144	59.6654	47.3955	1.3963	7.0195	1.5900	-0.0035
141.3668	59.3287	47.2453	1.3884	7.0171	1.5453	-0.0035
141.5192	57.9623	45.7518	1.3126	6.9824	1.6665	-0.0035
141.6716	55.2300	43.9592	1.2364	6.8538	1.5437	-0.0035
141.8240	53.0167	41.2643	1.1572	6.4537	1.5779	-0.0035
141.9764	52.7987	41.0915	1.1716	6.3140	1.5986	-0.0035
142.1288	53.9971	43.4029	1.2100	6.8300	1.4958	-0.0035
142.2812	57.5150	47.3833	1.2852	7.6660	1.4565	-0.0035
142.4336	58.0810	47.1625	1.2924	7.5528	1.5793	-0.0035
142.5860	59.1205	47.6090	1.3165	7.5550	1.6424	-0.0035
142.7384	60.0306	48.6811	1.3493	7.7064	1.5920	-0.0035
142.8908	63.0063	51.4778	1.4508	8.0092	1.6087	-0.0035
143.0432	64.8047	51.9411	1.4466	8.1816	1.7943	-0.0035
143.1956	66.2137	54.6088	1.5126	8.6499	1.6217	-0.0035
143.3480	66.4928	54.4453	1.5160	8.5769	1.7057	-0.0035
143.5004	65.4774	54.5150	1.5429	8.4416	1.5675	-0.0035
143.6528	63.8200	53.0123	1.4823	8.3142	1.5527	-0.0035
143.8052	63.3995	50.8932	1.4501	7.8230	1.7695	-999.2500
143.9576	62.9831	50.2714	1.4645	7.5392	1.7846	-999.2500
144.1100	63.5353	52.0078	1.5096	7.8309	1.6280	-999.2500
144.2624	62.6304	52.8806	1.5349	7.9624	1.4298	-999.2500
144.4148	61.5838	51.4269	1.5005	7.6972	1.4783	-999.2500
144.5672	60.0480	47.9090	1.3788	7.2819	1.7138	-999.2500
144.7196	61.5923	50.0737	1.4163	7.7559	1.6179	-999.2500
144.8720	63.2179	49.5434	1.4184	7.5734	1.8518	-999.2500
145.0244	64.2851	51.5528	1.4434	8.0714	1.6914	-999.2500
145.1768	61.9515	49.5439	1.3781	7.8097	1.5969	-999.2500
145.3292	60.1395	48.1209	1.3616	7.4502	1.4936	-999.2500
145.4816	58.5815	48.1487	1.3313	7.6363	1.3321	-999.2500
145.6340	58.1525	47.9263	1.3134	7.6700	1.2753	-999.2500
145.7864	56.5865	44.6195	1.2388	7.0468	1.5246	-999.2500
145.9388	56.1451	42.9163	1.1816	6.8358	1.6812	-999.2500
146.0912	54.8073	40.7561	1.1353	6.4148	1.8070	-999.2500
146.2436	54.9773	41.6504	1.1740	6.4750	1.7054	-999.2500
146.3960	54.1732	40.6897	1.1567	6.2680	1.7141	-999.2500
146.5484	54.0638	41.7980	1.1544	6.6366	1.6118	-999.2500
146.7008	54.5655	40.0596	1.1265	6.2427	1.8659	-999.2500
146.8532	54.7067	40.6368	1.1501	6.2898	1.7813	-999.2500
147.0056	55.4539	41.3170	1.1744	6.3653	1.8194	-999.2500
147.1580	57.8475	42.3285	1.2400	6.3056	1.9576	-999.2500
147.3104	60.7258	43.8727	1.3005	6.4465	2.1400	-999.2500
147.4628	62.5083	45.9173	1.3529	6.7951	2.0630	-999.2500
147.6152	63.4847	47.4377	1.3956	7.0323	1.9821	-999.2500
147.7676	65.0451	50.0596	1.4554	7.5225	1.7923	-999.2500
147.9200	66.9179	51.5071	1.4934	7.7641	1.8243	-999.2500
148.0724	67.6429	52.3446	1.5476	7.7152	1.8461	-999.2500
148.2248	65.1895	50.8120	1.5090	7.4498	1.6490	-999.2500
148.3772	59.2076	47.4697	1.4215	6.8910	1.3894	-999.2500
148.5296	54.4510	42.3297	1.2649	6.1604	1.5047	-999.2500
148.6820	51.9715	40.2134	1.1679	6.0502	1.4445	-999.2500
148.8344	50.7217	40.3913	1.1263	6.3505	1.2711	-999.2500
148.9868	48.5122	38.5555	1.0970	5.9338	1.1565	-999.2500
149.1392	45.8733	36.2935	1.0557	5.4504	1.1018	-999.2500
149.2916	46.1574	36.0495	1.0253	5.5502	1.1564	-999.2500
149.4440	45.4534	35.5363	1.0247	5.3892	1.1700	-999.2500
149.5964	46.5340	36.3051	1.0824	5.2976	1.1920	-999.2500
149.7488	47.4988	37.6355	1.1209	5.4989	1.1279	-999.2500
149.9012	51.6949	40.7558	1.2613	5.6765	1.2690	-999.2500
150.0536	53.5316	42.1920	1.2796	6.0296	1.3283	-999.2500
150.2060	56.4010	45.1686	1.3713	6.4470	1.3034	-999.2500
150.3584	58.8603	46.2837	1.4439	6.3797	1.5003	-999.2500
150.5108	62.6224	49.0635	1.5177	6.8382	1.6277	-999.2500
150.6632	64.5856	50.6212	1.5472	7.1647	1.6858	-999.2500
150.8156	64.1999	50.5774	1.5757	6.9840	1.6505	-999.2500
150.9680	62.5146	49.6150	1.5644	6.7420	1.5439	-999.2500
151.1204	62.9853	49.1703	1.5279	6.8131	1.6972	-999.2500
151.2728	62.6293	48.3645	1.4693	6.8975	1.7602	-999.2500
151.4252	62.9442	47.4374	1.4318	6.8198	1.8771	-999.2500
151.5776	61.5388	45.2698	1.3473	6.6200	2.0173	-999.2500
151.7300	61.0600	43.5747	1.2956	6.3794	2.1381	-999.2500
151.8824	61.1432	44.1717	1.3392	6.3158	2.0841	-999.2500
152.0348	61.4782	45.2946	1.3514	6.6041	1.9400	-999.2500
152.1872	62.5737	46.5004	1.4401	6.4710	1.8853	-999.2500
152.3396	62.5215	45.7239	1.4230	6.3225	1.9768	-999.2500
152.4920	61.7240	46.3078	1.3965	6.6648	1.8014	-999.2500
152.6444	59.8551	45.2613	1.3785	6.4346	1.7143	-999.2500
152.7968	61.0984	46.8128	1.4462	6.5355	1.6565	-999.2500
152.9492	62.7625	47.7715	1.4826	6.6297	1.7636	-999.2500
153.1016	64.1330	49.5361	1.5223	6.9631	1.7885	-999.2500
153.2540	64.1229	49.9738	1.5030	7.2159	1.6920	-999.2500
153.4064	63.1879	50.4551	1.5380	7.1654	1.5078	-999.2500
153.5588	63.4767	50.2166	1.5080	7.2648	1.5642	-999.2500
153.7112	62.7933	50.4065	1.5097	7.3151	1.5115	-999.2500
153.8636	59.6148	47.0021	1.4101	6.8075	1.6042	-999.2500
154.0160	54.6230	44.8586	1.3500	6.4722	1.2711	-999.2500
154.1684	51.4774	41.4854	1.2474	5.9922	1.3251	-999.2500
154.3208	53.3701	42.6297	1.2697	6.2279	1.4719	-999.2500
154.4732	57.0225	44.9112	1.3484	6.4985	1.6427	-999.2500
154.6256	58.5548	47.3538	1.4075	6.9352	1.4857	-999.2500
154.7780	58.2185	46.4013	1.4040	6.6506	1.5285	-999.2500
154.9304	58.6092	47.0553	1.4455	6.6174	1.4989	-999.2500
155.0828	59.6738	48.1023	1.4941	6.6685	1.5209	-999.2500
155.2352	60.3682	48.5539	1.4943	6.8118	1.5543	-999.2500
155.3876	58.2278	45.2457	1.4292	6.1328	1.7248	-999.2500
155.5400	55.9691	43.7020	1.3472	6.1180	1.5738	-999.2500
155.6924	53.7349	40.6436	1.2358	5.7906	1.7061	-999.2500
155.8448	52.0914	39.4605	1.1651	5.8249	1.6597	-999.2500
155.9972	50.6746	38.8285	1.1396	5.7723	1.5325	-999.2500
156.1496	49.7672	38.2463	1.1040	5.7940	1.4577	-999.2500
156.3020	49.2939	36.8243	1.0788	5.4860	1.6690	-999.2500
156.4544	49.2119	35.6487	1.0344	5.3688	1.8731	-999.2500
156.6068	48.7543	35.4994	1.0276	5.3613	1.8186	-999.2500
156.7592	48.4316	35.1741	1.0231	5.2832	1.7390	-999.2500
156.9116	47.8794	35.2177	1.0203	5.3137	1.6677	-999.2500
157.0640	48.2194	36.1921	1.0429	5.4937	1.5853	-999.2500
157.2164	52.3942	39.3163	1.1238	6.0211	1.7352	-999.2500
157.3688	58.6423	44.8786	1.2872	6.8470	1.8603	-999.2500
157.5212	64.1306	48.9393	1.4247	7.3430	1.9938	-999.2500
157.6736	65.6961	49.2113	1.4380	7.3523	2.1275	-999.2500
157.8260	65.9013	49.0631	1.4326	7.3367	2.1766	-999.2500
157.9784	66.5848	49.8504	1.4295	7.6070	2.1028	-999.2500
158.1308	67.5741	52.9137	1.5088	8.1242	1.7850	-999.2500
158.2832	65.2054	50.1792	1.4284	7.7186	1.8100	-999.2500
158.4356	62.4011	47.4762	1.3144	7.5194	1.8743	-999.2500
158.5880	59.6644	45.4501	1.2588	7.1959	1.8138	-999.2500
158.7404	58.8528	44.4787	1.2379	7.0066	1.7793	-999.2500
158.8928	58.7163	43.2436	1.2479	6.5526	1.9358	-999.2500
159.0452	58.3089	42.1112	1.2198	6.3544	2.0484	-999.2500
159.1976	57.8265	41.9340	1.2181	6.3073	2.0294	-999.2500
159.3500	57.5627	41.2982	1.2158	6.1174	2.1110	-999.2500
159.5024	57.6459	42.9859	1.2610	6.3936	1.9039	-999.2500
159.6548	57.9734	43.0061	1.3000	6.1716	1.9162	-999.2500
159.8072	56.2487	41.9361	1.2785	5.9549	1.8343	-999.2500
159.9596	53.8031	40.7772	1.2343	5.8420	1.7130	-999.2500
160.1120	54.4083	40.7307	1.2880	5.5130	1.7684	-999.2500
160.2644	56.6835	41.8398	1.3196	5.6834	1.9068	-999.2500
160.4168	59.6836	45.2008	1.4130	6.2136	1.9014	-999.2500
160.5692	60.1980	47.0766	1.4604	6.5375	1.6890	-999.2500
160.7216	62.8452	49.3626	1.5388	6.8112	1.6342	-999.2500
160.8740	65.0624	50.5201	1.6056	6.7905	1.8098	-999.2500
161.0264	66.9709	52.4973	1.6274	7.2968	1.8362	-999.2500
161.1788	66.8345	51.5582	1.5947	7.1870	1.9334	-999.2500
161.3312	67.9669	54.0511	1.6191	7.8435	1.7718	-999.2500
161.4836	70.9632	55.8855	1.6775	8.0895	1.8601	-999.2500
161.6360	72.2492	57.6947	1.7474	8.2596	1.7484	-999.2500
161.7884	72.6848	59.2118	1.7177	8.9200	1.6764	-999.2500
161.9408	70.8317	57.8915	1.6923	8.6457	1.6120	-999.2500
162.0932	69.4398	55.9101	1.6472	8.2747	1.6603	-999.2500
162.2456	68.0399	54.1569	1.5974	8.0046	1.7468	-999.2500
162.3980	68.3345	54.5346	1.6250	7.9636	1.7419	-999.2500
162.5504	68.0964	55.2983	1.6387	8.1285	1.5162	-999.2500
162.7028	68.7214	56.8524	1.6981	8.2790	1.3671	-999.2500
162.8552	68.5654	56.0421	1.6790	8.1312	1.4441	-999.2500
163.0076	71.6907	57.3603	1.7401	8.1960	1.7271	-999.2500
163.1600	72.8521	57.5070	1.7089	8.4258	1.9165	-999.2500
163.3124	73.4297	57.8509	1.6918	8.6360	1.9843	-999.2500
163.4648	73.2779	57.6306	1.7306	8.3377	1.9220	-999.2500
163.6172	73.1104	59.5146	1.7589	8.7760	1.6353	-999.2500
163.7696	73.1197	60.1094	1.7805	8.8399	1.5492	-999.2500
163.9220	72.1841	60.6768	1.7837	9.0029	1.2897	-999.2500
164.0744	72.2055	60.5522	1.7506	9.1569	1.3878	-999.2500
164.2268	70.1347	58.4982	1.6711	8.9644	1.5167	-999.2500
164.3792	70.1773	58.0073	1.6637	8.8505	1.5722	-999.2500
164.5316	69.4313	58.4140	1.6756	8.9107	1.4273	-999.2500
164.6840	70.7893	59.9346	1.7193	9.1420	1.4018	-999.2500
164.8364	69.6996	59.7247	1.7319	9.0014	1.3353	-999.2500
164.9888	70.3489	59.1228	1.7368	8.7798	1.4737	-999.2500
165.1412	71.7315	61.3277	1.7766	9.2532	1.4334	-999.2500
165.2936	72.8330	60.0084	1.7819	8.7997	1.7230	-999.2500
165.4460	73.5810	60.6299	1.7641	9.1030	1.6995	-999.2500
165.5984	72.7197	58.2755	1.6812	8.8336	1.9505	-999.2500
165.7508	72.4098	58.0181	1.6734	8.7971	1.9123	-999.2500
165.9032	72.1790	57.2860	1.6591	8.6461	1.9055	-999.2500
166.0556	72.1974	57.1121	1.6333	8.7411	2.0049	-999.2500
166.2080	70.9629	56.1950	1.5937	8.6791	2.0017	-999.2500
166.3604	70.9175	55.9482	1.6033	8.5438	2.0515	-999.2500
166.5128	70.7465	55.8052	1.6170	8.4181	1.9569	-999.2500
166.6652	72.6964	58.6937	1.6781	8.9857	1.8685	-999.2500
166.8176	72.7702	57.1876	1.6366	8.7462	2.0062	-999.2500
166.9700	72.6187	59.0009	1.6903	9.0130	1.7610	-999.2500
167.1224	72.1062	58.0288	1.6564	8.8999	1.8211	-999.2500
167.2748	73.1534	59.1525	1.6638	9.2163	1.8262	-999.2500
167.4272	70.2393	56.7022	1.6016	8.7954	1.6911	-999.2500
167.5796	66.8536	54.1448	1.5194	8.4571	1.5956	-999.2500
167.7320	66.3058	55.1085	1.5606	8.5242	1.3537	-999.2500
167.8844	66.9318	54.6527	1.5803	8.2627	1.4667	-999.2500
168.0368	66.4865	55.5304	1.6080	8.3820	1.2571	-999.2500
168.1892	62.7309	52.8545	1.4958	8.1812	1.1768	-999.2500
168.3416	64.2929	53.1160	1.5133	8.1624	1.3487	-999.2500
168.4940	65.1156	54.3911	1.5817	8.1705	1.3686	-999.2500
168.6464	67.3685	55.6142	1.6191	8.3439	1.5569	-999.2500
168.7988	68.0929	57.5096	1.7012	8.4704	1.5058	-999.2500
168.9512	71.0989	60.4037	1.8210	8.6965	1.5355	-999.2500
169.1036	71.6849	61.0745	1.8036	9.0137	1.5612	-999.2500
169.2560	73.2167	61.8494	1.8378	9.0615	1.6342	-999.2500
169.4084	74.2208	60.6100	1.8275	8.7246	1.8817	-999.2500
169.5608	74.5075	60.0521	1.8104	8.6462	1.9805	-999.2500
169.7132	74.9997	58.5716	1.7557	8.4921	2.2851	-999.2500
169.8656	73.4952	57.2800	1.7599	8.0539	2.2242	-999.2500
170.0180	73.4372	58.4993	1.7709	8.3801	2.0190	-999.2500
170.1704	70.9423	56.0431	1.6749	8.1549	1.9348	-999.2500
170.3228	72.5898	57.1601	1.6872	8.4411	1.9479	-999.2500
170.4752	72.3559	55.5300	1.6225	8.2972	2.0604	-999.2500
170.6276	70.8001	54.7406	1.5957	8.2016	1.9209	-999.2500
170.7800	68.7028	53.4355	1.5798	7.8763	1.7837	-999.2500
170.9324	69.1713	54.1532	1.6088	7.9364	1.7867	-999.2500
171.0848	70.6092	55.7146	1.6159	8.3951	1.8190	-999.2500
171.2372	69.2094	55.9116	1.5866	8.6299	1.6302	-999.2500
171.3896	68.9605	56.3503	1.5976	8.7060	1.4921	-999.2500
171.5420	68.5769	56.4873	1.5722	8.8982	1.4404	-999.2500
171.6944	70.9802	57.4659	1.6407	8.8109	1.6193	-999.2500
171.8468	70.4218	56.3594	1.5921	8.7411	1.7248	-999.2500
171.9992	71.5922	56.8582	1.6446	8.5935	1.7940	-999.2500
172.1516	70.9253	57.4990	1.6623	8.6954	1.6546	-999.2500
172.3040	69.1980	55.7327	1.6167	8.3960	1.6481	-999.2500
172.4564	68.4588	55.5504	1.5921	8.4816	1.6339	-999.2500
172.6088	68.4128	55.4645	1.5909	8.4611	1.6160	-999.2500
172.7612	70.6889	57.0583	1.6673	8.5251	1.6676	-999.2500
172.9136	70.5790	56.4615	1.6820	8.2478	1.7417	-999.2500
173.0660	70.6045	56.7932	1.6746	8.3973	1.7530	-999.2500
173.2184	69.5896	55.9742	1.6367	8.3566	1.7564	-999.2500
173.3708	71.1483	57.4541	1.7019	8.4491	1.7691	-999.2500
173.5232	70.5761	58.6098	1.7538	8.5160	1.4895	-999.2500
173.6756	71.5894	59.3068	1.7397	8.8218	1.5810	-999.2500
173.8280	71.4054	58.4526	1.7305	8.6019	1.6363	-999.2500
173.9804	72.2999	59.2333	1.7483	8.7481	1.6269	-999.2500
174.1328	71.8668	57.6221	1.7313	8.3313	1.7931	-999.2500
174.2852	71.2748	57.3589	1.7061	8.3943	1.7665	-999.2500
174.4376	71.4966	58.4465	1.7226	8.6461	1.6246	-999.2500
174.5900	70.6427	57.0729	1.6837	8.4333	1.7087	-999.2500
174.7424	70.2923	55.4409	1.6778	7.9448	1.8255	-999.2500
174.8948	70.9291	54.6678	1.6940	7.6024	1.9721	-999.2500
175.0472	71.0591	54.8638	1.6772	7.7635	1.9643	-999.2500
175.1996	72.4361	55.0870	1.6921	7.7479	2.1879	-999.2500
175.3520	69.8095	52.8058	1.6485	7.2722	2.1107	-999.2500
175.5044	72.7113	54.6202	1.7097	7.4954	2.2710	-999.2500
175.6568	70.8185	52.6403	1.6537	7.1883	2.2866	-999.2500
175.8092	74.1918	55.4967	1.7331	7.6390	2.3151	-999.2500
175.9616	73.7419	54.7806	1.6945	7.6358	2.3178	-999.2500
176.1140	74.6195	54.7863	1.7163	7.5101	2.4279	-999.2500
176.2664	71.6587	52.3885	1.6545	7.1038	2.3044	-999.2500
176.4188	70.1319	52.1977	1.6207	7.2400	2.1344	-999.2500
176.5712	68.0910	50.8640	1.5940	6.9693	2.1096	-999.2500
176.7236	68.5849	51.3212	1.5945	7.1123	2.1501	-999.2500
176.8760	67.0451	50.9270	1.5700	7.1297	1.9940	-999.2500
177.0284	68.8960	53.0091	1.6238	7.4820	1.9610	-999.2500
177.1808	70.5281	55.3308	1.6850	7.8680	1.8187	-999.2500
177.3332	71.8954	57.4106	1.7340	8.2475	1.8010	-999.2500
177.4856	72.4295	58.2709	1.7782	8.2641	1.7603	-999.2500
177.6380	72.6601	60.0905	1.8291	8.5491	1.5513	-999.2500
177.7904	74.5150	62.7363	1.9244	8.8395	1.4922	-999.2500
177.9428	75.2991	65.3508	1.9864	9.3142	1.3032	-999.2500
178.0952	75.0552	66.1991	1.9637	9.7189	1.0918	-999.2500
178.2476	74.7743	66.7550	1.9437	10.0143	0.9285	-999.2500
178.4000	75.6217	68.0664	1.9969	10.1232	0.8559	-999.2500
178.5524	76.6368	69.2907	2.0286	10.3300	0.8318	-999.2500
178.7048	75.8698	68.4934	1.9768	10.3777	0.8011	-999.2500
178.8572	74.6937	65.7406	1.8896	10.0061	1.0621	-999.2500
179.0096	73.9510	64.5050	1.8593	9.7872	1.0659	-999.2500
179.1620	75.2526	66.6040	1.9003	10.2206	0.9932	-999.2500
179.3144	75.5168	65.9134	1.9021	9.9888	1.1618	-999.2500
179.4668	74.3356	64.2243	1.8221	9.9157	1.1712	-999.2500
179.6192	73.5264	61.9358	1.7461	9.6271	1.4125	-999.2500
179.7716	73.2036	61.2242	1.7614	9.3093	1.5455	-999.2500
179.9240	73.2579	60.7833	1.7505	9.2321	1.6149	-999.2500
180.0764	72.2068	58.1742	1.6852	8.7781	1.8078	-999.2500
180.2288	71.7057	56.8917	1.6464	8.5940	1.9122	-999.2500
180.3812	73.1083	58.5523	1.6743	8.9628	1.9511	-999.2500
180.5336	73.4800	60.1408	1.7206	9.2013	1.7573	-999.2500
180.6860	74.4047	59.8890	1.7257	9.0903	1.8976	-999.2500
180.8384	73.7639	59.2193	1.7209	8.9039	1.8718	-999.2500
180.9908	75.1933	59.9815	1.7494	8.9817	1.9311	-999.2500
181.1432	75.1866	60.2548	1.7631	8.9887	1.9247	-999.2500
181.2956	74.4414	60.5525	1.7871	8.9437	1.7250	-999.2500
181.4480	74.9487	60.3884	1.7819	8.9216	1.7888	-999.2500
181.6004	75.9587	61.6460	1.8369	9.0024	1.7387	-999.2500
181.7528	77.1256	63.3879	1.8528	9.4676	1.6858	-999.2500
181.9052	74.8211	62.1907	1.8444	9.1334	1.4964	-999.2500
182.0576	74.0886	61.0937	1.8274	8.8810	1.4423	-999.2500
182.2100	74.0702	60.9159	1.8054	8.9526	1.5203	-999.2500
182.3624	73.8935	62.0307	1.8316	9.1568	1.3771	-999.2500
182.5148	73.6219	62.8661	1.8144	9.5250	1.2867	-999.2500
182.6672	72.7988	64.1303	1.8212	9.8904	1.0457	-999.2500
182.8196	72.9266	64.9211	1.8038	10.2459	0.9756	-999.2500
182.9720	72.7674	65.3613	1.7955	10.4353	0.8805	-999.2500
183.1244	72.8707	66.3987	1.8262	10.5884	0.7383	-999.2500
183.2768	72.3868	66.5022	1.8312	10.5919	0.6624	-999.2500
183.4292	74.8241	68.8300	1.9338	10.7372	0.6206	-999.2500
183.5816	76.0409	69.0379	1.9110	10.9374	0.8218	-999.2500
183.7340	77.6863	70.4027	1.9821	10.9588	0.9296	-999.2500
183.8864	76.2680	67.8192	1.9124	10.5388	1.0985	-999.2500
184.0388	75.0974	65.6069	1.8612	10.1296	1.2713	-999.2500
184.1912	71.0186	58.6255	1.6936	8.8732	1.6200	-999.2500
184.3436	63.6904	50.7341	1.5045	7.4511	1.6881	-999.2500
184.4960	59.6742	45.7111	1.3738	6.6069	1.8461	-999.2500
184.6484	56.5168	42.8966	1.2845	6.2273	1.8088	-999.2500
184.8008	55.8831	41.6281	1.2585	5.9732	1.9075	-999.2500
184.9532	56.1791	40.6251	1.2063	5.9569	2.0751	-999.2500
185.1056	57.4789	42.3366	1.2225	6.4106	2.0453	-999.2500
185.2580	59.3244	44.8917	1.2997	6.7776	1.8559	-999.2500
185.4104	58.8746	44.6783	1.2613	6.9344	1.8143	-999.2500
185.5628	58.0619	45.2481	1.2837	6.9855	1.6141	-999.2500
185.7152	57.0866	46.0008	1.2768	7.2676	1.4285	-999.2500
185.8676	53.8638	46.3288	1.2605	7.4681	1.0020	-999.2500
186.0200	53.0707	47.2280	1.2397	7.8779	0.8115	-999.2500
186.1724	52.3198	48.7896	1.2722	8.1880	0.5351	-999.2500
186.3248	52.5219	50.2760	1.3018	8.4909	0.4196	-999.2500
186.4772	53.2164	52.6968	1.3403	9.0412	0.2502	-999.2500
186.6296	53.6730	54.9399	1.3944	9.4435	0.0885	-999.2500
186.7820	54.8745	56.7294	1.4272	9.8250	0.0730	-999.2500
186.9344	54.8745	57.1970	1.4178	10.0297	0.1167	-999.2500
