HOLE:	U1352C
EXPEDITION:	317
TOP:	0.0920
BOTTOM:	184.9532
DEPTH_WMSF	HSGR	HCGR	HFK	HTHO	HURA	HBHK
m	gAPI	gAPI	%	ppm	ppm	%
0.0920	22.8527	22.4306	0.6522	3.3707	0.0916	-999.2500
0.2444	23.2017	22.1783	0.6190	3.4838	0.1696	-999.2500
0.3968	22.9009	22.6148	0.5997	3.7364	0.0686	-999.2500
0.5492	25.4384	24.6652	0.6718	3.9715	0.1662	-999.2500
0.7016	29.9017	28.5893	0.8356	4.2702	0.2402	-999.2500
0.8540	33.0361	30.2297	0.9270	4.2604	0.4381	-999.2500
1.0064	33.0770	28.7163	0.8854	4.0191	0.6732	-999.2500
1.1588	32.1317	28.4685	0.8288	4.2710	0.6069	-999.2500
1.3112	32.4504	28.7422	0.8549	4.2058	0.5422	-999.2500
1.4636	33.4986	30.0853	0.9293	4.2005	0.4704	-999.2500
1.6160	34.7427	29.2799	0.9330	3.9214	0.6918	-999.2500
1.7684	37.2702	30.2574	0.9738	3.9956	0.8998	-999.2500
1.9208	39.4860	32.1243	1.0783	3.9824	0.9486	-999.2500
2.0732	40.9649	31.5483	1.1107	3.6080	1.2122	-999.2500
2.2256	41.0200	31.6881	1.0934	3.7540	1.1713	-999.2500
2.3780	42.3910	32.3672	1.0381	4.2954	1.2710	-999.2500
2.5304	43.9529	32.9819	0.9568	4.9685	1.4785	-999.2500
2.6828	45.1245	34.5533	0.9407	5.5661	1.4226	-999.2500
2.8352	43.6783	33.2784	0.9222	5.2660	1.3466	-999.2500
2.9876	41.3925	30.8540	0.8737	4.7726	1.4443	-999.2500
3.1400	40.1529	28.4698	0.7907	4.4947	1.7238	-999.2500
3.2924	40.0539	26.9197	0.7072	4.4865	2.0013	-999.2500
3.4448	40.2411	27.2689	0.6885	4.7074	2.0359	-999.2500
3.5972	39.6573	26.6396	0.6338	4.8265	2.0692	-999.2500
3.7496	37.9439	24.9495	0.5482	4.7858	2.0661	-999.2500
3.9020	36.2318	23.8209	0.5185	4.5981	1.9666	-999.2500
4.0544	36.2932	23.6053	0.5184	4.5299	1.9904	-999.2500
4.2068	37.2962	24.4852	0.5668	4.5283	1.9704	-999.2500
4.3592	38.1602	25.5124	0.6366	4.4489	1.9253	-999.2500
4.5116	37.8098	25.1612	0.6273	4.3906	1.9840	-999.2500
4.6640	36.3227	22.8334	0.5683	3.9906	2.0795	-999.2500
4.8164	36.7577	23.1180	0.6072	3.8540	2.0299	-999.2500
4.9688	37.9359	25.1172	0.6707	4.1229	1.9185	-999.2500
5.1212	38.8918	25.6424	0.7280	3.9560	2.0271	-999.2500
5.2736	42.2724	27.4966	0.8032	4.1099	2.2190	-999.2500
5.4260	42.2936	29.4119	0.8900	4.2161	1.9392	-999.2500
5.5784	40.8309	29.7021	0.9048	4.2223	1.6702	-999.2500
5.7308	37.5564	26.8859	0.8441	3.6748	1.5806	-999.2500
5.8832	34.0517	24.8853	0.7787	3.4166	1.4097	-999.2500
6.0356	33.5688	24.6489	0.7700	3.3917	1.3696	-999.2500
6.1880	31.2541	22.4713	0.7090	3.0509	1.2989	-999.2500
6.3404	29.5436	22.7141	0.7253	3.0338	1.0083	-999.2500
6.4928	28.1832	22.7206	0.6740	3.3362	0.7851	-999.2500
6.6452	26.0540	21.3211	0.6593	2.9733	0.6629	-999.2500
6.7976	24.0813	19.9339	0.5859	2.9587	0.4740	-999.2500
6.9500	19.7674	16.1455	0.4546	2.5126	0.4602	-999.2500
7.1024	16.7614	13.2566	0.3649	2.1118	0.4791	-999.2500
7.2548	13.9609	10.7107	0.2910	1.7288	0.4654	-999.2500
7.4072	13.6563	9.8247	0.2613	1.6185	0.5877	-999.2500
7.5596	18.7669	12.7393	0.3715	1.9078	0.8695	-999.2500
7.7120	23.5958	16.3727	0.4769	2.4545	1.0419	-999.2500
7.8644	28.3788	19.1325	0.5953	2.6460	1.2856	-999.2500
8.0168	27.8815	19.2059	0.6156	2.5508	1.2628	-999.2500
8.1692	30.2501	19.6371	0.6554	2.4556	1.4854	-999.2500
8.3216	33.2713	21.1216	0.6764	2.8084	1.6835	-999.2500
8.4740	34.4642	23.3949	0.7149	3.3113	1.4863	-999.2500
8.6264	32.8824	22.4402	0.6982	3.1036	1.3320	-999.2500
8.7788	31.3079	21.6114	0.6505	3.1172	1.2028	-999.2500
8.9312	29.7363	22.3461	0.6515	3.3469	0.8652	-999.2500
9.0836	32.1377	26.9260	0.7342	4.3309	0.5648	-999.2500
9.2360	32.6688	28.5198	0.7723	4.6185	0.3885	-999.2500
9.3884	35.1720	31.8427	0.8408	5.2824	0.3092	-999.2500
9.5408	34.2500	31.9398	0.7837	5.6480	0.2539	-999.2500
9.6932	35.6345	32.0857	0.7983	5.6092	0.3998	-999.2500
9.8456	36.2231	34.5045	0.8334	6.1788	0.2232	-999.2500
9.9980	35.8463	35.6858	0.8685	6.3517	0.1559	-999.2500
10.1504	33.5533	32.3955	0.8078	5.6528	0.3694	-999.2500
10.3028	31.2507	30.4806	0.7767	5.2211	0.3715	-999.2500
10.4552	28.3213	26.7196	0.7122	4.3933	0.5218	-999.2500
10.6076	26.8640	22.8775	0.6255	3.6695	0.8096	-999.2500
10.7600	26.5136	20.9312	0.6206	3.0746	0.9377	-999.2500
10.9124	27.7429	21.7301	0.6376	3.2309	0.9941	-999.2500
11.0648	28.8174	20.8439	0.6270	3.0090	1.2289	-999.2500
11.2172	29.3252	19.9054	0.6287	2.6980	1.3819	-999.2500
11.3696	31.7317	22.1358	0.6536	3.2674	1.4310	-999.2500
11.5220	31.4068	22.5760	0.6538	3.4070	1.3285	-999.2500
11.6744	30.8362	20.9513	0.5811	3.3118	1.3728	-999.2500
11.8268	29.5962	20.5684	0.5582	3.3232	1.2392	-999.2500
11.9792	30.6197	22.4678	0.5864	3.7673	1.0804	-999.2500
12.1316	30.6931	24.6989	0.5922	4.4483	0.7121	-999.2500
12.2840	28.5799	22.3105	0.5379	4.0011	0.7315	-999.2500
12.4364	26.9471	22.1957	0.4924	4.2306	0.5242	-999.2500
12.5888	27.0627	23.6289	0.4856	4.7299	0.4238	-999.2500
12.7412	31.5194	27.6788	0.5678	5.5468	0.4384	-999.2500
12.8936	35.7757	32.8082	0.6666	6.6118	0.3242	-999.2500
13.0460	37.3406	33.8186	0.6791	6.8623	0.4016	-999.2500
13.1984	35.1376	30.7372	0.6499	6.0459	0.5173	-999.2500
13.3508	32.5488	28.7129	0.6076	5.6449	0.4706	-999.2500
13.5032	33.3809	29.4593	0.6308	5.7480	0.5553	-999.2500
13.6556	33.8604	28.8833	0.6503	5.4497	0.7458	-999.2500
13.8080	35.3620	30.3209	0.6800	5.7363	0.8347	-999.2500
13.9604	34.2303	30.5155	0.7007	5.6769	0.7198	-999.2500
14.1128	33.5001	29.5478	0.7005	5.3684	0.8692	-999.2500
14.2652	32.1418	27.1856	0.7082	4.5661	0.9533	-999.2500
14.4176	32.5991	28.2057	0.7371	4.7237	0.9300	-999.2500
14.5700	33.8649	30.0322	0.7935	4.9786	0.8421	-999.2500
14.7224	35.2140	33.2267	0.8300	5.7885	0.6676	-999.2500
14.8748	35.3740	33.3521	0.7784	6.1311	0.7191	-999.2500
15.0272	34.8481	31.9725	0.7387	5.9215	0.8082	-999.2500
15.1796	33.4195	29.9104	0.7166	5.3905	0.7753	-999.2500
15.3320	35.0017	31.0615	0.7312	5.6738	0.7855	-999.2500
15.4844	35.2481	30.0751	0.7667	5.1498	0.9216	-999.2500
15.6368	36.5713	30.7626	0.8360	4.9645	1.0223	-999.2500
15.7892	34.9750	29.2029	0.8217	4.5479	1.0059	-999.2500
15.9416	34.4898	27.3992	0.7558	4.3558	1.2167	-999.2500
16.0940	33.8786	25.4646	0.7147	3.9769	1.4051	-999.2500
16.2464	34.8751	24.0878	0.6863	3.7022	1.7510	-999.2500
16.3988	34.9036	21.0118	0.6522	2.9160	2.0604	-999.2500
16.5512	30.7857	17.5307	0.5810	2.2172	1.9064	-999.2500
16.7036	22.7195	12.8657	0.4383	1.5573	1.4263	-999.2500
16.8560	17.3089	10.1565	0.3296	1.3251	1.0706	-999.2500
17.0084	16.4967	10.1481	0.2880	1.5657	0.9727	-999.2500
17.1608	16.6284	10.1627	0.2246	1.9418	1.0180	-999.2500
17.3132	15.5411	9.8379	0.1728	2.1408	0.9333	-999.2500
17.4656	14.7822	9.0533	0.1454	2.0498	0.9265	-999.2500
17.6180	16.7710	11.2714	0.2108	2.3782	0.8463	-999.2500
17.7704	19.0755	13.9878	0.2856	2.8104	0.7668	-999.2500
17.9228	20.3991	15.8534	0.3262	3.1705	0.7107	-999.2500
18.0752	20.5819	17.3754	0.3789	3.3495	0.5414	-999.2500
18.2276	20.3421	17.9843	0.4350	3.2164	0.3937	-999.2500
18.3800	20.4084	18.4587	0.4779	3.1177	0.2743	-999.2500
18.5324	21.4016	19.6247	0.5046	3.3350	0.2123	-999.2500
18.6848	23.7578	21.4366	0.6005	3.3545	0.2680	-999.2500
18.8372	25.7845	22.8861	0.7167	3.1388	0.3006	-999.2500
18.9896	26.0672	23.0207	0.7368	3.0639	0.2942	-999.2500
19.1420	24.8010	23.0777	0.6838	3.3929	0.1092	-999.2500
19.2944	22.9608	21.2355	0.5908	3.3466	0.1168	-999.2500
19.4468	22.9396	20.0192	0.5550	3.1669	0.2444	-999.2500
19.5992	23.4757	20.1937	0.5647	3.1661	0.3315	-999.2500
19.7516	23.9023	19.8290	0.5691	3.0231	0.5176	-999.2500
19.9040	23.8380	18.7755	0.5354	2.8828	0.6788	-999.2500
20.0564	23.5250	17.9832	0.5117	2.7674	0.7800	-999.2500
20.2088	23.2284	17.2593	0.5060	2.5689	0.8996	-999.2500
20.3612	22.8006	15.9091	0.4628	2.3894	1.0067	-999.2500
20.5136	22.4080	15.5749	0.4399	2.4159	0.9440	-999.2500
20.6660	22.0228	15.6515	0.4452	2.4096	0.8554	-999.2500
20.8184	21.8027	14.6117	0.4483	2.0582	0.9581	-999.2500
20.9708	22.4365	14.8312	0.4694	2.0051	1.0517	-999.2500
21.1232	22.8726	15.7571	0.4920	2.1694	1.0281	-999.2500
21.2756	22.4763	15.6237	0.4840	2.1736	0.9510	-999.2500
21.4280	21.9276	15.1834	0.4436	2.2693	0.8695	-999.2500
21.5804	21.9707	15.2661	0.4183	2.4437	0.8739	-999.2500
21.7328	21.8937	14.7103	0.3808	2.4855	0.9773	-999.2500
21.8852	20.9843	13.7444	0.3488	2.3631	0.9712	-999.2500
22.0376	19.2848	13.0232	0.3364	2.2044	0.8582	-999.2500
22.1900	18.4872	12.1664	0.2980	2.1544	0.9383	-999.2500
22.3424	19.8475	13.0112	0.3067	2.3741	1.0472	-999.2500
22.4948	21.7067	15.0457	0.3745	2.6292	1.0454	-999.2500
22.6472	21.9641	15.2208	0.4032	2.5173	1.0856	-999.2500
22.7996	20.0672	13.6991	0.3518	2.3304	1.1067	-999.2500
22.9520	18.9011	13.0446	0.3339	2.2256	1.0703	-999.2500
23.1044	17.7831	12.6162	0.3493	1.9980	0.9258	-999.2500
23.2568	15.3867	11.6444	0.3146	1.8897	0.6906	-999.2500
23.4092	13.1387	10.6996	0.2932	1.7122	0.4915	-999.2500
23.5616	12.8838	10.3908	0.2974	1.5887	0.5059	-999.2500
23.7140	14.2005	10.8970	0.3159	1.6427	0.6473	-999.2500
23.8664	15.6001	11.9812	0.3671	1.6904	0.6763	-999.2500
24.0188	16.7286	11.5284	0.3679	1.5409	0.8738	-999.2500
24.1712	17.0736	10.1774	0.3153	1.4158	1.0959	-999.2500
24.3236	16.2461	9.4027	0.2725	1.4181	1.0834	-999.2500
24.4760	14.3865	8.4615	0.2346	1.3379	0.9179	-999.2500
24.6284	13.1838	8.2085	0.2311	1.2778	0.7627	-999.2500
24.7808	13.0988	7.8350	0.2282	1.1746	0.8179	-999.2500
24.9332	12.0033	6.2574	0.2109	0.7703	0.8991	-999.2500
25.0856	11.5278	5.1405	0.1835	0.5731	1.0185	-999.2500
25.2380	10.8070	4.5541	0.1578	0.5356	1.0187	-999.2500
25.3904	10.7698	5.3487	0.1756	0.6857	0.8861	-999.2500
25.5428	9.4785	5.2161	0.1540	0.7699	0.7563	-999.2500
25.6952	7.6761	4.5815	0.1274	0.7224	0.5817	-999.2500
25.8476	7.6753	4.7719	0.1295	0.7714	0.5695	-999.2500
26.0000	9.6044	5.8594	0.1562	0.9635	0.7383	-999.2500
26.1524	10.4071	6.4946	0.1812	1.0209	0.7634	-999.2500
26.3048	9.7150	5.2301	0.1424	0.8430	0.8211	-999.2500
26.4572	7.9167	4.7018	0.1037	0.9002	0.6150	-999.2500
26.6096	7.5109	5.2160	0.0900	1.1450	0.4735	-999.2500
26.7620	7.8334	5.9134	0.1004	1.3075	0.4277	-999.2500
26.9144	8.5380	6.7913	0.1280	1.4271	0.4338	-999.2500
27.0668	9.2603	6.6860	0.1119	1.4875	0.5932	-999.2500
27.2192	9.1193	6.2433	0.0992	1.4200	0.6420	-999.2500
27.3716	9.4303	6.4857	0.1057	1.4598	0.6672	-999.2500
27.5240	10.2420	6.9281	0.1236	1.4968	0.7353	-999.2500
27.6764	10.6970	7.8905	0.1575	1.6067	0.6379	-999.2500
27.8288	9.9983	7.5916	0.1458	1.5794	0.5653	-999.2500
27.9812	8.5543	6.6651	0.1277	1.3886	0.4674	-999.2500
28.1336	8.8473	6.3614	0.1423	1.2053	0.5688	-999.2500
28.2860	9.9731	7.0863	0.1811	1.2108	0.6578	-999.2500
28.4384	10.6894	7.2273	0.1861	1.2267	0.7344	-999.2500
28.5908	10.3114	6.4638	0.1489	1.1996	0.7402	-999.2500
28.7432	9.4154	6.0187	0.1442	1.0843	0.6226	-999.2500
28.8956	8.7070	5.0300	0.1243	0.8839	0.6023	-999.2500
29.0480	8.1983	5.1553	0.1350	0.8619	0.5025	-999.2500
29.2004	8.2124	6.2131	0.1290	1.2359	0.3804	-999.2500
29.3528	9.0141	7.1552	0.1307	1.5276	0.3543	-999.2500
29.5052	10.8548	8.4774	0.1664	1.7422	0.4129	-999.2500
29.6576	11.3728	9.7149	0.1885	2.0096	0.3315	-999.2500
29.8100	11.8273	11.0742	0.2087	2.3274	0.2348	-999.2500
29.9624	11.0529	9.7034	0.1788	2.0633	0.2698	-999.2500
30.1148	10.2630	8.9413	0.1598	1.9302	0.2228	-999.2500
30.2672	9.2538	8.9715	0.1747	1.8523	0.0546	-999.2500
30.4196	8.7599	8.7091	0.1876	1.6929	0.0416	-999.2500
30.5720	9.3720	9.9659	0.2150	1.9353	-0.0172	-999.2500
30.7244	8.9765	8.7636	0.1785	1.7635	0.0881	-999.2500
30.8768	9.1028	7.8269	0.1740	1.4900	0.2351	-999.2500
31.0292	10.4016	7.9002	0.2107	1.2982	0.4352	-999.2500
31.1816	11.0499	7.6664	0.1932	1.3259	0.5797	-999.2500
31.3340	11.4270	6.3866	0.1654	1.0787	0.8270	-999.2500
31.4864	10.0552	4.3039	0.1074	0.7502	0.8961	-999.2500
31.6388	10.3729	4.6502	0.0881	0.9742	0.9312	-999.2500
31.7912	10.8083	6.3679	0.1245	1.3115	0.7782	-999.2500
31.9436	11.3482	5.2620	0.0950	1.1302	0.9926	-999.2500
32.0960	11.8596	4.2829	0.0509	1.0746	1.1938	-999.2500
32.2484	11.4156	4.6673	0.0604	1.1419	1.0681	-999.2500
32.4008	11.7729	5.8484	0.0671	1.4813	0.9499	-999.2500
32.5532	11.0156	6.1447	0.0911	1.4361	0.7481	-999.2500
32.7056	11.5296	7.1897	0.0939	1.7540	0.7101	-999.2500
32.8580	9.3380	6.5063	0.1149	1.4122	0.5132	-999.2500
33.0104	8.3050	6.6999	0.1180	1.4562	0.3105	-999.2500
33.1628	7.5519	6.6530	0.1136	1.4672	0.1872	-999.2500
33.3152	8.2370	7.5645	0.1598	1.4887	0.1531	-999.2500
33.4676	9.4821	6.9902	0.1660	1.2687	0.4534	-999.2500
33.6200	9.1902	7.5055	0.1653	1.4375	0.3692	-999.2500
33.7724	9.2211	8.0851	0.1710	1.5904	0.3372	-999.2500
33.9248	8.4125	7.4524	0.1740	1.3699	0.3053	-999.2500
34.0772	9.8963	8.2062	0.2033	1.4400	0.4411	-999.2500
34.2296	11.6616	9.6048	0.2344	1.7058	0.5611	-999.2500
34.3820	12.9009	10.5490	0.2520	1.9058	0.6365	-999.2500
34.5344	13.3979	12.0191	0.2298	2.5067	0.5145	-999.2500
34.6868	12.4748	10.2235	0.1887	2.1717	0.5513	-999.2500
34.8392	12.2993	9.8841	0.2074	1.9535	0.5593	-999.2500
34.9916	11.8192	9.4106	0.1776	1.9759	0.5479	-999.2500
35.1440	14.2201	11.8249	0.2291	2.4487	0.5142	-999.2500
35.2964	15.9766	13.4715	0.2784	2.6875	0.6132	-999.2500
35.4488	14.3946	12.7448	0.3022	2.3154	0.4876	-999.2500
35.6012	10.7070	8.3872	0.1884	1.5847	0.4885	-999.2500
35.7536	8.1668	6.5279	0.1455	1.2404	0.3495	-999.2500
35.9060	8.3365	6.0563	0.1540	1.0393	0.4380	-999.2500
36.0584	9.8155	6.7492	0.1663	1.1893	0.5318	-999.2500
36.2108	10.1393	5.9378	0.1719	0.8967	0.6725	-999.2500
36.3632	10.5973	7.1887	0.2294	0.9607	0.6078	-999.2500
36.5156	9.6587	7.3691	0.2144	1.1063	0.4285	-999.2500
36.6680	10.7576	7.8136	0.2631	0.9635	0.5537	-999.2500
36.8204	9.8701	6.9764	0.2216	0.9381	0.5511	-999.2500
36.9728	9.9623	6.7616	0.1901	1.0540	0.5570	-999.2500
37.1252	10.1688	6.8089	0.1789	1.1346	0.5438	-999.2500
37.2776	10.8655	7.8054	0.2010	1.3249	0.5120	-999.2500
37.4300	11.5789	8.1594	0.2112	1.3788	0.5812	-999.2500
37.5824	10.0713	8.0503	0.1747	1.5574	0.4099	-999.2500
37.7348	9.7357	7.2186	0.1627	1.3607	0.4460	-999.2500
37.8872	9.3459	6.0320	0.1375	1.1279	0.5093	-999.2500
38.0396	9.3688	5.1018	0.1157	0.9577	0.6351	-999.2500
38.1920	9.1890	4.5405	0.1206	0.7491	0.6945	-999.2500
38.3444	9.8001	4.9945	0.1085	0.9655	0.6986	-999.2500
38.4968	10.3804	5.6750	0.1417	0.9892	0.6742	-999.2500
38.6492	11.1273	5.8747	0.1677	0.9007	0.7733	-999.2500
38.8016	11.6106	6.2570	0.1798	0.9524	0.7808	-999.2500
38.9540	13.1373	7.6774	0.2113	1.2233	0.7570	-999.2500
39.1064	14.2386	7.4843	0.2293	1.0559	0.9345	-999.2500
39.2588	14.4384	7.4702	0.2410	0.9834	0.9883	-999.2500
39.4112	12.2477	6.7488	0.2184	0.8841	0.7996	-999.2500
39.5636	12.4326	7.4901	0.2558	0.9028	0.7515	-999.2500
39.7160	11.8226	7.2215	0.2482	0.8612	0.7168	-999.2500
39.8684	13.3779	8.8578	0.2833	1.1798	0.7363	-999.2500
40.0208	11.1407	7.6834	0.2452	1.0265	0.5821	-999.2500
40.1732	11.6097	8.1131	0.2408	1.1902	0.6020	-999.2500
40.3256	10.4588	8.0154	0.2309	1.2168	0.4525	-999.2500
40.4780	11.1220	8.0901	0.2139	1.3400	0.5479	-999.2500
40.6304	10.0530	7.1664	0.1833	1.2235	0.5723	-999.2500
40.7828	9.4740	7.0780	0.1602	1.3300	0.4906	-999.2500
40.9352	8.9960	7.0162	0.1613	1.3039	0.3783	-999.2500
41.0876	9.0692	7.2259	0.1597	1.3805	0.3528	-999.2500
41.2400	9.6224	7.5869	0.1545	1.5268	0.3784	-999.2500
41.3924	10.5990	8.7183	0.2001	1.6220	0.3149	-999.2500
41.5448	10.4126	8.1474	0.1843	1.5316	0.3447	-999.2500
41.6972	10.3820	8.2267	0.1846	1.5557	0.3154	-999.2500
41.8496	10.2963	7.6486	0.1935	1.3183	0.3625	-999.2500
42.0020	10.7565	7.3653	0.2033	1.1697	0.4380	-999.2500
42.1544	11.1440	8.6820	0.2587	1.2676	0.3034	-999.2500
42.3068	10.9083	8.9305	0.2573	1.3551	0.2462	-999.2500
42.4592	10.7807	9.6151	0.2775	1.4564	0.1495	-999.2500
42.6116	10.2282	8.5929	0.2476	1.3042	0.2067	-999.2500
42.7640	10.8406	9.2813	0.2743	1.3682	0.2220	-999.2500
42.9164	13.2262	12.4332	0.3832	1.7409	0.1255	-999.2500
43.0688	14.2063	13.4590	0.3912	2.0226	0.1381	-999.2500
43.2212	13.9540	12.8867	0.3290	2.2034	0.2167	-999.2500
43.3736	12.5942	11.2561	0.2827	1.9523	0.2622	-999.2500
43.5260	12.1046	11.6596	0.2754	2.1242	0.1671	-999.2500
43.6784	12.9876	12.7394	0.2878	2.3979	0.1471	-999.2500
43.8308	13.5034	13.3593	0.2815	2.6336	0.1216	-999.2500
43.9832	13.7228	13.2484	0.2765	2.6269	0.1457	-999.2500
44.1356	12.8657	12.0258	0.2604	2.3297	0.1948	-999.2500
44.2880	12.9684	12.0986	0.2785	2.2467	0.2392	-999.2500
44.4404	14.8927	13.5133	0.3028	2.5582	0.3256	-999.2500
44.5928	15.9685	13.4429	0.2941	2.5865	0.4745	-999.2500
44.7452	15.3371	12.2540	0.2595	2.4077	0.5691	-999.2500
44.8976	12.9544	10.8391	0.2416	2.0590	0.4140	-999.2500
45.0500	11.2356	9.7165	0.2150	1.8553	0.2979	-999.2500
45.2024	10.2405	8.5972	0.1975	1.5990	0.2809	-999.2500
45.3548	9.8599	8.2642	0.1979	1.4896	0.2612	-999.2500
45.5072	10.4432	7.9254	0.1983	1.3792	0.4168	-999.2500
45.6596	11.0468	7.3333	0.1992	1.1842	0.6216	-999.2500
45.8120	11.7189	6.6740	0.1762	1.1073	0.8095	-999.2500
45.9644	11.9392	6.6336	0.1378	1.3188	0.8348	-999.2500
46.1168	12.0177	6.6820	0.1261	1.4030	0.8069	-999.2500
46.2692	12.1215	6.4569	0.1215	1.3579	0.8515	-999.2500
46.4216	11.4090	6.1275	0.1194	1.2650	0.7858	-999.2500
46.5740	10.8033	5.5140	0.1327	0.9904	0.7604	-999.2500
46.7264	11.8275	5.6490	0.1703	0.8133	0.9132	-999.2500
46.8788	13.0606	5.5937	0.1832	0.7200	1.1274	-999.2500
47.0312	13.5273	5.0299	0.1623	0.6616	1.2953	-999.2500
47.1836	12.5808	4.6878	0.1507	0.6199	1.1815	-999.2500
47.3360	10.8602	5.0630	0.1514	0.7362	0.8301	-999.2500
47.4884	10.0196	5.4797	0.1542	0.8531	0.6154	-999.2500
47.6408	10.5742	6.0243	0.1851	0.8467	0.6048	-999.2500
47.7932	11.7887	7.3434	0.2434	0.9281	0.5968	-999.2500
47.9456	12.9498	8.6699	0.2771	1.1561	0.5983	-999.2500
48.0980	13.2753	9.6400	0.2997	1.3344	0.5277	-999.2500
48.2504	14.0480	10.7256	0.3245	1.5372	0.4948	-999.2500
48.4028	14.4737	11.0492	0.3090	1.7318	0.4991	-999.2500
48.5552	13.4245	10.2209	0.2591	1.7584	0.4539	-999.2500
48.7076	12.7152	9.6196	0.2314	1.7277	0.4353	-999.2500
48.8600	12.5095	9.4674	0.2197	1.7477	0.4446	-999.2500
49.0124	12.7424	9.0521	0.2207	1.6087	0.5281	-999.2500
49.1648	12.0926	8.5517	0.2208	1.4474	0.5101	-999.2500
49.3172	11.0479	7.8679	0.1990	1.3562	0.4725	-999.2500
49.4696	10.3527	6.5926	0.1589	1.1821	0.5519	-999.2500
49.6220	10.0113	6.5686	0.1412	1.2780	0.5096	-999.2500
49.7744	11.3158	7.2870	0.1316	1.5647	0.5886	-999.2500
49.9268	13.2714	7.4376	0.1156	1.7069	0.8240	-999.2500
50.0792	14.1901	8.0672	0.1332	1.8055	0.8539	-999.2500
50.2316	13.5731	8.1420	0.1381	1.8009	0.7503	-999.2500
50.3840	12.8571	8.4009	0.1386	1.8812	0.5643	-999.2500
50.5364	12.5700	9.3232	0.1586	2.0591	0.3575	-999.2500
50.6888	12.5907	9.6637	0.1546	2.1921	0.3264	-999.2500
50.8412	12.2175	9.3187	0.1249	2.2556	0.3559	-999.2500
50.9936	11.9325	9.6783	0.1080	2.4694	0.2908	-999.2500
51.1460	12.1658	10.6283	0.1083	2.7724	0.2275	-999.2500
51.2984	12.0100	10.2589	0.1252	2.5548	0.2584	-999.2500
51.4508	12.7677	11.3173	0.1750	2.6025	0.2341	-999.2500
51.6032	13.1606	13.1057	0.2226	2.8970	0.0914	-999.2500
51.7556	13.0280	13.4788	0.2311	2.9667	0.0441	-999.2500
51.9080	12.6342	13.2072	0.2342	2.8614	0.0301	-999.2500
52.0604	12.6435	12.8678	0.2346	2.7507	0.1195	-999.2500
52.2128	13.0334	12.5179	0.2268	2.6839	0.2879	-999.2500
52.3652	13.1317	12.2222	0.2061	2.7105	0.3683	-999.2500
52.5176	12.2030	11.1052	0.1918	2.4360	0.3467	-999.2500
52.6700	11.2335	9.7100	0.1761	2.0807	0.3379	-999.2500
52.8224	11.4940	9.5760	0.1836	1.9939	0.3691	-999.2500
52.9748	11.7321	9.4573	0.1815	1.9681	0.4035	-999.2500
53.1272	12.6519	9.6771	0.1799	2.0478	0.4835	-999.2500
53.2796	12.8853	9.4055	0.1566	2.0976	0.5616	-999.2500
53.4320	12.9853	9.5006	0.1424	2.2108	0.5394	-999.2500
53.5844	13.3208	9.2115	0.1415	2.1233	0.5645	-999.2500
53.7368	14.2529	10.0499	0.1623	2.2705	0.5541	-999.2500
53.8892	14.6660	10.7161	0.1981	2.2743	0.4756	-999.2500
54.0416	14.2424	11.2153	0.2608	2.0672	0.3087	-999.2500
54.1940	12.9786	10.8226	0.2707	1.8834	0.1966	-999.2500
54.3464	12.2115	10.3879	0.2637	1.7855	0.1826	-999.2500
54.4988	12.1522	10.5697	0.2618	1.8548	0.1560	-999.2500
54.6512	11.6151	10.6351	0.2550	1.9155	0.0772	-999.2500
54.8036	11.2159	9.7475	0.2360	1.7419	0.1425	-999.2500
54.9560	11.0390	9.7569	0.2502	1.6622	0.0727	-999.2500
55.1084	11.6891	10.1655	0.2927	1.5445	0.1109	-999.2500
55.2608	12.6693	10.9004	0.3258	1.5863	0.2000	-999.2500
55.4132	13.2740	11.4486	0.3684	1.5122	0.2464	-999.2500
55.5656	12.1046	9.6623	0.3350	1.1352	0.3661	-999.2500
55.7180	11.5492	7.7688	0.2600	0.9677	0.5862	-999.2500
55.8704	10.9957	6.7404	0.2343	0.7884	0.6512	-999.2500
56.0228	11.1215	6.6084	0.2459	0.6784	0.6529	-999.2500
56.1752	11.1642	7.0997	0.2975	0.5333	0.5740	-999.2500
56.3276	11.1335	6.8015	0.3081	0.3760	0.5988	-999.2500
56.4800	11.3337	7.6435	0.3245	0.5500	0.5400	-999.2500
56.6324	11.1621	7.4717	0.3403	0.4021	0.5850	-999.2500
56.7848	10.9801	7.2258	0.3148	0.4725	0.5759	-999.2500
56.9372	10.6460	7.1578	0.2814	0.6465	0.5434	-999.2500
57.0896	10.6507	6.9810	0.2372	0.8486	0.5918	-999.2500
57.2420	10.5579	7.6899	0.2302	1.1169	0.4358	-999.2500
57.3944	10.7759	8.5151	0.2416	1.3142	0.3000	-999.2500
57.5468	10.9324	9.2872	0.2606	1.4504	0.2027	-999.2500
57.6992	11.0198	9.4011	0.2653	1.4597	0.2232	-999.2500
57.8516	11.8234	8.9611	0.2427	1.4509	0.4014	-999.2500
58.0040	12.5945	8.9424	0.2237	1.5560	0.4972	-999.2500
58.1564	12.4096	8.7542	0.2161	1.5401	0.4771	-999.2500
58.3088	11.7772	8.1670	0.1653	1.6493	0.4102	-999.2500
58.4612	10.8480	7.3032	0.1285	1.5879	0.4173	-999.2500
58.6136	11.3525	7.5991	0.1512	1.5503	0.4440	-999.2500
58.7660	13.0306	9.5015	0.2286	1.7068	0.3714	-999.2500
58.9184	14.1929	10.4027	0.2498	1.8714	0.4251	-999.2500
59.0708	14.8043	11.1680	0.2710	1.9923	0.4545	-999.2500
59.2232	15.2994	11.1006	0.2605	2.0326	0.5485	-999.2500
59.3756	15.8125	11.6040	0.2658	2.1625	0.5941	-999.2500
59.5280	16.1740	12.2326	0.2689	2.3463	0.5082	-999.2500
59.6804	16.1926	12.4272	0.2853	2.3126	0.4305	-999.2500
59.8328	15.6192	12.1193	0.2844	2.2191	0.4459	-999.2500
59.9852	15.3249	11.5549	0.2807	2.0600	0.5093	-999.2500
60.1376	13.8763	10.1986	0.2739	1.6653	0.5201	-999.2500
60.2900	13.2562	9.6056	0.2553	1.5837	0.4783	-999.2500
60.4424	13.0821	8.2157	0.2044	1.4365	0.6192	-999.2500
60.5948	12.9553	7.7045	0.1894	1.3605	0.6744	-999.2500
60.7472	12.4810	8.5911	0.2351	1.3771	0.4821	-999.2500
60.8996	11.9100	8.8799	0.2076	1.6305	0.3547	-999.2500
61.0520	13.1128	9.8692	0.2399	1.7592	0.3708	-999.2500
61.2044	13.1125	10.4285	0.2637	1.7986	0.3368	-999.2500
61.3568	14.1392	12.6163	0.3098	2.2302	0.2885	-999.2500
61.5092	12.4300	10.3383	0.2652	1.7610	0.3377	-999.2500
61.6616	13.5432	11.6488	0.3002	1.9763	0.3525	-999.2500
61.8140	12.4281	10.6851	0.2694	1.8473	0.3216	-999.2500
61.9664	12.2956	10.5886	0.2505	1.9274	0.3369	-999.2500
62.1188	12.9633	12.8137	0.2942	2.3843	0.1794	-999.2500
62.2712	13.4259	14.1509	0.3045	2.7526	0.0604	-999.2500
62.4236	14.4947	12.9664	0.2440	2.7272	0.3057	-999.2500
62.5760	13.4927	11.3759	0.2466	2.2023	0.3719	-999.2500
62.7284	14.1744	12.2634	0.2484	2.4760	0.3539	-999.2500
62.8808	12.6854	11.4514	0.2434	2.2451	0.2418	-999.2500
63.0332	11.1441	8.0770	0.1649	1.6232	0.4624	-999.2500
63.1856	9.2775	7.9184	0.1406	1.7148	0.2023	-999.2500
63.3380	10.1536	8.2334	0.1379	1.8315	0.2140	-999.2500
63.4904	10.4286	8.7886	0.1471	1.9558	0.1547	-999.2500
63.6428	10.3357	9.0212	0.1582	1.9648	0.1415	-999.2500
63.7952	9.3735	7.7165	0.1594	1.5401	0.1640	-999.2500
63.9476	9.6434	7.1999	0.1828	1.2373	0.2075	-999.2500
64.1000	8.7948	6.8425	0.1762	1.1613	0.2076	-999.2500
64.2524	8.7727	6.5456	0.1757	1.0693	0.2362	-999.2500
64.4048	8.6361	5.3300	0.1544	0.8040	0.3494	-999.2500
64.5572	8.0934	3.8466	0.0920	0.6942	0.5158	-999.2500
64.7096	7.1772	4.0498	0.1017	0.7023	0.3486	-999.2500
64.8620	6.6545	3.5469	0.0938	0.5875	0.3669	-999.2500
65.0144	8.6113	4.4399	0.1171	0.7371	0.4996	-999.2500
65.1668	11.6587	4.6861	0.1186	0.8071	0.9046	-999.2500
65.3192	11.3282	3.6175	0.0811	0.6845	1.0141	-999.2500
65.4716	11.7376	4.0128	0.0642	0.9105	1.0043	-999.2500
65.6240	10.6922	4.4206	0.0809	0.9432	0.8892	-999.2500
65.7764	12.7145	6.7047	0.1460	1.2944	0.8700	-999.2500
65.9288	13.1919	7.5396	0.1547	1.5106	0.8569	-999.2500
66.0812	13.4946	8.8450	0.1807	1.7771	0.7084	-999.2500
66.2336	12.4206	9.9723	0.1832	2.1238	0.4338	-999.2500
66.3860	12.4218	10.8714	0.1867	2.3909	0.3789	-999.2500
66.5384	12.1275	10.4274	0.1738	2.3245	0.3764	-999.2500
66.6908	12.6703	12.4324	0.2084	2.7641	0.2499	-999.2500
66.8432	12.7676	13.8199	0.2768	2.8085	0.0182	-999.2500
66.9956	12.9769	15.6036	0.3427	2.9941	-0.2256	-999.2500
67.1480	13.3796	17.9108	0.3898	3.4580	-0.4140	-999.2500
67.3004	12.3749	15.9262	0.3207	3.2266	-0.3049	-999.2500
67.4528	11.6489	13.3778	0.2317	2.9307	-0.0603	-999.2500
67.6052	9.9912	12.2025	0.2359	2.5296	-0.1246	-999.2500
67.7576	11.4051	13.8357	0.2610	2.9059	-0.1121	-999.2500
67.9100	11.8239	11.9128	0.2453	2.3820	0.1677	-999.2500
68.0624	13.8286	14.4614	0.2946	2.9103	0.1062	-999.2500
68.2148	13.2419	13.0399	0.2772	2.5563	0.1772	-999.2500
68.3672	13.0363	11.3957	0.2503	2.1870	0.3686	-999.2500
68.5196	15.2585	13.9104	0.2617	2.9261	0.3419	-999.2500
68.6720	15.3844	13.2002	0.2463	2.7889	0.4300	-999.2500
68.8244	16.6433	11.5288	0.2252	2.3768	0.7795	-999.2500
68.9768	13.9934	9.1879	0.2098	1.7161	0.6704	-999.2500
69.1292	13.7959	10.4694	0.2534	1.8720	0.4496	-999.2500
69.2816	13.9661	9.0699	0.2041	1.7116	0.6852	-999.2500
69.4340	13.3374	8.4133	0.2133	1.4471	0.7343	-999.2500
69.5864	13.9936	10.1901	0.2256	1.9447	0.6323	-999.2500
69.7388	12.7649	7.6969	0.1891	1.3591	0.7581	-999.2500
69.8912	14.2664	9.0215	0.2286	1.5526	0.7964	-999.2500
70.0436	15.0928	10.1616	0.2559	1.7581	0.7447	-999.2500
70.1960	17.4546	10.0807	0.2999	1.4746	1.1687	-999.2500
70.3484	18.0382	10.4646	0.3372	1.3791	1.1907	-999.2500
70.5008	15.5392	9.2016	0.2981	1.2034	1.0340	-999.2500
70.6532	13.9287	9.2846	0.2763	1.3579	0.8331	-999.2500
70.8056	12.8654	7.8013	0.2474	1.0515	0.8809	-999.2500
70.9580	14.0270	10.2567	0.2868	1.6076	0.7153	-999.2500
71.1104	13.6857	10.7183	0.2735	1.8335	0.6129	-999.2500
71.2628	14.3322	11.2208	0.3303	1.6621	0.5576	-999.2500
71.4152	13.1888	10.2469	0.3007	1.5236	0.4382	-999.2500
71.5676	13.5001	10.1488	0.2962	1.5183	0.5246	-999.2500
71.7200	12.9731	10.4966	0.3166	1.5106	0.4034	-999.2500
71.8724	13.7770	11.2188	0.3160	1.7454	0.4026	-999.2500
72.0248	14.8156	11.7210	0.2949	2.0294	0.5057	-999.2500
72.1772	15.4527	12.0003	0.2931	2.1297	0.5191	-999.2500
72.3296	16.3483	11.8538	0.2772	2.1755	0.6412	-999.2500
72.4820	15.7260	11.9545	0.2436	2.4047	0.5446	-999.2500
72.6344	15.9304	11.3137	0.2494	2.1651	0.6161	-999.2500
72.7868	15.6406	10.7065	0.2693	1.8545	0.5763	-999.2500
72.9392	14.0727	9.3988	0.2427	1.5909	0.5857	-999.2500
73.0916	12.0778	8.7613	0.2353	1.4302	0.4441	-999.2500
73.2440	12.1684	9.6780	0.2364	1.7174	0.3476	-999.2500
73.3964	12.8924	9.7047	0.2270	1.7810	0.3817	-999.2500
73.5488	13.4376	10.3701	0.2707	1.7382	0.3699	-999.2500
73.7012	12.7441	10.0619	0.2698	1.6449	0.3202	-999.2500
73.8536	12.3522	9.4487	0.2542	1.5402	0.3949	-999.2500
74.0060	12.3389	9.9391	0.2540	1.6983	0.3188	-999.2500
74.1584	12.4716	9.6659	0.2899	1.4007	0.3492	-999.2500
74.3108	12.3575	9.0944	0.2826	1.2601	0.4065	-999.2500
74.4632	12.0044	8.9693	0.2585	1.3613	0.4067	-999.2500
74.6156	12.0225	8.9843	0.2382	1.4846	0.4294	-999.2500
74.7680	12.5661	8.9966	0.2224	1.5814	0.5976	-999.2500
74.9204	12.7011	8.3583	0.2316	1.3229	0.6854	-999.2500
75.0728	12.7638	7.4186	0.2204	1.0873	0.8432	-999.2500
75.2252	12.6247	7.9724	0.1943	1.4173	0.7368	-999.2500
75.3776	13.0298	9.6184	0.2302	1.7348	0.6250	-999.2500
75.5300	12.1056	9.2134	0.2104	1.7209	0.5318	-999.2500
75.6824	12.5198	10.1380	0.2263	1.9241	0.5688	-999.2500
75.8348	12.3419	10.1733	0.2051	2.0595	0.5632	-999.2500
75.9872	14.4474	11.6456	0.2410	2.3211	0.6818	-999.2500
76.1396	13.7514	10.5665	0.2108	2.1520	0.7121	-999.2500
76.2920	14.3747	11.1626	0.2291	2.2357	0.7064	-999.2500
76.4444	14.0623	11.4772	0.2339	2.3083	0.5801	-999.2500
76.5968	14.9756	13.0125	0.2399	2.7656	0.5172	-999.2500
76.7492	14.4578	13.7063	0.2176	3.1181	0.4371	-999.2500
76.9016	14.0252	13.2015	0.2116	2.9915	0.3993	-999.2500
77.0540	13.8475	10.8877	0.1414	2.6612	0.6459	-999.2500
77.2064	13.6200	11.6653	0.1857	2.6511	0.4325	-999.2500
77.3588	11.8436	9.2037	0.1485	2.0796	0.4308	-999.2500
77.5112	11.6598	8.4609	0.1298	1.9512	0.4948	-999.2500
77.6636	12.3899	9.5467	0.1256	2.3237	0.4937	-999.2500
77.8160	13.5402	10.1828	0.1134	2.5991	0.6525	-999.2500
77.9684	13.8174	10.3449	0.1079	2.6829	0.6531	-999.2500
78.1208	14.2296	10.1835	0.1055	2.6455	0.7674	-999.2500
78.2732	15.4133	10.0292	0.1240	2.4878	0.9900	-999.2500
78.4256	14.6719	8.6103	0.1287	2.0059	0.9937	-999.2500
78.5780	15.2454	10.0199	0.1521	2.3205	0.8994	-999.2500
78.7304	13.7587	10.0045	0.1784	2.1615	0.6680	-999.2500
78.8828	15.2664	10.8573	0.1906	2.3637	0.7479	-999.2500
79.0352	14.2947	10.5330	0.1884	2.2728	0.7098	-999.2500
79.1876	15.6409	12.3331	0.2573	2.4463	0.6810	-999.2500
79.3400	13.2023	9.2698	0.2072	1.7582	0.7168	-999.2500
79.4924	12.3824	8.5582	0.2236	1.4339	0.5796	-999.2500
79.6448	11.7729	8.1543	0.2362	1.2309	0.5550	-999.2500
79.7972	12.8211	8.2364	0.2569	1.1360	0.6781	-999.2500
79.9496	14.2841	8.5948	0.2674	1.1895	0.7601	-999.2500
80.1020	14.5118	9.4446	0.2730	1.4291	0.6680	-999.2500
80.2544	14.3927	8.1533	0.2653	1.0604	0.8611	-999.2500
80.4068	13.2984	9.3040	0.2789	1.3494	0.5743	-999.2500
80.5592	12.5774	9.3732	0.2775	1.3794	0.5237	-999.2500
80.7116	12.7906	9.2585	0.2924	1.2556	0.5145	-999.2500
80.8640	12.4017	8.2324	0.2454	1.2019	0.6206	-999.2500
81.0164	14.1583	10.9754	0.3223	1.6307	0.4744	-999.2500
81.1688	15.4286	12.6000	0.3632	1.9118	0.4626	-999.2500
81.3212	17.2494	12.6592	0.3645	1.9232	0.6865	-999.2500
81.4736	15.3388	12.2484	0.3291	1.9989	0.4435	-999.2500
81.6260	14.0561	11.1285	0.3032	1.7917	0.4579	-999.2500
81.7784	12.1391	8.9254	0.2398	1.4566	0.5306	-999.2500
81.9308	13.2875	10.2161	0.2442	1.8444	0.5506	-999.2500
82.0832	13.0988	8.5822	0.2155	1.4889	0.7141	-999.2500
82.2356	13.6197	7.8266	0.1919	1.3850	0.9050	-999.2500
82.3880	11.2055	6.4870	0.1537	1.1794	0.7565	-999.2500
82.5404	12.0098	7.8447	0.2140	1.2613	0.6833	-999.2500
82.6928	11.6878	6.9239	0.1937	1.0850	0.7404	-999.2500
82.8452	11.0759	6.7568	0.1443	1.3206	0.7061	-999.2500
82.9976	10.9061	7.8262	0.1622	1.5587	0.5500	-999.2500
83.1500	11.2362	8.5199	0.1629	1.7770	0.5229	-999.2500
83.3024	12.5066	11.0074	0.2560	2.0288	0.3844	-999.2500
83.4548	11.6249	11.0043	0.2801	1.8868	0.2214	-999.2500
83.6072	10.1772	9.4070	0.2733	1.4146	0.1430	-999.2500
83.7596	10.2788	9.0217	0.2567	1.3887	0.2498	-999.2500
83.9120	11.5637	9.8628	0.2861	1.4858	0.3472	-999.2500
84.0644	12.3529	9.9032	0.3022	1.4047	0.4782	-999.2500
84.2168	11.7940	9.6782	0.2504	1.6358	0.3869	-999.2500
84.3692	10.4100	9.0923	0.2300	1.5677	0.2713	-999.2500
84.5216	9.7056	8.3823	0.2302	1.3384	0.2853	-999.2500
84.6740	10.6260	8.9279	0.2317	1.5048	0.3628	-999.2500
84.8264	9.6835	7.7550	0.1991	1.3199	0.3688	-999.2500
84.9788	11.3179	9.8980	0.1855	2.0859	0.3878	-999.2500
85.1312	11.1661	9.5279	0.1786	2.0079	0.4125	-999.2500
85.2836	13.1387	11.3985	0.2133	2.4042	0.4820	-999.2500
85.4360	12.9659	11.7662	0.2410	2.3598	0.3785	-999.2500
85.5884	13.8000	12.4442	0.2337	2.6197	0.4108	-999.2500
85.7408	12.9891	12.9766	0.2177	2.8840	0.1765	-999.2500
85.8932	12.6466	11.8990	0.2291	2.4717	0.2577	-999.2500
86.0456	13.3821	11.5880	0.2155	2.4518	0.4537	-999.2500
86.1980	15.3899	13.4622	0.2127	3.0690	0.5130	-999.2500
86.3504	14.9693	13.1305	0.2027	3.0209	0.4798	-999.2500
86.5028	14.7648	12.7033	0.2046	2.8730	0.5587	-999.2500
86.6552	13.5096	10.8492	0.2056	2.2729	0.5889	-999.2500
86.8076	14.3545	12.7637	0.2728	2.4932	0.4595	-999.2500
86.9600	12.4250	10.2738	0.2203	2.0022	0.5495	-999.2500
87.1124	11.1527	9.0115	0.1751	1.8627	0.5362	-999.2500
87.2648	10.5516	7.8967	0.1415	1.7021	0.6139	-999.2500
87.4172	12.9899	9.1557	0.1833	1.8607	0.8401	-999.2500
87.5696	13.7114	9.4956	0.1861	1.9530	0.9611	-999.2500
87.7220	13.0581	8.6651	0.1725	1.7666	0.9416	-999.2500
87.8744	12.2323	9.0087	0.2468	1.4424	0.7643	-999.2500
88.0268	11.9446	9.3055	0.2578	1.4728	0.6530	-999.2500
88.1792	14.1600	10.5275	0.3153	1.5279	0.7880	-999.2500
88.3316	13.8655	10.0549	0.2816	1.5737	0.8017	-999.2500
88.4840	14.7994	9.2364	0.2382	1.5653	1.0225	-999.2500
88.6364	13.1318	8.8130	0.2178	1.5494	0.7592	-999.2500
88.7888	12.5842	8.4097	0.2271	1.3658	0.7577	-999.2500
88.9412	12.4756	8.4236	0.2356	1.3204	0.7154	-999.2500
89.0936	11.7098	7.8694	0.2247	1.2066	0.6824	-999.2500
89.2460	11.8977	8.9039	0.2311	1.5006	0.4991	-999.2500
89.3984	11.2786	8.9833	0.2424	1.4599	0.3664	-999.2500
89.5508	13.1958	9.5458	0.2379	1.6661	0.5660	-999.2500
89.7032	13.1998	8.6136	0.2227	1.4565	0.6715	-999.2500
89.8556	12.7598	7.8471	0.1759	1.4850	0.7287	-999.2500
90.0080	13.5026	7.3404	0.1880	1.2514	0.7915	-999.2500
90.1604	14.4444	7.8355	0.2063	1.3029	0.8521	-999.2500
90.3128	14.5631	7.0794	0.1601	1.3314	0.9960	-999.2500
90.4652	13.2134	7.6482	0.1712	1.4488	0.6768	-999.2500
90.6176	13.4347	8.3052	0.1851	1.5774	0.6414	-999.2500
90.7700	16.7039	10.4309	0.2354	1.9647	0.7898	-999.2500
90.9224	20.9956	12.3272	0.2750	2.3403	1.1268	-999.2500
91.0748	22.6137	12.5882	0.2460	2.5936	1.3554	-999.2500
91.2272	21.5469	10.9458	0.2101	2.2774	1.4140	-999.2500
91.3796	18.7031	9.6583	0.1881	1.9939	1.2290	-999.2500
91.5320	16.5608	8.6674	0.1633	1.8213	1.1183	-999.2500
91.6844	14.0578	7.4624	0.1417	1.5620	0.9734	-999.2500
91.8368	12.8002	6.8605	0.1332	1.4189	0.8803	-999.2500
91.9892	12.7008	7.1518	0.1251	1.5594	0.8681	-999.2500
92.1416	13.2098	6.7556	0.0973	1.5954	1.0669	-999.2500
92.2940	12.1248	5.7340	0.0789	1.3758	0.9970	-999.2500
92.4464	11.7022	5.7384	0.0680	1.4409	0.9600	-999.2500
92.5988	11.2998	5.5897	0.0835	1.3028	0.9197	-999.2500
92.7512	12.6842	7.2505	0.1477	1.4591	0.8898	-999.2500
92.9036	13.2006	7.7644	0.1698	1.4943	0.8728	-999.2500
93.0560	14.2224	8.4055	0.1976	1.5370	0.9930	-999.2500
93.2084	13.6996	9.4169	0.2134	1.7682	0.7299	-999.2500
93.3608	14.9388	9.6427	0.1979	1.9315	0.9123	-999.2500
93.5132	16.5124	10.9101	0.2011	2.3194	1.0502	-999.2500
93.6656	16.2062	11.2121	0.2825	1.9395	0.9380	-999.2500
93.8180	15.2027	10.7521	0.2716	1.8555	0.8178	-999.2500
93.9704	13.4184	9.3519	0.2510	1.5278	0.7367	-999.2500
94.1228	13.9556	9.6987	0.2583	1.5962	0.6704	-999.2500
94.2752	14.0874	10.1487	0.2793	1.6172	0.6605	-999.2500
94.4276	14.5363	9.4296	0.2246	1.7074	0.8595	-999.2500
94.5800	14.3233	10.7439	0.2615	1.9125	0.7101	-999.2500
94.7324	13.8491	10.9807	0.2659	1.9626	0.6052	-999.2500
94.8848	11.8396	8.5114	0.2220	1.4285	0.6514	-999.2500
95.0372	10.8853	9.2027	0.2292	1.6077	0.4171	-999.2500
95.1896	10.7672	8.0179	0.2001	1.3982	0.5565	-999.2500
95.3420	11.6649	7.9229	0.1807	1.4815	0.7232	-999.2500
95.4944	12.5266	7.5540	0.1916	1.2997	0.9082	-999.2500
95.6468	12.3448	8.0908	0.2072	1.3801	0.8129	-999.2500
95.7992	13.0758	8.5057	0.2213	1.4303	0.9281	-999.2500
95.9516	12.7283	8.7964	0.2038	1.6259	0.8391	-999.2500
96.1040	12.0593	9.1908	0.2228	1.6414	0.6197	-999.2500
96.2564	12.1733	7.7599	0.2024	1.3018	0.7950	-999.2500
96.4088	11.3540	6.3668	0.1581	1.1151	0.7761	-999.2500
96.5612	11.8070	6.7475	0.1765	1.1292	0.7655	-999.2500
96.7136	11.4276	6.3574	0.1733	1.0227	0.7466	-999.2500
96.8660	11.9483	8.0611	0.2032	1.3936	0.5513	-999.2500
97.0184	11.2582	7.8893	0.1958	1.3819	0.4763	-999.2500
97.1708	11.3742	8.1650	0.1766	1.5828	0.4603	-999.2500
97.3232	10.4885	7.8109	0.1447	1.6562	0.3828	-999.2500
97.4756	9.6892	5.8564	0.1047	1.2638	0.5188	-999.2500
97.6280	8.6273	4.7505	0.0698	1.1139	0.5610	-999.2500
97.7804	9.4123	4.7526	0.0953	0.9650	0.6949	-999.2500
97.9328	10.2903	5.5799	0.1403	0.9671	0.6800	-999.2500
98.0852	11.8167	6.5857	0.1625	1.1591	0.7984	-999.2500
98.2376	11.8858	7.0418	0.1878	1.1571	0.7713	-999.2500
98.3900	10.0680	5.8381	0.1451	1.0215	0.6297	-999.2500
98.5424	8.8355	5.0256	0.1394	0.7946	0.5705	-999.2500
98.6948	9.5843	6.5453	0.1787	1.0516	0.4514	-999.2500
98.8472	10.5142	7.2644	0.1964	1.1782	0.4474	-999.2500
98.9996	11.2794	8.4473	0.2542	1.2191	0.3543	-999.2500
99.1520	10.7891	9.6783	0.2935	1.3833	0.1329	-999.2500
99.3044	10.2642	9.1254	0.3049	1.1399	0.0826	-999.2500
99.4568	9.7388	8.3463	0.2595	1.1558	0.1134	-999.2500
99.6092	8.6723	7.7041	0.2037	1.2770	0.0734	-999.2500
99.7616	9.6494	9.4079	0.2407	1.6065	-0.0022	-999.2500
99.9140	9.4052	9.6135	0.2098	1.8533	-0.0616	-999.2500
100.0664	9.4196	9.9540	0.2142	1.9364	-0.0989	-999.2500
100.2188	9.9218	10.5183	0.2322	2.0119	-0.0941	-999.2500
100.3712	9.2090	9.3308	0.2097	1.7628	-0.0318	-999.2500
100.5236	10.1957	11.1666	0.2689	2.0045	-0.0700	-999.2500
100.6760	11.0427	10.9164	0.2529	2.0183	0.1096	-999.2500
100.8284	13.7961	13.3254	0.2534	2.7872	0.2215	-999.2500
100.9808	14.2587	12.0159	0.2509	2.3825	0.3774	-999.2500
101.1332	13.8417	11.1492	0.2298	2.2280	0.3813	-999.2500
101.2856	13.5070	10.4687	0.1998	2.1851	0.4006	-999.2500
101.4380	14.7621	11.9639	0.2917	2.1264	0.3400	-999.2500
101.5904	23.8010	20.0906	0.5205	3.3914	0.4929	-999.2500
101.7428	32.3169	28.1955	0.7537	4.6232	0.5920	-999.2500
101.8952	42.2772	37.0159	0.9187	6.4842	0.7217	-999.2500
102.0476	45.8475	39.9090	1.0326	6.7447	0.7367	-999.2500
102.2000	51.1692	42.3222	1.0898	7.1834	1.0971	-999.2500
102.3524	52.8363	42.1686	1.1401	6.8390	1.3711	-999.2500
102.5048	51.9453	44.1852	1.1752	7.2799	1.0762	-999.2500
102.6572	46.2545	40.9671	1.0841	6.7819	0.7732	-999.2500
102.8096	41.9425	37.5029	0.9974	6.1795	0.7239	-999.2500
102.9620	39.0840	35.7516	0.9888	5.6686	0.5387	-999.2500
103.1144	39.1853	35.3464	0.9299	5.8840	0.6454	-999.2500
103.2668	39.5186	34.5942	0.9180	5.7124	0.7148	-999.2500
103.4192	39.4318	32.2600	0.8554	5.3308	0.9740	-999.2500
103.5716	38.9190	31.3257	0.8742	4.9211	1.0260	-999.2500
103.7240	38.3814	30.5329	0.8734	4.6720	1.0919	-999.2500
103.8764	40.2665	30.5774	0.8718	4.6954	1.3623	-999.2500
104.0288	43.6033	33.1121	0.9056	5.3101	1.4881	-999.2500
104.1812	46.6082	34.7250	0.9500	5.5670	1.6330	-999.2500
104.3336	48.2071	34.2585	0.9610	5.3530	1.8677	-999.2500
104.4860	47.9614	34.3790	0.9305	5.5701	1.8333	-999.2500
104.6384	47.8243	34.7163	0.9163	5.7612	1.7679	-999.2500
104.7908	48.2086	35.0014	0.8965	5.9680	1.8585	-999.2500
104.9432	49.0602	35.8695	0.9326	6.0352	1.8495	-999.2500
105.0956	50.9464	38.8952	0.9844	6.7017	1.7243	-999.2500
105.2480	55.3970	44.2828	1.1521	7.4465	1.6717	-999.2500
105.4004	57.2197	45.9308	1.1789	7.8178	1.7700	-999.2500
105.5528	59.7340	48.3132	1.2309	8.2765	1.7573	-999.2500
105.7052	59.3970	51.4446	1.2886	8.9427	1.2766	-999.2500
105.8576	59.1255	49.6206	1.2694	8.4702	1.3450	-999.2500
106.0100	56.8855	48.5803	1.2421	8.2973	1.2874	-999.2500
106.1624	50.4717	44.0496	1.1311	7.4952	0.9577	-999.2500
106.3148	47.6728	43.3154	1.1264	7.2869	0.6915	-999.2500
106.4672	50.1661	47.4369	1.2196	8.0622	0.4734	-999.2500
106.6196	52.8173	50.4792	1.2880	8.6365	0.4991	-999.2500
106.7720	53.8995	50.8655	1.2407	9.0378	0.7860	-999.2500
106.9244	51.4545	47.5565	1.1514	8.4996	0.8202	-999.2500
107.0768	53.2460	49.1729	1.1591	8.9728	0.8056	-999.2500
107.2292	56.6552	52.9838	1.2889	9.4341	0.7568	-999.2500
107.3816	55.8564	50.6816	1.2981	8.6425	0.8597	-999.2500
107.5340	54.5422	50.6207	1.3107	8.5495	0.7187	-999.2500
107.6864	52.8624	47.7517	1.2050	8.2485	0.8368	-999.2500
107.8388	55.5355	49.8333	1.3018	8.3489	0.9691	-999.2500
107.9912	56.3011	49.8655	1.3352	8.1638	1.0627	-999.2500
108.1436	58.0232	48.6000	1.3032	7.9459	1.4129	-999.2500
108.2960	59.8939	49.4943	1.3615	7.8912	1.3556	-999.2500
108.4484	66.6015	56.5186	1.6489	8.4598	1.2749	-999.2500
108.6008	70.6441	59.9683	1.8058	8.6469	1.4387	-999.2500
108.7532	73.4239	58.8716	1.8710	7.9139	1.9098	-999.2500
108.9056	73.6011	59.0889	1.7672	8.5909	1.9495	-999.2500
109.0580	71.7149	59.5732	1.7621	8.7756	1.8006	-999.2500
109.2104	70.3196	59.4493	1.7956	8.5402	1.5586	-999.2500
109.3628	69.0499	58.0906	1.8051	8.0488	1.4544	-999.2500
109.5152	67.8723	56.0845	1.7703	7.6096	1.5297	-999.2500
109.6676	68.3401	53.8463	1.7305	7.1252	1.9279	-999.2500
109.8200	66.3728	53.9542	1.7585	6.9955	1.6480	-999.2500
109.9724	67.8355	56.1098	1.8619	7.0806	1.6591	-999.2500
110.1248	67.6623	53.2833	1.7679	6.7255	1.9270	-999.2500
110.2772	69.9418	55.3551	1.7337	7.5897	1.8313	-999.2500
110.4296	69.5572	56.1527	1.7261	7.8897	1.7414	-999.2500
110.5820	69.7234	56.7312	1.7852	7.7294	1.5825	-999.2500
110.7344	70.9880	58.8851	1.8427	8.0836	1.2619	-999.2500
110.8868	71.9625	58.8995	1.8307	8.1585	1.4914	-999.2500
111.0392	72.0384	60.3021	1.8266	8.6319	1.4074	-999.2500
111.1916	68.7803	60.2011	1.7536	9.0268	1.0146	-999.2500
111.3440	66.5894	60.0657	1.7199	9.1810	0.7173	-999.2500
111.4964	65.0765	55.7223	1.6324	8.3009	1.0632	-999.2500
111.6488	65.8844	53.8059	1.4972	8.4786	1.4290	-999.2500
111.8012	64.4442	53.3937	1.5037	8.3085	1.2670	-999.2500
111.9536	64.5572	53.2472	1.5402	8.0479	1.2331	-999.2500
112.1060	62.6142	53.3177	1.5484	8.0228	0.8698	-999.2500
112.2584	64.2460	53.9208	1.5992	7.9179	1.0390	-999.2500
112.4108	59.1279	46.4788	1.3910	6.7521	1.4256	-999.2500
112.5632	58.3164	46.4568	1.3774	6.8248	1.3565	-999.2500
112.7156	58.0762	45.7999	1.3586	6.7242	1.3556	-999.2500
112.8680	59.9823	42.9984	1.3398	5.9360	1.9215	-999.2500
113.0204	54.5960	38.4762	1.2033	5.2864	1.8434	-999.2500
113.1728	48.9466	36.2034	1.0854	5.2481	1.5081	-999.2500
113.3252	42.7232	34.4131	1.0169	5.0756	0.8707	-999.2500
113.4776	42.1218	31.7004	0.9383	4.6660	1.1491	-999.2500
113.6300	41.3536	30.1189	0.9220	4.2550	1.3457	-999.2500
113.7824	42.4232	30.5450	0.9335	4.3239	1.5230	-999.2500
113.9348	43.6797	30.2241	0.9548	4.0963	1.7666	-999.2500
114.0872	45.5701	32.1650	1.0422	4.2067	1.7010	-999.2500
114.2396	49.9423	33.5164	1.0973	4.3171	2.1593	-999.2500
114.3920	53.7532	36.3157	1.1569	4.8651	2.2843	-999.2500
114.5444	57.1839	41.1720	1.2558	5.8425	2.1197	-999.2500
114.6968	59.6439	44.1849	1.3586	6.2058	2.0676	-999.2500
114.8492	61.4606	45.4613	1.4307	6.1929	2.0595	-999.2500
115.0016	64.6084	46.4445	1.4997	6.1043	2.3362	-999.2500
115.1540	66.6223	50.6228	1.5684	7.0406	2.0752	-999.2500
115.3064	68.8719	53.8026	1.6117	7.8065	1.9690	-999.2500
115.4588	68.3304	52.9106	1.5511	7.8755	2.0337	-999.2500
115.6112	68.3299	53.1226	1.5508	7.9451	2.1047	-999.2500
115.7636	67.7745	53.0289	1.5495	7.9225	2.1117	-999.2500
115.9160	67.8182	54.1015	1.5713	8.1386	1.9447	-999.2500
116.0684	67.5282	53.9851	1.5865	8.0125	1.9439	-999.2500
116.2208	68.8773	53.8016	1.5597	8.1106	2.1007	-999.2500
116.3732	71.5781	54.4650	1.5775	8.2191	2.3572	-999.2500
116.5256	73.4715	56.5345	1.6833	8.2632	2.3254	-999.2500
116.6780	71.3340	55.0602	1.6623	7.9137	2.1653	-999.2500
116.8304	67.0061	50.3786	1.5694	6.9572	2.1455	-999.2500
116.9828	64.1637	46.0507	1.4795	6.0965	2.2895	-999.2500
117.1352	64.9072	46.8875	1.4881	6.3142	2.1933	-999.2500
117.2876	69.3990	50.8350	1.6132	6.8471	2.1660	-999.2500
117.4400	72.1624	51.1118	1.6444	6.7534	2.4134	-999.2500
117.5924	73.2198	48.4479	1.5737	6.3131	2.8381	-999.2500
117.7448	72.9323	46.8371	1.5484	5.9454	2.9776	-999.2500
117.8972	72.6832	48.3642	1.6667	5.7416	2.8126	-999.2500
118.0496	71.6861	48.8115	1.6785	5.8160	2.5651	-999.2500
118.2020	69.7852	46.9431	1.5373	6.0438	2.5865	-999.2500
118.3544	65.5763	44.3311	1.4666	5.6210	2.3507	-999.2500
118.5068	65.5304	45.0697	1.4241	6.1066	2.4223	-999.2500
118.6592	65.8114	48.0363	1.4458	6.9302	2.1238	-999.2500
118.8116	68.5001	48.3227	1.4935	6.7429	2.4162	-999.2500
118.9640	67.6781	49.7148	1.4623	7.3717	2.1366	-999.2500
119.1164	68.0211	53.3653	1.5512	8.0208	1.6984	-999.2500
119.2688	70.1283	56.9919	1.6884	8.3803	1.5139	-999.2500
119.4212	70.2523	57.2298	1.6861	8.4699	1.5802	-999.2500
119.5736	72.6973	57.3694	1.6514	8.7176	1.8262	-999.2500
119.7260	71.3338	55.0401	1.5252	8.7104	2.0425	-999.2500
119.8784	69.5880	53.7952	1.5537	8.1446	2.0490	-999.2500
120.0308	67.6654	52.5813	1.5134	7.9912	1.9723	-999.2500
120.1832	68.4948	53.5514	1.5853	7.8813	1.8790	-999.2500
120.3356	70.3221	56.6598	1.6717	8.3712	1.7440	-999.2500
120.4880	70.7690	58.4519	1.6862	8.8608	1.5571	-999.2500
120.6404	71.1937	57.6809	1.6439	8.8613	1.7721	-999.2500
120.7928	71.5693	57.4366	1.6596	8.6914	1.9240	-999.2500
120.9452	72.5411	57.6823	1.6542	8.8016	1.9628	-999.2500
121.0976	73.5159	57.9661	1.6370	8.9937	2.0517	-999.2500
121.2500	73.5592	60.3807	1.7404	9.1620	1.7705	-999.2500
121.4024	72.1995	60.4994	1.7429	9.1852	1.6211	-999.2500
121.5548	71.3621	59.0946	1.7337	8.7895	1.7393	-999.2500
121.7072	69.3889	57.3154	1.6886	8.4830	1.7250	-999.2500
121.8596	69.2986	58.9540	1.7599	8.5907	1.3711	-999.2500
122.0120	69.2186	57.4296	1.7382	8.2299	1.6126	-999.2500
122.1644	69.5106	58.5229	1.8094	8.1628	1.5350	-999.2500
122.3168	66.2639	56.5287	1.7533	7.8521	1.2680	-999.2500
122.4692	63.2382	55.2574	1.6938	7.7926	1.0585	-999.2500
122.6216	62.6118	56.7339	1.7188	8.1197	0.8980	-999.2500
122.7740	65.9617	61.7026	1.8531	8.9263	0.6729	-999.2500
122.9264	67.4620	62.2098	1.8260	9.2468	0.7206	-999.2500
123.0788	70.1699	63.9343	1.8267	9.7952	0.8179	-999.2500
123.2312	70.7006	67.0359	1.8294	10.7737	0.5076	-999.2500
123.3836	72.7441	67.6829	1.8380	10.9306	0.7513	-999.2500
123.5360	71.6175	64.2312	1.7677	10.2358	1.0329	-999.2500
123.6884	69.8511	62.7025	1.7192	10.0302	0.9868	-999.2500
123.8408	68.4248	61.8438	1.7036	9.8472	0.9014	-999.2500
123.9932	66.9809	59.9103	1.6502	9.5409	1.0206	-999.2500
124.1456	65.7328	59.1313	1.6027	9.5698	0.9498	-999.2500
124.2980	65.1571	58.1554	1.5883	9.3413	0.8936	-999.2500
124.4504	66.3859	58.3077	1.6399	9.0887	0.9487	-999.2500
124.6028	69.1064	60.1999	1.7266	9.1884	1.0522	-0.2129
124.7552	70.1170	60.1503	1.7591	8.9827	1.2233	-0.2129
124.9076	69.0090	59.1457	1.7892	8.4844	1.2211	-0.2129
125.0600	68.9054	59.1035	1.8621	8.0449	1.1981	-0.2129
125.2124	68.0307	60.5900	1.9063	8.2632	0.8802	-0.2129
125.3648	69.5341	60.9055	1.9061	8.3658	1.1358	-0.2129
125.5172	67.8006	58.5844	1.8450	7.9792	1.2154	-0.2129
125.6696	70.3760	59.8778	1.8451	8.3932	1.3682	-0.2129
125.8220	72.5323	62.4347	1.9862	8.3867	1.1929	-0.2129
125.9744	74.1301	62.2437	1.9856	8.3295	1.5077	-0.2129
126.1268	70.0665	59.3806	1.8968	7.9312	1.4270	-0.2129
126.2792	65.3683	55.9669	1.8303	7.2262	1.2164	-0.2129
126.4316	64.6668	54.8598	1.8394	6.8182	1.2647	-0.2129
126.5840	65.1665	55.0276	1.8881	6.5867	1.2906	-0.2129
126.7364	66.9835	56.1689	1.9177	6.7791	1.2817	-0.2129
126.8888	67.1857	55.6132	1.8740	6.8571	1.3192	-0.2129
127.0412	68.2382	57.7950	1.9622	7.0399	1.0874	-0.2129
127.1936	69.0707	60.1079	2.0154	7.4700	0.8631	-0.2129
127.3460	68.0098	58.6572	1.9520	7.3764	0.9507	-0.2129
127.4984	67.9065	56.8104	1.8862	7.1694	1.1962	-0.2129
127.6508	68.4520	56.2974	1.8585	7.1669	1.3076	-0.2129
127.8032	68.7231	56.2395	1.8728	7.0645	1.3083	-0.2129
127.9556	71.2760	56.8712	1.8663	7.3054	1.5517	-0.2129
128.1080	73.9287	56.9625	1.8158	7.6300	1.8971	-0.2129
128.2604	79.4345	63.1079	1.9287	8.9395	1.7464	-0.2129
128.4128	82.8902	66.5943	1.9737	9.7936	1.7247	-0.2129
128.5652	86.1507	68.9359	2.0055	10.3581	1.9431	-0.2129
128.7176	83.4945	64.3298	1.8598	9.7346	2.2836	-0.2129
128.8700	81.7967	64.0681	1.7766	10.1377	2.2031	-0.2129
129.0224	76.9968	58.3504	1.6273	9.1786	2.3149	-0.2129
129.1748	73.3834	55.2458	1.5509	8.6306	2.2476	-0.2129
129.3272	70.4397	52.9675	1.4780	8.3270	2.1599	-0.2129
129.4796	68.1470	51.8854	1.4286	8.2695	2.0639	-0.2129
129.6320	67.1617	51.0246	1.3736	8.3157	2.1179	-0.2129
129.7844	65.6922	50.5221	1.3290	8.4155	2.0273	-0.2129
129.9368	62.3691	49.1708	1.2925	8.1964	1.8204	-0.2129
130.0892	60.3171	46.1204	1.2422	7.5124	2.0574	-0.2129
130.2416	63.8118	48.2484	1.3060	7.8215	2.2790	-0.2129
130.3940	65.3859	49.7456	1.3681	7.9380	2.1875	-0.2129
130.5464	63.4450	49.3572	1.3480	7.9312	1.8657	-0.2129
130.6988	58.9306	43.2430	1.2047	6.8096	2.0251	-0.2129
130.8512	54.2061	39.0384	1.1111	6.0097	1.9548	-0.2129
131.0036	53.9868	39.9145	1.1456	6.0891	1.7579	-0.2129
131.1560	53.8801	41.5559	1.1707	6.4683	1.5250	-0.2129
131.3084	53.8831	42.0377	1.1640	6.6618	1.4852	-0.2129
131.4608	55.0153	41.9008	1.1609	6.6361	1.6424	-0.2129
131.6132	54.5083	40.8286	1.1202	6.5308	1.7265	-0.2129
131.7656	55.9568	40.6121	1.1014	6.5711	1.9127	-0.2129
131.9180	55.5737	41.6019	1.1496	6.6063	1.6694	-0.2129
132.0704	57.4932	47.0982	1.2161	7.9789	1.3036	-0.2129
132.2228	58.8063	46.0233	1.1905	7.7843	1.6881	-0.2129
132.3752	59.8470	45.2350	1.0918	8.1091	1.9846	-0.2129
132.5276	61.9795	46.8954	1.1084	8.5444	2.0206	-0.2129
132.6800	62.3215	49.2092	1.1353	9.1290	1.7259	-0.2129
132.8324	64.5994	50.4628	1.2188	9.0419	1.8076	-0.2129
132.9848	64.6001	48.5080	1.2443	8.2656	2.0370	-0.2129
133.1372	66.4856	51.4449	1.3429	8.6303	1.7168	-0.2129
133.2896	66.1681	53.0508	1.3888	8.8761	1.3233	-0.2129
133.4420	65.8571	53.5366	1.4132	8.8888	1.1934	-0.2129
133.5944	67.3689	53.9950	1.3516	9.3968	1.2607	-0.2129
133.7468	70.9011	53.9771	1.3895	9.1688	1.5957	-0.2129
133.8992	70.3856	55.2555	1.4857	9.0157	1.2613	-0.2129
134.0516	67.2305	54.4793	1.5714	8.2652	0.9860	-0.2129
134.2040	64.5102	52.1337	1.5035	7.9108	0.9775	-0.2129
134.3564	66.8484	51.3169	1.5002	7.6679	1.4083	-0.2129
134.5088	69.3849	53.8753	1.5404	8.2530	1.5755	-0.2129
134.6612	72.4608	55.4825	1.5915	8.4693	1.7787	-0.2129
134.8136	72.4416	53.6433	1.5156	8.3240	2.0713	-0.2129
134.9660	68.3266	49.5101	1.4145	7.5909	2.1369	-0.2129
135.1184	63.4011	45.8283	1.3548	6.7595	2.0031	-0.2129
135.2708	63.2592	45.5270	1.4221	6.2692	1.9370	-0.2129
135.4232	66.7157	48.4627	1.5309	6.5735	2.0066	-0.2129
135.5756	69.0692	49.2151	1.5066	6.9567	2.3069	-0.2129
135.7280	67.9869	46.8294	1.3888	6.8815	2.4991	-0.2129
135.8804	67.1758	46.7030	1.3988	6.7825	2.4637	-0.2129
136.0328	67.0343	47.5384	1.4472	6.7671	2.2764	-0.2129
136.1852	66.0312	46.3585	1.3918	6.7130	2.1652	-0.2129
136.3376	62.1713	44.7542	1.2928	6.7782	1.9106	-0.2129
136.4900	58.5077	44.3097	1.2739	6.7465	1.5953	-0.2129
136.6424	56.2865	44.6855	1.2755	6.8577	1.3560	-0.2129
136.7948	56.7668	45.7922	1.2987	7.0770	1.4061	-0.2129
136.9472	57.9010	45.9780	1.3029	7.1116	1.6249	-0.2129
137.0996	59.0256	45.4413	1.2489	7.2558	1.8277	-0.2129
137.2520	59.4944	48.0059	1.2567	8.0322	1.5857	-0.2129
137.4044	58.0454	50.7239	1.3500	8.3575	1.0476	-0.2129
137.5568	57.0634	51.8641	1.3594	8.6677	0.7161	-0.2129
137.7092	57.3675	52.9569	1.3617	9.0045	0.6469	-0.2129
137.8616	56.4441	54.0606	1.4014	9.1259	0.3781	-0.2129
138.0140	55.8260	53.2208	1.4590	8.5197	0.3563	-0.2129
138.1664	53.6886	49.2442	1.3688	7.7729	0.5639	-0.2129
138.3188	55.5888	49.2069	1.4030	7.5608	0.7813	-0.2129
138.4712	57.7785	50.5635	1.4373	7.7946	0.9459	-0.2129
138.6236	58.7897	50.7859	1.4019	8.0733	1.0722	-0.2129
138.7760	58.0183	52.1486	1.4757	8.0779	0.7722	-0.2129
138.9284	57.2641	49.9055	1.4941	7.2512	0.8486	-0.2129
139.0808	57.3710	47.0015	1.4087	6.8204	1.1476	-0.2129
139.2332	57.7409	48.3434	1.4830	6.8156	1.0621	-0.2129
139.3856	57.3765	48.8736	1.4892	6.9490	0.8836	-0.2129
139.5380	58.4013	49.4504	1.5716	6.6515	1.0111	-0.2129
139.6904	61.3256	52.2516	1.5089	7.9169	1.1550	-0.2129
139.8428	63.5560	55.6467	1.5846	8.5618	0.9908	-0.2129
139.9952	65.8402	56.2097	1.6054	8.6208	1.0448	-0.2129
140.1476	66.6060	56.8929	1.6106	8.8091	1.0604	-0.2129
140.3000	69.4358	59.7837	1.7756	8.7698	1.0159	-0.2129
140.4524	69.0076	58.8554	1.8155	8.2389	1.0745	-0.2129
140.6048	69.1264	58.5616	1.8677	7.8391	1.1616	-0.2129
140.7572	68.2068	56.4420	1.8267	7.3998	1.3471	-0.2129
140.9096	69.5156	54.5549	1.7660	7.1499	1.6978	-0.2129
141.0620	67.3532	50.2292	1.6668	6.3440	2.0142	-0.2129
141.2144	64.7400	46.3377	1.4885	6.1404	2.1365	-0.2129
141.3668	61.8955	43.7038	1.5119	5.1589	2.0415	-0.2129
141.5192	57.1092	39.3204	1.4034	4.3892	2.0572	-0.2129
141.6716	55.5094	38.0778	1.3575	4.2593	2.1115	-0.2129
141.8240	55.4485	37.6625	1.3583	4.1214	2.0381	-0.2129
141.9764	56.9317	40.7939	1.3801	4.9977	1.8141	-0.2129
142.1288	56.4863	40.5405	1.3100	5.3272	1.8073	-0.2129
142.2812	57.0670	42.6954	1.3276	5.9147	1.7045	-0.2129
142.4336	59.7231	46.6416	1.4827	6.2720	1.6278	-0.2129
142.5860	60.3074	47.7465	1.5686	6.1231	1.6442	-0.2129
142.7384	60.1760	48.3456	1.6125	6.0580	1.5781	-0.2129
142.8908	60.0115	48.7784	1.6217	6.1427	1.4795	-0.2129
143.0432	62.7208	53.0495	1.6787	7.1786	1.2223	-0.2129
143.1956	65.9149	57.4453	1.7700	8.0533	0.9908	-0.2129
143.3480	69.3081	61.6645	1.9097	8.5877	0.8232	-0.2129
143.5004	70.0968	62.8238	1.9222	8.8864	0.8378	-0.2129
143.6528	69.2275	62.4327	1.8697	9.0682	0.8830	-0.2129
143.8052	66.5922	60.5380	1.7962	8.8910	0.7963	-0.2129
143.9576	64.0494	58.0629	1.6864	8.7405	0.7972	-0.2129
144.1100	58.7198	52.1563	1.4631	8.1546	0.7366	-0.2129
144.2624	56.2279	49.5876	1.3331	8.0918	0.7128	-0.2129
144.4148	56.1101	49.3388	1.3264	8.0516	0.7092	-0.2129
144.5672	62.3688	54.9161	1.5004	8.8208	0.8275	-0.2129
144.7196	63.2995	54.3475	1.5811	8.1661	0.9549	-0.2129
144.8720	65.4093	55.4150	1.5727	8.5572	1.0454	-0.2129
145.0244	65.0197	54.6599	1.5185	8.6327	1.1399	-0.2129
145.1768	64.4292	53.7287	1.5239	8.3025	1.1394	-0.2129
145.3292	61.7740	50.6908	1.4519	7.7503	1.2176	-0.2129
145.4816	56.8764	45.5439	1.3883	6.4728	1.1664	-0.2129
145.6340	54.6219	42.4438	1.3149	5.9082	1.1237	-0.2129
145.7864	54.1062	42.6527	1.3632	5.6929	1.0484	-0.2129
145.9388	55.9150	42.3527	1.3775	5.5127	1.2577	-0.2129
146.0912	59.1056	46.1974	1.4919	6.0755	1.1519	-0.2129
146.2436	61.5018	46.1008	1.5482	5.7147	1.4557	-0.2129
146.3960	61.7693	44.4210	1.5314	5.2749	1.8457	-0.2129
146.5484	61.8896	44.9817	1.5665	5.2491	1.8384	-0.2129
146.7008	60.9081	44.8396	1.5775	5.1391	1.8096	-0.2129
146.8532	61.1505	44.8197	1.6035	4.9805	1.7827	-0.2129
147.0056	60.6007	45.2881	1.5766	5.2880	1.5839	-0.2129
147.1580	61.0799	46.2042	1.5558	5.7036	1.5629	-0.2129
147.3104	62.5369	48.0781	1.5684	6.2305	1.6072	-0.2129
147.4628	63.9096	51.0289	1.6065	6.9536	1.5230	-0.2129
147.6152	63.7955	51.0392	1.5786	7.1200	1.6261	-0.2129
147.7676	64.3434	51.0961	1.5329	7.4057	1.7804	-0.2129
147.9200	65.9830	52.8984	1.5425	7.9273	1.8211	-0.2129
148.0724	66.4130	54.1876	1.5479	8.3092	1.7646	-0.2129
148.2248	64.0267	52.3491	1.4652	8.2037	1.6346	-0.2129
148.3772	60.4119	47.9031	1.3003	7.7441	1.6836	-0.2129
148.5296	53.6717	42.4023	1.1508	6.8558	1.5379	-0.2129
148.6820	47.4889	38.3362	1.0041	6.4113	1.3658	-0.2129
148.8344	43.7470	36.9570	0.9276	6.4168	1.0831	-0.2129
148.9868	46.5501	37.9663	0.9351	6.6965	1.3561	-0.2129
149.1392	47.1259	37.0165	0.9093	6.5435	1.4592	-0.2129
149.2916	47.4191	36.4094	0.9297	6.2289	1.6629	-0.2129
149.4440	46.6600	37.9403	0.9880	6.3785	1.2882	-0.2129
149.5964	47.3433	41.4694	1.1132	6.7769	0.9609	-0.2129
149.7488	47.5645	41.6279	1.0921	6.9514	0.9862	-0.2129
149.9012	48.2687	43.9149	1.1369	7.4223	0.8164	-0.2129
150.0536	54.7517	50.3086	1.3550	8.1947	0.9371	-0.2129
150.2060	62.1636	56.6799	1.5663	9.0001	1.1101	-0.2129
150.3584	70.4014	61.3143	1.7576	9.3662	1.4476	-0.2129
150.5108	71.0136	59.6863	1.7531	8.8705	1.7272	-0.2129
150.6632	72.4743	61.5517	1.8181	9.0878	1.6680	-0.2129
150.8156	69.9699	60.8639	1.8491	8.6859	1.4725	-0.2129
150.9680	69.0863	60.7492	1.8363	8.7244	1.2956	-0.2129
151.1204	66.1602	54.5001	1.6493	7.8156	1.6797	-0.2129
151.2728	66.8157	53.6631	1.5820	7.9415	1.7980	-0.2129
151.4252	68.7198	53.9168	1.5957	7.9427	1.9098	-0.2129
151.5776	65.0163	49.3309	1.4860	7.1145	1.9725	-0.2129
151.7300	63.2697	45.6783	1.3865	6.5259	2.1658	-0.2129
151.8824	60.2283	43.8060	1.3198	6.3163	1.9891	-0.2129
152.0348	63.9280	45.1460	1.3970	6.2939	2.3374	-0.2129
152.1872	65.6726	46.3287	1.4589	6.3110	2.4267	-0.2129
152.3396	66.2517	46.2893	1.4757	6.1997	2.4788	-0.2129
152.4920	63.9954	43.9698	1.3237	6.3462	2.4456	-0.2129
152.6444	60.8988	41.2267	1.2168	6.0925	2.3975	-0.2129
152.7968	60.2742	43.2309	1.2712	6.4167	2.0459	-0.2129
152.9492	61.9838	44.6841	1.3106	6.6520	2.1102	-0.2129
153.1016	61.4059	43.3894	1.3130	6.2225	2.2698	-0.2129
153.2540	60.2404	43.6718	1.3564	6.0593	2.1515	-0.2129
153.4064	57.8241	43.3069	1.3592	5.9260	1.9281	-0.2129
153.5588	55.4853	40.3577	1.2500	5.6195	2.0263	-0.2129
153.7112	53.3529	38.0592	1.1186	5.6519	2.1231	-0.2129
153.8636	52.8657	38.0886	1.0807	5.8834	2.1133	-0.2129
154.0160	55.4681	38.6396	1.1109	5.8833	2.4129	-0.2129
154.1684	56.8465	40.3956	1.1762	6.0636	2.4076	-0.2129
154.3208	57.2256	43.0287	1.2464	6.4968	2.0777	-0.2129
154.4732	58.8183	44.6580	1.2837	6.8010	2.0208	-0.2129
154.6256	61.6580	47.1176	1.3528	7.1846	2.0197	-0.2129
154.7780	62.8969	47.9173	1.3672	7.3572	1.9658	-0.2129
154.9304	59.9197	45.4583	1.2556	7.2220	1.7722	-0.2129
155.0828	55.3418	41.5478	1.1265	6.7243	1.6520	-0.2129
155.2352	53.6268	41.0445	1.0962	6.7402	1.5194	-0.2129
155.3876	53.5814	43.3251	1.1832	6.9620	1.1506	-0.2129
155.5400	56.7948	48.4805	1.3080	7.8843	0.8043	-0.2129
155.6924	57.3669	51.4175	1.4132	8.2096	0.5238	-0.2129
155.8448	56.9683	52.1490	1.4338	8.3237	0.3194	-0.2129
155.9972	56.3170	49.5026	1.3843	7.7651	0.6218	-0.2129
156.1496	55.4463	48.6600	1.3048	7.9601	0.7051	-0.2129
156.3020	55.5922	45.1417	1.2537	7.1317	1.1866	-0.2129
156.4544	53.4961	43.1470	1.2185	6.6981	1.2250	-0.2129
156.6068	51.4421	40.9781	1.1799	6.2289	1.3061	-0.2129
156.7592	47.9605	36.6589	1.0422	5.6504	1.4277	-0.2129
156.9116	46.8875	36.4364	1.1207	5.1195	1.3063	-0.2129
157.0640	47.0172	33.9573	1.0659	4.6455	1.8021	-0.2129
157.2164	53.0307	35.3273	1.2084	4.2503	2.4201	-0.2129
157.3688	60.3400	38.5556	1.3243	4.6071	2.8543	-0.2129
157.5212	67.9716	43.4921	1.5345	4.9587	3.2383	-0.2129
157.6736	67.4077	44.8806	1.5990	5.0264	2.9665	-0.2129
157.8260	65.8733	43.7482	1.6058	4.6234	2.8858	-0.2129
157.9784	63.5095	42.3350	1.5649	4.4098	2.7744	-0.2129
158.1308	62.7397	41.9987	1.5084	4.6329	2.6985	-0.2129
158.2832	64.1155	42.5869	1.4670	5.0641	2.7400	-0.2129
158.4356	64.3585	42.5573	1.4551	5.1240	2.8123	-0.2129
158.5880	64.3501	43.5139	1.4979	5.1798	2.7317	-0.2129
158.7404	64.2667	42.7408	1.4252	5.3578	2.8131	-0.2129
158.8928	63.4980	42.1891	1.3820	5.4342	2.7244	-0.2129
159.0452	62.7678	42.2605	1.3658	5.5517	2.5717	-0.2129
159.1976	61.9074	42.0677	1.3312	5.6922	2.4908	-0.2129
159.3500	60.0111	40.4464	1.2430	5.6891	2.5019	-0.2129
159.5024	58.1917	39.2125	1.1571	5.7961	2.4217	-0.2129
159.6548	57.8894	39.0886	1.1637	5.7182	2.4332	-0.2129
159.8072	55.5503	36.9468	1.0725	5.5654	2.3876	-0.2129
159.9596	55.0062	36.9000	1.0485	5.6907	2.2893	-0.2129
160.1120	56.4760	39.6763	1.1446	6.0183	2.1189	-0.2129
160.2644	58.9045	43.5284	1.3079	6.2973	1.9769	-0.2129
160.4168	65.0386	47.3381	1.4673	6.5852	2.3036	-0.2129
160.5692	69.8481	48.2843	1.5070	6.6560	2.8878	-0.2129
160.7216	70.8872	49.2637	1.5556	6.6858	2.9762	-0.2129
160.8740	68.2463	48.8528	1.5623	6.5145	2.6064	-0.2129
161.0264	66.1598	46.5010	1.5289	5.9562	2.7136	-0.2129
161.1788	66.2365	47.4686	1.5623	6.0707	2.4994	-0.2129
161.3312	68.3360	48.1591	1.5902	6.1286	2.6798	-0.2129
161.4836	70.0377	47.6835	1.5795	6.0389	2.8514	-0.2129
161.6360	71.8046	50.1740	1.7288	5.9631	2.6016	-0.2129
161.7884	73.2379	49.7745	1.7873	5.4929	2.9197	-0.2129
161.9408	71.5212	48.0019	1.6754	5.5796	3.0248	-0.2129
162.0932	68.9405	47.4183	1.6123	5.7617	2.8586	-0.2129
162.2456	68.7151	50.4672	1.6576	6.4743	2.3645	-0.2129
162.3980	70.6479	53.3146	1.6865	7.2177	2.2873	-0.2129
162.5504	69.4280	52.2581	1.6399	7.1522	2.2984	-0.2129
162.7028	68.6260	53.7595	1.6249	7.7208	1.9441	-0.2129
162.8552	68.4386	55.0060	1.6524	7.9597	1.8719	-0.2129
163.0076	70.4311	58.4354	1.7572	8.4457	1.7838	-0.2129
163.1600	70.8509	59.5635	1.7799	8.6742	1.7597	-0.2129
163.3124	70.8590	60.1752	1.7259	9.1866	1.7323	-0.2129
163.4648	71.1481	60.8825	1.7297	9.3912	1.5930	-0.2129
163.6172	69.5976	60.6080	1.7704	9.0648	1.2742	-0.2129
163.7696	68.5197	59.7117	1.7568	8.8568	1.1653	-0.2129
163.9220	69.9104	59.4562	1.8086	8.4717	1.3641	-0.2129
164.0744	73.0483	61.0281	1.8966	8.4608	1.5209	-0.2129
164.2268	74.3071	61.8982	1.9298	8.5452	1.6068	-0.2129
164.3792	71.6427	58.7241	1.8509	7.9893	1.7943	-0.2129
164.5316	70.0469	56.0822	1.7777	7.5712	1.9388	-0.2129
164.6840	70.4779	56.4520	1.7843	7.6510	1.8546	-0.2129
164.8364	71.1055	56.7944	1.8240	7.5281	1.9847	-0.2129
164.9888	71.7715	58.2097	1.8367	7.9075	2.0024	-0.2129
165.1412	71.1078	57.4126	1.7787	7.9917	2.1043	-0.2129
165.2936	70.8581	55.6307	1.7490	7.5945	2.3918	-0.2129
165.4460	67.8799	53.1809	1.7029	7.0789	2.3338	-0.2129
165.5984	66.1571	52.4055	1.6355	7.2252	2.1474	-0.2129
165.7508	65.9523	53.5826	1.6170	7.7106	1.8835	-0.2129
165.9032	68.1888	56.9258	1.6748	8.4438	1.7401	-0.2129
166.0556	70.0422	58.8007	1.6914	8.9477	1.6401	-0.2129
166.2080	71.2703	59.4318	1.6823	9.2036	1.6701	-0.2129
166.3604	71.4233	60.8627	1.6188	10.0340	1.6220	-0.2129
166.5128	70.3352	59.8105	1.5370	10.1753	1.5633	-0.2129
166.6652	71.4259	60.2673	1.6066	9.9143	1.6610	-0.2129
166.8176	72.7092	61.4091	1.6349	10.1147	1.7041	-0.2129
166.9700	75.3808	65.0254	1.6914	10.9434	1.5199	-0.2129
167.1224	75.8300	66.1889	1.6506	11.5553	1.4413	-0.2129
167.2748	71.8650	62.8880	1.6817	10.3149	1.4177	-0.2129
167.4272	70.3976	61.5067	1.6526	10.0428	1.4535	-0.2129
167.5796	63.6098	52.0896	1.4426	8.2528	1.6589	-0.2129
167.7320	63.1848	51.6056	1.4112	8.2816	1.7183	-0.2129
167.8844	60.4966	48.7271	1.3476	7.7314	1.7561	-0.2129
168.0368	62.8674	52.7264	1.4335	8.5107	1.5214	-0.2129
168.1892	61.0562	52.1221	1.4302	8.3358	1.4071	-0.2129
168.3416	59.9185	51.5287	1.4396	8.0905	1.2994	-0.2129
168.4940	61.0229	55.0697	1.5195	8.7579	0.9385	-0.2129
168.6464	63.5590	58.4579	1.6708	8.9586	0.8129	-0.2129
168.7988	66.2801	60.1221	1.6993	9.3253	0.8146	-0.2129
168.9512	66.2439	60.7439	1.5954	10.1330	0.7102	-0.2129
169.1036	68.6847	62.1729	1.6374	10.3450	0.7955	-0.2129
169.2560	70.5182	63.7471	1.7119	10.4138	0.8382	-0.2129
169.4084	71.0347	65.9401	1.8132	10.5233	0.5743	-0.2129
169.5608	70.7415	65.6033	1.8463	10.2217	0.5473	-0.2129
169.7132	70.9368	63.1544	1.8229	9.5735	0.7939	-0.2129
169.8656	70.6013	61.0119	1.7590	9.2609	1.0009	-0.2129
170.0180	70.3493	58.3390	1.6876	8.8219	1.3538	-0.2129
170.1704	70.3849	57.5331	1.6015	9.0676	1.5017	-0.2129
170.3228	72.2996	58.4186	1.6271	9.2017	1.6459	-0.2129
170.4752	75.1804	58.3476	1.6814	8.8612	2.0986	-0.2129
170.6276	78.9290	62.3486	1.8504	9.1543	2.1033	-0.2129
170.7800	78.0695	66.7247	1.9652	9.8850	1.4556	-0.2129
170.9324	75.7095	66.1222	1.9255	9.9244	1.2594	-0.2129
171.0848	69.3194	60.4037	1.7968	8.8444	1.1705	-0.2129
171.2372	68.9200	58.7039	1.7416	8.6230	1.4733	-0.2129
171.3896	65.1110	56.0855	1.6805	8.1413	1.2501	-0.2129
171.5420	65.1208	59.2818	1.6753	9.1963	0.8323	-0.2129
171.6944	65.9206	58.2576	1.6552	8.9859	1.0650	-0.2129
171.8468	70.6005	62.5847	1.8799	9.0575	1.0846	-0.2129
171.9992	71.1670	63.8290	1.9355	9.1306	0.9820	-0.2129
172.1516	69.2517	62.0124	1.8640	8.9669	0.9133	-0.2129
172.3040	69.5540	59.1420	1.7734	8.5772	1.3957	-0.2129
172.4564	72.4164	58.9884	1.8225	8.2404	1.8531	-0.2129
172.6088	73.9745	59.1190	1.8669	8.0226	2.0807	-0.2129
172.7612	71.6737	58.7258	1.8510	7.9897	1.7747	-0.2129
172.9136	68.2434	57.5032	1.8335	7.7000	1.4653	-0.2129
173.0660	65.2791	53.5265	1.8258	6.4700	1.5552	-0.2129
173.2184	66.1681	53.3004	1.9047	5.9358	1.6286	-0.2129
173.3708	66.5512	53.1552	1.8530	6.1921	1.6554	-0.2129
173.5232	66.0006	54.8479	1.7633	7.2599	1.4609	-0.2129
173.6756	67.0653	55.3717	1.7590	7.4527	1.5223	-0.2129
173.8280	70.6392	57.4275	1.8452	7.6073	1.6177	-0.2129
173.9804	71.2490	60.2964	1.9313	8.0227	1.2721	-0.2129
174.1328	68.5251	60.8182	1.8267	8.8022	0.8014	-0.2129
174.2852	69.4429	60.8327	1.8021	8.9512	0.9090	-0.2129
174.4376	72.2303	59.9451	1.7760	8.8197	1.3280	-0.2129
174.5900	73.1695	60.5345	1.7658	9.0679	1.3855	-0.2129
174.7424	70.2072	59.0643	1.6540	9.2513	1.2159	-0.2129
174.8948	67.0325	56.6012	1.5904	8.8343	1.1557	-0.2129
175.0472	68.6346	56.9736	1.6452	8.6323	1.3325	-0.2129
175.1996	70.7781	58.0820	1.7403	8.4312	1.4462	-0.2129
175.3520	72.9045	62.1691	1.8464	9.1204	1.2704	-0.2129
175.5044	72.5058	62.7202	1.8367	9.3538	1.1907	-0.2129
175.6568	72.8568	60.5732	1.8043	8.8549	1.4811	-0.2129
175.8092	74.0457	59.7367	1.8004	8.6101	1.7012	-0.2129
175.9616	75.5425	60.7309	1.8563	8.6015	1.7504	-0.2129
176.1140	75.8551	61.4653	1.8912	8.6322	1.7013	-0.2129
176.2664	74.2213	59.2551	1.8080	8.4109	1.8099	-0.2129
176.4188	71.3888	58.0299	1.7554	8.3263	1.6066	-0.2129
176.5712	69.1378	57.6486	1.7362	8.3160	1.4123	-0.2129
176.7236	68.5697	57.4801	1.7173	8.3729	1.3662	-0.2129
176.8760	69.1835	56.6954	1.7146	8.1374	1.5428	-0.2129
177.0284	70.8681	57.0383	1.7315	8.1480	1.6824	-0.2129
177.1808	72.0204	57.3231	1.7346	8.2211	1.7853	-0.2129
177.3332	73.1018	58.2268	1.7562	8.3847	1.8160	-0.2129
177.4856	73.2870	59.5147	1.7958	8.5653	1.7211	-0.2129
177.6380	71.9072	58.8811	1.7565	8.5928	1.5872	-0.2129
177.7904	71.0554	57.3288	1.7135	8.3468	1.6551	-0.2129
177.9428	69.9550	57.6975	1.7444	8.2836	1.5078	-0.2129
178.0952	70.0024	57.9978	1.7427	8.3898	1.4247	-0.2129
178.2476	69.3978	56.8829	1.6968	8.3016	1.4702	-0.2129
178.4000	67.3293	55.7066	1.6510	8.1923	1.3795	-0.1918
178.5524	68.2178	56.6727	1.6570	8.4669	1.3794	-0.1138
178.7048	70.3839	58.4997	1.6918	8.8488	1.4619	-0.1138
178.8572	73.6054	61.0131	1.7081	9.5592	1.5553	-0.1138
179.0096	74.2726	61.1123	1.6961	9.6612	1.6266	-0.1138
179.1620	74.1351	60.0045	1.6759	9.4247	1.7516	-0.1138
179.3144	76.1821	62.0475	1.7290	9.7686	1.7921	-0.1138
179.4668	75.5104	62.2183	1.7425	9.7444	1.6830	-0.1138
179.6192	74.5927	60.7796	1.6972	9.5484	1.7417	-0.1138
179.7716	72.2887	58.2641	1.6437	9.0553	1.7862	-0.1138
179.9240	71.4950	57.3542	1.6292	8.8484	1.7827	-0.1138
180.0764	71.0778	56.4098	1.6138	8.6358	1.8117	-0.1138
180.2288	71.3481	55.9424	1.6184	8.4587	1.8643	-0.1138
180.3812	72.8150	56.2789	1.6283	8.5089	2.0346	-0.1138
180.5336	73.9293	56.3358	1.6231	8.5576	2.2201	-0.1138
180.6860	73.9969	57.4920	1.6632	8.6936	2.1270	-0.1138
180.8384	74.0685	58.4187	1.6834	8.8720	2.0364	-0.1138
180.9908	75.2526	59.0603	1.6725	9.1417	2.1536	-0.1138
181.1432	76.9450	61.5551	1.6972	9.7968	2.0601	-0.1138
181.2956	77.6068	62.9049	1.7196	10.0983	1.9170	-0.1138
181.4480	76.8596	62.8071	1.7340	9.9828	1.7857	-0.1138
181.6004	75.1781	61.4809	1.7321	9.5686	1.7377	-0.1138
181.7528	73.5664	60.1441	1.7224	9.1971	1.7608	-0.1138
181.9052	72.8425	60.0741	1.7229	9.1718	1.6626	-0.1138
182.0576	72.9590	62.9810	1.8597	9.3024	1.2765	-0.1138
182.2100	72.9397	64.7942	1.9530	9.3375	0.9907	-0.1138
182.3624	71.1091	62.2102	1.9032	8.8009	1.0881	-0.1138
182.5148	71.1218	61.7901	1.9287	8.5171	1.1316	-0.1138
182.6672	73.7747	64.2508	1.9907	8.9425	1.0911	-0.1138
182.8196	74.9146	63.8649	2.0601	8.4125	1.3259	-0.1138
182.9720	76.6983	65.7234	2.1539	8.4591	1.3931	-0.1138
183.1244	74.4193	64.2266	2.1091	8.2416	1.3276	-0.1138
183.2768	74.1141	63.5572	2.0633	8.2956	1.3532	-0.1138
183.4292	71.8743	61.3805	1.9816	8.0760	1.2931	-0.1138
183.5816	72.9860	62.8795	2.0212	8.3247	1.2043	-0.1138
183.7340	74.0596	61.5247	2.0315	7.8300	1.4776	-0.1138
183.8864	75.5807	62.5016	2.0733	7.8983	1.4756	-0.1138
184.0388	73.5510	61.1833	1.9545	8.1711	1.4584	-0.1138
184.1912	69.7506	57.7703	1.8446	7.7204	1.4906	-0.1138
184.3436	63.6832	51.8589	1.6682	6.8582	1.4976	-0.1138
184.4960	58.2355	47.2824	1.5294	6.2040	1.4469	-0.1138
184.6484	58.2260	46.5262	1.4322	6.5307	1.6355	-0.1138
184.8008	57.3697	43.1247	1.3393	5.9841	2.0056	-0.1138
184.9532	57.9867	43.1920	1.3413	5.9935	2.0536	-0.1138
