HOLE:	U1352C
EXPEDITION:	317
TOP:	102.0476
BOTTOM:	204.9176
DEPTH_WMSF	IDPH	IMPH	SFLU
m	ohm.m	ohm.m	ohm.m
102.0476	1950.0000	1950.0000	9700.0000
102.2000	1950.0000	1950.0000	1.0210
102.3524	81.7563	86.8105	0.7343
102.5048	0.3966	1.6273	0.6777
102.6572	0.4124	0.7210	0.7244
102.8096	0.4335	0.4913	0.7347
102.9620	0.5844	0.4188	0.5049
103.1144	0.6798	0.4120	0.4565
103.2668	0.7230	0.4439	0.4592
103.4192	0.7652	0.5013	0.4177
103.5716	0.8115	0.5645	0.3895
103.7240	0.8483	0.6091	0.3713
103.8764	0.8718	0.6264	0.4399
104.0288	0.8799	0.6312	0.4547
104.1812	0.8745	0.6454	0.3716
104.3336	0.8707	0.6849	0.3610
104.4860	0.8829	0.7556	0.4309
104.6384	0.9140	0.8490	0.4860
104.7908	0.9590	0.9390	0.4864
104.9432	1.0060	0.9943	0.4880
105.0956	1.0461	1.0013	0.5383
105.2480	1.0765	0.9729	0.6480
105.4004	1.1008	0.9358	0.5626
105.5528	1.1236	0.9110	0.6172
105.7052	1.1402	0.9043	0.4820
105.8576	1.1451	0.9119	0.5102
106.0100	1.1349	0.9273	0.5234
106.1624	1.1115	0.9381	0.5139
106.3148	1.0790	0.9334	0.5217
106.4672	1.0653	0.9118	0.4929
106.6196	1.0631	0.8803	0.4855
106.7720	1.0588	0.8485	0.4782
106.9244	1.0564	0.8250	0.3906
107.0768	1.0619	0.8151	0.5374
107.2292	1.0563	0.8197	0.4282
107.3816	1.0600	0.8358	0.5425
107.5340	1.0867	0.8575	0.5217
107.6864	1.1239	0.8792	0.5105
107.8388	1.1514	0.8999	0.4543
107.9912	1.1649	0.9243	0.5820
108.1436	1.1831	0.9568	0.6366
108.2960	1.2002	0.9954	0.7592
108.4484	1.2154	1.0302	0.8241
108.6008	1.2261	1.0502	0.8501
108.7532	1.2315	1.0531	0.8584
108.9056	1.2317	1.0459	0.8591
109.0580	1.2299	1.0368	0.8546
109.2104	1.2285	1.0302	0.8404
109.3628	1.2282	1.0273	0.8381
109.5152	1.2282	1.0276	0.8344
109.6676	1.2272	1.0298	0.7128
109.8200	1.2224	1.0321	0.5824
109.9724	1.2153	1.0329	0.5733
110.1248	1.2074	1.0313	0.5782
110.2772	1.2083	1.0278	0.6219
110.4296	1.2187	1.0242	0.6372
110.5820	1.2373	1.0221	0.5290
110.7344	1.2678	1.0228	0.7244
110.8868	1.2961	1.0274	0.4841
111.0392	1.3158	1.0381	0.6034
111.1916	1.3328	1.0573	0.7350
111.3440	1.3486	1.0842	0.6019
111.4964	1.3620	1.1117	0.7488
111.6488	1.3759	1.1274	0.5656
111.8012	1.3866	1.1200	0.6034
111.9536	1.3933	1.0886	0.5109
112.1060	1.3994	1.0440	0.6220
112.2584	1.3756	0.9988	0.5294
112.4108	1.3077	0.9601	0.5327
112.5632	1.1907	0.9287	0.5085
112.7156	1.0764	0.8983	0.5708
112.8680	1.0045	0.8573	0.4649
113.0204	0.9615	0.7973	0.4379
113.1728	0.9324	0.7253	0.4660
113.3252	0.9119	0.6592	0.3676
113.4776	0.8997	0.6152	0.3640
113.6300	0.8927	0.6026	0.4034
113.7824	0.8951	0.6254	0.3892
113.9348	0.9137	0.6829	0.4057
114.0872	0.9512	0.7664	0.5392
114.2396	1.0174	0.8552	0.4797
114.3920	1.0858	0.9137	0.4853
114.5444	1.1435	0.9294	0.4989
114.6968	1.1765	0.9208	0.4519
114.8492	1.1930	0.9122	0.4232
115.0016	1.1986	0.9143	0.5851
115.1540	1.2021	0.9247	0.5432
115.3064	1.2064	0.9355	0.5448
115.4588	1.2107	0.9414	0.5607
115.6112	1.2140	0.9446	0.6037
115.7636	1.2160	0.9538	0.5799
115.9160	1.2195	0.9754	0.6204
116.0684	1.2267	1.0075	0.5888
116.2208	1.2340	1.0391	0.6297
116.3732	1.2394	1.0561	0.7121
116.5256	1.2451	1.0509	0.6566
116.6780	1.2655	1.0285	0.6506
116.8304	1.2989	1.0032	0.6678
116.9828	1.3103	0.9911	0.6925
117.1352	1.2958	1.0020	0.5777
117.2876	1.2798	1.0336	0.6199
117.4400	1.2777	1.0697	0.5860
117.5924	1.2797	1.0876	0.5877
117.7448	1.2765	1.0759	0.6994
117.8972	1.2720	1.0455	0.6073
118.0496	1.2673	1.0170	0.7022
118.2020	1.2619	1.0022	0.6526
118.3544	1.2544	1.0012	0.5904
118.5068	1.2473	1.0079	0.5846
118.6592	1.2415	1.0145	0.7013
118.8116	1.2358	1.0155	0.5892
118.9640	1.2325	1.0108	0.6245
119.1164	1.2323	1.0036	0.5548
119.2688	1.2330	0.9975	0.5796
119.4212	1.2332	0.9953	0.6319
119.5736	1.2348	0.9977	0.5753
119.7260	1.2369	1.0038	0.5644
119.8784	1.2386	1.0112	0.6009
120.0308	1.2401	1.0175	0.5785
120.1832	1.2419	1.0201	0.5846
120.3356	1.2434	1.0180	0.6173
120.4880	1.2441	1.0127	0.5778
120.6404	1.2443	1.0074	0.5792
120.7928	1.2449	1.0052	0.5875
120.9452	1.2466	1.0072	0.6178
121.0976	1.2470	1.0123	0.5798
121.2500	1.2437	1.0183	0.5637
121.4024	1.2382	1.0239	0.6238
121.5548	1.2342	1.0275	0.6343
121.7072	1.2319	1.0273	0.5656
121.8596	1.2294	1.0213	0.5726
122.0120	1.2262	1.0094	0.5662
122.1644	1.2210	0.9954	0.5921
122.3168	1.2150	0.9854	0.5907
122.4692	1.2113	0.9839	0.6046
122.6216	1.2063	0.9904	0.5224
122.7740	1.2037	1.0000	0.5863
122.9264	1.2041	1.0060	0.5867
123.0788	1.2059	1.0064	0.5305
123.2312	1.2100	1.0020	0.6507
123.3836	1.2141	0.9961	0.5475
123.5360	1.2158	0.9923	0.5491
123.6884	1.2160	0.9928	0.5484
123.8408	1.2164	0.9980	0.6154
123.9932	1.2153	1.0058	0.5863
124.1456	1.2129	1.0124	0.6097
124.2980	1.2107	1.0137	0.6198
124.4504	1.2094	1.0081	0.5559
124.6028	1.2091	0.9974	0.5517
124.7552	1.2091	0.9861	0.5814
124.9076	1.2068	0.9787	0.5682
125.0600	1.2019	0.9774	0.5578
125.2124	1.1967	0.9812	0.6382
125.3648	1.1929	0.9869	0.5377
125.5172	1.1903	0.9910	0.6025
125.6696	1.1888	0.9910	0.5388
125.8220	1.1855	0.9867	0.5741
125.9744	1.1835	0.9802	0.5685
126.1268	1.1837	0.9745	0.5931
126.2792	1.1843	0.9717	0.5351
126.4316	1.1843	0.9734	0.6379
126.5840	1.1841	0.9798	0.6326
126.7364	1.1837	0.9894	0.6325
126.8888	1.1835	0.9989	0.5842
127.0412	1.1853	1.0040	0.6519
127.1936	1.1866	1.0013	0.6015
127.3460	1.1849	0.9903	0.5451
127.4984	1.1848	0.9744	0.6351
127.6508	1.1902	0.9592	0.6525
127.8032	1.2009	0.9493	0.5790
127.9556	1.2123	0.9471	0.5994
128.1080	1.2150	0.9529	0.6295
128.2604	1.2162	0.9659	0.5526
128.4128	1.2132	0.9827	0.6380
128.5652	1.2069	0.9968	0.7101
128.7176	1.1982	0.9984	0.5198
128.8700	1.1844	0.9784	0.6459
129.0224	1.1558	0.9373	0.4923
129.1748	1.1228	0.8869	0.4716
129.3272	1.0942	0.8393	0.5110
129.4796	1.0706	0.8033	0.4753
129.6320	1.0535	0.7837	0.4960
129.7844	1.0449	0.7815	0.5206
129.9368	1.0433	0.7953	0.4628
130.0892	1.0450	0.8216	0.4506
130.2416	1.0508	0.8555	0.5108
130.3940	1.0616	0.8923	0.5912
130.5464	1.0731	0.9272	0.4956
130.6988	1.0870	0.9585	0.6467
130.8512	1.1056	0.9868	0.5744
131.0036	1.1287	1.0134	0.6166
131.1560	1.1583	1.0379	0.6073
131.3084	1.1962	1.0582	0.5642
131.4608	1.2365	1.0711	0.5974
131.6132	1.2678	1.0743	0.6173
131.7656	1.2847	1.0678	0.7392
131.9180	1.2837	1.0550	0.5649
132.0704	1.2782	1.0409	0.5891
132.2228	1.2681	1.0328	0.5781
132.3752	1.2592	1.0320	0.6362
132.5276	1.2551	1.0365	0.5979
132.6800	1.2514	1.0421	0.5771
132.8324	1.2503	1.0444	0.5643
132.9848	1.2582	1.0420	0.6229
133.1372	1.2686	1.0370	0.6093
133.2896	1.2788	1.0340	0.6187
133.4420	1.2905	1.0371	0.5547
133.5944	1.2977	1.0474	0.5868
133.7468	1.3045	1.0613	0.6502
133.8992	1.3120	1.0720	0.5573
134.0516	1.3167	1.0745	0.6082
134.2040	1.3184	1.0671	0.5792
134.3564	1.3173	1.0500	0.5472
134.5088	1.3134	1.0240	0.5731
134.6612	1.3038	0.9914	0.6389
134.8136	1.2838	0.9583	0.5123
134.9660	1.2613	0.9328	0.5501
135.1184	1.2498	0.9213	0.5705
135.2708	1.2466	0.9249	0.4882
135.4232	1.2484	0.9398	0.5035
135.5756	1.2525	0.9594	0.4889
135.7280	1.2597	0.9772	0.4987
135.8804	1.2713	0.9886	0.5072
136.0328	1.2823	0.9924	0.5172
136.1852	1.2878	0.9904	0.5076
136.3376	1.2869	0.9848	0.5060
136.4900	1.2821	0.9761	0.5085
136.6424	1.2750	0.9632	0.5321
136.7948	1.2656	0.9460	0.6034
136.9472	1.2553	0.9275	0.5601
137.0996	1.2460	0.9124	0.4953
137.2520	1.2371	0.9045	0.4732
137.4044	1.2248	0.9046	0.4743
137.5568	1.2093	0.9105	0.4835
137.7092	1.1996	0.9185	0.5001
137.8616	1.1998	0.9255	0.5664
138.0140	1.2022	0.9311	0.5078
138.1664	1.2060	0.9372	0.4801
138.3188	1.2148	0.9465	0.5234
138.4712	1.2258	0.9600	0.5458
138.6236	1.2359	0.9762	0.5502
138.7760	1.2434	0.9924	0.5570
138.9284	1.2489	1.0058	0.5999
139.0808	1.2549	1.0151	0.6236
139.2332	1.2611	1.0193	0.5581
139.3856	1.2671	1.0166	0.5387
139.5380	1.2724	1.0060	0.6840
139.6904	1.2746	0.9895	0.6276
139.8428	1.2595	0.9711	0.5454
139.9952	1.2266	0.9547	0.6410
140.1476	1.2057	0.9408	0.5259
140.3000	1.2037	0.9254	0.5016
140.4524	1.1926	0.9063	0.5683
140.6048	1.1746	0.8894	0.4885
140.7572	1.1644	0.8859	0.5159
140.9096	1.1628	0.9018	0.5713
141.0620	1.1677	0.9327	0.5066
141.2144	1.1792	0.9662	0.4971
141.3668	1.1957	0.9887	0.4910
141.5192	1.2085	0.9962	0.5433
141.6716	1.2155	0.9934	0.5905
141.8240	1.2149	0.9851	0.5047
141.9764	1.2062	0.9735	0.5639
142.1288	1.1967	0.9611	0.6014
142.2812	1.1922	0.9509	0.5039
142.4336	1.1954	0.9448	0.5262
142.5860	1.2068	0.9436	0.5307
142.7384	1.2153	0.9476	0.5406
142.8908	1.2137	0.9565	0.5721
143.0432	1.2068	0.9700	0.5890
143.1956	1.1982	0.9860	0.6121
143.3480	1.1897	0.9984	0.6063
143.5004	1.1848	1.0003	0.5403
143.6528	1.1838	0.9897	0.5324
143.8052	1.1865	0.9729	0.5480
143.9576	1.1929	0.9602	0.5433
144.1100	1.1991	0.9596	0.5221
144.2624	1.2013	0.9720	0.6002
144.4148	1.2031	0.9917	0.5457
144.5672	1.2146	1.0093	0.6251
144.7196	1.2323	1.0177	0.5752
144.8720	1.2529	1.0163	0.6356
145.0244	1.2618	1.0112	0.5287
145.1768	1.2596	1.0085	0.6644
145.3292	1.2558	1.0084	0.5343
145.4816	1.2575	1.0040	0.5523
145.6340	1.2596	0.9911	0.5374
145.7864	1.2610	0.9730	0.6123
145.9388	1.2604	0.9580	0.4859
146.0912	1.2534	0.9530	0.5093
146.2436	1.2438	0.9605	0.5502
146.3960	1.2410	0.9787	0.4874
146.5484	1.2432	1.0040	0.5498
146.7008	1.2449	1.0312	0.6325
146.8532	1.2438	1.0531	0.5608
147.0056	1.2431	1.0637	0.5758
147.1580	1.2434	1.0625	0.5592
147.3104	1.2475	1.0533	0.5451
147.4628	1.2555	1.0404	0.5526
147.6152	1.2591	1.0253	0.5673
147.7676	1.2451	1.0083	0.5384
147.9200	1.2097	0.9907	0.5634
148.0724	1.1762	0.9735	0.5802
148.2248	1.1496	0.9551	0.5338
148.3772	1.1178	0.9325	0.5608
148.5296	1.0973	0.9064	0.5134
148.6820	1.0893	0.8812	0.4809
148.8344	1.0851	0.8622	0.5055
148.9868	1.0834	0.8536	0.5291
149.1392	1.0853	0.8588	0.4538
149.2916	1.0920	0.8801	0.4869
149.4440	1.1028	0.9165	0.6272
149.5964	1.1194	0.9589	0.5233
149.7488	1.1365	0.9910	0.5207
149.9012	1.1522	0.9999	0.5444
150.0536	1.1682	0.9894	0.5811
150.2060	1.1950	0.9739	0.5225
150.3584	1.2172	0.9638	0.6568
150.5108	1.2231	0.9634	0.5350
150.6632	1.2254	0.9711	0.6641
150.8156	1.2234	0.9821	0.5374
150.9680	1.2191	0.9914	0.6559
151.1204	1.2162	0.9976	0.5554
151.2728	1.2133	1.0016	0.5539
151.4252	1.2149	1.0049	0.6060
151.5776	1.2194	1.0087	0.5620
151.7300	1.2269	1.0130	0.5750
151.8824	1.2403	1.0175	0.6137
152.0348	1.2564	1.0226	0.5621
152.1872	1.2662	1.0295	0.5472
152.3396	1.2704	1.0388	0.6656
152.4920	1.2708	1.0494	0.6598
152.6444	1.2705	1.0581	0.5816
152.7968	1.2699	1.0612	0.6057
152.9492	1.2689	1.0575	0.6161
153.1016	1.2689	1.0508	0.5689
153.2540	1.2694	1.0477	0.5490
153.4064	1.2711	1.0537	0.6142
153.5588	1.2804	1.0699	0.6127
153.7112	1.2919	1.0912	0.5758
153.8636	1.3006	1.1089	0.6334
154.0160	1.3136	1.1160	0.6685
154.1684	1.3274	1.1110	0.6473
154.3208	1.3316	1.0985	0.6136
154.4732	1.3285	1.0853	0.5695
154.6256	1.3252	1.0760	0.5846
154.7780	1.3207	1.0707	0.6011
154.9304	1.3170	1.0678	0.5838
155.0828	1.3159	1.0696	0.6113
155.2352	1.3222	1.0823	0.5619
155.3876	1.3399	1.1093	0.5761
155.5400	1.3544	1.1447	0.5317
155.6924	1.3605	1.1726	0.5361
155.8448	1.3715	1.1761	0.5837
155.9972	1.3834	1.1548	0.5839
156.1496	1.4080	1.1285	0.5335
156.3020	1.4422	1.1182	0.5688
156.4544	1.4398	1.1321	0.6255
156.6068	1.4323	1.1658	0.6439
156.7592	1.4277	1.2050	0.6363
156.9116	1.4199	1.2292	0.7859
157.0640	1.4066	1.2245	0.6823
157.2164	1.3958	1.1939	0.6917
157.3688	1.3777	1.1514	0.6628
157.5212	1.3471	1.1108	0.6008
157.6736	1.3176	1.0845	0.5688
157.8260	1.2980	1.0659	0.5714
157.9784	1.2922	1.0536	0.6075
158.1308	1.2949	1.0464	0.6069
158.2832	1.3002	1.0441	0.5655
158.4356	1.3081	1.0474	0.5977
158.5880	1.3221	1.0605	0.5486
158.7404	1.3359	1.0858	0.5906
158.8928	1.3514	1.1189	0.6484
159.0452	1.3716	1.1506	0.6426
159.1976	1.3928	1.1683	0.6191
159.3500	1.4023	1.1600	0.6865
159.5024	1.3744	1.1186	0.6597
159.6548	1.3475	1.0576	0.6017
159.8072	1.3271	0.9980	0.5644
159.9596	1.3106	0.9495	0.5987
160.1120	1.2960	0.9175	0.6082
160.2644	1.2826	0.9039	0.5201
160.4168	1.2682	0.9088	0.5491
160.5692	1.2423	0.9389	0.4792
160.7216	1.2056	0.9814	0.4615
160.8740	1.1905	1.0178	0.5999
161.0264	1.1960	1.0325	0.5079
161.1788	1.2092	1.0246	0.5331
161.3312	1.2319	1.0078	0.6849
161.4836	1.2446	0.9973	0.5385
161.6360	1.2374	0.9994	0.5908
161.7884	1.2231	1.0115	0.5909
161.9408	1.2129	1.0258	0.5962
162.0932	1.2099	1.0342	0.5416
162.2456	1.2085	1.0334	0.5537
162.3980	1.2072	1.0254	0.5714
162.5504	1.2061	1.0154	0.5933
162.7028	1.2049	1.0075	0.6011
162.8552	1.2040	1.0038	0.6025
163.0076	1.2024	1.0036	0.5752
163.1600	1.1978	1.0053	0.5508
163.3124	1.1921	1.0069	0.6252
163.4648	1.1896	1.0076	0.5827
163.6172	1.1879	1.0067	0.5564
163.7696	1.1847	1.0044	0.5804
163.9220	1.1809	1.0015	0.5965
164.0744	1.1786	0.9983	0.5587
164.2268	1.1765	0.9952	0.5513
164.3792	1.1744	0.9930	0.5590
164.5316	1.1728	0.9919	0.6085
164.6840	1.1710	0.9915	0.5976
164.8364	1.1687	0.9907	0.5534
164.9888	1.1679	0.9892	0.5601
165.1412	1.1685	0.9882	0.5636
165.2936	1.1713	0.9899	0.5157
165.4460	1.1762	0.9954	0.5350
165.5984	1.1817	1.0036	0.5764
165.7508	1.1897	1.0128	0.5913
165.9032	1.1989	1.0219	0.5969
166.0556	1.2044	1.0305	0.6115
166.2080	1.2076	1.0368	0.6104
166.3604	1.2094	1.0379	0.5852
166.5128	1.2100	1.0319	0.5936
166.6652	1.2098	1.0209	0.5613
166.8176	1.2092	1.0096	0.5645
166.9700	1.2050	1.0019	0.5532
167.1224	1.1964	0.9984	0.6107
167.2748	1.1851	0.9961	0.5534
167.4272	1.1724	0.9905	0.6087
167.5796	1.1627	0.9781	0.5492
167.7320	1.1576	0.9595	0.5331
167.8844	1.1661	0.9407	0.6190
168.0368	1.1822	0.9312	0.5213
168.1892	1.2039	0.9391	0.5152
168.3416	1.2258	0.9678	0.5333
168.4940	1.2506	1.0151	0.5353
168.6464	1.2812	1.0680	0.5666
168.7988	1.3135	1.1126	0.6194
168.9512	1.3322	1.1401	0.6803
169.1036	1.3378	1.1493	0.6412
169.2560	1.3411	1.1452	0.6600
169.4084	1.3433	1.1356	0.6588
169.5608	1.3444	1.1277	0.6350
169.7132	1.3437	1.1247	0.6076
169.8656	1.3405	1.1244	0.6094
170.0180	1.3355	1.1218	0.6034
170.1704	1.3266	1.1133	0.5918
170.3228	1.3130	1.1002	0.5452
170.4752	1.2964	1.0866	0.5646
170.6276	1.2779	1.0760	0.5792
170.7800	1.2499	1.0701	0.5925
170.9324	1.2179	1.0675	0.6072
171.0848	1.1947	1.0641	0.6053
171.2372	1.1808	1.0552	0.6048
171.3896	1.1727	1.0388	0.5657
171.5420	1.1679	1.0164	0.5779
171.6944	1.1656	0.9931	0.5679
171.8468	1.1643	0.9765	0.5785
171.9992	1.1617	0.9716	0.5756
172.1516	1.1596	0.9779	0.5288
172.3040	1.1603	0.9892	0.6076
172.4564	1.1584	0.9973	0.5804
172.6088	1.1511	0.9972	0.5648
172.7612	1.1446	0.9914	0.5816
172.9136	1.1424	0.9847	0.5565
173.0660	1.1407	0.9789	0.5455
173.2184	1.1352	0.9739	0.5435
173.3708	1.1282	0.9697	0.5451
173.5232	1.1237	0.9663	0.5972
173.6756	1.1210	0.9644	0.5438
173.8280	1.1198	0.9640	0.5320
173.9804	1.1215	0.9645	0.5743
174.1328	1.1237	0.9650	0.5561
174.2852	1.1248	0.9662	0.5614
174.4376	1.1301	0.9685	0.5443
174.5900	1.1397	0.9725	0.4611
174.7424	1.1517	0.9790	0.5687
174.8948	1.1671	0.9890	0.5672
175.0472	1.1769	1.0024	0.5710
175.1996	1.1822	1.0176	0.6099
175.3520	1.1875	1.0310	0.6177
175.5044	1.1943	1.0382	0.6083
175.6568	1.2020	1.0377	0.6106
175.8092	1.2074	1.0334	0.5617
175.9616	1.2116	1.0328	0.5725
176.1140	1.2162	1.0428	0.6344
176.2664	1.2218	1.0649	0.6294
176.4188	1.2312	1.0941	0.6109
176.5712	1.2529	1.1217	0.5923
176.7236	1.2783	1.1406	0.7132
176.8760	1.2986	1.1495	0.6533
177.0284	1.3232	1.1522	0.6424
177.1808	1.3505	1.1531	0.6016
177.3332	1.3664	1.1548	0.6302
177.4856	1.3660	1.1591	0.6729
177.6380	1.3615	1.1667	0.6416
177.7904	1.3604	1.1761	0.6959
177.9428	1.3599	1.1831	0.7055
178.0952	1.3592	1.1822	0.6846
178.2476	1.3586	1.1704	0.6286
178.4000	1.3586	1.1503	0.6109
178.5524	1.3573	1.1299	0.5566
178.7048	1.3526	1.1168	0.6515
178.8572	1.3387	1.1142	0.6746
179.0096	1.3207	1.1197	0.6746
179.1620	1.3139	1.1270	0.5946
179.3144	1.3133	1.1307	0.6571
179.4668	1.3126	1.1292	0.7136
179.6192	1.3122	1.1244	0.6224
179.7716	1.3136	1.1188	0.5985
179.9240	1.3154	1.1142	0.5906
180.0764	1.3161	1.1114	0.6435
180.2288	1.3164	1.1106	0.6863
180.3812	1.3156	1.1112	0.6483
180.5336	1.3125	1.1117	0.6427
180.6860	1.3051	1.1097	0.6139
180.8384	1.2954	1.1044	0.6062
180.9908	1.2888	1.0976	0.6257
181.1432	1.2820	1.0920	0.6730
181.2956	1.2681	1.0896	0.6602
181.4480	1.2467	1.0902	0.6393
181.6004	1.2283	1.0905	0.6442
181.7528	1.2168	1.0853	0.6163
181.9052	1.2069	1.0705	0.5993
182.0576	1.1996	1.0468	0.5370
182.2100	1.1965	1.0212	0.5620
182.3624	1.1956	1.0042	0.6479
182.5148	1.1941	1.0033	0.5868
182.6672	1.1901	1.0176	0.5888
182.8196	1.1878	1.0385	0.5566
182.9720	1.1884	1.0540	0.6459
183.1244	1.1945	1.0560	0.5508
183.2768	1.1995	1.0456	0.6358
183.4292	1.2059	1.0303	0.5619
183.5816	1.2078	1.0166	0.5977
183.7340	1.2128	1.0053	0.5856
183.8864	1.2220	0.9937	0.4752
184.0388	1.2291	0.9798	0.5657
184.1912	1.2400	0.9661	0.5136
184.3436	1.2487	0.9555	0.5009
184.4960	1.2457	0.9488	0.5433
184.6484	1.2557	0.9424	0.4204
184.8008	1.2324	0.9300	0.4473
184.9532	1.2272	0.9056	0.4198
185.1056	1.2170	0.8669	0.3980
185.2580	1.1979	0.8141	0.4990
185.4104	1.1728	0.7486	0.3637
185.5628	1.1397	0.6756	0.4445
185.7152	1.0971	0.6054	0.3454
185.8676	1.0526	0.5485	0.3378
186.0200	0.9925	0.5105	0.3181
186.1724	0.9118	0.4913	0.3532
186.3248	0.8580	0.4870	0.3095
186.4772	0.8113	0.4904	0.3447
186.6296	0.7389	0.4942	0.3468
186.7820	0.6840	0.4932	0.3159
186.9344	0.6620	0.4850	0.3747
187.0868	0.6497	0.4690	0.3261
187.2392	0.6429	0.4481	0.3066
187.3916	0.6403	0.4286	0.3404
187.5440	0.6405	0.4192	0.2591
187.6964	0.6442	0.4270	0.3462
187.8488	0.6465	0.4553	0.2723
188.0012	0.6581	0.5015	0.3620
188.1536	0.6847	0.5525	0.3792
188.3060	0.7345	0.5873	0.3340
188.4584	0.8294	0.5936	0.4015
188.6108	0.8294	0.5936	0.4037
188.7632	0.8294	0.5936	0.3678
188.9156	0.8294	0.5936	0.4563
189.0680	0.8294	0.5936	0.4927
189.2204	0.8294	0.5936	0.5480
189.3728	0.8294	0.5936	0.5332
189.5252	0.8294	0.5936	0.6685
189.6776	0.8294	0.5936	0.6385
189.8300	0.8294	0.5936	0.5803
189.9824	0.8294	0.5936	0.5379
190.1348	0.8294	0.5936	0.5936
190.2872	0.8294	0.5936	0.5705
190.4396	0.8294	0.5936	0.6233
190.5920	0.8294	0.5936	0.5599
190.7444	0.8294	0.5936	0.5493
190.8968	0.8294	0.5936	0.6136
191.0492	0.8294	0.5936	0.5517
191.2016	0.8294	0.5936	0.5800
191.3540	0.8294	0.5936	0.6205
191.5064	0.8294	0.5936	0.5531
191.6588	0.8294	0.5936	0.5609
191.8112	0.8294	0.5936	0.6724
191.9636	0.8294	0.5936	0.5876
192.1160	0.8294	0.5936	0.5522
192.2684	0.8294	0.5936	0.6678
192.4208	0.8294	0.5936	0.5804
192.5732	0.8294	0.5936	0.5938
192.7256	0.8294	0.5936	0.6330
192.8780	0.8294	0.5936	0.6136
193.0304	0.8294	0.5936	0.5797
193.1828	0.8294	0.5936	0.6064
193.3352	0.8294	0.5936	0.5702
193.4876	0.8294	0.5936	0.5733
193.6400	0.8294	0.5936	0.5848
193.7924	0.8294	0.5936	0.6136
193.9448	0.8294	0.5936	0.6462
194.0972	0.8294	0.5936	0.6481
194.2496	0.8294	0.5936	0.6407
194.4020	0.8294	0.5936	0.6419
194.5544	0.8294	0.5936	0.6211
194.7068	0.8294	0.5936	0.6487
194.8592	0.8294	0.5936	0.6313
195.0116	0.8294	0.5936	0.6296
195.1640	0.8294	0.5936	0.6625
195.3164	0.8294	0.5936	0.5654
195.4688	0.8294	0.5936	0.6924
195.6212	0.8294	0.5936	0.6747
195.7736	0.8294	0.5936	0.6927
195.9260	0.8294	0.5936	0.6825
196.0784	0.8294	0.5936	0.6819
196.2308	0.8294	0.5936	0.6904
196.3832	0.8294	0.5936	0.6801
196.5356	0.8294	0.5936	0.6657
196.6880	0.8294	0.5936	0.6541
196.8404	0.8294	0.5936	0.6595
196.9928	0.8294	0.5936	0.6630
197.1452	0.8294	0.5936	0.6583
197.2976	0.8294	0.5936	0.6715
197.4500	0.8294	0.5936	0.6742
197.6024	0.8294	0.5936	0.6458
197.7548	0.8294	0.5936	0.6185
197.9072	0.8294	0.5936	0.7020
198.0596	0.8294	0.5936	0.7322
198.2120	0.8294	0.5936	0.6711
198.3644	0.8294	0.5936	0.7083
198.5168	0.8294	0.5936	0.7417
198.6692	0.8294	0.5936	0.6653
198.8216	0.8294	0.5936	0.7451
198.9740	0.8294	0.5936	0.5953
199.1264	0.8294	0.5936	0.7387
199.2788	0.8294	0.5936	0.7439
199.4312	0.8294	0.5936	0.6277
199.5836	0.8294	0.5936	0.7705
199.7360	0.8294	0.5936	0.5941
199.8884	0.8294	0.5936	0.6617
200.0408	0.8294	0.5936	0.6755
200.1932	0.8294	0.5936	0.6745
200.3456	0.8294	0.5936	0.6455
200.4980	0.8294	0.5936	0.7023
200.6504	0.8294	0.5936	0.7815
200.8028	0.8294	0.5936	0.7963
200.9552	0.8294	0.5936	0.8013
201.1076	0.8294	0.5936	0.8012
201.2600	0.8294	0.5936	0.6110
201.4124	0.8294	0.5936	0.5862
201.5648	0.8294	0.5936	0.6588
201.7172	0.8294	0.5936	0.5603
201.8696	0.8294	0.5936	0.5896
202.0220	0.8294	0.5936	0.6545
202.1744	0.8294	0.5936	0.6331
202.3268	0.8294	0.5936	0.6220
202.4792	0.8294	0.5936	0.6462
202.6316	0.8294	0.5936	0.6798
202.7840	0.8294	0.5936	0.6204
202.9364	0.8294	0.5936	0.5832
203.0888	0.8294	0.5936	0.5600
203.2412	0.8294	0.5936	0.5589
203.3936	0.8294	0.5936	0.5440
203.5460	0.8294	0.5936	0.6894
203.6984	0.8294	0.5936	0.6037
203.8508	0.8294	0.5936	0.5955
204.0032	0.8294	0.5936	0.5776
204.1556	0.8294	0.5936	0.6345
204.3080	0.8294	0.5936	0.6168
204.4604	0.8294	0.5936	0.6257
204.6128	0.8294	0.5936	0.6327
204.7652	0.8294	0.5936	0.5903
204.9176	0.8294	0.5936	0.5903
