HOLE:	U1352C
EXPEDITION:	317
TOP:	0.0920
BOTTOM:	204.9176
DEPTH_WMSF	TENS	CS	ETIM	DF
m	lbf	m/h	s	lbf
0.0920	1414.0000	410.5656	2539.9465	992.5560
0.2444	1455.0000	369.4176	2538.4900	1018.5075
0.3968	1519.0000	369.4176	2537.0010	1047.3030
0.5492	1631.0000	366.3696	2535.5139	1136.8890
0.7016	1604.0000	366.6744	2534.0271	1130.4900
0.8540	1494.0000	367.2840	2532.5215	1041.6150
1.0064	1448.0000	367.5888	2531.0305	1024.9065
1.1588	1502.0000	366.9792	2529.5425	1044.4590
1.3112	1513.0000	367.5888	2528.0535	1054.4131
1.4636	1579.0000	368.1984	2526.5481	1102.7610
1.6160	1585.0000	369.1128	2525.0754	1097.4286
1.7684	1536.0000	370.6368	2523.5706	1072.5436
1.9208	1453.0000	370.3320	2522.0815	1023.1290
2.0732	1533.0000	370.0272	2520.6096	1044.4590
2.2256	1595.0000	370.0272	2519.1221	1115.5591
2.3780	1518.0000	370.0272	2517.6350	1052.9911
2.5304	1475.0000	371.8560	2516.1616	1022.0626
2.6828	1530.0000	372.4656	2514.6880	1037.3490
2.8352	1576.0000	369.4176	2513.2014	1096.7175
2.9876	1538.0000	369.7224	2511.7141	1070.7660
3.1400	1495.0000	370.6368	2510.2410	1050.1471
3.2924	1540.0000	370.6368	2508.7520	1060.4565
3.4448	1536.0000	369.7224	2507.2805	1066.8556
3.5972	1518.0000	370.3320	2505.7935	1069.3440
3.7496	1495.0000	370.6368	2504.3049	1061.8785
3.9020	1475.0000	370.6368	2502.8154	1033.0830
4.0544	1519.0000	370.0272	2501.3606	1060.8120
4.2068	1544.0000	368.1984	2499.8735	1081.4310
4.3592	1502.0000	368.1984	2498.3855	1067.5665
4.5116	1511.0000	367.8936	2496.8970	1047.6586
4.6640	1500.0000	367.5888	2495.4094	1054.7686
4.8164	1531.0000	366.9792	2493.9214	1080.7201
4.9688	1539.0000	367.5888	2492.4160	1077.8761
5.1212	1505.0000	368.5032	2490.9270	1049.0806
5.2736	1481.0000	368.5032	2489.4399	1040.9041
5.4260	1513.0000	368.5032	2487.9514	1051.5691
5.5784	1515.0000	369.1128	2486.4624	1069.6996
5.7308	1545.0000	370.0272	2484.9741	1063.3005
5.8832	1511.0000	370.6368	2483.4995	1044.1035
6.0356	1505.0000	371.2464	2482.0071	1034.5050
6.1880	1514.0000	370.0272	2480.5371	1051.5691
6.3404	1573.0000	369.4176	2479.0510	1070.0551
6.4928	1546.0000	370.0272	2477.5769	1057.6125
6.6452	1530.0000	369.7224	2476.0850	1045.1700
6.7976	1538.0000	370.3320	2474.5955	1055.1240
6.9500	1558.0000	370.0272	2473.1084	1070.4105
7.1024	1554.0000	370.0272	2471.6211	1064.7225
7.2548	1547.0000	369.1128	2470.1641	1070.7660
7.4072	1561.0000	369.4176	2468.6750	1071.8325
7.5596	1545.0000	370.3320	2467.1870	1061.1675
7.7120	1478.0000	370.3320	2465.7156	1020.2850
7.8644	1533.0000	369.7224	2464.2246	1051.9246
8.0168	1571.0000	367.5888	2462.7261	1079.2981
8.1692	1669.0000	366.3696	2461.2461	1156.0861
8.3216	1565.0000	366.6744	2459.7576	1085.6970
8.4740	1447.0000	367.5888	2458.2644	1002.1545
8.6264	1499.0000	367.2840	2456.7576	1023.1290
8.7788	1576.0000	366.3696	2455.2720	1105.9606
8.9312	1595.0000	367.2840	2453.7700	1123.0245
9.0836	1561.0000	368.5032	2452.2805	1060.8120
9.2360	1434.0000	369.1128	2450.7881	979.0471
9.3884	1528.0000	368.5032	2449.3154	1058.6791
9.5408	1606.0000	368.1984	2447.8296	1089.9630
9.6932	1579.0000	369.1128	2446.3254	1100.6281
9.8456	1504.0000	370.3320	2444.8369	1051.2135
9.9980	1519.0000	370.3320	2443.3640	1060.1011
10.1504	1520.0000	370.3320	2441.8750	1086.7635
10.3028	1559.0000	370.3320	2440.4016	1066.1445
10.4552	1531.0000	369.7224	2438.9126	1061.5231
10.6076	1514.0000	369.4176	2437.4241	1048.0140
10.7600	1550.0000	369.7224	2435.9365	1058.3235
10.9124	1625.0000	370.0272	2434.4670	1121.9580
11.0648	1600.0000	370.3320	2432.9795	1097.0730
11.2172	1474.0000	370.6368	2431.4980	1001.7990
11.3696	1491.0000	369.7224	2430.0344	1017.0855
11.5220	1582.0000	367.8936	2428.5464	1077.8761
11.6744	1633.0000	368.1984	2427.0586	1106.6715
11.8268	1559.0000	368.1984	2425.5696	1079.6536
11.9792	1525.0000	367.5888	2424.0649	1047.6586
12.1316	1539.0000	367.2840	2422.5754	1060.1011
12.2840	1577.0000	366.9792	2421.1011	1088.1855
12.4364	1569.0000	367.2840	2419.5974	1053.7020
12.5888	1551.0000	367.5888	2418.1101	1057.9680
12.7412	1552.0000	367.8936	2416.6055	1068.9885
12.8936	1553.0000	368.1984	2415.1179	1065.0780
13.0460	1549.0000	368.1984	2413.6306	1092.8070
13.1984	1545.0000	368.5032	2412.1240	1078.9425
13.3508	1488.0000	370.0272	2410.6499	1037.7046
13.5032	1531.0000	370.0272	2409.1609	1072.8990
13.6556	1572.0000	369.1128	2407.6741	1091.3850
13.8080	1534.0000	370.3320	2406.2019	1063.6560
13.9604	1517.0000	370.6368	2404.7109	1048.7251
14.1128	1547.0000	370.9416	2403.2385	1055.1240
14.2652	1564.0000	369.7224	2401.7485	1076.0985
14.4176	1567.0000	369.4176	2400.2754	1073.6100
14.5700	1569.0000	370.0272	2398.7881	1067.9220
14.7224	1556.0000	370.0272	2397.3025	1076.0985
14.8748	1567.0000	368.8080	2395.8340	1072.1880
15.0272	1535.0000	368.8080	2394.3450	1055.1240
15.1796	1510.0000	369.1128	2392.8535	1040.1930
15.3320	1546.0000	369.4176	2391.3630	1053.7020
15.4844	1561.0000	369.4176	2389.8899	1064.7225
15.6368	1565.0000	368.1984	2388.4026	1054.0575
15.7892	1550.0000	366.3696	2386.9150	1059.7455
15.9416	1546.0000	366.0648	2385.4275	1071.8325
16.0940	1579.0000	365.4552	2383.9390	1069.3440
16.2464	1572.0000	366.3696	2382.4309	1062.2340
16.3988	1520.0000	367.2840	2380.9260	1036.2826
16.5512	1579.0000	367.2840	2379.4399	1075.3876
16.7036	1625.0000	367.2840	2377.9519	1108.0935
16.8560	1583.0000	367.8936	2376.4629	1079.2981
17.0084	1539.0000	368.5032	2374.9734	1041.9706
17.1608	1541.0000	369.4176	2373.4666	1057.6125
17.3132	1593.0000	370.0272	2371.9944	1069.6996
17.4656	1585.0000	369.4176	2370.5000	1080.0090
17.6180	1582.0000	369.4176	2369.0210	1088.5410
17.7704	1592.0000	370.0272	2367.5315	1064.0116
17.9228	1549.0000	370.6368	2366.0559	1038.7710
18.0752	1553.0000	370.3320	2364.5659	1048.3695
18.2276	1553.0000	369.4176	2363.0791	1051.2135
18.3800	1551.0000	368.8080	2361.5940	1062.9451
18.5324	1591.0000	369.1128	2360.1235	1061.1675
18.6848	1589.0000	369.1128	2358.6321	1062.5895
18.8372	1545.0000	369.1128	2357.1555	1042.6815
18.9896	1578.0000	369.1128	2355.6660	1048.3695
19.1420	1564.0000	369.1128	2354.1626	1062.5895
19.2944	1610.0000	369.1128	2352.6919	1084.9861
19.4468	1554.0000	368.5032	2351.2036	1060.1011
19.5992	1530.0000	366.9792	2349.7146	1039.1266
19.7516	1569.0000	365.7600	2348.2419	1046.5920
19.9040	1606.0000	365.7600	2346.7351	1058.6791
20.0564	1567.0000	365.7600	2345.2285	1042.6815
20.2088	1606.0000	366.0648	2343.7410	1049.4360
20.3612	1655.0000	365.4552	2342.2380	1087.4745
20.5136	1616.0000	366.3696	2340.7314	1069.6996
20.6660	1531.0000	386.4864	2339.2400	1008.1981
20.8184	1540.0000	369.1128	2337.7505	997.8885
20.9708	1610.0000	369.1128	2336.2644	1064.7225
21.1232	1662.0000	367.8936	2334.7800	1095.6510
21.2756	1606.0000	368.1984	2333.3086	1058.6791
21.4280	1596.0000	369.4176	2331.8005	1046.2366
21.5804	1604.0000	369.7224	2330.3110	1051.2135
21.7328	1648.0000	369.4176	2328.8401	1075.0320
21.8852	1632.0000	368.8080	2327.3511	1072.1880
22.0376	1591.0000	368.1984	2325.8459	1066.1445
22.1900	1620.0000	367.5888	2324.3755	1081.0756
22.3424	1626.0000	369.4176	2322.8875	1080.3645
22.4948	1565.0000	369.4176	2321.3811	1077.5205
22.6472	1587.0000	369.1128	2319.9260	1075.0320
22.7996	1591.0000	368.1984	2318.4250	1095.2955
22.9520	1596.0000	368.1984	2316.9365	1112.7151
23.1044	1606.0000	367.8936	2315.4480	1113.0706
23.2568	1624.0000	366.6744	2313.9600	1116.9811
23.4092	1598.0000	366.3696	2312.4719	1105.2495
23.5616	1566.0000	366.0648	2310.9661	1077.5205
23.7140	1556.0000	366.3696	2309.4761	1088.1855
23.8664	1643.0000	365.7600	2307.9885	1136.1781
24.0188	1667.0000	366.0648	2306.4866	1147.1985
24.1712	1626.0000	366.0648	2304.9834	1135.1116
24.3236	1609.0000	366.0648	2303.4956	1119.4695
24.4760	1610.0000	366.3696	2301.9895	1124.8020
24.6284	1619.0000	367.5888	2300.4829	1145.7765
24.7808	1632.0000	368.8080	2298.9934	1139.3776
24.9332	1589.0000	368.8080	2297.5044	1132.6230
25.0856	1636.0000	368.1984	2296.0176	1131.2010
25.2380	1643.0000	368.1984	2294.5454	1136.5336
25.3904	1624.0000	369.1128	2293.0381	1117.6920
25.5428	1604.0000	370.0272	2291.5486	1101.3390
25.6952	1569.0000	369.7224	2290.0759	1092.8070
25.8476	1583.0000	367.5888	2288.5869	1111.2931
26.0000	1643.0000	366.9792	2287.1140	1130.4900
26.1524	1646.0000	369.4176	2285.6074	1134.7560
26.3048	1634.0000	369.7224	2284.1326	1115.5591
26.4572	1523.0000	369.1128	2282.6440	1046.9475
26.6096	1557.0000	367.2840	2281.1580	1066.8556
26.7620	1623.0000	366.3696	2279.6680	1119.1140
26.9144	1652.0000	367.8936	2278.1780	1130.8456
27.0668	1608.0000	367.5888	2276.6709	1097.0730
27.2192	1610.0000	366.6744	2275.1960	1084.2750
27.3716	1559.0000	365.7600	2273.6904	1093.8735
27.5240	1611.0000	364.2360	2272.2014	1112.0040
27.6764	1668.0000	363.9312	2270.7134	1146.8430
27.8288	1596.0000	364.5408	2269.1890	1128.3571
27.9812	1515.0000	367.2840	2267.6951	1043.3926
28.1336	1585.0000	368.1984	2266.1870	1086.0525
28.2860	1584.0000	366.9792	2264.6851	1107.0271
28.4384	1670.0000	366.0648	2263.2170	1151.1090
28.5908	1642.0000	365.4552	2261.7114	1128.7125
28.7432	1507.0000	370.0272	2260.2014	1042.3260
28.8956	1493.0000	370.9416	2258.7271	1004.9985
29.0480	1584.0000	368.8080	2257.2405	1091.7405
29.2004	1624.0000	369.1128	2255.7544	1119.1140
29.3528	1648.0000	368.8080	2254.2671	1120.8915
29.5052	1602.0000	368.5032	2252.7944	1099.5615
29.6576	1602.0000	367.2840	2251.3064	1092.0961
29.8100	1540.0000	368.1984	2249.8149	1044.4590
29.9624	1589.0000	369.4176	2248.3064	1082.1421
30.1148	1651.0000	369.1128	2246.8274	1115.9146
30.2672	1675.0000	367.8936	2245.3665	1138.3110
30.4196	1623.0000	367.8936	2243.8616	1115.9146
30.5720	1528.0000	368.5032	2242.3545	1052.2800
30.7244	1563.0000	368.1984	2240.8816	1083.2085
30.8768	1621.0000	367.8936	2239.3916	1115.9146
31.0292	1631.0000	366.6744	2237.9045	1114.8480
31.1816	1580.0000	365.7600	2236.4099	1107.0271
31.3340	1598.0000	365.7600	2234.9126	1108.0935
31.4864	1633.0000	364.8456	2233.4231	1129.0680
31.6388	1620.0000	365.7600	2231.9160	1116.9811
31.7912	1471.0000	366.9792	2230.4080	1000.3770
31.9436	1546.0000	366.3696	2228.9180	1059.3900
32.0960	1669.0000	366.0648	2227.4309	1150.0425
32.2484	1696.0000	366.9792	2225.9275	1183.8151
32.4008	1616.0000	368.5032	2224.4221	1103.1166
32.5532	1528.0000	369.1128	2222.9314	1056.1906
32.7056	1600.0000	367.8936	2221.4424	1083.9196
32.8580	1606.0000	368.1984	2219.9541	1117.6920
33.0104	1641.0000	368.8080	2218.4824	1122.3136
33.1628	1612.0000	369.7224	2216.9775	1123.3800
33.3152	1652.0000	369.1128	2215.5056	1140.4441
33.4676	1626.0000	369.1128	2214.0161	1129.4236
33.6200	1577.0000	369.4176	2212.5276	1077.5205
33.7724	1598.0000	369.1128	2211.0400	1092.4515
33.9248	1644.0000	368.8080	2209.5520	1128.3571
34.0772	1649.0000	367.8936	2208.0640	1142.5770
34.2296	1636.0000	368.1984	2206.5759	1126.2240
34.3820	1591.0000	368.5032	2205.1035	1099.5615
34.5344	1616.0000	367.8936	2203.5984	1115.5591
34.6868	1642.0000	366.9792	2202.1089	1125.5131
34.8392	1631.0000	365.7600	2200.6365	1129.4236
34.9916	1648.0000	365.4552	2199.1311	1149.6870
35.1440	1668.0000	363.9312	2197.6255	1143.9990
35.2964	1488.0000	366.6744	2196.1355	1014.2415
35.4488	1571.0000	366.6744	2194.6306	1066.8556
35.6012	1668.0000	364.8456	2193.1440	1144.3545
35.7536	1718.0000	364.8456	2191.6389	1180.2600
35.9060	1631.0000	367.2840	2190.1326	1107.3826
36.0584	1561.0000	366.9792	2188.6270	1078.2316
36.2108	1617.0000	366.9792	2187.1394	1118.0475
36.3632	1676.0000	367.2840	2185.6504	1139.3776
36.5156	1665.0000	367.8936	2184.1445	1135.1116
36.6680	1645.0000	368.1984	2182.6570	1123.3800
36.8204	1639.0000	368.5032	2181.1855	1132.2676
36.9728	1625.0000	368.5032	2179.6785	1127.2905
37.1252	1658.0000	368.1984	2178.2056	1143.6436
37.2776	1676.0000	366.9792	2176.7180	1163.1960
37.4300	1678.0000	366.3696	2175.2151	1145.7765
37.5824	1631.0000	368.5032	2173.7104	1112.7151
37.7348	1644.0000	368.1984	2172.2380	1137.2445
37.8872	1692.0000	366.3696	2170.7500	1165.6846
38.0396	1671.0000	366.3696	2169.2456	1147.5541
38.1920	1624.0000	366.6744	2167.7566	1123.0245
38.3444	1650.0000	366.9792	2166.2485	1126.5796
38.4968	1676.0000	366.3696	2164.7590	1151.8201
38.6492	1699.0000	365.7600	2163.2715	1161.4186
38.8016	1656.0000	366.0648	2161.7666	1112.7151
38.9540	1606.0000	365.7600	2160.2610	1094.9401
39.1064	1662.0000	364.8456	2158.7729	1146.1321
39.2588	1741.0000	364.2360	2157.2690	1169.9506
39.4112	1707.0000	364.2360	2155.7639	1151.4646
39.5636	1635.0000	366.9792	2154.2429	1107.3826
39.7160	1677.0000	367.2840	2152.7729	1132.2676
39.8684	1680.0000	368.1984	2151.2676	1142.9325
40.0208	1715.0000	366.6744	2149.7615	1151.1090
40.1732	1727.0000	366.9792	2148.2734	1150.0425
40.3256	1672.0000	367.2840	2146.7866	1131.5565
40.4780	1630.0000	368.1984	2145.2795	1091.3850
40.6304	1662.0000	368.1984	2143.8059	1124.8020
40.7828	1740.0000	368.5032	2142.3010	1168.1731
40.9352	1735.0000	368.1984	2140.8125	1163.9070
41.0876	1619.0000	368.5032	2139.3240	1089.9630
41.2400	1652.0000	366.3696	2137.8345	1120.1805
41.3924	1689.0000	365.7600	2136.3455	1138.3110
41.5448	1683.0000	366.6744	2134.8555	1152.5310
41.6972	1707.0000	366.9792	2133.3474	1150.7535
41.8496	1652.0000	367.5888	2131.8584	1134.7560
42.0020	1626.0000	367.2840	2130.3716	1113.0706
42.1544	1655.0000	366.6744	2128.8684	1130.8456
42.3068	1662.0000	365.7600	2127.3630	1149.3315
42.4592	1680.0000	365.7600	2125.8884	1137.2445
42.6116	1625.0000	365.7600	2124.3821	1108.0935
42.7640	1656.0000	364.5408	2122.8784	1126.9351
42.9164	1724.0000	364.2360	2121.3904	1156.4415
43.0688	1684.0000	364.2360	2119.8845	1136.8890
43.2212	1681.0000	364.2360	2118.3616	1127.6460
43.3736	1718.0000	364.5408	2116.8711	1137.9556
43.5260	1717.0000	365.7600	2115.3630	1132.9785
43.6784	1680.0000	366.6744	2113.8560	1103.8275
43.8308	1694.0000	366.6744	2112.3525	1123.3800
43.9832	1744.0000	366.6744	2110.8679	1169.5951
44.1356	1781.0000	364.8456	2109.3635	1189.5031
44.2880	1501.0000	370.6368	2107.8721	991.4896
44.4404	1605.0000	368.1984	2106.3811	1067.2111
44.5928	1736.0000	367.2840	2104.9094	1129.7791
44.7452	1750.0000	366.0648	2103.4055	1156.4415
44.8976	1732.0000	366.0648	2101.9175	1163.1960
45.0500	1723.0000	366.0648	2100.4275	1148.6205
45.2024	1598.0000	369.1128	2098.9199	1080.3645
45.3548	1579.0000	370.0272	2097.4214	1072.8990
45.5072	1665.0000	366.6744	2095.9580	1131.2010
45.6596	1723.0000	365.4552	2094.4705	1171.3726
45.8120	1709.0000	366.3696	2092.9490	1156.4415
45.9644	1682.0000	366.6744	2091.4604	1145.7765
46.1168	1652.0000	367.8936	2089.9561	1139.3776
46.2692	1677.0000	367.8936	2088.4680	1139.3776
46.4216	1683.0000	363.6264	2086.9800	1143.9990
46.5740	1714.0000	363.3216	2085.4910	1146.8430
46.7264	1712.0000	363.6264	2083.9680	1151.1090
46.8788	1721.0000	365.1504	2082.4619	1153.2421
47.0312	1696.0000	364.8456	2080.9590	1140.7996
47.1836	1668.0000	365.4552	2079.4546	1121.2471
47.3360	1651.0000	365.7600	2077.9490	1126.5796
47.4884	1734.0000	366.0648	2076.4595	1149.6870
47.6408	1718.0000	367.2840	2074.9541	1156.0861
47.7932	1682.0000	368.5032	2073.4500	1121.9580
47.9456	1638.0000	371.8560	2071.9634	1101.6946
48.0980	1690.0000	366.3696	2070.4751	1148.2650
48.2504	1740.0000	366.6744	2068.9851	1172.7946
48.4028	1723.0000	368.5032	2067.4956	1155.3750
48.5552	1649.0000	368.5032	2065.9895	1130.4900
48.7076	1685.0000	366.9792	2064.5166	1143.6436
48.8600	1709.0000	366.9792	2063.0120	1150.3981
49.0124	1714.0000	366.6744	2061.5254	1158.5746
49.1648	1715.0000	367.8936	2060.0225	1154.3086
49.3172	1678.0000	367.5888	2058.5259	1122.6691
49.4696	1681.0000	367.2840	2057.0430	1121.6025
49.6220	1718.0000	366.6744	2055.5535	1146.8430
49.7744	1747.0000	366.6744	2054.0510	1170.6615
49.9268	1746.0000	366.6744	2052.5649	1150.7535
50.0792	1573.0000	366.9792	2051.0596	1068.9885
50.2316	1663.0000	364.8456	2049.5686	1131.5565
50.3840	1731.0000	364.2360	2048.0786	1167.8175
50.5364	1734.0000	364.8456	2046.5720	1156.7970
50.6888	1655.0000	364.8456	2045.0500	1123.7356
50.8412	1636.0000	364.5408	2043.5615	1117.6920
50.9936	1675.0000	364.8456	2042.0570	1151.8201
51.1460	1718.0000	364.8456	2040.5515	1161.7740
51.2984	1676.0000	364.8456	2039.0605	1136.5336
51.4508	1662.0000	367.2840	2037.5515	1131.2010
51.6032	1695.0000	367.5888	2036.0630	1134.7560
51.7556	1685.0000	366.3696	2034.5630	1148.6205
51.9080	1695.0000	366.3696	2033.0790	1157.8635
52.0604	1704.0000	365.1504	2031.5740	1150.7535
52.2128	1585.0000	369.7224	2030.0825	1084.6305
52.3652	1669.0000	368.5032	2028.5909	1120.8915
52.5176	1730.0000	366.3696	2027.0845	1158.9301
52.6700	1731.0000	366.0648	2025.6140	1160.3521
52.8224	1738.0000	365.4552	2024.1265	1158.9301
52.9748	1728.0000	366.9792	2022.6195	1151.8201
53.1272	1661.0000	367.2840	2021.1270	1103.4720
53.2796	1676.0000	366.9792	2019.6285	1108.8046
53.4320	1699.0000	366.6744	2018.1515	1139.0221
53.5844	1707.0000	366.6744	2016.6486	1147.5541
53.7368	1727.0000	366.6744	2015.1429	1159.9966
53.8892	1714.0000	366.0648	2013.6440	1158.9301
54.0416	1718.0000	365.4552	2012.1655	1142.2216
54.1940	1657.0000	365.4552	2010.6615	1105.9606
54.3464	1664.0000	364.2360	2009.1570	1131.2010
54.4988	1729.0000	364.2360	2007.6680	1161.0630
54.6512	1742.0000	365.1504	2006.1460	1166.7511
54.8036	1697.0000	364.8456	2004.6405	1147.1985
54.9560	1655.0000	366.3696	2003.1525	1115.9146
55.1084	1624.0000	366.0648	2001.6475	1107.0271
55.2608	1645.0000	365.7600	2000.1395	1124.4465
55.4132	1736.0000	366.3696	1998.6495	1173.8611
55.5656	1735.0000	367.2840	1997.1450	1177.0605
55.7180	1677.0000	368.5032	1995.6470	1115.2035
55.8704	1572.0000	370.0272	1994.1670	1072.8990
56.0228	1655.0000	367.8936	1992.6794	1135.8225
56.1752	1710.0000	367.2840	1991.1915	1165.3291
56.3276	1729.0000	366.3696	1989.7015	1178.4825
56.4800	1714.0000	367.5888	1988.2111	1162.1295
56.6324	1683.0000	368.1984	1986.7220	1124.0911
56.7848	1667.0000	368.8080	1985.2190	1133.6896
56.9372	1741.0000	365.7600	1983.7321	1163.9070
57.0896	1754.0000	366.3696	1982.2415	1177.7715
57.2420	1711.0000	367.2840	1980.7505	1152.8866
57.3944	1606.0000	368.5032	1979.2450	1070.0551
57.5468	1685.0000	366.9792	1977.7426	1125.8685
57.6992	1690.0000	365.4552	1976.2729	1162.4850
57.8516	1773.0000	364.5408	1974.7670	1184.5260
58.0040	1753.0000	363.9312	1973.2605	1179.5491
58.1564	1658.0000	365.7600	1971.7710	1104.5386
58.3088	1603.0000	366.0648	1970.2670	1051.9246
58.4612	1709.0000	363.6264	1968.7610	1138.3110
58.6136	1731.0000	364.2360	1967.2710	1165.3291
58.7660	1777.0000	364.8456	1965.7500	1186.3036
58.9184	1692.0000	366.6744	1964.2280	1161.0630
59.0708	1577.0000	369.1128	1962.7395	1048.0140
59.2232	1641.0000	366.3696	1961.2515	1114.1371
59.3756	1718.0000	365.7600	1959.7640	1171.7280
59.5280	1736.0000	366.0648	1958.2590	1175.9940
59.6804	1695.0000	367.2840	1956.7690	1162.8406
59.8328	1595.0000	369.1128	1955.2625	1083.9196
59.9852	1682.0000	368.1984	1953.7745	1151.1090
60.1376	1717.0000	367.5888	1952.3025	1179.5491
60.2900	1717.0000	367.2840	1950.8110	1171.0171
60.4424	1646.0000	367.5888	1949.3206	1120.8915
60.5948	1676.0000	368.1984	1947.8335	1154.6641
60.7472	1724.0000	366.3696	1946.3300	1171.3726
60.8996	1724.0000	366.3696	1944.8571	1169.5951
61.0520	1712.0000	366.6744	1943.3500	1164.2626
61.2044	1742.0000	366.9792	1941.8445	1171.7280
61.3568	1728.0000	366.9792	1940.3740	1173.1500
61.5092	1632.0000	366.9792	1938.8700	1101.6946
61.6616	1694.0000	364.8456	1937.3805	1137.2445
61.8140	1757.0000	363.6264	1935.8910	1189.8585
61.9664	1792.0000	363.3216	1934.3680	1200.1681
62.1188	1602.0000	366.3696	1932.8535	1066.1445
62.2712	1632.0000	364.5408	1931.3735	1108.8046
62.4236	1734.0000	363.9312	1929.8680	1173.1500
62.5760	1754.0000	364.8456	1928.3455	1187.7256
62.7284	1746.0000	364.5408	1926.8550	1174.9275
62.8808	1665.0000	367.8936	1925.3485	1124.4465
63.0332	1690.0000	367.5888	1923.8595	1137.6001
63.1856	1731.0000	366.9792	1922.3571	1169.9506
63.3380	1775.0000	366.9792	1920.8710	1185.9480
63.4904	1691.0000	368.5032	1919.3815	1154.3086
63.6428	1603.0000	369.1128	1917.8910	1060.8120
63.7952	1703.0000	368.5032	1916.4025	1152.1755
63.9476	1737.0000	367.5888	1914.8975	1178.1271
64.1000	1761.0000	367.5888	1913.4270	1187.3700
64.2524	1745.0000	365.4552	1911.9210	1180.9711
64.4048	1636.0000	371.5512	1910.4135	1089.6075
64.5572	1696.0000	368.8080	1908.9580	1138.6665
64.7096	1704.0000	367.2840	1907.4700	1162.8406
64.8620	1732.0000	367.2840	1905.9640	1156.0861
65.0144	1699.0000	367.5888	1904.4926	1152.5310
65.1668	1705.0000	367.2840	1902.9890	1167.8175
65.3192	1729.0000	366.9792	1901.5005	1168.1731
65.4716	1696.0000	366.6744	1900.0110	1137.9556
65.6240	1577.0000	367.5888	1898.5045	1060.4565
65.7764	1680.0000	364.2360	1897.0165	1121.2471
65.9288	1738.0000	363.3216	1895.5284	1175.6385
66.0812	1771.0000	363.3216	1894.0060	1183.8151
66.2336	1678.0000	365.7600	1892.4995	1106.3160
66.3860	1637.0000	366.0648	1890.9919	1106.6715
66.5384	1731.0000	364.8456	1889.5040	1152.5310
66.6908	1762.0000	364.5408	1887.9995	1170.6615
66.8432	1764.0000	365.7600	1886.4910	1174.5720
66.9956	1715.0000	367.5888	1884.9840	1112.7151
67.1480	1717.0000	367.2840	1883.4965	1145.7765
67.3004	1714.0000	367.5888	1882.0115	1162.4850
67.4528	1747.0000	367.5888	1880.5245	1164.9735
67.6052	1708.0000	368.1984	1879.0175	1150.0425
67.7576	1720.0000	368.1984	1877.5260	1151.8201
67.9100	1731.0000	365.7600	1876.0375	1152.1755
68.0624	1704.0000	366.3696	1874.5496	1146.4875
68.2148	1727.0000	368.1984	1873.0439	1156.7970
68.3672	1754.0000	367.5888	1871.5555	1176.7051
68.5196	1770.0000	366.3696	1870.0680	1179.5491
68.6720	1587.0000	368.1984	1868.5785	1033.0830
68.8244	1556.0000	367.8936	1867.0699	1027.3950
68.9768	1667.0000	366.6744	1865.5966	1124.4465
69.1292	1723.0000	366.3696	1864.0925	1174.5720
69.2816	1770.0000	365.4552	1862.6064	1185.9480
69.4340	1742.0000	363.6264	1861.1010	1176.7051
69.5864	1547.0000	367.2840	1859.5945	1028.1061
69.7388	1604.0000	365.1504	1858.1040	1051.5691
69.8912	1751.0000	363.9312	1856.5995	1157.5081
70.0436	1771.0000	363.9312	1855.1115	1174.2166
70.1960	1716.0000	365.1504	1853.5900	1153.5975
70.3484	1721.0000	366.3696	1852.0835	1151.8201
70.5008	1728.0000	366.9792	1850.5950	1166.3955
70.6532	1720.0000	367.2840	1849.0900	1163.1960
70.8056	1645.0000	368.8080	1847.5845	1106.3160
70.9580	1674.0000	366.3696	1846.1315	1151.1090
71.1104	1745.0000	366.0648	1844.6270	1167.1066
71.2628	1745.0000	367.5888	1843.1210	1166.7511
71.4152	1742.0000	368.8080	1841.6305	1157.8635
71.5676	1738.0000	368.8080	1840.1415	1149.6870
71.7200	1744.0000	367.2840	1838.6534	1157.1526
71.8724	1764.0000	366.0648	1837.1820	1165.3291
72.0248	1762.0000	368.5032	1835.6760	1169.9506
72.1772	1661.0000	369.1128	1834.1685	1093.5181
72.3296	1680.0000	366.6744	1832.6945	1090.3185
72.4820	1735.0000	366.3696	1831.2065	1162.1295
72.6344	1734.0000	367.2840	1829.7025	1179.1935
72.7868	1716.0000	367.8936	1828.2150	1175.9940
72.9392	1598.0000	368.1984	1826.7095	1088.1855
73.0916	1650.0000	366.9792	1825.2200	1091.0295
73.2440	1696.0000	364.5408	1823.7295	1128.7125
73.3964	1702.0000	364.5408	1822.2240	1147.5541
73.5488	1727.0000	364.5408	1820.7209	1164.2626
73.7012	1738.0000	364.5408	1819.2340	1168.5286
73.8536	1676.0000	365.1504	1817.7115	1136.1781
74.0060	1628.0000	409.3464	1816.2045	1089.9630
74.1584	1643.0000	366.0648	1814.7150	1096.7175
74.3108	1690.0000	366.3696	1813.2111	1142.2216
74.4632	1741.0000	366.6744	1811.7230	1161.4186
74.6156	1727.0000	368.1984	1810.2330	1146.1321
74.7680	1712.0000	368.1984	1808.7255	1120.8915
74.9204	1725.0000	368.5032	1807.2545	1144.7101
75.0728	1751.0000	368.1984	1805.7445	1146.8430
75.2252	1723.0000	368.5032	1804.2645	1128.7125
75.3776	1702.0000	369.1128	1802.7574	1120.5360
75.5300	1754.0000	366.9792	1801.3015	1140.4441
75.6824	1771.0000	367.2840	1799.7975	1141.8661
75.8348	1731.0000	368.1984	1798.2935	1140.0885
75.9872	1773.0000	368.5032	1796.8060	1163.1960
76.1396	1787.0000	366.6744	1795.3350	1164.2626
76.2920	1728.0000	366.9792	1793.8311	1134.0450
76.4444	1574.0000	367.2840	1792.3250	1035.2161
76.5968	1606.0000	366.9792	1790.8505	1104.8940
76.7492	1698.0000	366.0648	1789.3435	1152.8866
76.9016	1784.0000	366.0648	1787.8560	1165.6846
77.0540	1764.0000	365.7600	1786.3680	1163.1960
77.2064	1617.0000	366.3696	1784.8625	1048.7251
77.3588	1642.0000	363.9312	1783.3571	1084.6305
77.5112	1725.0000	364.2360	1781.8685	1137.6001
77.6636	1762.0000	364.2360	1780.3635	1139.0221
77.8160	1694.0000	366.0648	1778.8425	1110.5820
77.9684	1703.0000	366.0648	1777.3545	1128.7125
78.1208	1761.0000	366.6744	1775.8505	1149.3315
78.2732	1748.0000	366.3696	1774.3445	1154.6641
78.4256	1499.0000	370.6368	1772.8560	943.8525
78.5780	1521.0000	369.4176	1771.3655	995.7556
78.7304	1664.0000	366.9792	1769.8929	1124.4465
78.8828	1753.0000	367.2840	1768.4041	1156.4415
79.0352	1767.0000	367.5888	1766.9146	1156.0861
79.1876	1734.0000	369.4176	1765.3910	1109.1600
79.3400	1683.0000	368.8080	1763.9185	1090.6741
79.4924	1738.0000	367.2840	1762.4320	1124.8020
79.6448	1725.0000	367.8936	1760.9465	1136.1781
79.7972	1651.0000	369.4176	1759.4420	1060.4565
79.9496	1688.0000	367.5888	1757.9695	1107.7380
80.1020	1743.0000	366.9792	1756.4814	1137.6001
80.2544	1734.0000	366.9792	1754.9771	1145.7765
80.4068	1705.0000	367.2840	1753.4890	1142.2216
80.5592	1709.0000	366.9792	1751.9980	1126.2240
80.7116	1720.0000	366.0648	1750.4919	1112.3595
80.8640	1675.0000	365.7600	1749.0205	1099.9170
81.0164	1682.0000	365.4552	1747.5145	1077.5205
81.1688	1692.0000	365.4552	1746.0081	1115.2035
81.3212	1702.0000	364.8456	1744.5190	1127.6460
81.4736	1727.0000	364.8456	1743.0140	1143.9990
81.6260	1689.0000	365.7600	1741.4930	1128.0016
81.7784	1540.0000	366.9792	1740.0055	1011.0421
81.9308	1639.0000	366.6744	1738.5150	1083.9196
82.0832	1678.0000	368.1984	1737.0236	1118.0475
82.2356	1718.0000	368.1984	1735.5190	1130.4900
82.3880	1684.0000	367.8936	1734.0341	1131.9120
82.5404	1639.0000	367.8936	1732.5480	1093.8735
82.6928	1624.0000	367.5888	1731.0575	1087.1190
82.8452	1682.0000	367.8936	1729.5645	1107.7380
82.9976	1715.0000	367.8936	1728.0585	1126.2240
83.1500	1637.0000	368.5032	1726.5854	1065.4336
83.3024	1591.0000	369.1128	1725.0775	1039.8375
83.4548	1687.0000	368.8080	1723.6045	1091.0295
83.6072	1738.0000	369.1128	1722.1176	1125.5131
83.7596	1741.0000	367.2840	1720.6310	1130.8456
83.9120	1463.0000	371.2464	1719.1410	929.2770
84.0644	1414.0000	371.2464	1717.6515	943.4970
84.2168	1603.0000	367.5888	1716.1646	1064.7225
84.3692	1688.0000	366.6744	1714.6930	1094.2290
84.5216	1711.0000	366.6744	1713.2020	1121.6025
84.6740	1704.0000	366.3696	1711.6949	1102.0500
84.8264	1578.0000	366.6744	1710.2065	1019.5740
84.9788	1574.0000	366.3696	1708.7185	1033.4385
85.1312	1638.0000	365.4552	1707.2135	1076.4540
85.2836	1674.0000	364.5408	1705.7245	1080.7201
85.4360	1595.0000	367.8936	1704.2175	1038.4155
85.5884	1628.0000	368.1984	1702.7275	1045.8810
85.7408	1628.0000	368.1984	1701.2235	1062.2340
85.8932	1651.0000	367.5888	1699.7355	1064.3671
86.0456	1657.0000	367.8936	1698.2476	1072.8990
86.1980	1648.0000	368.1984	1696.7755	1070.4105
86.3504	1615.0000	370.6368	1695.2695	1017.7965
86.5028	1570.0000	370.9416	1693.7805	991.1340
86.6552	1606.0000	370.3320	1692.3094	1030.9501
86.8076	1672.0000	370.3320	1690.8220	1041.6150
86.9600	1662.0000	368.8080	1689.3495	1052.2800
87.1124	1624.0000	368.8080	1687.8610	1040.1930
87.2648	1583.0000	370.0272	1686.3719	1016.0190
87.4172	1593.0000	370.9416	1684.8835	1004.9985
87.5696	1626.0000	369.1128	1683.3960	1024.9065
87.7220	1619.0000	369.1128	1681.9415	1027.0396
87.8744	1577.0000	369.4176	1680.4351	1004.9985
88.0268	1539.0000	369.7224	1678.9470	996.1110
88.1792	1552.0000	369.4176	1677.4745	1003.9320
88.3316	1578.0000	369.1128	1675.9850	1010.3311
88.4840	1587.0000	367.8936	1674.4976	1015.6635
88.6364	1608.0000	367.5888	1673.0095	1006.4205
88.7888	1578.0000	367.8936	1671.5200	996.8220
88.9412	1557.0000	367.2840	1670.0485	981.5355
89.0936	1552.0000	366.0648	1668.5430	992.5560
89.2460	1566.0000	368.5032	1667.0360	989.7120
89.3984	1570.0000	369.1128	1665.5460	987.5790
89.5508	1557.0000	370.0272	1664.0580	991.1340
89.7032	1577.0000	370.6368	1662.5715	995.7556
89.8556	1565.0000	370.6368	1661.0840	986.8680
90.0080	1545.0000	370.3320	1659.6125	981.8911
90.1604	1591.0000	370.9416	1658.1235	984.0240
90.3128	1589.0000	370.6368	1656.6515	993.9780
90.4652	1566.0000	372.4656	1655.1775	953.8065
90.6176	1545.0000	371.8560	1653.6890	963.0496
90.7700	1582.0000	371.5512	1652.2180	989.0010
90.9224	1606.0000	370.0272	1650.7645	1009.9755
91.0748	1550.0000	370.9416	1649.2750	982.6021
91.2272	1506.0000	371.2464	1647.7855	945.6300
91.3796	1564.0000	370.0272	1646.3130	976.2031
91.5320	1551.0000	370.3320	1644.8395	974.0700
91.6844	1544.0000	370.6368	1643.3665	978.3361
91.8368	1510.0000	370.9416	1641.8795	974.4255
91.9892	1532.0000	370.0272	1640.3929	978.3361
92.1416	1548.0000	369.4176	1638.9025	985.8015
92.2940	1518.0000	369.1128	1637.4285	970.1595
92.4464	1493.0000	368.8080	1635.9415	952.7401
92.5988	1510.0000	368.1984	1634.4545	945.2745
92.7512	1508.0000	367.2840	1632.9666	970.8705
92.9036	1558.0000	367.2840	1631.4940	985.4460
93.0560	1585.0000	368.1984	1629.9880	993.6226
93.2084	1551.0000	369.1128	1628.4985	975.8475
93.3608	1482.0000	369.4176	1627.0085	923.2335
93.5132	1504.0000	370.0272	1625.5020	943.8525
93.6656	1534.0000	369.7224	1624.0300	963.7606
93.8180	1606.0000	370.3320	1622.5410	1001.7990
93.9704	1577.0000	370.6368	1621.0620	969.4485
94.1228	1507.0000	371.8560	1619.5975	942.4305
94.2752	1521.0000	372.1608	1618.1090	950.9625
94.4276	1543.0000	371.8560	1616.6219	974.0700
94.5800	1577.0000	370.6368	1615.1610	978.6915
94.7324	1549.0000	369.7224	1613.6801	966.9600
94.8848	1482.0000	371.2464	1612.1895	935.6760
95.0372	1539.0000	371.2464	1610.7170	947.0521
95.1896	1573.0000	370.3320	1609.2445	977.9805
95.3420	1548.0000	369.7224	1607.7729	976.2031
95.4944	1546.0000	370.0272	1606.3005	974.7810
95.6468	1521.0000	370.6368	1604.7950	975.4920
95.7992	1505.0000	370.9416	1603.3055	967.3156
95.9516	1469.0000	371.5512	1601.8340	925.0110
96.1040	1481.0000	369.4176	1600.3640	953.8065
96.2564	1525.0000	368.1984	1598.8929	971.9370
96.4088	1532.0000	367.8936	1597.3875	971.5815
96.5612	1502.0000	367.8936	1595.9146	957.3615
96.7136	1554.0000	367.8936	1594.4265	974.7810
96.8660	1543.0000	368.8080	1592.9220	966.2490
97.0184	1505.0000	370.6368	1591.4335	954.8730
97.1708	1513.0000	371.2464	1589.9460	949.5405
97.3232	1502.0000	370.9416	1588.4750	958.4280
97.4756	1499.0000	370.3320	1587.0031	949.5405
97.6280	1504.0000	370.6368	1585.5300	945.2745
97.7804	1520.0000	370.6368	1584.0400	953.0955
97.9328	1533.0000	371.5512	1582.5665	957.7170
98.0852	1573.0000	372.1608	1581.0785	967.3156
98.2376	1546.0000	372.7704	1579.5916	967.6710
98.3900	1550.0000	371.2464	1578.1215	948.1185
98.5424	1523.0000	370.9416	1576.6675	937.0980
98.6948	1513.0000	370.9416	1575.1805	941.3640
98.8472	1540.0000	370.9416	1573.7090	945.6300
98.9996	1546.0000	370.9416	1572.2355	950.6071
99.1520	1551.0000	370.0272	1570.7469	949.1851
99.3044	1541.0000	370.6368	1569.2590	948.1185
99.4568	1528.0000	370.6368	1567.7860	960.2055
99.6092	1544.0000	370.9416	1566.2955	952.0291
99.7616	1505.0000	370.3320	1564.8235	932.1210
99.9140	1479.0000	368.5032	1563.3540	931.7655
100.0664	1495.0000	368.5032	1561.8660	936.7426
100.2188	1480.0000	368.5032	1560.3760	933.8986
100.3712	1506.0000	368.1984	1558.9030	945.2745
100.5236	1524.0000	368.1984	1557.3979	948.8295
100.6760	1510.0000	368.5032	1555.9105	957.0060
100.8284	1479.0000	369.4176	1554.4225	929.9880
100.9808	1467.0000	370.0272	1552.9320	920.7451
101.1332	1478.0000	370.3320	1551.4585	928.5660
101.2856	1540.0000	370.6368	1549.9690	955.2285
101.4380	1530.0000	371.2464	1548.4800	939.5865
101.5904	1479.0000	371.8560	1547.0074	922.1671
101.7428	1487.0000	371.8560	1545.5345	903.3256
101.8952	1551.0000	370.9416	1544.0625	940.2975
102.0476	1591.0000	372.1608	1542.5754	975.8475
102.2000	1591.0000	370.6368	1541.1219	967.3156
102.3524	1388.0000	373.0752	1539.6320	859.2435
102.5048	1459.0000	371.8560	1538.1591	890.1721
102.6572	1564.0000	372.7704	1536.7045	949.8961
102.8096	1644.0000	354.7872	1535.2170	986.8680
102.9620	1606.0000	370.6368	1533.6770	936.7426
103.1144	1500.0000	370.9416	1532.2040	897.6375
103.2668	1494.0000	370.6368	1530.7170	917.5455
103.4192	1563.0000	370.9416	1529.2285	945.2745
103.5716	1539.0000	370.3320	1527.7560	929.6325
103.7240	1491.0000	369.1128	1526.2841	913.2795
103.8764	1506.0000	368.1984	1524.7950	921.8115
104.0288	1512.0000	367.8936	1523.3235	930.3435
104.1812	1504.0000	367.5888	1521.8350	934.2540
104.3336	1518.0000	367.8936	1520.3304	932.1210
104.4860	1465.0000	368.5032	1518.8416	909.0135
104.6384	1504.0000	370.6368	1517.3500	913.6350
104.7908	1501.0000	370.6368	1515.8600	907.5916
104.9432	1525.0000	370.6368	1514.3879	928.2105
105.0956	1538.0000	370.3320	1512.9000	933.8986
105.2480	1511.0000	370.9416	1511.4110	910.4355
105.4004	1504.0000	370.9416	1509.9399	910.7910
105.5528	1553.0000	371.8560	1508.4690	926.7885
105.7052	1531.0000	372.7704	1506.9976	931.0545
105.8576	1527.0000	373.3800	1505.5070	911.1465
106.0100	1458.0000	373.6848	1504.0341	878.4406
106.1624	1539.0000	370.9416	1502.5630	913.6350
106.3148	1610.0000	370.6368	1501.1105	953.4510
106.4672	1539.0000	372.1608	1499.6230	927.8550
106.6196	1466.0000	374.2944	1498.1320	893.0161
106.7720	1502.0000	370.9416	1496.6920	881.2845
106.9244	1533.0000	370.6368	1495.2040	920.0341
107.0768	1577.0000	370.9416	1493.7159	944.5635
107.2292	1497.0000	371.8560	1492.2435	915.4125
107.3816	1474.0000	372.1608	1490.7729	894.0825
107.5340	1501.0000	368.1984	1489.3040	910.7910
107.6864	1538.0000	368.5032	1487.8145	929.9880
107.8388	1481.0000	366.6744	1486.3245	902.2590
107.9912	1463.0000	370.6368	1484.8365	872.3970
108.1436	1501.0000	402.3360	1483.3490	900.1260
108.2960	1567.0000	368.1984	1481.8625	927.1440
108.4484	1560.0000	369.7224	1480.3740	928.2105
108.6008	1533.0000	369.7224	1478.8850	918.2565
108.7532	1479.0000	371.5512	1477.3960	884.8395
108.9056	1467.0000	371.2464	1475.9240	885.5505
109.0580	1498.0000	370.6368	1474.4530	897.2820
109.2104	1553.0000	370.6368	1472.9640	918.6121
109.3628	1513.0000	370.9416	1471.5085	917.5455
109.5152	1495.0000	370.9416	1470.0186	899.4150
109.6676	1500.0000	374.2944	1468.5450	887.6835
109.8200	1563.0000	364.8456	1467.0745	912.9240
109.9724	1583.0000	363.9312	1465.5699	933.1876
110.1248	1511.0000	361.7976	1464.0725	899.7705
110.2772	1485.0000	361.1880	1462.5555	888.7501
110.4296	1557.0000	361.1880	1461.0496	907.9470
110.5820	1565.0000	357.8352	1459.5450	920.0341
110.7344	1533.0000	351.7392	1458.0070	907.5916
110.8868	1521.0000	345.3384	1456.4351	893.7271
111.0392	1546.0000	338.0232	1454.8615	902.2590
111.1916	1596.0000	330.4032	1453.2375	927.1440
111.3440	1567.0000	329.4888	1451.5825	918.9675
111.4964	1488.0000	328.8792	1449.9255	888.3945
111.6488	1511.0000	325.5264	1448.2524	890.1721
111.8012	1608.0000	258.1656	1446.5990	962.3386
111.9536	1557.0000	247.4976	1444.5250	938.8755
112.1060	1403.0000	248.7168	1442.3304	840.7575
112.2584	1534.0000	201.4728	1440.1095	913.2795
112.4108	1556.0000	264.5664	1414.1169	928.5660
112.5632	1409.0000	270.3576	1412.0245	866.7090
112.7156	1463.0000	271.5768	1409.9965	883.4175
112.8680	1569.0000	266.7000	1407.9760	951.3181
113.0204	1508.0000	265.7856	1405.9034	910.7910
113.1728	1439.0000	281.0256	1403.8571	864.9315
113.3252	1517.0000	280.4160	1401.9020	900.4815
113.4776	1572.0000	277.9776	1399.9655	932.8320
113.6300	1523.0000	277.0632	1397.9890	900.4815
113.7824	1484.0000	274.0152	1396.0135	886.6170
113.9348	1541.0000	273.1008	1394.0265	913.2795
114.0872	1513.0000	273.7104	1392.0031	895.5045
114.2396	1528.0000	273.1008	1390.0120	904.7476
114.3920	1554.0000	273.1008	1388.0050	919.3231
114.5444	1501.0000	274.0152	1385.9980	893.3715
114.6968	1449.0000	273.7104	1383.9935	879.1516
114.8492	1533.0000	273.4056	1382.0010	921.1005
115.0016	1517.0000	273.4056	1379.9775	899.4150
115.1540	1432.0000	274.3200	1377.9860	865.2870
115.3064	1546.0000	271.8816	1375.9790	914.7015
115.4588	1558.0000	271.5768	1373.9575	913.2795
115.6112	1436.0000	272.1864	1371.9504	869.5530
115.7636	1493.0000	271.5768	1369.9440	893.0161
115.9160	1530.0000	270.9672	1367.9220	909.3690
116.0684	1501.0000	271.2720	1365.8990	904.3920
116.2208	1482.0000	273.1008	1363.8750	889.1055
116.3732	1473.0000	272.7960	1361.8695	890.1721
116.5256	1482.0000	272.7960	1359.8610	891.2385
116.6780	1472.0000	273.7104	1357.8500	884.8395
116.8304	1492.0000	273.1008	1355.8430	901.1925
116.9828	1514.0000	272.7960	1353.8550	902.2590
117.1352	1507.0000	273.4056	1351.8285	888.7501
117.2876	1492.0000	274.0152	1349.8345	886.9725
117.4400	1492.0000	273.7104	1347.8105	876.6630
117.5924	1493.0000	269.1384	1345.8240	890.1721
117.7448	1535.0000	268.5288	1343.7980	921.8115
117.8972	1486.0000	269.7480	1341.7540	889.4611
118.0496	1449.0000	270.3576	1339.7120	861.3765
118.2020	1461.0000	270.3576	1337.6730	885.1950
118.3544	1538.0000	268.5288	1335.6525	938.1646
118.5068	1475.0000	267.0048	1333.5935	911.1465
118.6592	1377.0000	271.8816	1331.5480	829.0260
118.8116	1485.0000	269.7480	1329.5430	905.4586
118.9640	1548.0000	267.6144	1327.5050	927.8550
119.1164	1442.0000	268.2240	1325.4445	864.2205
119.2688	1435.0000	268.2240	1323.4170	847.8676
119.4212	1506.0000	267.3096	1321.3615	905.1030
119.5736	1511.0000	267.0048	1319.3390	906.8806
119.7260	1455.0000	268.2240	1317.2615	875.9520
119.8784	1475.0000	268.5288	1315.2200	885.9060
120.0308	1492.0000	267.9192	1313.1639	909.3690
120.1832	1482.0000	268.5288	1311.1410	909.0135
120.3356	1478.0000	269.7480	1309.0820	881.6400
120.4880	1479.0000	269.4432	1307.0590	886.6170
120.6404	1508.0000	269.1384	1305.0220	905.8140
120.7928	1515.0000	269.7480	1302.9814	902.9700
120.9452	1480.0000	269.7480	1300.9570	890.8831
121.0976	1500.0000	268.8336	1298.9160	891.2385
121.2500	1517.0000	268.2240	1296.8920	913.6350
121.4024	1481.0000	268.5288	1294.8335	892.6605
121.5548	1525.0000	268.2240	1292.8090	912.2130
121.7072	1449.0000	270.0528	1290.7524	875.9520
121.8596	1450.0000	269.1384	1288.7125	888.3945
122.0120	1520.0000	268.8336	1286.7040	923.9445
122.1644	1465.0000	269.1384	1284.6470	897.2820
122.3168	1459.0000	269.4432	1282.6080	892.6605
122.4692	1466.0000	270.0528	1280.5665	910.4355
122.6216	1462.0000	270.0528	1278.5410	895.8600
122.7740	1433.0000	268.8336	1276.5010	884.4840
122.9264	1463.0000	267.3096	1274.4785	896.2155
123.0788	1455.0000	267.0048	1272.4385	910.0800
123.2312	1501.0000	267.3096	1270.3800	920.0341
123.3836	1422.0000	268.5288	1268.3361	876.6630
123.5360	1433.0000	268.8336	1266.2784	887.3280
123.6884	1474.0000	268.5288	1264.2410	918.6121
123.8408	1473.0000	269.1384	1262.1851	901.1925
123.9932	1436.0000	270.0528	1260.1425	887.3280
124.1456	1471.0000	269.1384	1258.1180	890.8831
124.2980	1479.0000	269.4432	1256.0955	912.9240
124.4504	1493.0000	270.6624	1254.0540	922.8781
124.6028	1455.0000	271.2720	1252.0125	883.4175
124.7552	1429.0000	271.2720	1249.9865	873.8190
124.9076	1507.0000	269.4432	1247.9640	904.0366
125.0600	1532.0000	268.8336	1245.9590	917.5455
125.2124	1463.0000	268.8336	1243.9000	869.9085
125.3648	1451.0000	270.0528	1241.8750	849.2896
125.5172	1530.0000	269.7480	1239.8370	902.6145
125.6696	1482.0000	270.0528	1237.7980	873.8190
125.8220	1430.0000	269.4432	1235.7720	856.0440
125.9744	1510.0000	269.4432	1233.7635	902.2590
126.1268	1494.0000	270.0528	1231.7050	890.1721
126.2792	1467.0000	269.4432	1229.6815	879.8625
126.4316	1465.0000	269.1384	1227.6425	885.5505
126.5840	1430.0000	269.7480	1225.5995	862.0875
126.7364	1422.0000	269.4432	1223.5735	865.9980
126.8888	1472.0000	268.8336	1221.5345	895.1490
127.0412	1453.0000	268.5288	1219.5120	890.5275
127.1936	1416.0000	268.2240	1217.4716	872.3970
127.3460	1413.0000	269.1384	1215.4130	858.5325
127.4984	1456.0000	269.7480	1213.3715	857.4660
127.6508	1479.0000	269.1384	1211.3490	889.1055
127.8032	1520.0000	270.3576	1209.3090	908.3026
127.9556	1435.0000	271.5768	1207.2815	869.1975
128.1080	1412.0000	270.9672	1205.2410	840.7575
128.2604	1488.0000	269.7480	1203.2185	880.2180
128.4128	1537.0000	270.3576	1201.2111	908.3026
128.5652	1468.0000	271.8816	1199.1534	870.6195
128.7176	1448.0000	272.7960	1197.1300	845.3790
128.8700	1479.0000	268.8336	1195.1260	883.0620
129.0224	1523.0000	269.4432	1193.0995	897.6375
129.1748	1479.0000	270.3576	1191.0570	869.1975
129.3272	1468.0000	270.3576	1189.0334	869.1975
129.4796	1519.0000	270.3576	1186.9950	893.0161
129.6320	1465.0000	270.3576	1184.9680	863.8651
129.7844	1476.0000	270.6624	1182.9430	875.5966
129.9368	1465.0000	270.3576	1180.9050	870.6195
130.0892	1500.0000	268.8336	1178.8820	896.2155
130.2416	1512.0000	268.2240	1176.8416	904.0366
130.3940	1436.0000	268.2240	1174.8149	849.6450
130.5464	1438.0000	268.2240	1172.7574	862.4431
130.6988	1520.0000	268.2240	1170.7350	921.1005
130.8512	1461.0000	268.8336	1168.6785	875.2410
131.0036	1429.0000	268.5288	1166.6219	853.5555
131.1560	1488.0000	268.2240	1164.5970	883.0620
131.3084	1528.0000	268.8336	1162.5380	899.4150
131.4608	1512.0000	270.0528	1160.5150	887.3280
131.6132	1485.0000	270.6624	1158.4600	881.6400
131.7656	1413.0000	270.0528	1156.4540	855.3330
131.9180	1505.0000	270.3576	1154.4294	888.3945
132.0704	1502.0000	270.6624	1152.3879	877.0186
132.2228	1486.0000	270.3576	1150.3630	894.7935
132.3752	1506.0000	270.9672	1148.3240	899.0595
132.5276	1498.0000	269.7480	1146.3180	883.4175
132.6800	1439.0000	269.1384	1144.2770	864.9315
132.8324	1458.0000	269.4432	1142.2500	867.4200
132.9848	1539.0000	269.1384	1140.2095	903.3256
133.1372	1570.0000	267.9192	1138.1880	926.7885
133.2896	1471.0000	270.6624	1136.1285	880.9290
133.4420	1380.0000	270.9672	1134.1010	835.7805
133.5944	1514.0000	269.4432	1132.0775	894.0825
133.7468	1514.0000	269.7480	1130.0370	914.3460
133.8992	1499.0000	270.0528	1127.9940	894.7935
134.0516	1481.0000	270.3576	1125.9865	883.0620
134.2040	1420.0000	269.4432	1123.9465	848.5786
134.3564	1494.0000	268.2240	1121.9210	898.3485
134.5088	1549.0000	267.9192	1119.8805	919.3231
134.6612	1461.0000	268.2240	1117.8245	867.4200
134.8136	1474.0000	268.5288	1115.7830	869.1975
134.9660	1560.0000	268.5288	1113.7430	932.1210
135.1184	1514.0000	269.4432	1111.7010	892.3051
135.2708	1428.0000	271.5768	1109.6420	847.5120
135.4232	1482.0000	270.0528	1107.6530	901.5480
135.5756	1527.0000	270.0528	1105.6140	925.0110
135.7280	1513.0000	270.3576	1103.5895	877.7296
135.8804	1410.0000	271.5768	1101.5649	853.2000
136.0328	1537.0000	271.2720	1099.5410	891.5941
136.1852	1561.0000	270.6624	1097.5195	940.2975
136.3376	1456.0000	271.2720	1095.4935	869.1975
136.4900	1465.0000	270.6624	1093.4680	870.6195
136.6424	1530.0000	268.2240	1091.4465	913.2795
136.7948	1492.0000	270.3576	1089.4075	897.9930
136.9472	1500.0000	270.6624	1087.3685	885.1950
137.0996	1452.0000	270.0528	1085.3280	880.9290
137.2520	1513.0000	270.0528	1083.3005	885.5505
137.4044	1535.0000	270.3576	1081.2765	910.7910
137.5568	1495.0000	270.6624	1079.2371	888.0390
137.7092	1501.0000	270.6624	1077.2260	884.1285
137.8616	1498.0000	270.0528	1075.1820	877.7296
138.0140	1498.0000	268.8336	1073.1775	898.3485
138.1664	1500.0000	268.5288	1071.1240	890.1721
138.3188	1510.0000	268.5288	1069.0830	911.5020
138.4712	1524.0000	267.9192	1067.0425	893.0161
138.6236	1467.0000	269.4432	1065.0000	865.9980
138.7760	1508.0000	283.7688	1062.9561	888.7501
138.9284	1531.0000	269.4432	1060.9330	907.9470
139.0808	1552.0000	269.4432	1058.9115	904.0366
139.2332	1378.0000	272.1864	1056.8500	841.1130
139.3856	1559.0000	270.0528	1054.8571	884.4840
139.5380	1590.0000	269.1384	1052.8370	936.0316
139.6904	1487.0000	268.8336	1050.7784	868.4865
139.8428	1482.0000	270.9672	1048.7520	868.1310
139.9952	1577.0000	270.6624	1046.7455	921.4561
140.1476	1487.0000	270.0528	1044.7235	869.1975
140.3000	1501.0000	270.0528	1042.6980	885.5505
140.4524	1546.0000	269.4432	1040.6580	924.6555
140.6048	1502.0000	271.5768	1038.6195	868.4865
140.7572	1449.0000	269.7480	1036.6125	865.6425
140.9096	1530.0000	268.8336	1034.5895	925.7220
141.0620	1564.0000	269.1384	1032.5480	923.9445
141.2144	1442.0000	271.8816	1030.5055	849.2896
141.3668	1504.0000	271.8816	1028.4814	895.8600
141.5192	1563.0000	270.0528	1026.4775	929.6325
141.6716	1463.0000	269.7480	1024.4365	862.7985
141.8240	1469.0000	269.1384	1022.4260	862.0875
141.9764	1543.0000	267.0048	1020.3865	921.1005
142.1288	1545.0000	267.9192	1018.3295	914.3460
142.2812	1517.0000	269.7480	1016.2690	874.5300
142.4336	1469.0000	269.4432	1014.2450	861.3765
142.5860	1543.0000	268.8336	1012.2065	895.5045
142.7384	1598.0000	270.0528	1010.1635	907.5916
142.8908	1512.0000	270.6624	1008.1225	880.9290
143.0432	1553.0000	269.7480	1006.1005	887.3280
143.1956	1559.0000	270.0528	1004.0760	908.6580
143.3480	1539.0000	270.3576	1002.0175	894.4380
143.5004	1556.0000	271.2720	1000.0115	901.1925
143.6528	1507.0000	271.8816	997.9710	877.7296
143.8052	1512.0000	271.5768	995.9635	890.1721
143.9576	1576.0000	270.0528	993.9385	918.9675
144.1100	1472.0000	274.9296	991.9110	865.6425
144.2624	1506.0000	276.4536	989.9035	876.6630
144.4148	1633.0000	310.5912	987.9310	954.5175
144.5672	1556.0000	244.4496	986.1745	897.2820
144.7196	1450.0000	149.0472	984.0490	854.6220
144.8720	1528.0000	126.7968	980.3170	888.3945
145.0244	1126.0000	283.7688	788.0000	824.7600
145.1768	1510.0000	273.4056	786.0455	904.7476
145.3292	1495.0000	273.4056	784.0175	890.8831
145.4816	1489.0000	273.7104	782.0260	886.9725
145.6340	1577.0000	272.1864	780.0225	913.2795
145.7864	1514.0000	273.1008	778.0165	895.1490
145.9388	1469.0000	273.1008	776.0110	902.2590
146.0912	1277.0000	277.6728	773.9870	877.7296
146.2436	1507.0000	273.7104	772.0310	881.6400
146.3960	1573.0000	271.8816	770.0075	887.3280
146.5484	1550.0000	273.1008	768.0145	907.5916
146.7008	1446.0000	275.2344	765.9895	864.9315
146.8532	1619.0000	274.3200	764.0155	931.0545
147.0056	1682.0000	271.2720	762.0265	942.4305
147.1580	1279.0000	278.2824	760.0205	861.0211
147.3104	1135.0000	279.8064	758.0310	797.0310
147.4628	1505.0000	274.9296	756.0735	884.1285
147.6152	1571.0000	274.3200	754.0815	906.8806
147.7676	1476.0000	274.0152	752.0560	884.8395
147.9200	1596.0000	272.1864	750.0795	922.1671
148.0724	1711.0000	270.6624	748.0700	994.6890
148.2248	1439.0000	276.4536	746.0800	1010.3311
148.3772	1156.0000	285.2928	744.0865	983.6685
148.5296	1380.0000	279.5016	742.1445	793.8315
148.6820	1504.0000	274.0152	740.1405	846.0900
148.8344	1421.0000	278.2824	738.1345	868.4865
148.9868	1171.0000	284.0736	736.1270	854.9775
149.1392	1515.0000	270.9672	734.2030	933.5430
149.2916	1305.0000	276.1488	732.1755	918.9675
149.4440	1324.0000	273.1008	730.1980	876.3076
149.5964	1371.0000	273.7104	728.2105	803.7855
149.7488	1498.0000	265.1760	726.2040	815.5170
149.9012	1482.0000	270.6624	724.1595	951.3181
150.0536	1258.0000	277.9776	722.1690	955.2285
150.2060	1514.0000	272.7960	720.2140	944.9190
150.3584	1584.0000	272.4912	718.2250	920.7451
150.5108	1559.0000	273.1008	716.2180	900.8370
150.6632	1604.0000	274.0152	714.2095	913.9905
150.8156	1308.0000	280.1112	712.2000	926.4330
150.9680	1202.0000	286.8168	710.2090	843.2460
151.1204	1579.0000	274.0152	708.2870	927.1440
151.2728	1703.0000	272.1864	706.2970	981.1801
151.4252	1285.0000	277.6728	704.2565	887.3280
151.5776	1231.0000	274.9296	702.2840	832.9365
151.7300	1475.0000	270.6624	700.3130	850.3560
151.8824	1637.0000	267.3096	698.3225	868.8420
152.0348	1432.0000	278.5872	696.2945	950.9625
152.1872	1298.0000	280.4160	694.3190	949.5405
152.3396	1430.0000	277.9776	692.3640	906.1696
152.4920	1519.0000	274.9296	690.3775	847.5120
152.6444	1479.0000	272.4912	688.3710	868.1310
152.7968	1262.0000	280.1112	686.3450	917.9011
152.9492	1428.0000	275.2344	684.4045	876.3076
153.1016	1540.0000	272.1864	682.4135	899.4150
153.2540	1504.0000	271.2720	680.4055	892.3051
153.4064	1604.0000	270.6624	678.3805	929.9880
153.5588	1452.0000	272.4912	676.3730	877.3740
153.7112	1304.0000	276.4536	674.3515	936.0316
153.8636	1507.0000	273.4056	672.3785	922.8781
154.0160	1577.0000	273.7104	670.3875	900.4815
154.1684	1541.0000	274.9296	668.3805	879.8625
154.3208	1533.0000	273.7104	666.3905	893.3715
154.4732	1598.0000	273.7104	664.3850	930.3435
154.6256	1466.0000	273.7104	662.3790	894.7935
154.7780	1258.0000	280.1112	660.3855	918.9675
154.9304	1536.0000	274.6248	658.4430	915.4125
155.0828	1606.0000	272.1864	656.4545	918.6121
155.2352	1608.0000	271.8816	654.4470	930.6990
155.3876	1492.0000	274.6248	652.4215	888.3945
155.5400	1255.0000	279.5016	650.4145	866.3535
155.6924	1572.0000	274.9296	648.4585	917.9011
155.8448	1450.0000	276.1488	646.4360	883.7730
155.9972	1408.0000	274.6248	644.4610	865.2870
156.1496	1566.0000	273.1008	642.4665	881.2845
156.3020	1486.0000	275.2344	640.4550	862.4431
156.4544	1527.0000	272.4912	638.4680	876.3076
156.6068	1682.0000	267.9192	636.4630	1009.9755
156.7592	1356.0000	275.2344	634.4355	899.0595
156.9116	1171.0000	277.9776	632.4430	846.8010
157.0640	1335.0000	273.7104	630.4715	898.7040
157.2164	1620.0000	270.0528	628.4800	972.6480
157.3688	1707.0000	271.5768	626.4885	1001.7990
157.5212	1815.0000	267.9192	624.4645	1089.9630
157.6736	1317.0000	277.6728	622.4220	931.0545
157.8260	1075.0000	284.9880	620.4315	865.9980
157.9784	1628.0000	272.7960	618.4930	950.2515
158.1308	1672.0000	272.7960	616.4860	913.9905
158.2832	1636.0000	274.3200	614.4770	921.1005
158.4356	1394.0000	277.6728	612.4540	900.4815
158.5880	1295.0000	277.9776	610.4790	906.1696
158.7404	1337.0000	279.8064	608.5045	891.9495
158.8928	1571.0000	272.1864	606.5485	909.0135
159.0452	1558.0000	273.4056	604.5270	902.2590
159.1976	1500.0000	274.3200	602.5010	894.0825
159.3500	1510.0000	272.1864	600.5100	863.1541
159.5024	1644.0000	270.3576	598.5050	975.1365
159.6548	1422.0000	276.1488	596.4830	899.7705
159.8072	1491.0000	274.3200	594.5085	892.3051
159.9596	1544.0000	272.1864	592.5015	904.0366
160.1120	1404.0000	278.2824	590.5280	992.9116
160.2644	1585.0000	274.3200	588.5530	953.0955
160.4168	1637.0000	271.8816	586.5800	960.2055
160.5692	1612.0000	270.3576	584.5390	892.3051
160.7216	1324.0000	274.6248	582.5150	883.7730
160.8740	1378.0000	274.0152	580.5090	933.8986
161.0264	1323.0000	275.2344	578.5200	959.8500
161.1788	1587.0000	272.1864	576.5280	932.4766
161.3312	1598.0000	272.7960	574.5015	904.0366
161.4836	1526.0000	274.6248	572.5130	886.6170
161.6360	1537.0000	274.0152	570.4930	909.3690
161.7884	1543.0000	270.6624	568.4685	880.9290
161.9408	1187.0000	276.4536	566.4275	844.3125
162.0932	1097.0000	283.4640	564.4375	827.2485
162.2456	1557.0000	272.1864	562.4985	939.2310
162.3980	1655.0000	271.5768	560.4925	958.4280
162.5504	1397.0000	277.0632	558.4665	900.1260
162.7028	1191.0000	282.2448	556.4720	867.4200
162.8552	1577.0000	272.7960	554.5170	939.5865
163.0076	1605.0000	272.1864	552.5115	930.6990
163.1600	1639.0000	314.8584	550.5020	933.5430
163.3124	1440.0000	275.5392	548.4945	882.3510
163.4648	1330.0000	277.9776	546.5040	933.8986
163.6172	1476.0000	273.7104	544.5465	942.7860
163.7696	1651.0000	274.3200	542.5570	951.6735
163.9220	1671.0000	270.0528	540.5840	948.1185
164.0744	1446.0000	275.2344	538.5410	993.9780
164.2268	1472.0000	272.1864	536.5665	869.5530
164.3792	1648.0000	265.7856	534.5795	931.4100
164.5316	1381.0000	273.4056	532.5525	877.7296
164.6840	1220.0000	277.6728	530.5280	860.3101
164.8364	1561.0000	271.2720	528.5585	888.0390
164.9888	1579.0000	271.2720	526.5340	907.5916
165.1412	1311.0000	279.1968	524.5080	913.2795
165.2936	1579.0000	273.4056	522.5505	927.8550
165.4460	1663.0000	272.7960	520.5280	943.8525
165.5984	1518.0000	274.0152	518.5355	898.3485
165.7508	1565.0000	272.7960	516.5265	902.6145
165.9032	1626.0000	272.1864	514.5375	948.8295
166.0556	1476.0000	273.4056	512.5115	909.7245
166.2080	1296.0000	278.5872	510.5030	906.1696
166.3604	1451.0000	273.1008	508.5460	918.6121
166.5128	1535.0000	271.2720	506.5710	908.3026
166.6652	1589.0000	272.4912	504.5450	905.8140
166.8176	1615.0000	271.5768	502.5405	948.8295
166.9700	1796.0000	266.7000	500.5535	1024.5510
167.1224	1268.0000	277.6728	498.4925	897.2820
167.2748	1134.0000	283.7688	496.5160	821.9160
167.4272	1530.0000	274.3200	494.5575	886.9725
167.5796	1510.0000	274.0152	492.5540	882.3510
167.7320	1512.0000	271.5768	490.5655	862.0875
167.8844	1642.0000	269.1384	488.5740	938.5200
168.0368	1408.0000	275.5392	486.5145	898.3485
168.1892	1218.0000	281.0256	484.5080	857.8215
168.3416	1610.0000	270.3576	482.5495	944.5635
168.4940	1615.0000	271.2720	480.5415	942.0750
168.6464	1458.0000	274.0152	478.5010	901.1925
168.7988	1220.0000	281.6352	476.4740	843.9570
168.9512	1432.0000	274.6248	474.4995	830.4481
169.1036	1560.0000	271.5768	472.4950	888.7501
169.2560	1531.0000	272.4912	470.4715	909.3690
169.4084	1318.0000	278.8920	468.4630	903.6810
169.5608	1639.0000	272.4912	466.5245	968.7375
169.7132	1859.0000	267.0048	464.5345	1076.4540
169.8656	1479.0000	276.1488	462.5080	1014.5970
170.0180	1641.0000	273.7104	460.5495	953.0955
170.1704	1761.0000	267.6144	458.5585	1003.2210
170.3228	1401.0000	277.6728	456.5150	995.4000
170.4752	1434.0000	274.6248	454.5405	835.0695
170.6276	1531.0000	271.2720	452.5350	863.5095
170.7800	1489.0000	270.9672	450.5090	882.7065
170.9324	1263.0000	277.0632	448.4825	902.2590
171.0848	1283.0000	275.5392	446.5250	862.0875
171.2372	1507.0000	273.7104	444.5375	881.2845
171.3896	1520.0000	273.4056	442.5465	918.9675
171.5420	1492.0000	273.7104	440.5200	889.1055
171.6944	1599.0000	272.4912	438.5315	931.4100
171.8468	1652.0000	270.3576	436.5270	939.5865
171.9992	1330.0000	275.5392	434.4860	882.7065
172.1516	1262.0000	276.4536	432.4940	856.3995
172.3040	1583.0000	270.0528	430.5030	922.1671
172.4564	1384.0000	274.0152	428.4630	858.1770
172.6088	1625.0000	271.2720	426.4730	973.0035
172.7612	1796.0000	266.3952	424.4650	1034.8606
172.9136	1234.0000	277.9776	422.4225	849.2896
173.0660	1171.0000	281.6352	420.4315	842.5350
173.2184	1585.0000	272.7960	418.4740	907.2360
173.3708	1600.0000	272.7960	416.4500	925.3665
173.5232	1537.0000	273.7104	414.4590	902.9700
173.6756	1559.0000	274.9296	412.4500	913.6350
173.8280	1585.0000	273.4056	410.4620	928.2105
173.9804	1544.0000	273.4056	408.4735	906.8806
174.1328	1423.0000	275.2344	406.4470	897.2820
174.2852	1295.0000	278.8920	404.4215	899.4150
174.4376	1563.0000	272.7960	402.4495	921.1005
174.5900	1564.0000	272.7960	400.4415	904.0366
174.7424	1554.0000	273.4056	398.4350	904.3920
174.8948	1540.0000	272.7960	396.4470	925.7220
175.0472	1365.0000	277.6728	394.4210	938.8755
175.1996	1564.0000	272.7960	392.4615	937.4536
175.3520	1624.0000	273.1008	390.4715	952.0291
175.5044	1641.0000	269.7480	388.4655	937.0980
175.6568	1330.0000	275.8440	386.4060	933.5430
175.8092	1176.0000	281.6352	384.4310	816.9390
175.9616	1546.0000	270.9672	382.4405	895.8600
176.1140	1586.0000	270.3576	380.4190	903.3256
176.2664	1599.0000	270.0528	378.3960	921.4561
176.4188	1530.0000	269.1384	376.3535	922.8781
176.5712	1441.0000	273.4056	374.3440	988.2900
176.7236	1419.0000	282.2448	372.3695	989.3565
176.8760	1613.0000	272.7960	370.4140	953.0955
177.0284	1685.0000	272.1864	368.4090	976.9141
177.1808	1670.0000	270.3576	366.3835	896.5710
177.3332	1284.0000	277.6728	364.3585	898.7040
177.4856	1378.0000	277.3680	362.3870	912.2130
177.6380	1345.0000	276.1488	360.4275	911.1465
177.7904	1596.0000	272.1864	358.4530	929.6325
177.9428	1610.0000	272.4912	356.4465	923.9445
178.0952	1554.0000	272.4912	354.4235	900.8370
178.2476	1559.0000	273.1008	352.4170	907.9470
178.4000	1389.0000	276.4536	350.3930	911.1465
178.5524	1278.0000	278.2824	348.3870	893.0161
178.7048	1574.0000	273.7104	346.4465	926.4330
178.8572	1566.0000	273.4056	344.4240	926.0775
179.0096	1595.0000	273.1008	342.4325	911.5020
179.1620	1544.0000	272.1864	340.4075	907.9470
179.3144	1517.0000	272.4912	338.4025	911.1465
179.4668	1427.0000	273.1008	336.3775	918.9675
179.6192	1280.0000	272.4912	334.3850	863.5095
179.7716	1514.0000	270.6624	332.3765	872.7525
179.9240	1704.0000	267.6144	330.3525	976.9141
180.0764	1518.0000	274.9296	328.3305	916.4790
180.2288	1369.0000	276.7584	326.3245	905.4586
180.3812	1366.0000	278.2824	324.3470	930.6990
180.5336	1606.0000	272.4912	322.3715	948.1185
180.6860	1659.0000	272.1864	320.3830	957.7170
180.8384	1691.0000	270.6624	318.3585	933.8986
180.9908	1390.0000	276.7584	316.3360	901.1925
181.1432	1460.0000	276.7584	314.3635	925.0110
181.2956	1404.0000	281.9400	312.3715	966.6046
181.4480	1596.0000	271.5768	310.4285	962.6940
181.6004	1639.0000	272.4912	308.4200	936.3870
181.7528	1648.0000	270.0528	306.3970	912.2130
181.9052	1301.0000	276.7584	304.3580	913.6350
182.0576	1361.0000	275.8440	302.4010	884.4840
182.2100	1558.0000	274.0152	300.4075	905.1030
182.3624	1530.0000	274.0152	298.4200	885.1950
182.5148	1515.0000	273.1008	296.4000	886.9725
182.6672	1597.0000	270.9672	294.3915	980.8245
182.8196	1473.0000	273.7104	292.3820	892.3051
182.9720	1302.0000	274.6248	290.3875	931.0545
183.1244	1566.0000	272.7960	288.4105	986.5125
183.2768	1672.0000	270.6624	286.4220	985.0905
183.4292	1703.0000	266.7000	284.3975	1005.7095
183.5816	1250.0000	274.9296	282.3560	900.8370
183.7340	1360.0000	272.1864	280.3670	889.4611
183.8864	1585.0000	272.4912	278.3765	917.9011
184.0388	1605.0000	271.8816	276.3690	927.1440
184.1912	1704.0000	270.9672	274.3475	957.3615
184.3436	1441.0000	276.1488	272.3395	861.7321
184.4960	1200.0000	280.1112	270.3135	848.9340
184.6484	1632.0000	272.1864	268.3585	943.8525
184.8008	1710.0000	270.0528	266.3515	941.7195
184.9532	1447.0000	279.5016	264.3415	953.0955
185.1056	1578.0000	272.1864	262.3680	900.1260
185.2580	1711.0000	268.2240	260.3615	922.5225
185.4104	1462.0000	273.7104	258.3540	863.5095
185.5628	1255.0000	279.8064	256.3295	830.4481
185.7152	1571.0000	273.1008	254.3725	890.8831
185.8676	1520.0000	275.8440	252.3470	902.2590
186.0200	1340.0000	279.5016	250.3340	938.5200
186.1724	1518.0000	273.7104	248.3700	929.6325
186.3248	1586.0000	272.4912	246.3775	947.7631
186.4772	1629.0000	271.8816	244.3870	958.7835
186.6296	1733.0000	268.8336	242.3810	985.8015
186.7820	1319.0000	274.9296	240.3575	901.1925
186.9344	1249.0000	277.6728	238.3505	881.6400
187.0868	1571.0000	270.0528	236.3750	932.1210
187.2392	1408.0000	274.3200	234.3330	881.2845
187.3916	1452.0000	274.0152	232.3290	843.9570
187.5440	1507.0000	270.9672	230.3245	872.0415
187.6964	1525.0000	269.4432	228.2845	886.2615
187.8488	1223.0000	277.3680	226.2725	875.9520
188.0012	1284.0000	274.0152	224.2830	907.9470
188.1536	1630.0000	271.8816	222.3280	916.8345
188.3060	1702.0000	270.0528	220.3035	950.6071
188.4584	1524.0000	276.7584	218.2940	891.9495
188.6108	1391.0000	274.3200	216.3040	881.9955
188.7632	1628.0000	273.1008	214.3170	931.7655
188.9156	1582.0000	272.4912	212.3265	917.5455
189.0680	1649.0000	271.2720	210.3185	932.1210
189.2204	1329.0000	277.3680	208.3130	907.9470
189.3728	1176.0000	280.7208	206.3070	830.4481
189.5252	1577.0000	273.7104	204.3315	910.4355
189.6776	1662.0000	272.4912	202.3415	947.0521
189.8300	1518.0000	274.3200	200.3165	869.9085
189.9824	1513.0000	274.6248	198.3285	865.9980
190.1348	1536.0000	272.7960	196.3050	897.2820
190.2872	1198.0000	277.3680	194.2950	849.2896
190.4396	1060.0000	279.5016	192.3000	807.6960
190.5920	1571.0000	272.1864	190.3790	921.1005
190.7444	1633.0000	270.0528	188.3590	925.7220
190.8968	1629.0000	268.2240	186.3180	926.7885
191.0492	1449.0000	275.8440	184.2905	870.9750
191.2016	1211.0000	276.4536	182.2855	842.8905
191.3540	1095.0000	277.6728	180.2955	800.2305
191.5064	1583.0000	271.5768	178.3365	891.9495
191.6588	1782.0000	266.7000	176.3465	1026.3285
191.8112	1306.0000	279.5016	174.3040	870.2640
191.9636	1092.0000	288.0360	172.3275	825.8265
192.1160	1517.0000	275.2344	170.3690	885.9060
192.2684	1730.0000	268.5288	168.3805	965.5380
192.4208	1265.0000	279.5016	166.3545	817.2946
192.5732	1182.0000	285.2928	164.3960	807.3405
192.7256	1720.0000	270.3576	162.4395	1011.7531
192.8780	1521.0000	274.0152	160.4295	856.3995
193.0304	1476.0000	274.3200	158.4210	926.4330
193.1828	1668.0000	271.8816	156.4345	976.2031
193.3352	1577.0000	272.4912	154.3945	881.9955
193.4876	1332.0000	277.9776	152.3690	805.2075
193.6400	1269.0000	282.2448	150.4120	892.6605
193.7924	1711.0000	270.6624	148.4395	1040.1930
193.9448	1515.0000	274.3200	146.4285	843.2460
194.0972	1532.0000	274.9296	144.4355	919.6785
194.2496	1507.0000	272.7960	142.4295	838.9800
194.4020	1203.0000	276.4536	140.4040	814.4505
194.5544	1514.0000	272.4912	138.4280	1017.7965
194.7068	1771.0000	267.3096	136.4210	1047.6586
194.8592	1357.0000	275.8440	134.3815	745.4835
195.0116	1275.0000	279.1968	132.3905	918.9675
195.1640	1722.0000	269.1384	130.4330	1038.7710
195.3164	1384.0000	274.3200	128.3910	749.0385
195.4688	1123.0000	280.7208	126.3995	784.5885
195.6212	1471.0000	275.8440	124.4595	1030.2390
195.7736	1872.0000	265.1760	122.4725	1126.9351
195.9260	1451.0000	274.0152	120.4290	661.5855
196.0784	1144.0000	281.3304	118.4380	794.1870
196.2308	1291.0000	280.1112	116.4990	971.2260
196.3832	1743.0000	271.5768	114.5080	1085.6970
196.5356	1680.0000	270.6624	112.4970	997.8885
196.6880	1737.0000	270.3576	110.4740	1054.4131
196.8404	1736.0000	270.9672	108.4495	1032.7275
196.9928	1746.0000	271.5768	106.4240	1052.6355
197.1452	1677.0000	271.5768	104.4000	1018.1520
197.2976	1469.0000	276.4536	102.3765	980.1135
197.4500	1357.0000	277.6728	100.4030	951.6735
197.6024	1728.0000	271.5768	98.4325	1071.1216
197.7548	1787.0000	270.6624	96.4110	1068.9885
197.9072	1707.0000	270.6624	94.3865	1038.4155
198.0596	1690.0000	269.1384	92.3630	1031.6610
198.2120	1493.0000	301.7520	90.3395	1038.7710
198.3644	1866.0000	263.9568	88.3320	1164.9735
198.5168	1378.0000	274.6248	86.2585	649.8540
198.6692	1171.0000	278.5872	84.2695	756.1485
198.8216	1495.0000	269.1384	82.2950	1101.6946
198.9740	1951.0000	263.9568	80.3025	1257.0481
199.1264	1569.0000	272.7960	78.2440	875.2410
199.2788	1501.0000	275.5392	76.2365	1084.2750
199.4312	1860.0000	266.0904	74.2280	1178.1271
199.5836	1469.0000	274.6248	72.1855	770.7240
199.7360	1148.0000	281.0256	70.1595	773.5681
199.8884	1504.0000	272.7960	68.2350	1167.4620
200.0408	1969.0000	265.4808	66.2455	1260.6030
200.1932	1565.0000	274.0152	64.2035	793.8315
200.3456	1341.0000	275.5392	62.1935	871.3305
200.4980	1375.0000	278.5872	60.2195	1037.7046
200.6504	1819.0000	265.7856	58.2300	1157.8635
200.8028	1558.0000	273.4056	56.1895	852.1335
200.9552	1295.0000	278.2824	54.1620	780.6780
201.1076	1683.0000	272.1864	52.2050	1114.4926
201.2600	1699.0000	271.5768	50.1830	1011.3975
201.4124	1619.0000	274.0152	48.1735	933.8986
201.5648	1897.0000	266.3952	46.1670	1206.9225
201.7172	1474.0000	274.6248	44.1125	811.6065
201.8696	1363.0000	275.5392	42.1040	826.1820
202.0220	1499.0000	273.7104	40.1120	1092.4515
202.1744	1957.0000	263.3472	38.1235	1209.4110
202.3268	1561.0000	272.4912	36.0345	769.3020
202.4792	1480.0000	274.6248	34.0255	980.4691
202.6316	1955.0000	265.1760	32.0160	1211.8995
202.7840	1635.0000	271.2720	29.9760	959.4945
202.9364	1532.0000	275.2344	27.9335	1110.2266
203.0888	1982.0000	267.0048	25.9420	1246.0276
203.2412	1453.0000	275.2344	23.8680	730.9080
203.3936	1441.0000	275.5392	21.8790	1038.7710
203.5460	1801.0000	267.6144	19.9035	1258.8256
203.6984	1995.0000	265.7856	17.8635	1282.6440
203.8508	1690.0000	271.8816	15.8070	986.5125
204.0032	1716.0000	270.6624	13.7795	1065.0780
204.1556	1924.0000	266.0904	11.7735	1270.9126
204.3080	1692.0000	269.7480	9.7195	1005.7095
204.4604	1480.0000	280.7208	7.6940	758.9926
204.6128	1540.0000	283.7688	5.7365	1159.9966
204.7652	1878.0000	284.3784	3.7640	1182.0376
204.9176	1856.0000	294.7416	1.8405	1124.0911
