HOLE:	U1353C
EXPEDITION:	317
TOP:	133.1188
BOTTOM:	211.4524
DEPTH_WMSF	TENS	CS	ETIM	DF
m	lbf	m/h	s	lbf
133.1188	1357.0000	691.8960	1.5725	1260.2476
133.2712	1357.0000	691.8960	2.3755	1267.7130
133.4236	1357.0000	691.8960	3.1785	1231.4520
133.5760	1357.0000	691.8960	3.9815	1268.0686
133.7284	1357.0000	691.8960	4.7930	1229.3191
133.8808	1357.0000	691.8960	5.5710	1256.3370
134.0332	1357.0000	691.8960	6.3745	1236.4291
134.1856	1357.0000	691.8960	7.1780	1262.7361
134.3380	1357.0000	691.8960	7.9810	1245.6720
134.4904	1357.0000	691.8960	8.7840	1258.8256
134.6428	1357.0000	691.8960	9.5705	1231.8075
134.7952	1357.0000	691.8960	10.3570	1245.6720
134.9476	1357.0000	691.8960	11.1600	1235.3625
135.1000	1357.0000	691.8960	11.9710	1246.3831
135.2524	1357.0000	691.8960	12.7825	1225.7640
135.4048	1357.0000	691.8960	13.5855	1239.9840
135.5572	1357.0000	691.8960	14.3725	1247.8051
135.7096	1357.0000	691.8960	15.1675	1244.2500
135.8620	1357.0000	691.8960	15.9710	1252.0710
136.0144	1357.0000	691.8960	16.7730	1248.1605
136.1668	1357.0000	691.8960	17.5675	1226.1195
136.3192	1357.0000	691.8960	18.3480	1226.1195
136.4716	1357.0000	691.8960	19.1400	1206.5670
136.6240	1357.0000	691.8960	19.9425	1215.8101
136.7764	1357.0000	691.8960	20.7455	1224.3420
136.9288	1357.0000	691.8960	21.5565	1239.2731
137.0812	1357.0000	691.8960	22.3590	1233.5851
137.2336	1357.0000	691.8960	23.1485	1255.9816
137.3860	1357.0000	691.8960	23.9490	1233.9406
137.5384	1357.0000	691.8960	24.7610	1236.0735
137.6908	1357.0000	691.8960	25.5560	1242.4725
137.8432	1357.0000	691.8960	26.3590	1213.6770
137.9956	1357.0000	691.8960	27.1485	1234.2960
138.1480	1357.0000	691.8960	27.9400	1199.4570
138.3004	1357.0000	691.8960	28.7425	1231.4520
138.4528	1357.0000	691.8960	29.5450	1227.5415
138.6052	1357.0000	691.8960	30.3390	1224.3420
138.7576	1357.0000	691.8960	31.1340	1210.4775
138.9100	1357.0000	691.8960	31.9430	1238.2065
139.0624	1357.0000	691.8960	32.7415	1216.8766
139.2148	1357.0000	691.8960	33.5450	1221.4980
139.3672	1357.0000	691.8960	34.3485	1193.7690
139.5196	1357.0000	691.8960	35.1515	1228.9635
139.6720	1357.0000	691.8960	35.9370	1220.4315
139.8244	1357.0000	691.8960	36.7400	1182.7485
139.9768	1357.0000	691.8960	37.5430	1184.8816
140.1292	1357.0000	691.8960	38.3460	1179.1935
140.2816	1357.0000	691.8960	39.0942	1168.8212
140.4340	1357.0000	691.8960	39.8566	1178.8384
140.5864	1357.0000	691.8960	40.6059	1186.1152
140.7388	1357.0000	691.8960	41.3536	1198.5160
140.8912	1357.0000	691.8960	42.1073	1181.8705
141.0436	1357.0000	691.8960	42.8634	1212.1492
141.1960	1357.0000	691.8960	43.6196	1218.8013
141.3484	1357.0000	691.8960	44.3732	1217.3567
141.5008	1357.0000	691.8960	45.1255	1218.1938
141.6532	1357.0000	691.8960	45.8764	1215.6008
141.8056	1357.0000	691.8960	46.6272	1219.1564
141.9580	1357.0000	691.8960	47.3826	1213.3003
142.1104	1357.0000	691.8960	48.1384	1210.1224
142.2628	1357.0000	691.8960	48.8912	1195.1478
142.4152	1357.0000	691.8960	49.6324	1207.4916
142.5676	1357.0000	691.8960	50.3812	1177.7712
142.7200	1357.0000	691.8960	51.1370	1189.1476
142.8724	1357.0000	691.8960	51.9006	1194.1655
143.0248	1357.0000	691.8960	52.6565	1223.3363
143.1772	1357.0000	691.8960	53.3987	1199.0815
143.3296	1357.0000	691.8960	54.1518	1242.2523
143.4820	1357.0000	691.8960	54.9077	1193.9249
143.6344	1357.0000	691.8960	55.6639	1192.7631
143.7868	1357.0000	691.8960	56.4200	1193.8136
143.9392	1357.0000	691.8960	57.1583	1204.0747
144.0916	1357.0000	691.8960	57.8983	1219.4698
144.2440	1357.0000	691.8960	58.6540	1216.8560
144.3964	1357.0000	691.8960	59.4098	1214.1796
144.5488	1357.0000	691.8960	60.1654	1204.9174
144.7012	1357.0000	691.8960	60.9209	1192.3669
144.8536	1357.0000	691.8960	61.6736	1196.1987
145.0060	1357.0000	691.8960	62.4164	1177.2054
145.1584	1357.0000	691.8960	63.1801	1187.6602
145.3108	1357.0000	691.8960	63.9360	1209.4110
145.4632	1357.0000	691.8960	64.7771	1173.3859
145.6156	1357.0000	691.8960	65.6086	1179.3125
145.7680	1357.0000	691.8960	66.4260	1169.6083
145.9204	1357.0000	691.8960	67.2613	1117.5052
146.0728	1357.0000	691.8960	68.1081	1130.6858
146.2252	1357.0000	691.8960	68.9394	1136.5365
146.3776	1357.0000	691.8960	69.7647	1134.8682
146.5300	1357.0000	691.8960	70.5893	1157.8376
146.6824	1357.0000	691.8960	71.4277	1137.2523
146.8348	1357.0000	691.8960	72.2843	1093.6399
146.9872	1357.0000	691.8960	73.1900	1059.3877
147.1396	1357.0000	691.8960	74.1611	940.3259
147.2920	1357.0000	691.8960	75.1454	777.5975
147.4444	1357.0000	691.8960	76.1513	668.8312
147.5968	1357.0000	691.8960	77.1558	681.3588
147.7492	1357.0000	691.8960	78.1245	825.5369
147.9016	1357.0000	691.8960	79.0893	888.0410
148.0540	1357.0000	691.8960	80.0720	816.2457
148.2064	1357.0000	691.8960	81.0611	697.8234
148.3588	1357.0000	691.8960	82.0875	648.0807
148.5112	1357.0000	691.8960	83.0898	629.8307
148.6636	1357.0000	691.8960	84.0925	657.3096
148.8160	1357.0000	691.8960	85.0850	769.4847
148.9684	1357.0000	691.8960	86.0592	895.2043
149.1208	1357.0000	691.8960	87.0151	972.8268
149.2732	1357.0000	691.8960	87.9856	941.3599
149.4256	1357.0000	691.8960	88.9735	862.7985
149.5780	1357.0000	691.8960	89.9727	824.2026
149.7304	1357.0000	691.8960	90.9708	740.2568
149.8828	1357.0000	691.8960	91.9642	722.1810
150.0352	1357.0000	691.8960	92.9737	677.7985
150.1876	1357.0000	691.8960	93.9943	613.9853
150.3400	1357.0000	691.8960	95.0338	515.3060
150.4924	1357.0000	691.8960	96.1198	335.0399
150.6448	1357.0000	691.8960	100.6840	415.3611
150.7972	1357.0000	691.8960	107.9346	793.0004
150.9496	1357.0000	691.8960	109.9868	789.9559
151.1020	1357.0000	691.8960	111.5205	653.2797
151.2544	1357.0000	691.8960	113.1287	478.4714
151.4068	1357.0000	691.8960	114.7868	361.5670
151.5592	1357.0000	691.8960	116.5301	548.8809
151.7116	1357.0000	691.8960	118.5570	858.8580
151.8640	1357.0000	691.8960	120.4283	974.7764
152.0164	1357.0000	691.8960	122.2396	1050.1810
152.1688	1357.0000	691.8960	124.2358	1070.3083
152.3212	1357.0000	691.8960	126.5259	1104.8901
152.4736	1357.0000	691.8960	128.8097	1190.3744
152.6260	1357.0000	691.8960	131.0720	1188.7920
152.7784	1357.0000	691.8960	133.1331	1111.8191
152.9308	1357.0000	691.8960	135.2675	1072.7369
153.0832	1357.0000	691.8960	137.4069	1071.2633
153.2356	1357.0000	691.8960	139.5468	1203.3011
153.3880	1357.0000	691.8960	141.8876	1248.8718
153.5404	1357.0000	691.8960	144.1561	1138.4094
153.6928	1357.0000	691.8960	146.2525	1071.4995
153.8452	1357.0000	691.8960	148.1429	1094.0604
153.9976	1357.0000	691.8960	149.8726	1165.0989
154.1500	1357.0000	691.8960	151.6531	1262.4934
154.3024	1357.0000	691.8960	153.5154	1243.6520
154.4548	1357.0000	691.8960	155.2090	1083.9886
154.6072	1357.0000	691.8960	156.8111	1098.1653
154.7596	1357.0000	691.8960	158.3761	1077.2839
154.9120	1357.0000	691.8960	159.9695	1073.9656
155.0644	1357.0000	691.8960	161.7087	1122.4579
155.2168	1357.0000	691.8960	163.4718	1255.6641
155.3692	1357.0000	691.8960	165.3210	1225.1154
155.5216	1357.0000	691.8960	167.1282	1078.6631
155.6740	1357.0000	691.8960	168.8758	1067.6884
155.8264	1357.0000	691.8960	170.6276	1080.7802
155.9788	1357.0000	691.8960	172.3892	1103.1250
156.1312	1357.0000	691.8960	174.1329	1146.1041
156.2836	1357.0000	691.8960	175.8742	1180.4220
156.4360	1357.0000	691.8960	177.6394	1117.9059
156.5884	1357.0000	691.8960	179.4041	1067.9353
156.7408	1357.0000	691.8960	181.1693	1048.8107
156.8932	1357.0000	691.8960	182.9275	1043.3699
157.0456	1357.0000	691.8960	184.6837	1026.5740
157.1980	1357.0000	691.8960	186.4493	1023.0803
157.3504	1357.0000	691.8960	188.2333	986.4081
157.5028	1357.0000	691.8960	190.1309	958.9672
157.6552	1357.0000	691.8960	192.0622	960.5119
157.8076	1357.0000	691.8960	194.2076	891.2829
157.9600	1357.0000	691.8960	196.6303	904.1400
158.1124	1357.0000	691.8960	198.8077	971.4799
158.2648	1357.0000	691.8960	201.0149	913.6768
158.4172	1357.0000	691.8960	203.4945	908.1417
158.5696	1357.0000	691.8960	205.8440	949.4041
158.7220	1357.0000	691.8960	207.7710	934.9412
158.8744	1357.0000	691.8960	209.5927	954.0386
159.0268	1357.0000	691.8960	211.3638	976.5092
159.1792	1357.0000	691.8960	213.1446	943.9999
159.3316	1357.0000	691.8960	215.0440	915.7680
159.4840	1357.0000	691.8960	217.0340	911.5020
159.6364	1357.0000	691.8960	219.1935	968.0266
159.7888	1357.0000	691.8960	220.9660	968.0266
159.9412	1357.0000	691.8960	222.8230	923.5891
160.0936	1357.0000	691.8960	225.3325	829.3815
160.2460	1357.0000	691.8960	227.7915	917.9011
160.3984	1357.0000	691.8960	230.0340	984.7350
160.5508	1357.0000	691.8960	231.7740	966.9600
160.7032	1357.0000	691.8960	233.5805	926.7885
160.8556	1357.0000	691.8960	235.9715	846.8010
161.0080	1357.0000	691.8960	238.3805	942.0750
161.1604	1357.0000	691.8960	240.0875	1085.6970
161.3128	1357.0000	691.8960	241.7615	1224.6975
161.4652	1357.0000	691.8960	243.4175	1236.0735
161.6176	1357.0000	691.8960	245.1070	1031.6610
161.7700	1357.0000	691.8960	246.9310	1002.1545
161.9224	1357.0000	691.8960	248.6370	1036.9935
162.0748	1357.0000	691.8960	250.3435	1087.8301
162.2272	1357.0000	691.8960	252.0260	1091.0295
162.3796	1357.0000	691.8960	253.7080	1097.4286
162.5320	1357.0000	691.8960	255.4135	1080.7201
162.6844	1357.0000	691.8960	257.1195	1033.7941
162.8368	1357.0000	691.8960	258.7920	1046.9475
162.9892	1357.0000	691.8960	260.4825	1061.8785
163.1416	1357.0000	691.8960	262.1400	1100.9835
163.2940	1357.0000	691.8960	263.8295	1107.0271
163.4464	1357.0000	691.8960	265.5190	1076.0985
163.5988	1357.0000	691.8960	267.1593	1046.3611
163.7512	1357.0000	691.8960	268.7996	1072.4039
163.9036	1357.0000	691.8960	270.4259	1082.5382
164.0560	1357.0000	691.8960	272.0665	1076.0446
164.2084	1357.0000	691.8960	273.7065	1069.7957
164.3608	1357.0000	691.8960	275.3336	1069.7268
164.5132	1357.0000	691.8960	276.9705	1067.9769
164.6656	1357.0000	691.8960	278.5998	1058.5983
164.8180	1357.0000	691.8960	280.2360	1053.3740
164.9704	1357.0000	691.8960	281.8666	1056.7917
165.1228	1357.0000	691.8960	283.4911	1060.8256
165.2752	1357.0000	691.8960	285.1156	1047.5244
165.4276	1357.0000	691.8960	286.7484	1036.1047
165.5800	1357.0000	691.8960	288.3891	1035.1892
165.7324	1357.0000	691.8960	290.0303	1029.4742
165.8848	1358.1537	691.1927	291.6776	1025.0979
166.0372	1363.8071	688.9068	293.3286	1034.3398
166.1896	1362.6949	685.6831	294.9617	1058.7858
166.3420	1351.8063	683.2795	296.5785	1079.8584
166.4944	1372.0770	683.6898	298.2009	1078.4508
166.6468	1362.8502	685.5071	299.8355	1057.5999
166.7992	1344.2301	684.2291	301.4470	1050.8035
166.9516	1379.8479	683.9712	303.0708	1050.2002
167.1040	1351.4619	683.9946	304.6868	1077.5479
167.2564	1391.9220	684.3229	306.3037	1074.1301
167.4088	1365.0000	685.4952	307.9450	1087.1190
167.5612	1382.0673	686.6939	309.6637	1078.7363
167.7136	1386.5071	685.5261	311.3987	1085.4556
167.8660	1398.4087	686.4406	313.1351	1028.1117
168.0184	1352.6445	687.0812	314.8884	1035.8730
168.1708	1386.0382	687.9852	316.6366	1051.6567
168.3232	1356.7462	688.3882	318.3399	1081.3420
168.4756	1377.9158	686.7300	320.0525	1169.8835
168.6280	1355.9487	684.2916	321.7287	1178.4769
168.7804	1364.7452	682.9586	323.4637	1023.0256
168.9328	1380.0000	685.9033	325.1929	1054.4791
169.0852	1376.2712	686.2391	326.9002	1059.9924
169.2376	1362.2367	685.5571	328.6293	1071.1285
169.3900	1362.4075	686.1357	330.3387	1057.7932
169.5424	1331.7628	688.7698	332.0746	1069.5284
169.6948	1324.6444	692.8001	333.8054	1085.2572
169.8472	1312.7788	690.3204	335.5277	1078.5337
169.9996	1330.7119	687.4016	337.2586	1058.3235
170.1520	1333.6599	684.3019	338.9822	1057.0225
170.3044	1343.6101	684.0590	340.7169	1048.1044
170.4568	1358.1814	684.9889	342.4463	1033.5238
170.6092	1375.0187	684.8651	344.1649	1031.2990
170.7616	1360.0347	684.8442	345.8829	1050.8079
170.9140	1363.2524	685.8000	347.5948	1093.7509
171.0664	1364.0728	685.9240	349.3033	1104.3129
171.2188	1336.2710	686.2339	351.0292	1066.9537
171.3712	1337.1187	686.6782	352.7650	1046.8389
171.5236	1346.0658	686.3219	354.4767	1053.8159
171.6760	1351.3563	686.0738	356.1207	1068.2046
171.8284	1356.2863	687.7630	357.7200	1090.3291
171.9808	1349.1704	690.2428	359.3279	1083.8239
172.1332	1349.9634	689.6697	360.9086	1060.0780
172.2856	1358.2385	685.4542	362.2205	1040.8452
172.4380	1332.1052	682.1685	363.2699	1029.4017
172.5904	1331.8291	682.4574	364.2636	1029.6906
172.7428	1331.3231	684.4464	365.2502	1020.2620
172.8952	1308.7469	684.4465	366.2984	948.9732
173.0476	1317.8107	684.7357	367.5453	927.1170
173.2000	1309.0352	684.9941	368.8362	957.2941
173.3524	1298.6609	688.9142	370.0403	975.4240
173.5048	1292.8995	688.9156	371.2145	955.0646
173.6572	1307.3710	687.5100	372.5395	851.1135
173.8096	1320.6942	684.7206	374.0530	496.5247
173.9620	1314.9841	684.5549	375.7156	90.0991
174.1144	1294.1039	684.8856	398.5251	417.1666
174.2668	1345.9615	684.1882	408.6751	669.3741
174.4192	1326.5814	683.4960	412.2654	392.2796
174.5716	1346.2692	683.1188	416.0966	436.9070
174.7240	1336.1034	683.3047	419.6635	531.4124
174.8764	1336.9828	685.3866	423.5818	292.3245
175.0288	1321.9000	687.8662	427.3986	443.1063
175.1812	1334.5571	688.2384	430.8557	678.0550
175.3336	1309.6836	687.4326	434.7738	333.3141
175.4860	1350.9088	687.0502	438.2921	648.8620
175.6384	1315.7321	687.5771	441.8530	606.1161
175.7908	1314.7963	687.3447	444.9748	860.7424
175.9432	1333.0326	686.7455	448.4809	624.1139
176.0956	1341.7279	685.8311	452.7490	947.9667
176.2480	1332.1700	685.2008	455.7693	700.2050
176.4004	1358.0000	686.4096	460.6715	534.3165
176.5528	1258.0000	684.5808	463.6670	1095.6510
176.7052	1336.0000	684.2760	467.6125	419.4900
176.8576	1295.0000	684.2760	472.4500	662.6520
177.0100	1349.0000	686.7144	477.4195	497.3445
177.1624	1342.0000	694.3344	482.2220	726.9975
177.3148	1323.0000	693.4200	487.4410	592.2630
177.4672	1360.0000	687.6288	492.1930	580.8870
177.6196	1314.0000	683.6664	497.0470	848.5786
177.7720	1312.0000	682.1424	502.1310	376.1190
177.9244	1314.0000	684.5808	506.4835	942.7860
178.0768	1314.0000	683.9712	509.0765	839.6910
178.2292	1319.0000	683.3616	514.7145	80.6985
178.3816	1306.0000	682.7520	518.7490	877.0186
178.5340	1324.0000	683.3616	523.8655	-8.1765
178.6864	1305.0000	683.6664	523.8655	-8.1765
178.8388	1271.0000	683.9712	523.8655	-8.1765
178.9912	1257.0000	676.6560	523.8655	-8.1765
179.1436	1250.0000	678.1800	523.8655	-8.1765
179.2960	1282.0000	680.9232	523.8655	-8.1765
179.4484	1262.0000	687.6288	523.8655	-8.1765
179.6008	1323.0000	689.1528	523.8655	-8.1765
179.7532	1237.0000	685.1904	523.8655	-8.1765
179.9056	1213.0000	669.6456	523.8655	-8.1765
180.0580	1133.0000	614.4768	523.8655	-8.1765
180.2104	951.0000	584.3016	523.8655	-8.1765
180.3628	764.0000	575.7672	523.8655	-8.1765
180.5152	694.0000	568.1472	523.8655	-8.1765
180.6676	921.0000	569.0616	523.8655	-8.1765
180.8200	1028.0000	583.3872	523.8655	-8.1765
180.9724	994.0000	589.4832	523.8655	-8.1765
181.1248	892.0000	582.4728	523.8655	-8.1765
181.2772	767.0000	572.7192	523.8655	-8.1765
181.4296	744.0000	564.7944	523.8655	-8.1765
181.5820	731.0000	560.8320	523.8655	-8.1765
181.7344	818.0000	561.7464	523.8655	-8.1765
181.8868	936.0000	566.6232	523.8655	-8.1765
182.0392	1108.0000	582.4728	523.8655	-8.1765
182.1916	1121.0000	588.8736	523.8655	-8.1765
182.3440	1086.0000	589.7880	523.8655	-8.1765
182.4964	1013.0000	586.1304	523.8655	-8.1765
182.6488	938.0000	578.2056	523.8655	-8.1765
182.8012	878.0000	575.4624	523.8655	-8.1765
182.9536	855.0000	572.4144	523.8655	-8.1765
183.1060	794.0000	572.7192	523.8655	-8.1765
183.2584	761.0000	568.7568	523.8655	-8.1765
183.4108	645.0000	565.4040	523.8655	-8.1765
183.5632	496.0000	546.8112	523.8655	-8.1765
183.7156	272.0000	506.2728	523.8655	-8.1765
183.8680	904.0000	148.1328	523.8655	-8.1765
184.0204	990.0000	252.0696	523.8655	-8.1765
184.1728	876.0000	382.2192	523.8655	-8.1765
184.3252	686.0000	371.5512	523.8655	-8.1765
184.4776	485.0000	347.7768	523.8655	-8.1765
184.6300	475.0000	348.3864	523.8655	-8.1765
184.7824	827.0000	337.1088	523.8655	-8.1765
184.9348	1114.0000	263.9568	523.8655	-8.1765
185.0872	1147.0000	323.6976	523.8655	-8.1765
185.2396	1219.0000	316.9920	523.8655	-8.1765
185.3920	1226.0000	289.5600	523.8655	-8.1765
185.5444	1271.0000	247.1928	523.8655	-8.1765
185.6968	1323.0000	249.6312	523.8655	-8.1765
185.8492	1344.0000	253.2888	523.8655	-8.1765
186.0016	1255.0000	248.4120	523.8655	-8.1765
186.1540	1210.0000	239.2680	523.8655	-8.1765
186.3064	1256.0000	239.5728	523.8655	-8.1765
186.4588	1479.0000	244.1448	523.8655	-8.1765
186.6112	1362.0000	214.8840	523.8655	-8.1765
186.7636	1225.0000	234.3912	523.8655	-8.1765
186.9160	1231.0000	252.9840	523.8655	-8.1765
187.0684	1297.0000	292.3032	523.8655	-8.1765
187.2208	1426.0000	302.9712	523.8655	-8.1765
187.3732	1465.0000	262.7376	523.8655	-8.1765
187.5256	1239.0000	284.3784	523.8655	-8.1765
187.6780	1265.0000	321.5640	523.8655	-8.1765
187.8304	1232.0000	323.3928	523.8655	-8.1765
187.9828	1240.0000	323.0880	523.8655	-8.1765
188.1352	1264.0000	323.6976	523.8655	-8.1765
188.2876	1445.0000	326.1360	523.8655	-8.1765
188.4400	1380.0000	302.6664	523.8655	-8.1765
188.5924	1234.0000	312.4200	523.8655	-8.1765
188.7448	1247.0000	324.9168	523.8655	-8.1765
188.8972	1245.0000	322.7832	523.8655	-8.1765
189.0496	1250.0000	322.7832	523.8655	-8.1765
189.2020	1302.0000	322.4784	523.8655	-8.1765
189.3544	1389.0000	324.9168	523.8655	-8.1765
189.5068	1309.0000	324.6120	523.8655	-8.1765
189.6592	1251.0000	321.5640	523.8655	-8.1765
189.8116	1198.0000	322.1736	523.8655	-8.1765
189.9640	1247.0000	322.4784	523.8655	-8.1765
190.1164	1209.0000	322.1736	523.8655	-8.1765
190.2688	1197.0000	321.5640	523.8655	-8.1765
190.4212	1193.0000	321.5640	523.8655	-8.1765
190.5736	1109.0000	318.8208	523.8655	-8.1765
190.7260	1137.0000	289.8648	523.8655	-8.1765
190.8784	1125.0000	294.7416	523.8655	-8.1765
191.0308	996.0000	232.5624	523.8655	-8.1765
191.1832	1101.0000	228.2952	523.8655	-8.1765
191.3356	1177.0000	289.2552	523.8655	-8.1765
191.4880	1046.0000	235.9152	523.8655	-8.1765
191.6404	1082.0000	224.0280	523.8655	-8.1765
191.7928	1127.0000	246.5832	523.8655	-8.1765
191.9452	1084.0000	306.9336	523.8655	-8.1765
192.0976	1127.0000	310.8960	523.8655	-8.1765
192.2500	1131.0000	322.4784	523.8655	-8.1765
192.4024	1113.0000	321.5640	523.8655	-8.1765
192.5548	1089.0000	293.2176	523.8655	-8.1765
192.7072	1094.0000	277.9776	523.8655	-8.1765
192.8596	1143.0000	248.7168	523.8655	-8.1765
193.0120	1144.0000	312.4200	523.8655	-8.1765
193.1644	1102.0000	306.0192	523.8655	-8.1765
193.3168	994.0000	216.4080	523.8655	-8.1765
193.4692	1100.0000	224.0280	523.8655	-8.1765
193.6216	1177.0000	241.7064	523.8655	-8.1765
193.7740	1148.0000	316.0776	523.8655	-8.1765
193.9264	1109.0000	309.0672	523.8655	-8.1765
194.0788	1012.0000	223.7232	523.8655	-8.1765
194.2312	1166.0000	227.0760	523.8655	-8.1765
194.3836	1282.0000	311.8104	523.8655	-8.1765
194.5360	1422.0000	330.4032	523.8655	-8.1765
194.6884	1423.0000	331.9272	523.8655	-8.1765
194.8408	1186.0000	324.9168	523.8655	-8.1765
194.9932	1202.0000	300.5328	523.8655	-8.1765
195.1456	1216.0000	319.1256	523.8655	-8.1765
195.2980	1280.0000	322.1736	523.8655	-8.1765
195.4504	1272.0000	322.4784	523.8655	-8.1765
195.6028	1255.0000	324.0024	523.8655	-8.1765
195.7552	1279.0000	324.6120	523.8655	-8.1765
195.9076	1209.0000	323.3928	523.8655	-8.1765
196.0600	1211.0000	323.6976	523.8655	-8.1765
196.2124	1257.0000	325.8312	523.8655	-8.1765
196.3648	1279.0000	327.0504	523.8655	-8.1765
196.5172	1286.0000	327.3552	523.8655	-8.1765
196.6696	1252.0000	324.3072	523.8655	-8.1765
196.8220	1213.0000	322.1736	523.8655	-8.1765
196.9744	1271.0000	321.8688	523.8655	-8.1765
197.1268	1252.0000	321.8688	523.8655	-8.1765
197.2792	1237.0000	321.2592	523.8655	-8.1765
197.4316	1258.0000	322.1736	523.8655	-8.1765
197.5840	1247.0000	322.7832	523.8655	-8.1765
197.7364	1257.0000	322.4784	523.8655	-8.1765
197.8888	1250.0000	322.4784	523.8655	-8.1765
198.0412	1253.0000	323.0880	523.8655	-8.1765
198.1936	1262.0000	323.6976	523.8655	-8.1765
198.3460	1262.0000	323.6976	523.8655	-8.1765
198.4984	1220.0000	323.6976	523.8655	-8.1765
198.6508	1229.0000	324.0024	523.8655	-8.1765
198.8032	1200.0000	320.9544	523.8655	-8.1765
198.9556	1212.0000	320.0400	523.8655	-8.1765
199.1080	1199.0000	319.4304	523.8655	-8.1765
199.2604	1222.0000	320.6496	523.8655	-8.1765
199.4128	1265.0000	323.3928	523.8655	-8.1765
199.5652	1263.0000	324.3072	523.8655	-8.1765
199.7176	1213.0000	324.3072	523.8655	-8.1765
199.8700	1218.0000	324.9168	523.8655	-8.1765
200.0224	1223.0000	325.2216	523.8655	-8.1765
200.1748	1250.0000	325.8312	523.8655	-8.1765
200.3272	1265.0000	325.8312	523.8655	-8.1765
200.4796	1275.0000	325.5264	523.8655	-8.1765
200.6320	1253.0000	324.0024	523.8655	-8.1765
200.7844	1288.0000	323.0880	523.8655	-8.1765
200.9368	1196.0000	319.4304	523.8655	-8.1765
201.0892	1209.0000	318.5160	523.8655	-8.1765
201.2416	1219.0000	320.6496	523.8655	-8.1765
201.3940	1249.0000	323.6976	523.8655	-8.1765
201.5464	1363.0000	325.8312	523.8655	-8.1765
201.6988	1402.0000	330.0984	523.8655	-8.1765
201.8512	1198.0000	323.3928	523.8655	-8.1765
202.0036	1238.0000	325.2216	523.8655	-8.1765
202.1560	1255.0000	323.0880	523.8655	-8.1765
202.3084	1273.0000	324.3072	523.8655	-8.1765
202.4608	1255.0000	324.3072	523.8655	-8.1765
202.6132	1257.0000	323.3928	523.8655	-8.1765
202.7656	1288.0000	323.3928	523.8655	-8.1765
202.9180	1290.0000	323.3928	523.8655	-8.1765
203.0704	1251.0000	322.1736	523.8655	-8.1765
203.2228	1245.0000	321.8688	523.8655	-8.1765
203.3752	1233.0000	322.1736	523.8655	-8.1765
203.5276	1198.0000	321.8688	523.8655	-8.1765
203.6800	1190.0000	322.4784	523.8655	-8.1765
203.8324	1186.0000	325.2216	523.8655	-8.1765
203.9848	1265.0000	325.2216	523.8655	-8.1765
204.1372	1295.0000	326.1360	523.8655	-8.1765
204.2896	1266.0000	326.1360	523.8655	-8.1765
204.4420	1220.0000	322.1736	523.8655	-8.1765
204.5944	1234.0000	322.1736	523.8655	-8.1765
204.7468	1233.0000	329.7936	523.8655	-8.1765
204.8992	1283.0000	345.3384	523.8655	-8.1765
205.0516	1316.0000	353.5680	523.8655	-8.1765
205.2040	1247.0000	342.9000	523.8655	-8.1765
205.3564	1232.0000	347.1672	523.8655	-8.1765
205.5088	1167.0000	445.6176	523.8655	-8.1765
205.6612	1216.0000	530.9616	523.8655	-8.1765
205.8136	1212.0000	558.6984	523.8655	-8.1765
205.9660	1203.0000	559.9176	523.8655	-8.1765
206.1184	1095.0000	548.3352	523.8655	-8.1765
206.2708	1131.0000	438.9120	523.8655	-8.1765
206.4232	1165.0000	432.8160	523.8655	-8.1765
206.5756	1171.0000	464.8200	523.8655	-8.1765
206.7280	1125.0000	485.2416	523.8655	-8.1765
206.8804	938.0000	405.0792	523.8655	-8.1765
207.0328	398.0000	358.7496	523.8655	-8.1765
207.1852	81.0000	335.2800	523.8655	-8.1765
207.3376	702.0000	158.4960	523.8655	-8.1765
207.4900	871.0000	169.4688	523.8655	-8.1765
207.6424	382.0000	141.1224	523.8655	-8.1765
207.7948	749.0000	171.9072	523.8655	-8.1765
207.9472	710.0000	156.3624	523.8655	-8.1765
208.0996	405.0000	144.7800	523.8655	-8.1765
208.2520	705.0000	148.4376	523.8655	-8.1765
208.4044	903.0000	162.4584	523.8655	-8.1765
208.5568	425.0000	129.2352	523.8655	-8.1765
208.7092	922.0000	161.5440	523.8655	-8.1765
208.8616	781.0000	156.3624	523.8655	-8.1765
209.0140	1101.0000	180.4416	523.8655	-8.1765
209.1664	747.0000	110.9472	523.8655	-8.1765
209.3188	1205.0000	151.7904	523.8655	-8.1765
209.4712	787.0000	176.4792	523.8655	-8.1765
209.6236	804.0000	124.0536	523.8655	-8.1765
209.7760	1303.0000	218.8464	523.8655	-8.1765
209.9284	580.0000	107.2896	523.8655	-8.1765
210.0808	875.0000	113.0808	523.8655	-8.1765
210.2332	628.0000	106.9848	523.8655	-8.1765
210.3856	909.0000	113.3856	523.8655	-8.1765
210.5380	747.0000	99.0600	523.8655	-8.1765
210.6904	765.0000	116.1288	523.8655	-8.1765
210.8428	1076.0000	111.8616	523.8655	-8.1765
210.9952	501.0000	108.8136	523.8655	-8.1765
211.1476	1193.0000	133.8072	523.8655	-8.1765
211.3000	950.0000	212.4456	523.8655	-8.1765
211.4524	261.0000	107.2896	523.8655	-8.1765
