HOLE:	U1353C
EXPEDITION:	323
TOP:		145.5350
BOTTOM:		192.7790
DEPTH_WMSF	DTCO	DT1	DT2	VCO	VS1	VS2
m	us/ft	us/ft	us/ft	km/s	km/s	km/s
145.5350	171.63637	644.45459	729.08282	1.7758	0.4730	0.4181
145.6874	171.63637	643.78210	732.66980	1.7758	0.4735	0.4160
145.8398	171.61446	655.88892	698.94562	1.7761	0.4647	0.4361
145.9922	171.46730	693.21234	717.79401	1.7776	0.4397	0.4246
146.1446	171.72568	724.27454	717.82489	1.7749	0.4208	0.4246
146.2970	171.90843	733.64954	732.17230	1.7730	0.4155	0.4163
146.4494	171.02040	742.16718	741.10693	1.7822	0.4107	0.4113
146.6018	168.32150	726.60028	666.02393	1.8108	0.4195	0.4576
146.7542	164.41534	650.32544	591.25458	1.8538	0.4687	0.5155
146.9066	160.48872	578.14490	522.62714	1.8992	0.5272	0.5832
147.0590	157.24678	532.60687	480.83429	1.9384	0.5723	0.6339
147.2114	154.78712	493.24991	463.88495	1.9692	0.6179	0.6571
147.3638	153.31580	469.14587	447.55582	1.9881	0.6497	0.6810
147.5162	153.26942	457.33557	450.76385	1.9887	0.6665	0.6762
147.6686	153.88156	454.38272	436.78268	1.9807	0.6708	0.6978
147.8210	154.01076	457.84351	426.25943	1.9791	0.6657	0.7151
147.9734	152.82439	462.03796	438.90833	1.9944	0.6597	0.6945
148.1258	150.02039	463.09198	475.63602	2.0317	0.6582	0.6408
148.2782	145.88911	449.57822	451.76129	2.0893	0.6780	0.6747
148.4306	143.66794	428.44513	395.14090	2.1216	0.7114	0.7714
148.5830	145.75826	429.69568	414.00372	2.0911	0.7093	0.7362
148.7354	147.93401	451.09076	479.75854	2.0604	0.6757	0.6353
148.8878	150.37468	463.89896	505.84286	2.0269	0.6570	0.6026
149.0402	153.61699	455.71603	477.62115	1.9842	0.6688	0.6382
149.1926	154.65953	437.33371	438.82220	1.9708	0.6970	0.6946
149.3450	154.69136	424.62131	416.04044	1.9704	0.7178	0.7326
149.4974	155.19124	419.84735	392.79785	1.9640	0.7260	0.7760
149.6498	155.84923	428.55237	393.32059	1.9557	0.7112	0.7749
149.8022	156.41901	464.25168	455.99225	1.9486	0.6565	0.6684
149.9546	157.37845	507.62549	540.16290	1.9367	0.6004	0.5643
150.1070	158.02657	539.30463	578.16852	1.9288	0.5652	0.5272
150.2594	158.03577	547.38336	549.92682	1.9287	0.5568	0.5543
150.4118	158.16904	539.29523	529.52216	1.9271	0.5652	0.5756
150.5642	157.98752	531.66315	530.02240	1.9293	0.5733	0.5751
150.7166	156.25461	519.60712	498.44678	1.9507	0.5866	0.6115
150.8690	153.51511	510.11844	528.31580	1.9855	0.5975	0.5769
151.0214	148.82649	487.51807	514.16522	2.0480	0.6252	0.5928
151.1738	140.25505	444.96078	484.62540	2.1732	0.6850	0.6289
151.3262	128.71722	386.31085	357.31082	2.3680	0.7890	0.8530
151.4786	121.67728	328.65912	300.12604	2.5050	0.9274	1.0156
151.6310	130.57114	297.35794	257.22693	2.3344	1.0250	1.1849
151.7834	142.62354	263.12210	241.82072	2.1371	1.1584	1.2604
151.9358	152.37381	267.72391	226.97876	2.0003	1.1385	1.3429
152.0882	163.56638	372.82654	419.42108	1.8635	0.8175	0.7267
152.2406	170.91399	525.92865	616.15973	1.7834	0.5795	0.4947
152.3930	174.17027	663.46741	803.86639	1.7500	0.4594	0.3792
152.5454	175.41183	734.00775	858.60602	1.7376	0.4153	0.3550
152.6978	174.96048	739.89648	831.89642	1.7421	0.4119	0.3664
152.8502	173.74803	726.13092	796.65192	1.7543	0.4198	0.3826
153.0026	172.58142	699.25092	732.62762	1.7661	0.4359	0.4160
153.1550	171.21925	666.45514	678.81122	1.7802	0.4573	0.4490
153.3074	169.89519	633.23846	644.76996	1.7940	0.4813	0.4727
153.4598	169.23880	589.91760	605.77167	1.8010	0.5167	0.5032
153.6122	168.92365	530.55560	539.04736	1.8044	0.5745	0.5654
153.7646	169.01202	487.70190	467.41452	1.8034	0.6250	0.6521
153.9170	169.58377	499.46805	450.92606	1.7973	0.6102	0.6759
154.0694	170.12079	551.87549	566.62854	1.7917	0.5523	0.5379
154.2218	170.16800	595.32068	583.74109	1.7912	0.5120	0.5221
154.3742	169.86159	650.55939	569.20172	1.7944	0.4685	0.5355
154.5266	169.66635	687.37701	562.79309	1.7965	0.4434	0.5416
154.6790	169.96143	668.48669	541.50940	1.7933	0.4560	0.5629
154.8314	170.29716	630.41614	515.67560	1.7898	0.4835	0.5911
154.9838	170.68019	627.96509	531.69952	1.7858	0.4854	0.5733
155.1362	171.01793	627.58966	557.10406	1.7823	0.4857	0.5471
155.2886	171.09091	618.23871	576.70386	1.7815	0.4930	0.5285
155.4410	170.93900	628.78119	594.78625	1.7831	0.4847	0.5125
155.5934	170.46909	648.43634	612.79541	1.7880	0.4701	0.4974
155.7458	169.79070	651.54694	615.64081	1.7952	0.4678	0.4951
155.8982	169.14371	636.26965	661.95270	1.8020	0.4790	0.4605
156.0506	168.65327	615.04175	642.83032	1.8073	0.4956	0.4742
156.2030	168.41151	591.05090	591.68536	1.8099	0.5157	0.5151
156.3554	168.71155	576.45105	556.61060	1.8066	0.5288	0.5476
156.5078	169.55600	574.16199	558.32446	1.7976	0.5309	0.5459
156.6602	170.67758	580.27966	565.79120	1.7858	0.5253	0.5387
156.8126	171.84444	594.99280	597.33606	1.7737	0.5123	0.5103
156.9650	172.68993	621.94678	617.38824	1.7650	0.4901	0.4937
157.1174	172.51906	650.97498	664.93347	1.7668	0.4682	0.4584
157.2698	170.86192	674.36566	710.14465	1.7839	0.4520	0.4292
157.4222	168.53055	696.21246	774.38403	1.8086	0.4378	0.3936
157.5746	164.68832	697.67468	798.94873	1.8508	0.4369	0.3815
157.7270	158.12540	675.73315	636.14703	1.9276	0.4511	0.4791
157.8794	150.30849	616.32886	383.42926	2.0278	0.4945	0.7949
158.0318	143.77748	503.75571	285.36227	2.1199	0.6051	1.0681
158.1842	140.22488	395.31128	292.36395	2.1737	0.7710	1.0425
158.3366	139.25264	343.13965	298.44034	2.1888	0.8883	1.0213
158.4890	138.25159	328.62134	318.68750	2.2047	0.9275	0.9564
158.6414	136.28934	316.50403	340.58987	2.2364	0.9630	0.8949
158.7938	139.46167	277.05765	326.58124	2.1855	1.1001	0.9333
158.9462	151.28253	215.94157	283.15186	2.0148	1.4115	1.0765
159.0986	163.49942	206.37459	219.74718	1.8642	1.4769	1.3870
159.2510	169.38107	301.92334	191.61378	1.7995	1.0095	1.5907
159.4034	170.84061	446.16602	297.45517	1.7841	0.6832	1.0247
159.5558	170.85277	546.14240	439.90170	1.7840	0.5581	0.6929
159.7082	170.72728	585.93384	501.44870	1.7853	0.5202	0.6078
159.8606	170.81760	600.99744	570.46790	1.7844	0.5072	0.5343
160.0130	170.95827	612.74219	648.51599	1.7829	0.4974	0.4700
160.1654	171.04025	627.82928	680.34143	1.7820	0.4855	0.4480
160.3178	171.34891	653.52325	709.98474	1.7788	0.4664	0.4293
160.4702	171.89505	683.26294	731.75568	1.7732	0.4461	0.4165
160.6226	171.98956	693.69495	742.22394	1.7722	0.4394	0.4107
160.7750	170.49820	676.65277	767.51135	1.7877	0.4505	0.3971
160.9274	166.85022	646.62921	818.77924	1.8268	0.4714	0.3723
161.0798	161.82471	601.34778	836.68097	1.8835	0.5069	0.3643
161.2322	155.42380	513.90790	738.86133	1.9611	0.5931	0.4125
161.3846	146.21135	398.83502	565.80164	2.0847	0.7642	0.5387
161.5370	135.07771	336.14758	438.41937	2.2565	0.9067	0.6952
161.6894	126.03017	307.18576	315.86932	2.4185	0.9922	0.9650
161.8418	121.29639	262.66425	246.88470	2.5129	1.1604	1.2346
161.9942	123.72723	208.02325	216.37450	2.4635	1.4652	1.4087
162.1466	135.01898	159.05374	182.31822	2.2575	1.9163	1.6718
162.2990	150.85727	162.06554	155.73259	2.0205	1.8807	1.9572
162.4514	160.96146	224.47925	173.34474	1.8936	1.3578	1.7583
162.6038	164.59058	303.61575	243.70633	1.8519	1.0039	1.2507
162.7562	166.06131	386.00955	355.62735	1.8355	0.7896	0.8571
162.9086	167.83191	462.30606	449.15305	1.8161	0.6593	0.6786
163.0610	169.42526	516.33948	517.72083	1.7990	0.5903	0.5887
163.2134	170.16193	561.15417	545.51953	1.7912	0.5432	0.5587
163.3658	170.70674	609.54669	563.43018	1.7855	0.5000	0.5410
163.5182	171.45944	596.52802	589.52887	1.7777	0.5110	0.5170
163.6706	172.61176	539.63214	579.10327	1.7658	0.5648	0.5263
163.8230	173.91724	511.40875	569.33215	1.7526	0.5960	0.5354
163.9754	174.79631	530.25647	595.92474	1.7437	0.5748	0.5115
164.1278	174.73611	559.23309	634.82275	1.7443	0.5450	0.4801
164.2802	173.83768	585.38293	658.26160	1.7534	0.5207	0.4630
164.4326	173.50070	618.45795	650.06354	1.7568	0.4928	0.4689
164.5850	173.59958	653.54797	645.32770	1.7558	0.4664	0.4723
164.7374	173.23207	683.15051	658.44708	1.7595	0.4462	0.4629
164.8898	172.40135	665.06580	638.15112	1.7680	0.4583	0.4776
165.0422	171.76038	622.03778	609.90991	1.7746	0.4900	0.4997
165.1946	171.46463	584.66168	607.58063	1.7776	0.5213	0.5017
165.3470	171.78819	580.93036	591.78003	1.7743	0.5247	0.5151
165.4994	170.21538	596.72034	579.24280	1.7907	0.5108	0.5262
165.6518	169.13190	613.97083	574.80194	1.8021	0.4964	0.5303
165.8042	171.01816	625.25958	584.27826	1.7823	0.4875	0.5217
165.9566	170.46634	667.78448	588.67682	1.7880	0.4564	0.5178
166.1090	169.41597	648.07635	575.26782	1.7991	0.4703	0.5298
166.2614	170.26176	566.22241	563.63635	1.7902	0.5383	0.5408
166.4138	171.21548	532.65997	557.35718	1.7802	0.5722	0.5469
166.5662	171.96429	527.06946	467.97665	1.7725	0.5783	0.6513
166.7186	173.45876	525.91858	456.42139	1.7572	0.5796	0.6678
166.8710	174.84944	545.10486	484.67398	1.7432	0.5592	0.6289
167.0234	175.24396	573.50220	517.47327	1.7393	0.5315	0.5890
167.1758	175.84129	589.81293	529.31708	1.7334	0.5168	0.5758
167.3282	176.68486	592.49854	531.42981	1.7251	0.5144	0.5735
167.4806	176.16051	593.25098	541.26617	1.7302	0.5138	0.5631
167.6330	175.23203	602.18439	546.98004	1.7394	0.5062	0.5572
167.7854	174.64473	629.29150	547.37982	1.7453	0.4844	0.5568
167.9378	173.99361	674.13184	590.80658	1.7518	0.4521	0.5159
168.0902	173.26010	709.13458	636.71509	1.7592	0.4298	0.4787
168.2426	172.10059	725.92810	656.53363	1.7711	0.4199	0.4643
168.3950	170.43559	734.26813	667.66565	1.7884	0.4151	0.4565
168.5474	169.36807	733.83844	670.11084	1.7996	0.4154	0.4549
168.6998	169.31532	728.40356	673.32324	1.8002	0.4184	0.4527
168.8522	168.47028	724.99371	674.94824	1.8092	0.4204	0.4516
169.0046	165.33594	711.43976	676.45300	1.8435	0.4284	0.4506
169.1570	162.17831	663.35815	728.97711	1.8794	0.4595	0.4181
169.3094	163.34523	589.82550	844.90680	1.8660	0.5168	0.3607
169.4618	165.89172	529.61200	834.85474	1.8373	0.5755	0.3651
169.6142	166.27530	515.72314	800.82764	1.8331	0.5910	0.3806
169.7666	167.38271	558.58789	785.80023	1.8210	0.5457	0.3879
169.9190	168.52361	657.76727	785.85217	1.8086	0.4634	0.3879
170.0714	168.93217	712.32965	695.70038	1.8043	0.4279	0.4381
170.2238	167.70294	700.12518	675.28198	1.8175	0.4354	0.4514
170.3762	166.37405	663.22504	615.68500	1.8320	0.4596	0.4951
170.5286	165.68277	610.72791	556.14148	1.8397	0.4991	0.5481
170.6810	165.27272	549.81055	492.07932	1.8442	0.5544	0.6194
170.8334	165.47865	499.16556	442.67700	1.8419	0.6106	0.6885
170.9858	166.97493	511.16360	416.06229	1.8254	0.5963	0.7326
171.1382	167.79407	542.90332	415.13315	1.8165	0.5614	0.7342
171.2906	167.63637	582.94928	466.63998	1.8182	0.5229	0.6532
171.4430	166.91560	635.46796	536.11255	1.8261	0.4796	0.5685
171.5954	165.95177	653.78949	558.18182	1.8367	0.4662	0.5461
171.7478	165.22450	628.13593	557.21747	1.8448	0.4852	0.5470
171.9002	164.60019	605.36652	544.84180	1.8518	0.5035	0.5594
172.0526	163.95177	612.11481	568.44812	1.8591	0.4979	0.5362
172.2050	162.09187	617.94067	667.24268	1.8804	0.4933	0.4568
172.3574	158.64383	586.76080	744.84180	1.9213	0.5195	0.4092
172.5098	159.07138	534.48810	760.91406	1.9161	0.5703	0.4006
172.6622	162.99254	457.76083	745.95172	1.8700	0.6658	0.4086
172.8146	170.90526	375.17706	710.14557	1.7834	0.8124	0.4292
172.9670	174.50374	318.92444	647.33801	1.7467	0.9557	0.4709
173.1194	174.76900	367.95782	631.77789	1.7440	0.8284	0.4824
173.2718	175.43044	470.96835	579.09595	1.7374	0.6472	0.5263
173.4242	174.96382	524.93011	567.68964	1.7421	0.5806	0.5369
173.5766	174.72728	569.31287	583.41028	1.7444	0.5354	0.5224
173.7290	174.72728	622.34637	543.56610	1.7444	0.4898	0.5607
173.8814	175.03618	650.84399	568.00098	1.7414	0.4683	0.5366
174.0338	175.47865	660.48230	567.38324	1.7370	0.4615	0.5372
174.1862	175.63637	670.84399	596.47418	1.7354	0.4544	0.5110
174.3386	175.63637	684.08612	628.15674	1.7354	0.4456	0.4852
174.4910	175.63637	692.05933	694.59070	1.7354	0.4404	0.4388
174.6434	175.63637	718.86310	735.62531	1.7354	0.4240	0.4143
174.7958	175.12154	784.51666	766.71021	1.7405	0.3885	0.3975
174.9482	172.25607	820.00000	801.78790	1.7695	0.3717	0.3802
175.1006	166.14201	757.70532	677.92426	1.8346	0.4023	0.4496
175.2530	158.48154	685.28809	554.06061	1.9233	0.4448	0.5501
175.4054	150.45743	620.54358	430.19702	2.0258	0.4912	0.7085
175.5578	140.73111	558.68329	311.95374	2.1658	0.5456	0.9771
175.7102	130.33685	468.67953	275.09293	2.3386	0.6503	1.1080
175.8626	121.67542	401.03928	267.89047	2.5050	0.7600	1.1378
176.0150	114.96575	332.33884	236.97638	2.6512	0.9171	1.2862
176.1674	111.74584	275.82587	214.69606	2.7276	1.1050	1.4197
176.3198	112.81722	222.08812	139.87946	2.7017	1.3724	2.1790
176.4722	145.91957	159.86607	138.72427	2.0888	1.9066	2.1972
176.6246	168.51024	124.79620	147.02663	1.8088	2.4424	2.0731
176.7770	167.60574	166.54346	156.36363	1.8186	1.8302	1.9493
176.9294	169.85339	301.09265	165.52498	1.7945	1.0123	1.8414
177.0818	171.89052	423.57504	303.76706	1.7732	0.7196	1.0034
177.2342	172.36363	491.16357	439.00055	1.7684	0.6206	0.6943
177.3866	172.56956	556.88220	519.54803	1.7662	0.5473	0.5867
177.5390	172.72728	623.97888	586.98639	1.7646	0.4885	0.5193
177.6914	172.72728	675.74158	547.01660	1.7646	0.4511	0.5572
177.8438	172.52135	712.44397	590.67816	1.7667	0.4278	0.5160
177.9962	172.36363	734.72150	715.09290	1.7684	0.4149	0.4262
178.1486	172.36363	748.51099	708.31238	1.7684	0.4072	0.4303
178.3010	172.15770	737.67657	688.10150	1.7705	0.4132	0.4430
178.4534	170.66144	730.08801	743.18439	1.7860	0.4175	0.4101
178.6058	165.82661	733.63635	816.04724	1.8381	0.4155	0.3735
178.7582	156.52518	706.86511	831.67737	1.9473	0.4312	0.3665
178.9106	145.04652	611.71307	562.42578	2.1014	0.4983	0.5419
179.0630	136.60211	480.92453	401.59213	2.2313	0.6338	0.7590
179.2154	132.45551	392.62589	358.67401	2.3012	0.7763	0.8498
179.3678	130.96384	350.16272	338.91510	2.3274	0.8705	0.8993
179.5202	129.90353	330.18567	323.15417	2.3464	0.9231	0.9432
179.6726	129.27272	315.67276	314.07333	2.3578	0.9656	0.9705
179.8250	128.34602	313.84497	282.36063	2.3748	0.9712	1.0795
179.9774	127.22449	289.86609	290.00000	2.3958	1.0515	1.0510
180.1298	125.98239	273.84497	290.24109	2.4194	1.1130	1.0502
180.2822	124.34603	278.18182	293.03363	2.4512	1.0957	1.0402
180.4346	124.04823	278.18182	282.79758	2.4571	1.0957	1.0778
180.5870	125.29034	262.22205	255.89149	2.4327	1.1624	1.1911
180.7394	128.78009	231.98090	222.37067	2.3668	1.3139	1.3707
180.8918	135.43961	236.20091	209.54800	2.2504	1.2904	1.4546
181.0442	139.52689	315.38361	286.50934	2.1845	0.9664	1.0638
181.1966	137.32288	366.99905	380.95432	2.2196	0.8305	0.8001
181.3490	134.75789	363.54834	416.02206	2.2618	0.8384	0.7327
181.5014	134.15770	360.00000	357.70969	2.2720	0.8467	0.8521
181.6538	131.32288	355.36652	322.86288	2.3210	0.8577	0.9441
181.8062	129.06679	324.53210	284.49524	2.3616	0.9392	1.0714
181.9586	130.14468	272.23166	258.60373	2.3420	1.1196	1.1786
182.1110	131.60574	246.12250	265.69061	2.3160	1.2384	1.1472
182.2634	131.07330	254.32724	281.69763	2.3254	1.1985	1.0820
182.4158	129.64287	261.81818	279.87946	2.3511	1.1642	1.0890
182.5682	128.67905	262.84784	277.39828	2.3687	1.1596	1.0988
182.7206	127.95177	263.63635	266.60474	2.3821	1.1561	1.1433
182.8730	128.04822	262.60669	270.78354	2.3804	1.1607	1.1256
183.0254	128.36363	259.75885	282.11954	2.3745	1.1734	1.0804
183.1778	129.08440	263.84497	286.48419	2.3612	1.1552	1.0639
183.3302	130.04823	274.87463	287.63937	2.3437	1.1089	1.0597
183.4826	129.95177	280.00000	280.00000	2.3455	1.0886	1.0886
183.6350	128.70967	280.00000	278.79456	2.3681	1.0886	1.0933
183.7874	126.45551	280.00000	260.91409	2.4103	1.0886	1.1682
183.9398	124.96383	280.00000	244.44499	2.4391	1.0886	1.2469
184.0922	124.10947	280.00000	191.45654	2.4559	1.0886	1.5920
184.2446	125.18085	247.05080	185.27875	2.4349	1.2338	1.6451
184.3970	130.68822	206.37325	168.91512	2.3323	1.4769	1.8045
184.5494	142.34027	180.64502	152.85284	2.1413	1.6873	1.9941
184.7018	155.52306	158.67372	143.32497	1.9598	1.9209	2.1266
184.8542	162.16879	153.08899	165.32898	1.8795	1.9910	1.8436
185.0066	163.47865	161.63252	176.72527	1.8645	1.8858	1.7247
185.1590	163.32747	171.51195	183.56604	1.8662	1.7771	1.6604
185.3114	165.15024	242.38258	215.91666	1.8456	1.2575	1.4117
185.4638	167.85991	360.56439	332.58334	1.8158	0.8453	0.9165
185.6162	169.44804	478.74622	449.25000	1.7988	0.6367	0.6785
185.7686	170.72076	545.95978	561.97894	1.7854	0.5583	0.5424
185.9210	170.96384	586.49756	617.32294	1.7828	0.5197	0.4937
186.0734	170.72728	632.89368	646.34857	1.7853	0.4816	0.4716
186.2258	170.52135	656.45166	684.90710	1.7875	0.4643	0.4450
186.3782	170.36363	662.05933	691.32599	1.7891	0.4604	0.4409
186.5306	170.56956	662.60669	710.30133	1.7870	0.4600	0.4291
186.6830	170.72728	663.87750	714.90710	1.7853	0.4591	0.4263
186.8354	170.72728	651.03925	719.33704	1.7853	0.4682	0.4237
186.9878	169.59465	626.61438	705.35913	1.7972	0.4864	0.4321
187.1402	168.31541	607.09668	641.62732	1.8109	0.5021	0.4750
187.2926	168.00000	625.22675	666.35358	1.8143	0.4875	0.4574
187.4450	167.38220	653.29761	689.70868	1.8210	0.4666	0.4419
187.5974	166.18832	663.08899	660.06024	1.8341	0.4597	0.4618
187.7498	165.63637	654.12823	660.96936	1.8402	0.4660	0.4611
187.9022	166.04823	651.11768	662.05927	1.8356	0.4681	0.4604
188.0546	166.56956	655.45453	667.08185	1.8299	0.4650	0.4569
188.2070	166.93321	654.93970	688.43292	1.8259	0.4654	0.4427
188.3594	167.81168	654.54547	665.58014	1.8163	0.4657	0.4579
188.5118	168.67253	623.65564	652.79761	1.8071	0.4887	0.4669
188.6642	168.60019	580.43640	628.66400	1.8078	0.5251	0.4848
188.8166	168.56956	557.73206	635.87640	1.8082	0.5465	0.4793
188.9690	167.59465	553.87750	642.90308	1.8187	0.5503	0.4741
189.1214	166.31541	557.34222	656.97638	1.8327	0.5469	0.4639
189.2738	166.20593	560.67560	640.00000	1.8339	0.5436	0.4763
189.4262	166.56956	564.00891	641.68756	1.8299	0.5404	0.4750
189.5786	166.52135	544.34650	666.11749	1.8304	0.5599	0.4576
189.7310	166.15770	516.85553	674.97235	1.8344	0.5897	0.4516
189.8834	166.00000	545.50708	671.97888	1.8361	0.5587	0.4536
190.0358	166.41187	611.41614	725.33398	1.8316	0.4985	0.4202
190.1882	167.03616	619.40674	721.40631	1.8248	0.4921	0.4225
190.3406	167.47865	576.35034	686.80566	1.8199	0.5288	0.4438
190.4930	167.43044	552.36554	643.44550	1.8205	0.5518	0.4737
190.6454	167.68459	583.97882	662.92822	1.8177	0.5219	0.4598
190.7978	167.58813	628.01904	614.36469	1.8187	0.4853	0.4961
190.9502	166.96384	626.88806	609.82922	1.8255	0.4862	0.4998
191.1026	166.31541	606.70239	579.28680	1.8327	0.5024	0.5262
191.2550	166.00000	563.44702	546.58960	1.8361	0.5410	0.5576
191.4074	166.00000	532.36554	588.30237	1.8361	0.5725	0.5181
191.5598	166.00000	543.38562	588.01105	1.8361	0.5609	0.5184
191.7122	166.00000	554.66602	561.68756	1.8361	0.5495	0.5427
191.8646	166.00000	555.45453	585.45453	1.8361	0.5487	0.5206
192.0170	166.00000	555.45453	585.45453	1.8361	0.5487	0.5206
192.1694	166.00000	555.45453	585.45453	1.8361	0.5487	0.5206
192.3218	166.00000	555.45453	585.45453	1.8361	0.5487	0.5206
192.4742	166.00000	555.45453	585.45453	1.8361	0.5487	0.5206
192.6266	166.00000	555.45453	585.45453	1.8361	0.5487	0.5206
192.7790	166.00000	555.45453	585.45453	1.8361	0.5487	0.5206
