HOLE:	U1353C
EXPEDITION:	317
TOP:	142.1134
BOTTOM:	249.7078
DEPTH_WMSF	FX	FY	FZ	FNOR	FINC	RB	P1AZ	HAZI	AX	AY	AZ	DEVI
m	oer	oer	oer	oer	deg	deg	deg	deg	m/s2	m/s2	m/s2	deg
142.1134	0.132680	-0.146617	-0.493595	0.531796	-67.8696	286.7509	72.7674	146.0181	-0.0332	-0.1108	9.7374	0.5859
142.2658	0.131010	-0.147933	-0.493629	0.531796	-67.8696	286.7509	72.7674	146.0181	-0.0398	-0.0985	9.7732	0.5859
142.4182	0.132078	-0.147188	-0.493662	0.531796	-67.8696	286.7509	72.7674	146.0181	-0.0337	-0.0899	9.8435	0.5859
142.5706	0.132460	-0.146748	-0.493661	0.531796	-67.8696	286.7509	72.7674	146.0181	-0.0448	-0.1016	9.8276	0.5859
142.7230	0.133337	-0.145995	-0.493660	0.531796	-67.8696	286.7509	72.7674	146.0181	-0.0364	-0.0825	9.8246	0.5859
142.8754	0.133425	-0.145991	-0.493672	0.531796	-67.8696	286.7509	72.7674	146.0181	-0.0358	-0.0834	9.8686	0.5859
143.0278	0.133363	-0.146218	-0.493650	0.531796	-67.8696	286.7509	72.7674	146.0181	-0.0268	-0.0956	9.7960	0.5859
143.1802	0.132779	-0.146661	-0.493661	0.531796	-67.8696	286.7509	72.7674	146.0181	-0.0391	-0.0927	9.8818	0.5859
143.3326	0.134845	-0.144707	-0.493661	0.531796	-67.8696	286.7509	72.7674	146.0181	-0.0253	-0.0844	9.8747	0.5859
143.4850	0.134531	-0.144902	-0.493747	0.531802	-67.8723	286.7440	72.6917	145.9492	-0.0318	-0.0820	9.8786	0.5860
143.6374	0.134537	-0.144806	-0.493741	0.531818	-67.8716	286.7444	72.4544	145.7110	-0.0183	-0.1024	9.8139	0.5862
143.7898	0.134678	-0.144508	-0.493432	0.531817	-67.8684	286.7162	72.4486	145.7329	-0.0192	-0.0995	9.8357	0.5866
143.9422	0.132521	-0.146546	-0.493738	0.531820	-67.8735	286.5241	72.5271	146.0041	-0.0332	-0.0849	9.8934	0.5846
144.0946	0.129136	-0.149545	-0.493666	0.531821	-67.8724	287.1248	73.1605	146.0375	-0.0325	-0.0934	9.8503	0.5780
144.2470	0.129198	-0.149558	-0.493591	0.531817	-67.8729	287.9764	74.3373	146.3619	-0.0298	-0.0977	9.8435	0.5748
144.3994	0.129156	-0.149524	-0.493708	0.531817	-67.8755	287.9063	74.4944	146.5889	-0.0255	-0.0986	9.7611	0.5703
144.5518	0.129374	-0.149460	-0.493747	0.531825	-67.8740	287.5328	74.4773	146.9449	-0.0241	-0.1011	9.7513	0.5668
144.7042	0.129723	-0.149195	-0.493667	0.531835	-67.8735	286.5772	74.3972	147.8202	-0.0276	-0.1061	9.6717	0.5631
144.8566	0.127059	-0.151615	-0.493832	0.531847	-67.8724	286.6524	74.4401	147.7882	-0.0159	-0.1035	9.8820	0.5607
145.0090	0.128123	-0.150875	-0.493738	0.531853	-67.8737	287.3129	74.9553	147.6428	-0.0001	-0.0865	9.9444	0.5574
145.1614	0.127995	-0.150694	-0.493625	0.531866	-67.8720	287.4657	74.9418	147.4767	-0.0191	-0.0874	9.9484	0.5538
145.3138	0.128086	-0.150675	-0.493680	0.531876	-67.8699	287.4000	74.9950	147.5963	-0.0169	-0.0923	9.8299	0.5501
145.4662	0.128021	-0.150711	-0.493631	0.531895	-67.8706	287.3983	74.8989	147.5008	-0.0183	-0.0908	9.8128	0.5474
145.6186	0.126970	-0.150997	-0.494010	0.531899	-67.8735	288.0594	74.9544	146.8956	-0.0279	-0.0909	9.7970	0.5470
145.7710	0.125034	-0.152926	-0.494010	0.531904	-67.8748	288.7712	75.2281	146.4572	-0.0712	-0.0902	9.8988	0.5447
145.9234	0.125132	-0.153961	-0.493727	0.531911	-67.8769	289.7497	75.9120	146.1631	-0.0397	-0.0720	9.9078	0.5415
146.0758	0.128656	-0.150865	-0.493700	0.531919	-67.8761	290.0868	76.0110	145.9245	-0.0347	-0.0922	9.8504	0.5389
146.2282	0.129084	-0.150272	-0.493666	0.531928	-67.8769	289.3504	75.0976	145.7472	-0.0424	-0.0828	9.8206	0.5369
146.3806	0.130207	-0.149393	-0.493628	0.531944	-67.8785	289.4538	74.6659	145.2130	-0.0497	-0.0926	9.8104	0.5334
146.5330	0.131777	-0.148140	-0.493782	0.531951	-67.8767	289.5276	74.2071	144.6806	-0.0728	-0.0886	9.8237	0.5314
146.6854	0.135875	-0.144358	-0.493627	0.531956	-67.8787	289.3118	73.5073	144.1962	-0.0485	-0.0959	9.9577	0.5354
146.8378	0.142895	-0.137115	-0.493647	0.531967	-67.8800	288.3473	71.9430	143.5967	-0.0339	-0.0889	10.0013	0.5382
146.9902	0.142888	-0.137050	-0.493616	0.531972	-67.8801	286.8339	69.9355	143.1019	-0.0210	-0.0949	9.8223	0.5411
147.1426	0.142777	-0.137053	-0.493822	0.531972	-67.8820	286.8475	69.1175	142.2706	-0.0170	-0.0909	9.8210	0.5439
147.2950	0.143527	-0.136878	-0.493725	0.531978	-67.8845	287.5278	69.1493	141.6224	-0.0377	-0.0652	9.7390	0.5470
147.4474	0.148696	-0.132266	-0.493496	0.531980	-67.8859	287.0728	68.6778	141.6056	-0.0388	-0.0300	9.6096	0.5492
147.5998	0.151787	-0.127995	-0.493651	0.531983	-67.8862	285.7719	67.3254	141.5538	-0.0585	-0.0673	9.6120	0.5516
147.7522	0.155484	-0.122789	-0.493679	0.531987	-67.8880	284.2628	65.5843	141.3220	-0.0202	-0.0940	9.9043	0.5539
147.9046	0.157044	-0.120608	-0.493745	0.531989	-67.8887	282.8815	63.9410	141.0604	-0.0179	-0.0946	9.8371	0.5557
148.0570	0.156958	-0.120624	-0.493745	0.531991	-67.8888	281.9138	63.0388	141.1251	-0.0172	-0.0959	9.8215	0.5543
148.2094	0.157266	-0.120216	-0.493665	0.531998	-67.8883	281.5370	62.8736	141.3364	-0.0182	-0.0928	9.7543	0.5505
148.3618	0.161265	-0.114409	-0.493928	0.532006	-67.8890	281.1290	62.5437	141.4156	-0.0107	-0.0971	9.7980	0.5486
148.5142	0.161813	-0.113684	-0.494018	0.532018	-67.8906	279.6242	61.1120	141.4892	0.0035	-0.1219	9.8065	0.5471
148.6666	0.161818	-0.114512	-0.493710	0.532026	-67.8928	278.9911	60.4721	141.4814	-0.0114	-0.0977	9.8911	0.5459
148.8190	0.161798	-0.114394	-0.493681	0.532033	-67.8947	278.9494	60.5711	141.6219	-0.0126	-0.0881	9.8299	0.5464
148.9714	0.161912	-0.114433	-0.493802	0.532042	-67.8963	278.7411	60.5971	141.8562	-0.0114	-0.0801	9.8210	0.5510
149.1238	0.161717	-0.114646	-0.493756	0.532057	-67.8970	278.3650	60.5364	142.1722	-0.0044	-0.0785	9.8919	0.5513
149.2762	0.162069	-0.114199	-0.493753	0.532075	-67.8966	278.2155	60.5914	142.3770	-0.0172	-0.0894	9.8279	0.5498
149.4286	0.162380	-0.113305	-0.493747	0.532095	-67.8974	277.7936	60.5486	142.7547	-0.0072	-0.0901	9.7633	0.5484
149.5810	0.162331	-0.113158	-0.493971	0.532117	-67.8980	277.4791	60.3025	142.8228	-0.0042	-0.0871	9.8307	0.5486
149.7334	0.161266	-0.114624	-0.493891	0.532133	-67.8974	277.0285	60.1965	143.1687	-0.0217	-0.0867	9.8654	0.5459
149.8858	0.160313	-0.116155	-0.493922	0.532143	-67.8991	277.4189	60.6629	143.2438	-0.0157	-0.1001	9.8051	0.5439
150.0382	0.160058	-0.116198	-0.494025	0.532156	-67.8998	277.9200	61.1931	143.2726	-0.0066	-0.0965	9.7233	0.5423
150.1906	0.160477	-0.115489	-0.494099	0.532169	-67.9006	277.4962	61.2691	143.7735	-0.0120	-0.0932	9.9245	0.5441
150.3430	0.159389	-0.117505	-0.493847	0.532182	-67.9043	276.9950	61.1077	144.1142	-0.0052	-0.0924	9.9615	0.5429
150.4954	0.159507	-0.116917	-0.494199	0.532194	-67.9062	277.3809	61.6387	144.2581	-0.0014	-0.0771	9.8784	0.5414
150.6478	0.159404	-0.117039	-0.494197	0.532208	-67.9075	276.8629	61.5366	144.6729	-0.0206	-0.0966	9.7159	0.5416
150.8002	0.157889	-0.119740	-0.494157	0.532227	-67.9064	276.7416	61.6041	144.8630	0.0003	-0.0816	9.6849	0.5437
150.9526	0.157653	-0.119512	-0.494054	0.532237	-67.9055	276.9638	62.3675	145.4037	-0.0131	-0.1044	9.7400	0.5451
151.1050	0.158034	-0.118651	-0.494201	0.532244	-67.9062	276.6213	62.4397	145.8189	-0.0045	-0.0845	9.7589	0.5431
151.2574	0.160402	-0.115523	-0.494193	0.532248	-67.9068	276.0166	62.0873	146.0710	-0.0112	-0.1090	9.8681	0.5417
151.4098	0.160917	-0.114850	-0.494148	0.532251	-67.9076	274.6732	61.1546	146.4822	0.0023	-0.0871	9.9545	0.5380
151.5622	0.160471	-0.115175	-0.494224	0.532253	-67.9077	274.1883	60.9411	146.7533	-0.0167	-0.0943	9.8939	0.5360
151.7146	0.161000	-0.114940	-0.494166	0.532254	-67.9092	273.9402	60.8835	146.9429	-0.0118	-0.1005	9.8915	0.5370
151.8670	0.161347	-0.114127	-0.494187	0.532250	-67.9092	273.6422	60.8048	147.1637	-0.0188	-0.0939	9.7840	0.5379
152.0194	0.161961	-0.113495	-0.494237	0.532250	-67.9085	273.2014	60.5831	147.3829	-0.0083	-0.1070	9.7932	0.5386
152.1718	0.162109	-0.113060	-0.494123	0.532248	-67.9103	272.7110	60.3101	147.5994	0.0099	-0.0953	9.8258	0.5382
152.3242	0.162801	-0.112109	-0.494196	0.532248	-67.9108	272.6426	60.1332	147.4918	0.0038	-0.0891	9.8377	0.5396
152.4766	0.163040	-0.111461	-0.494194	0.532257	-67.9085	272.3969	59.8257	147.4297	-0.0022	-0.0961	9.8330	0.5406
152.6290	0.164086	-0.109892	-0.494190	0.532264	-67.9085	272.1580	59.6154	147.4586	0.0133	-0.0872	9.8681	0.5399
152.7814	0.164463	-0.109237	-0.494202	0.532272	-67.9094	271.8738	59.2029	147.3297	0.0016	-0.0862	9.8381	0.5373
152.9338	0.167059	-0.105458	-0.494189	0.532282	-67.9073	271.4237	58.6460	147.2235	-0.0134	-0.0907	9.8356	0.5336
153.0862	0.166959	-0.105831	-0.494165	0.532288	-67.9058	270.3999	57.8244	147.4249	0.0070	-0.1091	9.7961	0.5303
153.2386	0.168231	-0.103950	-0.494216	0.532289	-67.9065	269.9437	57.5789	147.6356	0.0059	-0.1055	9.7555	0.5269
153.3910	0.166998	-0.105836	-0.494234	0.532285	-67.9088	269.4428	57.1373	147.6955	0.0073	-0.0873	9.8146	0.5243
153.5434	0.167530	-0.105430	-0.494220	0.532282	-67.9090	269.7472	57.3245	147.5776	-0.0050	-0.0941	9.8148	0.5244
153.6958	0.167537	-0.105508	-0.494245	0.532283	-67.9076	269.7917	57.4679	147.6758	-0.0195	-0.0934	9.8373	0.5262
153.8482	0.167655	-0.105165	-0.494239	0.532284	-67.9071	269.4710	57.3825	147.9127	-0.0016	-0.0990	9.9484	0.5270
154.0006	0.168300	-0.104472	-0.494096	0.532279	-67.9103	269.3972	57.3917	147.9954	-0.0084	-0.0801	9.9382	0.5281
154.1530	0.169190	-0.102770	-0.494238	0.532278	-67.9086	269.3132	57.0487	147.7348	-0.0120	-0.0666	9.8972	0.5284
154.3054	0.170628	-0.100353	-0.494202	0.532280	-67.9070	268.5109	56.5474	148.0375	0.0115	-0.0752	9.8763	0.5280
154.4578	0.172431	-0.096545	-0.494256	0.532279	-67.9083	267.5525	55.7495	148.1965	0.0202	-0.0757	9.7652	0.5276
154.6102	0.174694	-0.092518	-0.494149	0.532275	-67.9085	266.1889	54.5438	148.3549	0.0215	-0.0717	9.7487	0.5256
154.7626	0.176192	-0.089085	-0.494125	0.532269	-67.9066	264.2773	53.1441	148.8674	0.0096	-0.0901	9.7485	0.5226
154.9150	0.176565	-0.088407	-0.494202	0.532265	-67.9053	262.7320	52.0405	149.3081	0.0146	-0.0941	9.8267	0.5229
155.0674	0.176544	-0.088364	-0.494298	0.532263	-67.9053	262.2014	51.7929	149.5907	0.0216	-0.0793	9.7714	0.5217
155.2198	0.176326	-0.088624	-0.494208	0.532261	-67.9079	262.0211	51.7473	149.7251	0.0053	-0.0737	9.7947	0.5207
155.3722	0.175884	-0.089798	-0.494226	0.532260	-67.9078	262.2563	51.8722	149.6153	0.0203	-0.0748	9.8238	0.5164
155.5246	0.177439	-0.086797	-0.494199	0.532260	-67.9061	262.2600	52.1909	149.9295	0.0072	-0.0766	9.9138	0.5187
155.6770	0.179468	-0.082035	-0.494267	0.532258	-67.9077	261.1169	51.2558	150.1384	0.0241	-0.0800	9.8940	0.5202
155.8294	0.179768	-0.081283	-0.494343	0.532260	-67.9091	260.0881	49.9372	149.8483	0.0283	-0.0791	9.8328	0.5192
155.9818	0.180486	-0.080107	-0.494294	0.532265	-67.9086	259.8714	49.5573	149.6859	0.0139	-0.0891	9.8255	0.5189
156.1342	0.182436	-0.076381	-0.494172	0.532271	-67.9081	259.3747	49.0584	149.6839	0.0073	-0.0732	9.9385	0.5176
156.2866	0.183021	-0.074762	-0.494192	0.532279	-67.9089	258.4782	48.0554	149.5765	0.0048	-0.0677	9.9188	0.5156
156.4390	0.183673	-0.073766	-0.494159	0.532286	-67.9103	258.1601	47.4360	149.2749	0.0001	-0.0812	9.8492	0.5120
156.5914	0.183931	-0.072883	-0.494203	0.532296	-67.9094	258.1656	47.0852	148.9192	0.0235	-0.0918	9.7844	0.5101
156.7438	0.183809	-0.073369	-0.494178	0.532309	-67.9077	258.0905	46.9114	148.8211	0.0145	-0.0878	9.9630	0.5091
156.8962	0.183722	-0.073422	-0.494204	0.532321	-67.9073	258.3531	46.9347	148.5805	0.0046	-0.0862	9.8561	0.5084
157.0486	0.183443	-0.074373	-0.494217	0.532333	-67.9073	258.7208	46.9532	148.2314	0.0159	-0.0917	9.7499	0.5081
157.2010	0.183220	-0.074803	-0.494204	0.532341	-67.9070	259.4802	47.1689	147.6878	0.0225	-0.0852	9.6388	0.5077
157.3534	0.182493	-0.076232	-0.494175	0.532348	-67.9066	260.3054	47.3852	147.0788	0.0161	-0.0694	9.6533	0.5088
157.5058	0.182508	-0.076428	-0.494175	0.532358	-67.9071	261.0416	47.7104	146.6674	0.0136	-0.0812	9.8847	0.5083
157.6582	0.182491	-0.076603	-0.494355	0.532368	-67.9075	261.4747	47.8910	146.4160	0.0090	-0.0851	9.8282	0.5061
157.8106	0.182498	-0.076671	-0.494254	0.532371	-67.9067	261.6994	47.9347	146.2359	0.0152	-0.0880	9.8263	0.5056
157.9630	0.182949	-0.076017	-0.494156	0.532377	-67.9055	261.8334	47.9507	146.1170	0.0096	-0.0880	9.8601	0.5071
158.1154	0.182873	-0.076001	-0.494144	0.532383	-67.9055	261.8300	47.8405	146.0105	0.0031	-0.0796	9.8739	0.5078
158.2678	0.183356	-0.074740	-0.494282	0.532388	-67.9058	261.8352	47.6800	145.8456	0.0085	-0.0931	9.8035	0.5071
158.4202	0.184309	-0.072158	-0.494096	0.532394	-67.9042	261.5239	47.2813	145.7583	0.0173	-0.0790	9.7568	0.5073
158.5726	0.185399	-0.069375	-0.494131	0.532399	-67.9014	260.8308	46.6220	145.7913	0.0165	-0.0804	9.7876	0.5086
158.7250	0.186248	-0.067482	-0.494186	0.532407	-67.9024	260.1691	45.8305	145.6610	0.0190	-0.0891	9.8334	0.5086
158.8774	0.186602	-0.066647	-0.494200	0.532414	-67.9018	259.7696	45.1429	145.3731	0.0162	-0.0854	9.8275	0.5077
159.0298	0.186564	-0.066571	-0.494213	0.532420	-67.9003	259.6769	44.8773	145.2005	0.0160	-0.0835	9.8239	0.5080
159.1822	0.187117	-0.065326	-0.494219	0.532424	-67.8992	259.7130	44.7845	145.0720	0.0136	-0.0830	9.8510	0.5088
159.3346	0.187354	-0.064056	-0.494395	0.532431	-67.8945	259.4983	44.5441	145.0457	0.0117	-0.0732	9.7473	0.5091
159.4870	0.188865	-0.059923	-0.494285	0.532440	-67.8965	258.8331	43.9124	145.0791	0.0243	-0.0742	9.8041	0.5074
159.6394	0.189242	-0.058735	-0.494212	0.532453	-67.8962	258.2320	43.0021	144.7697	0.0220	-0.0832	9.8711	0.5033
159.7918	0.189535	-0.058121	-0.494173	0.532469	-67.8948	257.8035	42.3999	144.5967	0.0226	-0.0864	9.8382	0.4987
159.9442	0.189427	-0.058196	-0.494185	0.532486	-67.8956	257.8966	42.2646	144.3675	0.0337	-0.0860	9.8294	0.4942
160.0966	0.189571	-0.058081	-0.494203	0.532495	-67.8952	258.1359	42.2458	144.1097	0.0363	-0.0944	9.8382	0.4914
160.2490	0.188706	-0.060721	-0.494186	0.532501	-67.8963	258.6509	42.3677	143.7174	0.0317	-0.0947	9.7061	0.4913
160.4014	0.187532	-0.064453	-0.494172	0.532507	-67.8952	259.6211	43.0072	143.3865	0.0357	-0.0944	9.6952	0.4925
160.5538	0.186382	-0.068077	-0.494177	0.532512	-67.8971	261.2600	44.2929	143.0335	0.0012	-0.0914	9.8407	0.4931
160.7062	0.186595	-0.068242	-0.494209	0.532517	-67.8987	262.6619	45.1344	142.4713	0.0074	-0.0738	9.8579	0.4930
160.8586	0.186502	-0.068555	-0.494134	0.532522	-67.8983	263.2526	45.2908	142.0368	0.0065	-0.0764	9.7976	0.4930
161.0110	0.186312	-0.068727	-0.494149	0.532526	-67.8985	263.7225	45.3910	141.6674	0.0091	-0.0805	9.8082	0.4957
161.1634	0.185265	-0.070727	-0.494172	0.532527	-67.9000	264.1691	45.4233	141.2530	-0.0085	-0.1092	9.8902	0.4984
161.3158	0.183550	-0.075815	-0.494171	0.532527	-67.9013	264.9776	46.0950	141.1164	0.0097	-0.0816	9.8956	0.4993
161.4682	0.182552	-0.077986	-0.494116	0.532521	-67.9024	266.6210	47.6945	141.0744	0.0169	-0.0873	10.0472	0.5012
161.6206	0.182492	-0.077757	-0.494208	0.532512	-67.9034	267.2903	48.3921	141.1024	-0.0039	-0.0860	9.8749	0.5032
161.7730	0.181812	-0.079518	-0.494173	0.532510	-67.9076	267.0828	48.3224	141.2387	-0.0075	-0.0800	9.7499	0.5025
161.9254	0.181674	-0.079828	-0.494122	0.532501	-67.9094	268.0825	48.8208	140.7383	0.0040	-0.0733	9.7527	0.5056
162.0778	0.179594	-0.084137	-0.494328	0.532490	-67.9109	268.0713	49.0783	141.0075	0.0120	-0.0571	9.5837	0.5083
162.2302	0.176500	-0.090465	-0.494272	0.532487	-67.9127	269.3174	50.2902	140.9727	0.0156	-0.0854	9.6869	0.5109
162.3826	0.175268	-0.092543	-0.494211	0.532484	-67.9130	271.0829	52.0163	140.9332	-0.0027	-0.0882	9.8289	0.5136
162.5350	0.174738	-0.092650	-0.494282	0.532483	-67.9145	272.2383	53.1345	140.8969	-0.0034	-0.0898	9.8244	0.5167
162.6874	0.174840	-0.092565	-0.494169	0.532474	-67.9123	272.3374	53.1837	140.8459	0.0057	-0.1001	9.8019	0.5199
162.8398	0.175496	-0.091520	-0.494241	0.532466	-67.9162	272.0057	53.1528	141.1475	0.0099	-0.1068	9.7517	0.5264
162.9922	0.178580	-0.085297	-0.494561	0.532456	-67.9145	271.3434	52.5681	141.2243	0.0021	-0.1059	9.7598	0.5313
163.1446	0.179074	-0.084345	-0.494200	0.532446	-67.9133	269.6117	51.1463	141.5338	-0.0147	-0.0815	9.8441	0.5376
163.2970	0.179367	-0.084823	-0.494252	0.532438	-67.9140	268.6886	50.4940	141.8054	-0.0022	-0.0837	9.9845	0.5442
163.4494	0.179367	-0.084901	-0.494328	0.532433	-67.9166	268.7845	50.7267	141.9427	0.0013	-0.0864	9.8255	0.5504
163.6018	0.179458	-0.084716	-0.494175	0.532422	-67.9183	268.7241	50.6568	141.9326	-0.0035	-0.0803	9.8913	0.5549
163.7542	0.179406	-0.084072	-0.494226	0.532423	-67.9161	268.7464	50.5987	141.8517	-0.0032	-0.0854	9.7802	0.5607
163.9066	0.180652	-0.080312	-0.494231	0.532423	-67.9149	268.4761	50.2574	141.7805	0.0113	-0.1120	9.6746	0.5659
164.0590	0.178246	-0.085188	-0.494164	0.532433	-67.9144	268.3100	49.9898	141.6792	-0.0012	-0.0989	9.8168	0.5671
164.2114	0.177831	-0.087209	-0.494254	0.532435	-67.9154	269.1586	50.6591	141.5002	-0.0018	-0.1005	9.8658	0.5677
164.3638	0.177056	-0.087849	-0.494255	0.532430	-67.9126	270.0388	51.4546	141.4160	0.0010	-0.1002	9.8331	0.5683
164.5162	0.176021	-0.089974	-0.494470	0.532441	-67.9135	270.4843	51.8652	141.3810	0.0018	-0.1094	9.8373	0.5683
164.6686	0.175344	-0.091247	-0.494611	0.532437	-67.9140	271.3156	52.4214	141.1059	-0.0035	-0.1113	9.8695	0.5696
164.8210	0.176002	-0.090753	-0.494168	0.532432	-67.9136	271.7641	52.7434	140.9794	-0.0194	-0.0990	9.6343	0.5715
164.9734	0.175894	-0.091082	-0.494185	0.532427	-67.9133	271.7592	52.7879	141.0287	-0.0170	-0.1172	9.8574	0.5727
165.1258	0.178179	-0.086650	-0.494104	0.532425	-67.9141	271.5012	52.5412	141.0405	-0.0043	-0.1098	9.8994	0.5739
165.2782	0.178943	-0.084988	-0.494253	0.532432	-67.9149	270.7990	51.7000	140.9019	0.0002	-0.0909	9.8260	0.5717
165.4306	0.178907	-0.084785	-0.494174	0.532439	-67.9134	270.0411	50.8398	140.7989	-0.0006	-0.0921	9.7087	0.5659
165.5830	0.179561	-0.083774	-0.494175	0.532449	-67.9141	269.9575	50.6313	140.6738	0.0119	-0.0842	9.6861	0.5600
165.7354	0.180510	-0.082333	-0.494174	0.532457	-67.9145	269.7984	50.2833	140.4848	0.0375	-0.0765	9.7465	0.5556
165.8878	0.180937	-0.080962	-0.494003	0.532462	-67.9152	269.5871	49.8763	140.2892	-0.0109	-0.1005	9.8427	0.5501
166.0402	0.181225	-0.080082	-0.494174	0.532470	-67.9144	269.4395	49.4779	140.0395	0.0032	-0.0858	9.7816	0.5444
166.1926	0.181234	-0.080160	-0.494249	0.532486	-67.9127	269.2671	49.2438	139.9775	0.0047	-0.0933	9.7686	0.5380
166.3450	0.181852	-0.079526	-0.494222	0.532494	-67.9145	269.1839	49.1382	139.9543	-0.0071	-0.0884	9.7430	0.5312
166.4974	0.181816	-0.078904	-0.494174	0.532503	-67.9153	269.1421	48.9560	139.8139	0.0015	-0.0994	9.7967	0.5254
166.6498	0.181824	-0.079299	-0.494263	0.532506	-67.9152	269.1292	48.8337	139.7052	0.0032	-0.0869	9.6605	0.5228
166.8022	0.181863	-0.078858	-0.494140	0.532512	-67.9148	269.2023	48.8499	139.6482	0.0000	-0.0964	9.6875	0.5224
166.9546	0.181764	-0.078981	-0.494289	0.532515	-67.9158	269.2790	48.7963	139.5177	0.0059	-0.0877	9.7713	0.5225
167.1070	0.180796	-0.081453	-0.494181	0.532508	-67.9169	269.5736	48.9423	139.3688	-0.0022	-0.0973	9.8660	0.5231
167.2594	0.181341	-0.080665	-0.494322	0.532512	-67.9142	269.9217	49.3097	139.3880	-0.0022	-0.0902	9.8816	0.5233
167.4118	0.181310	-0.080670	-0.494174	0.532510	-67.9165	269.9897	49.4206	139.4306	0.0055	-0.0884	9.8565	0.5238
167.5642	0.182070	-0.078786	-0.494149	0.532517	-67.9153	269.8114	49.2134	139.4014	0.0022	-0.0948	9.7274	0.5235
167.7166	0.183753	-0.074570	-0.494250	0.532524	-67.9137	269.0211	48.5330	139.5112	-0.0123	-0.0781	9.7579	0.5246
167.8690	0.183541	-0.074705	-0.494292	0.532526	-67.9124	268.0951	47.6950	139.5995	0.0053	-0.0955	9.8637	0.5253
168.0214	0.183769	-0.074705	-0.494144	0.532526	-67.9129	267.8348	47.4491	139.6143	0.0031	-0.0924	9.7878	0.5262
168.1738	0.183705	-0.074619	-0.494151	0.532530	-67.9126	267.7998	47.4544	139.6558	-0.0100	-0.1064	9.7152	0.5269
168.3262	0.184311	-0.073587	-0.494141	0.532530	-67.9121	267.6449	47.3648	139.7200	-0.0070	-0.0949	9.6415	0.5266
168.4786	0.185399	-0.070313	-0.494165	0.532539	-67.9115	267.2530	46.9372	139.6829	-0.0042	-0.1092	9.5847	0.5273
168.6310	0.186436	-0.067513	-0.494158	0.532539	-67.9114	266.3914	46.0458	139.6532	-0.0094	-0.0868	9.7791	0.5278
168.7834	0.185797	-0.069166	-0.494226	0.532534	-67.9125	265.8951	45.4684	139.5733	0.0171	-0.0990	10.0873	0.5290
168.9358	0.185965	-0.069458	-0.494316	0.532531	-67.9130	266.1688	45.6391	139.4715	0.0062	-0.0924	9.8271	0.5306
169.0882	0.185950	-0.069385	-0.494082	0.532535	-67.9109	266.3822	45.7857	139.4038	0.0114	-0.0891	9.8261	0.5338
169.2406	0.185480	-0.069988	-0.494161	0.532542	-67.9112	266.5417	45.8439	139.3020	0.0076	-0.0865	9.8504	0.5368
169.3930	0.185021	-0.071317	-0.494215	0.532543	-67.9113	266.9952	46.0615	139.0673	-0.0039	-0.0960	9.8685	0.5380
169.5454	0.183094	-0.076590	-0.494246	0.532544	-67.9115	267.8952	46.7822	138.8873	0.0086	-0.0942	9.8000	0.5395
169.6978	0.183121	-0.076491	-0.494213	0.532550	-67.9108	269.0017	47.7313	138.7286	-0.0020	-0.0942	9.8911	0.5410
169.8502	0.183071	-0.076513	-0.494448	0.532550	-67.9121	269.5825	48.0879	138.5049	0.0004	-0.0925	9.8257	0.5431
170.0026	0.182991	-0.076554	-0.494181	0.532554	-67.9124	269.8105	48.0612	138.2502	-0.0094	-0.0915	9.7724	0.5456
170.1550	0.182373	-0.077600	-0.494214	0.532553	-67.9139	270.1908	48.1666	137.9760	-0.0091	-0.0939	9.7899	0.5482
170.3074	0.182460	-0.078434	-0.494366	0.532545	-67.9157	270.6959	48.4242	137.7282	0.0107	-0.1033	9.8748	0.5487
170.4598	0.181290	-0.080453	-0.494257	0.532542	-67.9174	271.1936	48.7488	137.5547	-0.0047	-0.0899	9.8980	0.5496
170.6122	0.181342	-0.080692	-0.494142	0.532543	-67.9171	271.8092	49.2102	137.4016	-0.0040	-0.1010	9.8680	0.5509
170.7646	0.181355	-0.080548	-0.494148	0.532541	-67.9186	272.1874	49.4558	137.2683	0.0004	-0.0977	9.8393	0.5525
170.9170	0.181340	-0.080702	-0.494137	0.532542	-67.9193	272.2312	49.3399	137.1080	-0.0093	-0.0955	9.7798	0.5537
171.0694	0.181291	-0.080793	-0.494174	0.532536	-67.9204	272.3413	49.3771	137.0351	-0.0141	-0.1054	9.6056	0.5539
171.2218	0.180668	-0.081744	-0.494078	0.532530	-67.9220	272.4988	49.5123	137.0136	-0.0204	-0.1018	9.6270	0.5526
171.3742	0.179625	-0.083646	-0.494175	0.532527	-67.9209	272.6544	49.7333	137.0788	-0.0092	-0.0908	9.7275	0.5521
171.5266	0.179966	-0.083197	-0.494172	0.532535	-67.9205	272.6810	50.0047	137.3228	-0.0042	-0.0918	9.8281	0.5503
171.6790	0.180157	-0.083099	-0.494145	0.532530	-67.9247	272.7483	50.1914	137.4432	-0.0031	-0.0934	9.8257	0.5457
171.8314	0.180049	-0.083264	-0.494267	0.532530	-67.9241	272.7206	50.1448	137.4257	-0.0013	-0.0878	9.6672	0.5423
171.9838	0.180478	-0.082015	-0.494181	0.532537	-67.9249	272.5944	50.0586	137.4652	-0.0166	-0.1022	9.7795	0.5399
172.1362	0.181341	-0.080137	-0.494142	0.532543	-67.9253	272.2752	49.7215	137.4470	0.0089	-0.1011	10.0055	0.5343
172.2886	0.181316	-0.080277	-0.494257	0.532553	-67.9248	271.8588	49.3603	137.5025	-0.0040	-0.0870	9.9022	0.5264
172.4410	0.182535	-0.077777	-0.494138	0.532566	-67.9254	271.4728	49.0395	137.5676	-0.0058	-0.0754	9.8436	0.5180
172.5934	0.183128	-0.076451	-0.494296	0.532572	-67.9234	270.8366	48.5083	137.6724	-0.0086	-0.1087	9.8744	0.5106
172.7458	0.182726	-0.076911	-0.494427	0.532576	-67.9243	270.2542	47.9746	137.7213	0.0087	-0.0843	9.8922	0.5052
172.8982	0.181826	-0.079339	-0.494256	0.532588	-67.9238	270.5346	48.1495	137.6151	0.0028	-0.0725	9.8691	0.5000
173.0506	0.180770	-0.082068	-0.494270	0.532600	-67.9243	271.2966	48.8869	137.5905	0.0039	-0.0948	9.8097	0.4943
173.2030	0.178694	-0.086646	-0.494240	0.532607	-67.9244	272.1818	49.8302	137.6496	-0.0164	-0.0863	9.8032	0.4858
173.3554	0.176587	-0.091202	-0.494251	0.532620	-67.9226	273.5776	51.2740	137.6974	-0.0116	-0.0732	9.9082	0.4761
173.5078	0.176733	-0.091123	-0.494223	0.532638	-67.9225	274.6953	52.3062	137.6120	-0.0124	-0.0683	9.8274	0.4673
173.6602	0.178316	-0.088098	-0.494175	0.532648	-67.9203	274.7944	52.2735	137.4802	-0.0059	-0.0558	9.7672	0.4606
173.8126	0.181092	-0.081539	-0.494154	0.532661	-67.9193	273.8024	51.2353	137.4331	0.0037	-0.0819	9.8188	0.4564
173.9650	0.185488	-0.071827	-0.494134	0.532668	-67.9199	271.5231	48.9314	137.4077	0.0019	-0.0828	9.9057	0.4516
174.1174	0.185443	-0.071369	-0.494261	0.532659	-67.9198	269.5635	46.7965	137.2328	0.0023	-0.0752	9.8378	0.4490
174.2698	0.185450	-0.071186	-0.494171	0.532658	-67.9178	269.1284	46.2318	137.1037	0.0020	-0.0687	9.8042	0.4503
174.4222	0.185397	-0.071957	-0.494224	0.532657	-67.9195	269.1852	46.2458	137.0610	0.0042	-0.0528	9.7903	0.4511
174.5746	0.184789	-0.074219	-0.494141	0.532657	-67.9190	269.4660	46.5109	137.0456	-0.0015	-0.0709	9.8204	0.4510
174.7270	0.182992	-0.078730	-0.494135	0.532656	-67.9181	270.1567	47.2682	137.1116	-0.0016	-0.0715	9.8747	0.4532
174.8794	0.181956	-0.080682	-0.494043	0.532655	-67.9178	271.2433	48.3364	137.0929	-0.0007	-0.0761	9.8166	0.4575
175.0318	0.181232	-0.080788	-0.494180	0.532650	-67.9173	271.9359	49.0292	137.0945	0.0010	-0.0770	9.8098	0.4603
175.1842	0.181369	-0.080831	-0.494225	0.532651	-67.9180	272.1625	49.2306	137.0698	0.0035	-0.0758	9.8683	0.4606
175.3366	0.182182	-0.078666	-0.494173	0.532653	-67.9169	272.0594	49.0385	136.9802	-0.0046	-0.0806	9.8545	0.4607
175.4890	0.182534	-0.078227	-0.494222	0.532662	-67.9177	271.7162	48.5464	136.8306	0.0022	-0.0898	9.8608	0.4607
175.6414	0.182415	-0.077957	-0.494173	0.532674	-67.9156	271.8382	48.3132	136.4748	-0.0022	-0.0897	9.8132	0.4604
175.7938	0.183086	-0.077396	-0.494249	0.532680	-67.9134	272.3249	48.2836	135.9585	-0.0083	-0.0872	9.7675	0.4620
175.9462	0.186520	-0.068412	-0.494182	0.532685	-67.9143	272.0729	47.5553	135.4823	0.0100	-0.0874	9.8420	0.4640
176.0986	0.188686	-0.062462	-0.494247	0.532681	-67.9140	270.1468	45.4918	135.3450	-0.0076	-0.0968	9.9578	0.4658
176.2510	0.190177	-0.058188	-0.494165	0.532681	-67.9152	268.0428	43.4406	135.3977	0.0053	-0.0781	9.9025	0.4678
176.4034	0.190691	-0.056909	-0.494087	0.532679	-67.9148	267.0075	42.3919	135.3842	0.0063	-0.0749	9.8095	0.4698
176.5558	0.191189	-0.055530	-0.494186	0.532682	-67.9145	266.5362	41.8171	135.2809	0.0037	-0.0838	9.8093	0.4714
176.7082	0.192174	-0.052589	-0.494169	0.532693	-67.9137	266.1179	41.2691	135.1518	-0.0033	-0.0768	9.7801	0.4714
176.8606	0.192278	-0.052731	-0.494157	0.532697	-67.9125	265.6483	40.7615	135.1140	-0.0017	-0.0706	9.8648	0.4701
177.0130	0.193054	-0.050843	-0.493788	0.532701	-67.9115	265.2772	40.4058	135.1281	-0.0005	-0.0744	9.8005	0.4690
177.1654	0.193125	-0.048603	-0.494179	0.532700	-67.9107	264.7425	39.8670	135.1238	-0.0020	-0.0773	9.8500	0.4689
177.3178	0.193590	-0.045879	-0.494263	0.532702	-67.9100	264.0735	39.2122	135.1392	0.0167	-0.0768	9.8060	0.4699
177.4702	0.193129	-0.046837	-0.494181	0.532702	-67.9089	263.6131	38.8373	135.2240	0.0117	-0.0799	9.8963	0.4717
177.6226	0.193164	-0.046808	-0.494325	0.532702	-67.9063	263.4276	38.8314	135.4039	0.0113	-0.0824	9.8368	0.4757
177.7750	0.193166	-0.047323	-0.494138	0.532698	-67.9049	263.3426	38.8870	135.5454	0.0134	-0.0799	9.7656	0.4807
177.9274	0.192737	-0.048499	-0.494214	0.532696	-67.9057	263.4375	39.0879	135.6514	0.0086	-0.0794	9.8006	0.4847
178.0798	0.191948	-0.051195	-0.494173	0.532693	-67.9063	263.6268	39.5160	135.8901	0.0187	-0.0848	9.8158	0.4890
178.2322	0.191610	-0.052010	-0.494173	0.532695	-67.9088	263.6931	40.0474	136.3549	0.0128	-0.0899	9.8283	0.4931
178.3846	0.192616	-0.048265	-0.494257	0.532706	-67.9126	263.1590	40.1354	136.9767	0.0101	-0.0924	9.8926	0.4974
178.5370	0.192567	-0.049333	-0.494292	0.532714	-67.9124	262.0317	39.6688	137.6368	0.0086	-0.0868	10.0002	0.5019
178.6894	0.192454	-0.049225	-0.494404	0.532721	-67.9128	261.4029	39.5196	138.1158	0.0143	-0.0924	9.8267	0.5061
178.8418	0.192489	-0.049373	-0.494228	0.532735	-67.9125	261.2914	39.6558	138.3632	0.0155	-0.0923	9.8253	0.5091
178.9942	0.192312	-0.049538	-0.494141	0.532746	-67.9131	261.1139	39.6612	138.5474	0.0099	-0.0878	9.9264	0.5114
179.1466	0.190876	-0.054433	-0.494349	0.532766	-67.9151	261.4004	40.0726	138.6723	0.0071	-0.0897	9.8148	0.5143
179.2990	0.188786	-0.060797	-0.494664	0.532768	-67.9165	262.6355	41.4525	138.8168	0.0079	-0.0927	9.7912	0.5165
179.4514	0.188559	-0.061103	-0.494756	0.532773	-67.9177	264.0099	42.9435	138.9343	0.0116	-0.0832	9.9226	0.5183
179.6038	0.188432	-0.061077	-0.494748	0.532775	-67.9189	264.3431	43.3793	139.0372	0.0125	-0.0863	9.8525	0.5200
179.7562	0.188658	-0.061157	-0.494730	0.532778	-67.9205	264.0677	43.2612	139.1934	0.0137	-0.0847	9.8249	0.5210
179.9086	0.188814	-0.061078	-0.494742	0.532785	-67.9222	263.8150	43.2300	139.4142	0.0128	-0.0875	9.8301	0.5208
180.0610	0.188989	-0.061157	-0.494594	0.532790	-67.9235	263.3633	43.2143	139.8505	0.0111	-0.0866	9.7998	0.5210
180.2134	0.188313	-0.061739	-0.494756	0.532792	-67.9263	262.9733	43.2489	140.2756	0.0107	-0.0892	9.7903	0.5205
180.3658	0.187815	-0.063733	-0.494677	0.532808	-67.9285	262.9888	43.6217	140.6331	0.0086	-0.0823	9.8421	0.5181
180.5182	0.187338	-0.064876	-0.494349	0.532816	-67.9291	263.0652	44.1260	141.0612	0.0009	-0.0835	10.0876	0.5159
180.6706	0.187709	-0.064165	-0.494550	0.532803	-67.9279	262.8004	44.2351	141.4351	0.0063	-0.0893	9.8419	0.5139
180.8230	0.187221	-0.064655	-0.494365	0.532785	-67.9267	262.6282	44.2284	141.6005	0.0077	-0.0901	9.7799	0.5140
180.9754	0.187216	-0.064648	-0.494377	0.532767	-67.9251	262.7534	44.3152	141.5620	0.0047	-0.0900	9.5370	0.5158
181.1278	0.187015	-0.064430	-0.494961	0.532750	-67.9262	262.8542	44.2842	141.4301	-0.0067	-0.0072	9.3012	0.5161
181.2802	0.186555	-0.066456	-0.494741	0.532749	-67.9272	263.3512	44.7564	141.4056	0.0219	-0.0902	10.0013	0.5167
181.4326	0.187130	-0.065236	-0.494436	0.532747	-67.9291	263.3901	44.9300	141.5406	0.0148	-0.0830	9.8344	0.5193
181.5850	0.187144	-0.064639	-0.494672	0.532741	-67.9314	262.7731	44.5172	141.7444	0.0143	-0.0830	9.8161	0.5218
181.7374	0.187251	-0.064407	-0.494611	0.532717	-67.9309	262.2014	44.3755	142.1733	0.0155	-0.0849	9.8002	0.5285
181.8898	0.187931	-0.063213	-0.494351	0.532705	-67.9303	261.5263	44.2190	142.6920	0.0121	-0.0866	9.7942	0.5411
182.0422	0.188605	-0.060823	-0.494426	0.532695	-67.9314	260.7684	43.8177	143.0488	0.0129	-0.0899	9.8431	0.5548
182.1946	0.190239	-0.056448	-0.494148	0.532688	-67.9313	259.7486	42.9993	143.2502	0.0194	-0.0918	9.8508	0.5685
182.3470	0.190030	-0.056908	-0.494504	0.532689	-67.9316	258.6639	42.0435	143.3792	0.0178	-0.0831	9.8744	0.5805
182.4994	0.188960	-0.058755	-0.494762	0.532685	-67.9326	258.7483	42.1030	143.3543	0.0189	-0.0975	9.8616	0.5917
182.6518	0.188984	-0.058518	-0.494759	0.532685	-67.9337	259.6444	42.6991	143.0538	0.0170	-0.0940	9.8271	0.6014
182.8042	0.188659	-0.058109	-0.494766	0.532695	-67.9345	259.9721	42.6588	142.6852	0.0195	-0.0960	9.8053	0.6079
182.9566	0.187869	-0.058231	-0.494847	0.532697	-67.9347	260.1664	42.6353	142.4677	0.0311	-0.1195	9.8469	0.6135
183.1090	0.187178	-0.060623	-0.494942	0.532695	-67.9347	260.5681	42.8906	142.3227	0.0253	-0.1171	9.8315	0.6176
183.2614	0.185708	-0.065531	-0.494894	0.532696	-67.9356	261.5835	43.7372	142.1542	0.0177	-0.1347	9.8444	0.6202
183.4138	0.184510	-0.069390	-0.494732	0.532692	-67.9368	263.0597	45.0416	141.9823	0.0131	-0.1314	9.8456	0.6218
183.5662	0.183903	-0.071241	-0.494812	0.532687	-67.9382	264.3142	46.1388	141.8242	0.0093	-0.1252	9.8561	0.6219
183.7186	0.183672	-0.072138	-0.494759	0.532686	-67.9389	265.0533	46.7215	141.6690	0.0070	-0.1244	9.8165	0.6222
183.8710	0.183232	-0.074027	-0.494731	0.532676	-67.9387	265.3335	47.0268	141.6936	0.0057	-0.1192	9.7971	0.6280
184.0234	0.182592	-0.076040	-0.494793	0.532665	-67.9378	266.3364	47.5735	141.2360	0.0005	-0.1038	9.8005	0.6281
184.1758	0.182499	-0.076600	-0.494687	0.532665	-67.9362	267.5807	48.0861	140.5056	0.0074	-0.0987	9.8062	0.6259
184.3282	0.181410	-0.079266	-0.494681	0.532673	-67.9351	268.6881	48.3742	139.6857	0.0033	-0.0946	9.8466	0.6221
184.4806	0.180739	-0.080679	-0.494372	0.532685	-67.9353	270.6526	49.1635	138.5114	0.0012	-0.0926	9.8335	0.6109
184.6330	0.180758	-0.081346	-0.494257	0.532693	-67.9355	272.0426	49.5915	137.5488	-0.0023	-0.0918	9.8035	0.5989
184.7854	0.180430	-0.082633	-0.494205	0.532697	-67.9350	272.7303	49.7413	137.0109	-0.0074	-0.0886	9.8139	0.5856
184.9378	0.179370	-0.084121	-0.494574	0.532701	-67.9352	273.4940	50.1781	136.6851	-0.0050	-0.1004	9.7396	0.5717
185.0902	0.179698	-0.083218	-0.494226	0.532697	-67.9344	274.0199	50.4363	136.4169	-0.0007	-0.1015	9.9197	0.5573
185.2426	0.181737	-0.081324	-0.494156	0.532692	-67.9343	273.8661	50.0175	136.1520	-0.0183	-0.0918	9.8750	0.5417
185.3950	0.182009	-0.081154	-0.494094	0.532682	-67.9341	273.6018	49.5328	135.9307	-0.0202	-0.0854	9.8069	0.5275
185.5474	0.183034	-0.079186	-0.494120	0.532669	-67.9333	273.4162	49.1863	135.7703	-0.0199	-0.0862	9.7997	0.5168
185.6998	0.184236	-0.075634	-0.494066	0.532664	-67.9317	272.9483	48.4988	135.5500	-0.0172	-0.0890	9.8337	0.5090
185.8522	0.185171	-0.071944	-0.494318	0.532662	-67.9309	272.1702	47.4676	135.2976	-0.0067	-0.0915	9.8352	0.5031
186.0046	0.185985	-0.069520	-0.494233	0.532674	-67.9298	271.3784	46.4557	135.0782	0.0062	-0.0833	9.8190	0.4976
186.1570	0.186048	-0.068284	-0.494411	0.532686	-67.9291	270.8723	45.8255	134.9545	0.0061	-0.0880	9.8016	0.4921
186.3094	0.188971	-0.061040	-0.494173	0.532699	-67.9274	269.7245	44.7251	135.0018	0.0065	-0.0760	10.0242	0.4871
186.4618	0.189147	-0.060703	-0.494171	0.532696	-67.9264	268.6187	43.4511	134.8331	0.0058	-0.0753	9.8266	0.4800
186.6142	0.189070	-0.060894	-0.494265	0.532702	-67.9257	268.2263	43.0423	134.8168	0.0058	-0.0755	9.8267	0.4720
186.7666	0.189465	-0.059945	-0.494230	0.532699	-67.9256	267.6721	43.0050	135.3325	0.0076	-0.0746	9.7353	0.4655
186.9190	0.192307	-0.051084	-0.494202	0.532689	-67.9252	265.9782	42.0746	136.0965	0.0068	-0.0811	9.8388	0.4609
187.0714	0.192231	-0.050274	-0.494437	0.532683	-67.9252	263.4674	40.3857	136.9196	0.0094	-0.0758	9.9435	0.4565
187.2238	0.192474	-0.049902	-0.494230	0.532682	-67.9241	262.2175	39.8010	137.5831	0.0103	-0.0744	9.8272	0.4516
187.3762	0.192556	-0.049773	-0.494333	0.532692	-67.9234	261.8893	39.6891	137.7996	0.0106	-0.0769	9.7654	0.4468
187.5286	0.192514	-0.049010	-0.494213	0.532693	-67.9214	261.8876	39.6313	137.7444	0.0138	-0.0781	9.7845	0.4445
187.6810	0.193235	-0.046326	-0.494158	0.532702	-67.9206	261.5212	39.2258	137.7039	0.0135	-0.0732	9.8146	0.4434
187.8334	0.193766	-0.044393	-0.494285	0.532723	-67.9191	260.7812	38.5308	137.7497	0.0115	-0.0684	9.7911	0.4435
187.9858	0.193743	-0.044145	-0.494269	0.532739	-67.9186	260.2881	38.1107	137.8225	0.0116	-0.0729	9.8710	0.4442
188.1382	0.193768	-0.043950	-0.494225	0.532746	-67.9193	260.0464	37.9438	137.8958	0.0130	-0.0743	9.8379	0.4446
188.2906	0.193763	-0.043924	-0.494309	0.532754	-67.9206	259.9695	37.9088	137.9378	0.0155	-0.0733	9.8245	0.4446
188.4430	0.193836	-0.043797	-0.494361	0.532761	-67.9208	259.8539	37.9060	138.0519	0.0116	-0.0762	9.7609	0.4451
188.5954	0.193751	-0.043953	-0.494204	0.532755	-67.9212	259.6606	37.7933	138.1333	0.0163	-0.0700	9.7521	0.4466
188.7478	0.193699	-0.044266	-0.494273	0.532748	-67.9219	259.9398	38.0353	138.0961	0.0136	-0.0766	9.8331	0.4465
188.9002	0.193999	-0.043174	-0.494746	0.532744	-67.9228	260.0327	38.0243	137.9907	0.0137	-0.0745	9.8640	0.4480
189.0526	0.193967	-0.042894	-0.494634	0.532743	-67.9231	259.7893	37.6781	137.8880	0.0116	-0.0760	9.8530	0.4495
189.2050	0.193742	-0.043851	-0.494410	0.532738	-67.9218	259.6905	37.6755	137.9836	0.0144	-0.0759	9.7287	0.4511
189.3574	0.193663	-0.043992	-0.494459	0.532731	-67.9214	260.0780	37.8875	137.8107	0.0147	-0.0767	9.7254	0.4508
189.5098	0.193848	-0.043484	-0.494583	0.532719	-67.9204	261.1769	37.9380	136.7612	0.0089	-0.0739	9.7263	0.4461
189.6622	0.193268	-0.046143	-0.494247	0.532706	-67.9185	261.7060	37.9669	136.2609	0.0109	-0.0779	9.8892	0.4430
189.8146	0.191382	-0.053131	-0.494228	0.532689	-67.9175	263.2317	38.9750	135.7431	0.0089	-0.0803	10.0267	0.4394
189.9670	0.191371	-0.053392	-0.494145	0.532681	-67.9178	265.3363	40.5762	135.2407	0.0078	-0.0813	9.8278	0.4355
190.1194	0.191392	-0.053480	-0.494233	0.532683	-67.9181	265.8837	40.7157	134.8315	0.0072	-0.0796	9.8263	0.4314
190.2718	0.190978	-0.054378	-0.494158	0.532676	-67.9181	266.2965	40.8042	134.5087	0.0125	-0.0831	9.7504	0.4314
190.4242	0.189051	-0.062270	-0.494105	0.532658	-67.9183	267.2099	41.5926	134.3824	0.0253	-0.0546	9.7178	0.4317
190.5766	0.187021	-0.070236	-0.493526	0.532646	-67.9184	269.4795	43.8260	134.3455	-0.0095	-0.0636	9.9122	0.4309
190.7290	0.188153	-0.066457	-0.493584	0.532633	-67.9166	270.8582	45.2613	134.4029	-0.0088	-0.0653	9.9094	0.4304
190.8814	0.188396	-0.065978	-0.493681	0.532609	-67.9173	270.0059	44.5742	134.5682	-0.0044	-0.0649	9.8285	0.4302
191.0338	0.188327	-0.065964	-0.493594	0.532598	-67.9186	269.8931	44.4285	134.5359	-0.0085	-0.0661	9.7961	0.4304
191.1862	0.189116	-0.062489	-0.494036	0.532598	-67.9186	269.7143	44.1155	134.4011	-0.0028	-0.0661	9.7832	0.4317
191.3386	0.190503	-0.057758	-0.494096	0.532601	-67.9196	268.8669	43.0897	134.2229	-0.0002	-0.0736	9.8941	0.4322
191.4910	0.190239	-0.058089	-0.494176	0.532597	-67.9211	268.0741	42.1571	134.0831	0.0082	-0.0796	9.8814	0.4299
191.6434	0.189586	-0.059551	-0.494185	0.532604	-67.9221	268.2583	42.1895	133.9316	0.0064	-0.0752	9.8280	0.4251
191.7958	0.187929	-0.064177	-0.494191	0.532599	-67.9255	269.1400	42.8638	133.7236	0.0036	-0.0696	9.8033	0.4185
191.9482	0.184663	-0.072377	-0.494246	0.532610	-67.9256	270.3023	44.5007	134.1980	0.0082	-0.0778	9.7901	0.4143
192.1006	0.180041	-0.083203	-0.494270	0.532633	-67.9282	272.6397	47.3981	134.7596	-0.0015	-0.0708	9.8183	0.4113
192.2530	0.178175	-0.087873	-0.494164	0.532649	-67.9319	275.1173	50.0930	134.9774	-0.0058	-0.0708	9.7491	0.4089
192.4054	0.177494	-0.089583	-0.494175	0.532665	-67.9349	276.0935	51.3371	135.2452	-0.0177	-0.0832	9.8179	0.4073
192.5578	0.173557	-0.096721	-0.494186	0.532672	-67.9363	277.1219	52.6184	135.4971	-0.0123	-0.0743	9.8316	0.4060
192.7102	0.170218	-0.102357	-0.494079	0.532671	-67.9374	278.8789	54.5673	135.6878	-0.0182	-0.0561	9.8238	0.4033
192.8626	0.168615	-0.105974	-0.494199	0.532667	-67.9399	280.5831	56.3186	135.7363	-0.0081	-0.0522	9.8063	0.3981
193.0150	0.168237	-0.106260	-0.494089	0.532668	-67.9400	281.4432	57.1484	135.7060	-0.0153	-0.0645	9.8332	0.3944
193.1674	0.170982	-0.102198	-0.494181	0.532666	-67.9406	281.1155	56.8507	135.7354	-0.0083	-0.0682	9.9286	0.3921
193.3198	0.172110	-0.100118	-0.494098	0.532662	-67.9436	280.2906	55.8793	135.5900	-0.0037	-0.0672	9.8883	0.3904
193.4722	0.171845	-0.100260	-0.494181	0.532661	-67.9431	279.7652	55.3945	135.6298	-0.0119	-0.0596	9.8828	0.3888
193.6246	0.171872	-0.100237	-0.494181	0.532655	-67.9433	279.3755	55.3162	135.9405	-0.0104	-0.0557	9.7900	0.3865
193.7770	0.172515	-0.099070	-0.494173	0.532650	-67.9433	278.7152	55.1467	136.4305	-0.0106	-0.0686	9.7596	0.3835
193.9294	0.172247	-0.099683	-0.494168	0.532643	-67.9431	278.0152	54.9799	136.9639	-0.0145	-0.0636	9.8473	0.3810
194.0818	0.174013	-0.096194	-0.494157	0.532645	-67.9410	277.2408	54.7319	137.4913	-0.0111	-0.0540	9.8995	0.3788
194.2342	0.175465	-0.093143	-0.494109	0.532637	-67.9408	275.9091	53.8588	137.9489	-0.0044	-0.0667	9.8203	0.3784
194.3866	0.176017	-0.092117	-0.494142	0.532646	-67.9386	274.6674	53.0197	138.3510	-0.0007	-0.0724	9.8060	0.3818
194.5390	0.176015	-0.091481	-0.494149	0.532631	-67.9375	273.7873	52.6197	138.8312	-0.0021	-0.0758	9.8552	0.3867
194.6914	0.175464	-0.091956	-0.494109	0.532614	-67.9371	273.0969	52.5315	139.4338	0.0011	-0.0801	9.8569	0.3911
194.8438	0.175517	-0.092071	-0.494299	0.532601	-67.9354	272.5375	52.6147	140.0764	0.0019	-0.0827	9.8022	0.3943
194.9962	0.175986	-0.091287	-0.494178	0.532596	-67.9325	271.9082	52.5961	140.6883	-0.0084	-0.0689	9.8830	0.3965
195.1486	0.177965	-0.087628	-0.494377	0.532587	-67.9313	271.1269	52.3369	141.2097	-0.0001	-0.0711	9.8165	0.3981
195.3010	0.184761	-0.072663	-0.494183	0.532580	-67.9289	267.2730	48.9299	141.6570	0.0045	-0.0668	9.7533	0.4002
195.4534	0.186115	-0.069143	-0.494144	0.532575	-67.9267	264.1483	46.1952	142.0464	0.0137	-0.0608	10.0594	0.4030
195.6058	0.186778	-0.068012	-0.494134	0.532578	-67.9244	263.1059	45.3955	142.2890	0.0106	-0.0670	9.9106	0.4048
195.7582	0.186634	-0.067289	-0.494178	0.532580	-67.9218	262.5284	45.0013	142.4740	0.0088	-0.0667	9.8212	0.4065
195.9106	0.186668	-0.066979	-0.494266	0.532591	-67.9187	262.1886	44.8260	142.6386	0.0135	-0.0668	9.7462	0.4074
196.0630	0.188005	-0.063664	-0.494172	0.532605	-67.9165	261.8767	44.4507	142.5742	0.0127	-0.0666	9.7731	0.4071
196.2154	0.189633	-0.058546	-0.494280	0.532618	-67.9137	261.0418	43.3863	142.3445	0.0158	-0.0655	9.8200	0.4073
196.3678	0.191967	-0.051182	-0.494173	0.532627	-67.9112	259.4894	41.5861	142.0959	0.0171	-0.0579	9.8417	0.4079
196.5202	0.193313	-0.046432	-0.494182	0.532632	-67.9064	257.8927	39.6846	141.7913	0.0217	-0.0755	9.8350	0.4084
196.6726	0.194389	-0.041137	-0.494143	0.532621	-67.9040	256.7580	38.1330	141.3756	0.0062	-0.0719	9.8881	0.4093
196.8250	0.195382	-0.036305	-0.494177	0.532617	-67.9015	255.6683	36.6621	140.9941	0.0193	-0.0703	9.8563	0.4108
196.9774	0.195906	-0.034332	-0.494149	0.532617	-67.9006	254.5144	35.4856	140.9702	0.0220	-0.0702	9.8500	0.4113
197.1298	0.195986	-0.033981	-0.494186	0.532622	-67.8997	253.9601	35.0028	141.0423	0.0202	-0.0705	9.8101	0.4114
197.2822	0.196076	-0.032838	-0.494180	0.532627	-67.8968	253.7000	34.8024	141.1012	0.0211	-0.0707	9.7868	0.4118
197.4346	0.196518	-0.030839	-0.494180	0.532634	-67.8946	253.2187	34.3950	141.1747	0.0215	-0.0724	9.8247	0.4128
197.5870	0.196813	-0.029982	-0.494116	0.532637	-67.8929	252.6192	33.8980	141.2776	0.0196	-0.0696	9.9331	0.4138
197.7394	0.197306	-0.028947	-0.493831	0.532639	-67.8912	252.1670	33.6382	141.4701	0.0146	-0.0689	9.8474	0.4145
197.8918	0.197423	-0.027343	-0.493611	0.532642	-67.8920	251.6227	33.2978	141.6737	0.0123	-0.0663	9.8754	0.4144
198.0442	0.197930	-0.019449	-0.494182	0.532643	-67.8911	250.5810	32.4703	141.8881	0.0324	-0.0665	9.7935	0.4141
198.1966	0.197871	-0.018910	-0.494233	0.532639	-67.8904	248.8430	31.0964	142.2516	0.0287	-0.0649	9.8335	0.4128
198.3490	0.197765	-0.017545	-0.494185	0.532637	-67.8913	247.8412	30.3554	142.5123	0.0303	-0.0635	9.8253	0.4106
198.5014	0.197892	-0.018706	-0.494134	0.532626	-67.8920	247.5211	30.2247	142.7027	0.0306	-0.0630	9.8079	0.4084
198.6538	0.197782	-0.019165	-0.494187	0.532625	-67.8919	247.3389	30.3960	143.0572	0.0291	-0.0707	9.7822	0.4066
198.8062	0.197512	-0.021350	-0.494194	0.532615	-67.8924	247.3101	30.7711	143.4607	0.0285	-0.0662	9.8671	0.4046
198.9586	0.197581	-0.021390	-0.494214	0.532609	-67.8939	247.2026	31.0725	143.8698	0.0293	-0.0648	9.8224	0.4022
199.1110	0.197248	-0.022207	-0.494332	0.532608	-67.8976	246.9609	31.2496	144.2886	0.0321	-0.0626	9.7880	0.3991
199.2634	0.197127	-0.024585	-0.494191	0.532619	-67.8992	246.8590	31.6156	144.7569	0.0273	-0.0673	9.8023	0.3974
199.4158	0.196485	-0.028982	-0.494156	0.532623	-67.8992	247.2416	32.4300	145.1886	0.0325	-0.0599	9.8520	0.3971
199.5682	0.196070	-0.032072	-0.494180	0.532622	-67.9013	248.2166	33.5143	145.2975	0.0259	-0.0583	9.8469	0.3963
199.7206	0.195629	-0.033753	-0.494058	0.532623	-67.9024	249.1108	34.3545	145.2435	0.0163	-0.0607	9.8209	0.3943
199.8730	0.195519	-0.034534	-0.494278	0.532628	-67.9036	249.6705	34.7836	145.1125	0.0209	-0.0582	9.8252	0.3923
200.0254	0.195516	-0.034409	-0.494088	0.532632	-67.9058	250.2269	34.9368	144.7087	0.0251	-0.0605	9.8363	0.3920
200.1778	0.195471	-0.034482	-0.494180	0.532631	-67.9077	250.7458	34.9615	144.2150	0.0245	-0.0608	9.8006	0.3927
200.3302	0.195409	-0.035280	-0.494254	0.532631	-67.9104	251.4043	35.1053	143.7007	0.0157	-0.0594	9.7358	0.3949
200.4826	0.195486	-0.035741	-0.494178	0.532631	-67.9126	252.1163	35.2589	143.1421	0.0120	-0.0667	9.8262	0.3971
200.6350	0.195088	-0.037807	-0.494105	0.532633	-67.9151	252.8881	35.4887	142.6011	0.0199	-0.0553	9.9000	0.3976
200.7874	0.194911	-0.038263	-0.494247	0.532634	-67.9182	254.0452	35.9596	141.9137	0.0173	-0.0611	9.7878	0.3995
200.9398	0.194866	-0.039286	-0.494176	0.532638	-67.9207	254.9870	36.1868	141.1996	0.0129	-0.0583	9.7645	0.4014
201.0922	0.194252	-0.042386	-0.494262	0.532645	-67.9228	255.9695	36.6474	140.6777	0.0159	-0.0723	9.8069	0.4009
201.2446	0.193559	-0.045845	-0.494249	0.532647	-67.9255	257.3926	37.5686	140.1755	0.0061	-0.0730	9.8142	0.4000
201.3970	0.191748	-0.052471	-0.494195	0.532653	-67.9272	259.3817	38.9246	139.5437	-0.0036	-0.0708	9.7609	0.3995
201.5494	0.185899	-0.069411	-0.494308	0.532660	-67.9278	262.6047	41.7248	139.1201	0.0007	-0.0627	9.7629	0.3992
201.7018	0.182788	-0.077372	-0.494223	0.532664	-67.9276	267.3130	45.9727	138.6605	-0.0085	-0.0774	9.7916	0.4005
201.8542	0.181932	-0.079885	-0.494224	0.532667	-67.9285	269.8521	48.1860	138.3344	-0.0025	-0.0667	9.8037	0.4029
202.0066	0.181338	-0.081165	-0.494147	0.532668	-67.9318	270.8900	48.8454	137.9547	0.0042	-0.0568	9.8385	0.4032
202.1590	0.181217	-0.082009	-0.494173	0.532666	-67.9344	271.5882	49.1768	137.5875	-0.0004	-0.0565	9.8305	0.4024
202.3114	0.181739	-0.080781	-0.494152	0.532664	-67.9361	271.8029	49.3050	137.5004	-0.0008	-0.0529	9.8218	0.4020
202.4638	0.181449	-0.080981	-0.494170	0.532661	-67.9385	271.6629	48.9843	137.3200	0.0050	-0.0610	9.7943	0.4032
202.6162	0.181803	-0.080712	-0.494188	0.532655	-67.9407	271.7830	49.0759	137.2914	-0.0001	-0.0667	9.8526	0.4024
202.7686	0.181778	-0.080654	-0.494132	0.532652	-67.9420	271.5125	48.9713	137.4578	-0.0016	-0.0692	9.8388	0.4000
202.9210	0.181816	-0.080724	-0.494250	0.532648	-67.9427	271.3792	48.9447	137.5667	-0.0035	-0.0639	9.7940	0.3969
203.0734	0.181892	-0.079976	-0.494162	0.532643	-67.9420	271.0341	48.9108	137.8784	0.0027	-0.0647	9.7309	0.3922
203.2258	0.183102	-0.077105	-0.494207	0.532640	-67.9415	270.3432	48.4910	138.1461	-0.0050	-0.0622	9.8208	0.3905
203.3782	0.184079	-0.074653	-0.494172	0.532639	-67.9413	269.0850	47.6391	138.5535	0.0047	-0.0610	9.9002	0.3878
203.5306	0.184363	-0.073624	-0.494267	0.532638	-67.9406	267.9741	46.9144	138.9385	0.0029	-0.0675	9.8645	0.3832
203.6830	0.184267	-0.073547	-0.494254	0.532635	-67.9396	267.4132	46.7528	139.3383	0.0040	-0.0696	9.8061	0.3815
203.8354	0.184482	-0.073434	-0.494302	0.532635	-67.9389	267.2755	46.7683	139.4925	0.0068	-0.0649	9.7972	0.3811
203.9878	0.184858	-0.072953	-0.494182	0.532635	-67.9383	266.8850	46.6117	139.7266	0.0077	-0.0632	9.8305	0.3797
204.1402	0.185228	-0.071638	-0.494222	0.532633	-67.9385	266.6506	46.4728	139.8231	0.0131	-0.0731	9.8146	0.3794
204.2926	0.185945	-0.069552	-0.494154	0.532633	-67.9385	265.9775	45.9714	139.9949	0.0060	-0.0736	9.8437	0.3793
204.4450	0.186603	-0.067666	-0.494177	0.532632	-67.9381	265.2884	45.3517	140.0632	0.0069	-0.0683	9.8182	0.3802
204.5974	0.187724	-0.064783	-0.494308	0.532638	-67.9364	264.6259	44.7170	140.0896	0.0101	-0.0638	9.8082	0.3826
204.7498	0.189149	-0.060909	-0.494146	0.532647	-67.9345	263.6237	43.6043	139.9808	0.0100	-0.0635	9.8585	0.3861
204.9022	0.189627	-0.059190	-0.494172	0.532652	-67.9321	262.9784	42.7291	139.7491	0.0093	-0.0615	9.8418	0.3900
205.0546	0.190097	-0.058602	-0.494171	0.532655	-67.9292	262.5305	42.3054	139.7746	0.0083	-0.0609	9.7981	0.3910
205.2070	0.190659	-0.056264	-0.494171	0.532658	-67.9274	262.1274	41.9589	139.8313	0.0076	-0.0622	9.7729	0.3905
205.3594	0.191937	-0.051748	-0.494276	0.532662	-67.9267	261.0754	40.9871	139.9120	0.0100	-0.0703	9.8460	0.3901
205.5118	0.193013	-0.047981	-0.494231	0.532666	-67.9258	259.8013	39.7462	139.9443	0.0093	-0.0728	9.8656	0.3909
205.6642	0.193437	-0.046221	-0.494257	0.532673	-67.9261	258.9599	38.7987	139.8370	0.0122	-0.0731	9.8409	0.3919
205.8166	0.193539	-0.046094	-0.494281	0.532674	-67.9254	258.7677	38.4841	139.7153	0.0109	-0.0746	9.7986	0.3955
205.9690	0.193720	-0.045361	-0.494251	0.532682	-67.9239	258.8675	38.3439	139.4759	0.0078	-0.0737	9.8019	0.4012
206.1214	0.194219	-0.043433	-0.494174	0.532683	-67.9230	258.9653	38.0148	139.0493	0.0124	-0.0739	9.7920	0.4095
206.2738	0.193789	-0.043983	-0.494182	0.532682	-67.9229	259.2180	37.7866	138.5690	0.0191	-0.0679	9.8094	0.4191
206.4262	0.193760	-0.044298	-0.494147	0.532682	-67.9226	259.7709	37.9225	138.1518	0.0148	-0.0619	9.8793	0.4290
206.5786	0.193705	-0.044002	-0.494271	0.532677	-67.9218	260.1054	37.9319	137.8258	0.0165	-0.0623	9.8009	0.4392
206.7310	0.193544	-0.045339	-0.494258	0.532680	-67.9219	260.5479	38.0976	137.5491	0.0145	-0.0675	9.8219	0.4484
206.8834	0.192849	-0.046313	-0.494187	0.532679	-67.9221	261.1302	38.4338	137.3024	0.0134	-0.0699	9.8211	0.4545
207.0358	0.193154	-0.045613	-0.494232	0.532681	-67.9218	261.3621	38.5106	137.1478	0.0169	-0.0816	9.7752	0.4564
207.1882	0.193641	-0.044699	-0.494328	0.532678	-67.9221	261.2778	38.3503	137.0731	0.0113	-0.0826	9.7558	0.4558
207.3406	0.193154	-0.047506	-0.494142	0.532676	-67.9218	261.3736	38.4352	137.0628	0.0047	-0.0903	9.8343	0.4546
207.4930	0.192556	-0.047452	-0.494258	0.532673	-67.9225	261.7477	38.8606	137.1137	0.0065	-0.0913	9.8586	0.4522
207.6454	0.192924	-0.047474	-0.494132	0.532676	-67.9240	261.9537	39.0086	137.0549	0.0081	-0.0926	9.7846	0.4505
207.7978	0.192537	-0.048061	-0.494270	0.532684	-67.9247	262.1105	39.0541	136.9427	0.0091	-0.0920	9.7830	0.4488
207.9502	0.191948	-0.050569	-0.494417	0.532683	-67.9236	262.5613	39.4128	136.8511	0.0107	-0.0875	9.8088	0.4471
208.1026	0.191383	-0.053895	-0.494142	0.532683	-67.9245	263.4774	40.2406	136.7626	0.0077	-0.0789	9.9184	0.4447
208.2550	0.191211	-0.054552	-0.494184	0.532685	-67.9233	264.1441	40.8857	136.7404	0.0064	-0.0715	9.8668	0.4419
208.4074	0.191402	-0.054498	-0.494116	0.532686	-67.9238	264.3263	41.0335	136.7054	0.0070	-0.0730	9.8193	0.4370
208.5598	0.191285	-0.054954	-0.494238	0.532686	-67.9254	264.2941	41.0438	136.7484	0.0051	-0.0718	9.7846	0.4300
208.7122	0.190802	-0.055237	-0.494138	0.532685	-67.9270	264.2216	41.1200	136.8990	0.0098	-0.0653	9.8996	0.4210
208.8646	0.190686	-0.056956	-0.494253	0.532687	-67.9285	264.2023	41.4166	137.2134	0.0101	-0.0591	9.8369	0.4111
209.0170	0.190100	-0.058483	-0.494248	0.532690	-67.9291	264.2036	41.8496	137.6440	0.0081	-0.0588	9.8306	0.4008
209.1694	0.189789	-0.059263	-0.494125	0.532690	-67.9310	264.1086	42.1762	138.0668	0.0086	-0.0595	9.8434	0.3901
209.3218	0.189565	-0.060539	-0.494167	0.532693	-67.9316	263.9594	42.4452	138.4848	0.0088	-0.0592	9.8217	0.3794
209.4742	0.188106	-0.064673	-0.494143	0.532693	-67.9318	264.2171	43.1012	138.8842	0.0087	-0.0591	9.7073	0.3712
209.6266	0.185430	-0.071245	-0.494171	0.532690	-67.9337	265.6420	44.6920	139.0496	0.0102	-0.0603	9.8623	0.3675
209.7790	0.184227	-0.074715	-0.494371	0.532686	-67.9361	267.2579	46.2495	138.9927	0.0061	-0.0630	9.9152	0.3665
209.9314	0.184040	-0.075367	-0.494171	0.532677	-67.9366	267.9508	46.9744	139.0229	-0.0037	-0.0593	9.8785	0.3668
210.0838	0.183084	-0.076953	-0.494172	0.532672	-67.9374	268.4301	47.4610	139.0297	0.0045	-0.0598	9.8668	0.3687
210.2362	0.183059	-0.077624	-0.494402	0.532668	-67.9392	268.8927	47.7789	138.8870	0.0074	-0.0647	9.8699	0.3715
210.3886	0.182500	-0.078296	-0.494179	0.532659	-67.9396	269.2831	48.0484	138.7665	0.0032	-0.0607	9.8097	0.3755
210.5410	0.182370	-0.079202	-0.494326	0.532656	-67.9404	269.6350	48.2869	138.6535	0.0035	-0.0585	9.7545	0.3791
210.6934	0.181265	-0.081747	-0.494180	0.532656	-67.9407	270.2215	48.7906	138.5686	0.0056	-0.0617	9.9270	0.3823
210.8458	0.181332	-0.081391	-0.494216	0.532651	-67.9416	270.8214	49.2704	138.4491	-0.0145	-0.0706	9.8115	0.3851
210.9982	0.180036	-0.083999	-0.494174	0.532650	-67.9428	271.2608	49.5568	138.2957	-0.0091	-0.0700	9.8830	0.3874
211.1506	0.180178	-0.083377	-0.494116	0.532644	-67.9422	271.6347	49.8835	138.2475	-0.0073	-0.0737	9.8106	0.3898
211.3030	0.180534	-0.082674	-0.494170	0.532646	-67.9423	271.5431	49.7852	138.2412	-0.0026	-0.0727	9.8408	0.3921
211.4554	0.180354	-0.083361	-0.494250	0.532651	-67.9421	271.5600	49.6022	138.0417	-0.0048	-0.0721	9.9195	0.3947
211.6078	0.179452	-0.085098	-0.494188	0.532651	-67.9420	272.2638	50.0556	137.7917	-0.0038	-0.0699	9.9036	0.3964
211.7602	0.178941	-0.086609	-0.494172	0.532654	-67.9414	272.9338	50.5227	137.5905	-0.0034	-0.0728	9.8806	0.3983
211.9126	0.178164	-0.088077	-0.494175	0.532647	-67.9423	273.6392	51.0340	137.3946	-0.0053	-0.0675	9.8976	0.4004
212.0650	0.176639	-0.090586	-0.494140	0.532651	-67.9439	274.4633	51.6182	137.1540	-0.0004	-0.0670	9.8806	0.4014
212.2174	0.173123	-0.097408	-0.494166	0.532652	-67.9440	275.9364	53.0359	137.0983	-0.0107	-0.0674	9.7975	0.4011
212.3698	0.171281	-0.100912	-0.494153	0.532648	-67.9448	277.6682	54.8520	137.1835	-0.0091	-0.0661	9.9063	0.3991
212.5222	0.171252	-0.100862	-0.494335	0.532651	-67.9463	278.1746	55.4861	137.3116	-0.0054	-0.0718	9.8259	0.3960
212.6746	0.170255	-0.102731	-0.494229	0.532656	-67.9470	278.3125	55.6876	137.3752	-0.0118	-0.0722	9.7646	0.3928
212.8270	0.169482	-0.103816	-0.494186	0.532657	-67.9463	278.6462	56.1607	137.5153	-0.0120	-0.0606	9.9957	0.3899
212.9794	0.170156	-0.102420	-0.494116	0.532657	-67.9474	278.6079	56.2945	137.6863	-0.0075	-0.0624	9.6498	0.3865
213.1318	0.170498	-0.102042	-0.494189	0.532655	-67.9490	278.2736	56.0763	137.8038	-0.0112	-0.0652	9.8972	0.3839
213.2842	0.170498	-0.102043	-0.494183	0.532655	-67.9496	278.0124	55.9154	137.9027	-0.0127	-0.0634	9.8257	0.3818
213.4366	0.170592	-0.101586	-0.494317	0.532652	-67.9517	277.7964	55.8598	138.0619	-0.0099	-0.0666	9.8059	0.3789
213.5890	0.171188	-0.100490	-0.494104	0.532654	-67.9525	277.3964	55.6628	138.2673	-0.0139	-0.0654	9.8416	0.3763
213.7414	0.172358	-0.098798	-0.494264	0.532653	-67.9537	276.8936	55.2063	138.3132	0.0010	-0.0629	9.7967	0.3748
213.8938	0.173028	-0.097852	-0.494365	0.532650	-67.9541	276.3047	54.7513	138.4475	-0.0045	-0.0672	9.8108	0.3724
214.0462	0.173584	-0.096435	-0.494181	0.532644	-67.9532	275.4396	54.1975	138.7576	0.0025	-0.0602	9.8483	0.3695
214.1986	0.174526	-0.094608	-0.494221	0.532643	-67.9545	274.9953	53.9405	138.9438	-0.0023	-0.0589	9.9777	0.3668
214.3510	0.174640	-0.094409	-0.494262	0.532643	-67.9538	274.2367	53.4781	139.2420	-0.0040	-0.0632	9.8274	0.3642
214.5034	0.174803	-0.094284	-0.494262	0.532642	-67.9538	273.7153	53.3103	139.5961	-0.0022	-0.0620	9.8185	0.3617
214.6558	0.174803	-0.093971	-0.494185	0.532639	-67.9534	273.1875	53.1940	140.0069	-0.0098	-0.0518	9.7893	0.3601
214.8082	0.175427	-0.092851	-0.494255	0.532638	-67.9527	272.7175	53.0573	140.3391	-0.0047	-0.0511	9.8030	0.3586
214.9606	0.177963	-0.087782	-0.494182	0.532642	-67.9509	271.4522	52.1376	140.6869	-0.0047	-0.0706	9.8563	0.3564
215.1130	0.179605	-0.084837	-0.494139	0.532643	-67.9512	270.0009	50.8430	140.8421	-0.0032	-0.0697	9.8369	0.3534
215.2654	0.181847	-0.080025	-0.494104	0.532640	-67.9493	268.5392	49.6020	141.0628	0.0059	-0.0624	9.8064	0.3504
215.4178	0.183007	-0.077517	-0.494172	0.532645	-67.9481	267.1378	48.4113	141.2734	0.0016	-0.0647	9.7750	0.3477
215.5702	0.183085	-0.077265	-0.494180	0.532648	-67.9478	266.5239	47.8832	141.3577	0.0061	-0.0656	9.8610	0.3460
215.7226	0.183169	-0.076489	-0.494262	0.532647	-67.9468	266.0609	47.6861	141.6247	0.0016	-0.0589	9.8491	0.3418
215.8750	0.183609	-0.075985	-0.494142	0.532649	-67.9458	265.5172	47.4563	141.9386	0.0073	-0.0580	9.8239	0.3393
216.0274	0.184203	-0.074592	-0.494178	0.532656	-67.9444	265.2238	47.2344	142.0115	0.0036	-0.0595	9.7069	0.3393
216.1798	0.185808	-0.070629	-0.494171	0.532657	-67.9427	264.2242	46.3719	142.1476	0.0133	-0.0608	9.7201	0.3396
216.3322	0.186159	-0.069107	-0.494156	0.532665	-67.9423	263.0940	45.6120	142.5179	0.0077	-0.0539	10.1169	0.3381
216.4846	0.186678	-0.068755	-0.494119	0.532668	-67.9415	262.3730	45.1744	142.8019	0.0066	-0.0545	9.8285	0.3376
216.6370	0.186613	-0.068806	-0.494267	0.532668	-67.9412	261.9957	45.0983	143.1044	0.0067	-0.0575	9.8230	0.3374
216.7894	0.185975	-0.069466	-0.494172	0.532676	-67.9405	261.8570	45.2078	143.3504	0.0075	-0.0643	9.7645	0.3378
216.9418	0.186305	-0.068773	-0.494169	0.532676	-67.9397	261.7034	45.1945	143.4893	0.0001	-0.0308	9.8216	0.3389
217.0942	0.187747	-0.064619	-0.494146	0.532683	-67.9374	261.0156	44.5617	143.5452	0.0054	-0.0502	9.8917	0.3395
217.2466	0.189605	-0.058678	-0.494185	0.532685	-67.9359	259.4611	42.9958	143.5336	0.0095	-0.0502	9.8172	0.3398
217.3990	0.190177	-0.056484	-0.494325	0.532688	-67.9365	258.3009	41.8821	143.5793	0.0160	-0.0605	9.8475	0.3399
217.5514	0.190550	-0.055782	-0.494527	0.532690	-67.9363	257.6708	41.3590	143.6887	0.0138	-0.0569	9.8299	0.3408
217.7038	0.190760	-0.055212	-0.494332	0.532699	-67.9354	257.2526	41.1542	143.9031	0.0080	-0.0537	9.8032	0.3418
217.8562	0.191955	-0.051508	-0.494333	0.532698	-67.9364	256.6841	40.6222	143.9390	0.0098	-0.0546	9.8191	0.3444
218.0086	0.192560	-0.048644	-0.494382	0.532698	-67.9366	255.3754	39.5686	144.1922	0.0148	-0.0550	9.8611	0.3468
218.1610	0.193246	-0.045726	-0.494104	0.532713	-67.9364	254.1626	38.7357	144.5711	0.0199	-0.0647	9.8537	0.3488
218.3134	0.193678	-0.045010	-0.494228	0.532728	-67.9374	253.4709	38.1177	144.6445	0.0237	-0.0611	9.8335	0.3534
218.4658	0.193390	-0.045473	-0.494229	0.532740	-67.9390	253.2758	38.0002	144.7250	0.0182	-0.0590	9.8778	0.3562
218.6182	0.193128	-0.046074	-0.494495	0.532755	-67.9394	253.1692	38.2107	145.0405	0.0141	-0.0614	9.8254	0.3571
218.7706	0.193012	-0.046585	-0.494225	0.532778	-67.9401	253.1952	38.3292	145.1321	0.0197	-0.0556	9.7752	0.3580
218.9230	0.192180	-0.049514	-0.494328	0.532788	-67.9390	253.6881	38.7862	145.0981	0.0162	-0.0388	9.8174	0.3593
219.0754	0.191627	-0.051988	-0.494066	0.532788	-67.9377	254.4794	39.6058	145.1266	0.0063	-0.0482	9.8377	0.3596
219.2278	0.191138	-0.052593	-0.494351	0.532788	-67.9388	255.4141	40.2030	144.7891	0.0292	-0.0551	9.8682	0.3588
219.3802	0.191849	-0.050477	-0.494668	0.532784	-67.9377	255.2704	39.8923	144.6223	0.0263	-0.0595	9.8148	0.3585
219.5326	0.192418	-0.047863	-0.494645	0.532789	-67.9384	254.8607	39.3413	144.4800	0.0231	-0.0649	9.8852	0.3573
219.6850	0.192614	-0.046864	-0.494746	0.532787	-67.9400	254.3822	38.8004	144.4181	0.0223	-0.0593	9.8169	0.3563
219.8374	0.192892	-0.046573	-0.494664	0.532796	-67.9405	254.2800	38.5900	144.3089	0.0242	-0.0664	9.7130	0.3556
219.9898	0.193137	-0.046915	-0.494653	0.532798	-67.9392	254.1427	38.5403	144.3982	0.0326	-0.0631	9.8078	0.3551
220.1422	0.193171	-0.046218	-0.494426	0.532802	-67.9371	253.8486	38.5064	144.6575	0.0131	-0.0656	9.7904	0.3553
220.2946	0.195524	-0.036121	-0.494212	0.532805	-67.9365	252.3572	37.1408	144.7840	0.0285	-0.0579	9.7900	0.3550
220.4470	0.195403	-0.036752	-0.494107	0.532821	-67.9340	250.7309	35.7117	144.9816	0.0141	-0.0508	9.8263	0.3542
220.5994	0.195355	-0.036806	-0.494308	0.532826	-67.9317	250.5545	35.5238	144.9690	0.0137	-0.0561	9.8044	0.3536
220.7518	0.195415	-0.036033	-0.494268	0.532823	-67.9280	250.5560	35.4735	144.9171	0.0143	-0.0577	9.8564	0.3533
220.9042	0.195441	-0.034944	-0.494263	0.532814	-67.9251	250.2916	35.1549	144.8639	0.0196	-0.0574	9.7591	0.3518
221.0566	0.196076	-0.033457	-0.494346	0.532812	-67.9238	250.1046	34.8101	144.7050	0.0065	-0.0575	9.7637	0.3495
221.2090	0.196663	-0.028278	-0.494198	0.532809	-67.9205	249.3399	33.8537	144.5145	0.0243	-0.0556	9.9762	0.3494
221.3614	0.196680	-0.026559	-0.494474	0.532798	-67.9183	248.5705	32.9847	144.4145	0.0461	-0.0342	9.8834	0.3483
221.5138	0.197252	-0.025378	-0.494280	0.532790	-67.9163	248.0546	32.4757	144.4211	0.0358	-0.0354	9.8297	0.3463
221.6662	0.197311	-0.025431	-0.494285	0.532795	-67.9166	247.8954	32.2288	144.3336	0.0222	-0.0548	9.8516	0.3451
221.8186	0.197252	-0.025573	-0.494472	0.532808	-67.9131	247.6461	32.2304	144.5839	0.0277	-0.0526	9.8256	0.3459
221.9710	0.197267	-0.025349	-0.494328	0.532810	-67.9113	247.3339	32.2408	144.9056	0.0405	-0.0577	9.8106	0.3457
222.1234	0.197516	-0.022825	-0.494352	0.532822	-67.9089	246.5023	31.9422	145.4384	0.0246	-0.0359	9.7102	0.3447
222.2758	0.197678	-0.022343	-0.494506	0.532834	-67.9087	245.6767	31.3869	145.7106	0.0214	-0.0408	9.9112	0.3440
222.4282	0.197824	-0.019946	-0.494438	0.532834	-67.9074	244.7399	30.9224	146.1838	0.0213	-0.0435	9.6598	0.3439
222.5806	0.198421	-0.016768	-0.494194	0.532835	-67.9069	244.0699	30.3556	146.2860	0.0298	-0.0574	9.7948	0.3434
222.7330	0.198418	-0.015390	-0.494190	0.532842	-67.9066	242.8675	29.4922	146.6240	0.0247	-0.0533	9.8264	0.3412
222.8854	0.198346	-0.015396	-0.494280	0.532846	-67.9064	242.3784	29.2818	146.9031	0.0228	-0.0505	9.8254	0.3405
223.0378	0.198428	-0.015565	-0.494271	0.532850	-67.9073	242.1006	29.2887	147.1876	0.0204	-0.0617	9.6312	0.3400
223.1902	0.198501	-0.013726	-0.494230	0.532855	-67.9058	241.4263	28.9846	147.5590	0.0304	-0.0505	9.7127	0.3381
223.3426	0.198301	-0.013082	-0.494491	0.532860	-67.9044	240.9207	28.7416	147.8195	0.0363	-0.0416	10.0176	0.3373
223.4950	0.198255	-0.011212	-0.494448	0.532876	-67.9025	240.0380	28.2540	148.2149	0.0251	-0.0445	9.9718	0.3369
223.6474	0.198439	-0.010038	-0.494425	0.532885	-67.8988	239.0822	27.9151	148.8313	0.0357	-0.0483	9.8709	0.3361
223.7998	0.198572	-0.008764	-0.494273	0.532895	-67.8972	238.1103	27.4838	149.3740	0.0233	-0.0716	9.6308	0.3355
223.9522	0.198416	-0.008297	-0.494684	0.532907	-67.8964	237.5186	27.2563	149.7376	0.0359	-0.0397	9.8024	0.3349
224.1046	0.198527	-0.007632	-0.494657	0.532922	-67.8959	236.7396	27.0516	150.3106	0.0343	-0.0435	9.8300	0.3352
224.2570	0.198551	-0.006796	-0.494493	0.532932	-67.8944	235.8995	26.9561	151.0564	0.0311	-0.0444	9.6392	0.3356
224.4094	0.198930	-0.003460	-0.494599	0.532949	-67.8933	234.2229	26.0606	151.8373	0.0254	-0.0280	9.4399	0.3349
224.5618	0.198980	-0.001671	-0.494311	0.532972	-67.8928	232.8829	25.4054	152.5224	0.0352	-0.0477	9.8317	0.3346
224.7142	0.198995	-0.001706	-0.494489	0.532973	-67.8937	232.5125	25.2748	152.7628	0.0300	-0.0474	9.8258	0.3339
224.8666	0.199029	-0.001645	-0.494584	0.532972	-67.8906	231.8402	25.1805	153.3410	0.0282	-0.0228	9.7949	0.3345
225.0190	0.198897	-0.002991	-0.494689	0.532983	-67.8896	231.4989	25.3825	153.8825	0.0591	-0.0423	9.6377	0.3336
225.1714	0.198771	-0.001878	-0.494428	0.533011	-67.8881	230.5905	25.3797	154.7887	0.0364	-0.0459	9.9080	0.3321
225.3238	0.198714	0.003523	-0.494645	0.533036	-67.8867	229.3663	24.5507	155.1838	0.0289	-0.0448	9.8972	0.3319
225.4762	0.198672	0.004365	-0.494708	0.533050	-67.8836	227.9344	23.6129	155.6764	0.0380	-0.0426	9.8257	0.3324
225.6286	0.198777	0.004402	-0.494754	0.533063	-67.8814	227.3097	23.4633	156.1527	0.0403	-0.0402	9.8247	0.3312
225.7810	0.198831	0.004191	-0.494731	0.533076	-67.8814	226.9768	23.5056	156.5278	0.0515	-0.0360	9.7867	0.3310
225.9334	0.198613	0.005869	-0.494330	0.533090	-67.8807	226.0045	23.2686	157.2646	0.0213	-0.0438	9.7920	0.3308
226.0858	0.198372	0.007105	-0.494581	0.533100	-67.8812	225.1728	22.9581	157.7841	0.0305	-0.0543	9.7876	0.3305
226.2382	0.198382	0.011314	-0.494724	0.533103	-67.8824	223.8918	22.1285	158.2372	0.0426	-0.0367	9.7887	0.3314
226.3906	0.198138	0.013686	-0.494887	0.533100	-67.8838	222.2453	21.1092	158.8633	0.0411	-0.0367	9.8871	0.3302
226.5430	0.198310	0.013686	-0.494803	0.533111	-67.8823	221.1814	20.7997	159.6173	0.0439	-0.0341	9.8283	0.3300
226.6954	0.198301	0.013791	-0.494797	0.533115	-67.8821	220.7148	20.7515	160.0357	0.0546	-0.0335	9.8438	0.3295
226.8478	0.198382	0.013760	-0.494640	0.533121	-67.8811	220.2136	20.6841	160.4691	0.0433	-0.0293	9.8398	0.3279
227.0002	0.198369	0.014240	-0.494712	0.533119	-67.8805	219.7519	20.6463	160.8933	0.0364	-0.0319	9.8768	0.3266
227.1526	0.197958	0.013074	-0.494745	0.533116	-67.8789	219.5111	20.7614	161.2503	0.0672	-0.0190	9.8917	0.3260
227.3050	0.198031	0.014257	-0.494806	0.533127	-67.8784	219.0450	20.6905	161.6465	0.0436	-0.0265	9.8475	0.3267
227.4574	0.197950	0.014197	-0.494796	0.533134	-67.8800	218.4806	20.6203	162.1395	0.0424	-0.0300	9.8436	0.3264
227.6098	0.197860	0.014307	-0.494771	0.533136	-67.8799	218.0088	20.5511	162.5408	0.0413	-0.0298	9.8179	0.3273
227.7622	0.198356	0.013115	-0.494672	0.533126	-67.8800	217.9749	20.6725	162.6970	0.0391	-0.0395	9.8376	0.3296
227.9146	0.197788	0.017012	-0.494571	0.533110	-67.8825	217.6395	20.2886	162.6474	0.0438	-0.0326	9.8559	0.3313
228.0670	0.197726	0.020414	-0.494624	0.533101	-67.8837	216.6247	19.2044	162.5794	0.0446	-0.0248	9.8524	0.3335
228.2194	0.197756	0.020877	-0.494728	0.533092	-67.8851	216.1111	18.7283	162.6173	0.0438	-0.0289	9.7723	0.3362
228.3718	0.197734	0.021021	-0.494545	0.533087	-67.8869	215.7385	18.6298	162.8898	0.0498	-0.0350	9.7596	0.3378
228.5242	0.197783	0.015372	-0.494729	0.533080	-67.8891	216.4499	19.5090	163.0584	0.0438	-0.0490	9.7542	0.3377
228.6766	0.197886	0.011977	-0.494803	0.533077	-67.8885	217.2428	20.7818	163.5383	0.0471	-0.0329	9.8724	0.3385
228.8290	0.197953	0.010712	-0.494808	0.533076	-67.8886	217.7367	21.3768	163.6400	0.0469	-0.0361	9.8340	0.3385
228.9814	0.198083	0.010085	-0.494847	0.533084	-67.8869	217.7515	21.6342	163.8815	0.0526	-0.0397	9.8122	0.3388
229.1338	0.198014	0.009925	-0.494773	0.533076	-67.8882	217.3595	21.7764	164.4172	0.0472	-0.0475	9.7412	0.3391
229.2862	0.197988	0.011572	-0.494759	0.533071	-67.8877	216.4930	21.5716	165.0789	0.0444	-0.0432	9.8528	0.3401
229.4386	0.197822	0.013637	-0.494769	0.533070	-67.8876	215.3764	20.9917	165.6148	0.0447	-0.0354	9.9083	0.3421
229.5910	0.197785	0.014397	-0.494805	0.533067	-67.8887	214.6485	20.6886	166.0387	0.0494	-0.0314	9.8501	0.3443
229.7434	0.197723	0.014987	-0.494873	0.533064	-67.8889	213.7255	20.3868	166.6621	0.0519	-0.0298	9.8551	0.3456
229.8958	0.197744	0.015489	-0.494698	0.533058	-67.8873	213.0213	20.2109	167.1880	0.0549	-0.0324	9.8285	0.3464
230.0482	0.197789	0.016044	-0.494730	0.533062	-67.8862	212.5180	20.1505	167.6325	0.0498	-0.0359	9.8613	0.3451
230.2006	0.197717	0.017286	-0.494871	0.533066	-67.8838	211.5856	19.7944	168.2083	0.0631	-0.0284	9.9635	0.3436
230.3530	0.197260	0.019570	-0.494828	0.533071	-67.8827	210.6475	19.3970	168.7489	0.0562	-0.0353	10.0215	0.3409
230.5054	0.197198	0.020213	-0.494882	0.533081	-67.8797	209.4501	18.8490	169.3975	0.0526	-0.0254	9.8266	0.3383
230.6578	0.197184	0.020126	-0.494813	0.533090	-67.8780	208.6389	18.7534	170.1141	0.0537	-0.0272	9.8197	0.3344
230.8102	0.197192	0.020260	-0.494894	0.533104	-67.8748	207.7746	18.7304	170.9548	0.0522	-0.0367	9.7649	0.3310
230.9626	0.197185	0.021519	-0.494888	0.533119	-67.8722	207.1789	18.5325	171.3529	0.0570	-0.0207	9.8870	0.3285
231.1150	0.196669	0.025194	-0.494819	0.533129	-67.8700	205.9609	17.8396	171.8779	0.0558	-0.0206	9.8039	0.3257
231.2674	0.196544	0.027114	-0.494779	0.533143	-67.8686	204.6536	16.9675	172.3135	0.0526	-0.0172	9.8806	0.3227
231.4198	0.196595	0.027323	-0.494822	0.533152	-67.8657	203.6519	16.6573	173.0048	0.0498	-0.0211	9.8269	0.3207
231.5722	0.196579	0.028544	-0.494816	0.533153	-67.8645	202.8250	16.4834	173.6577	0.0497	-0.0193	9.8207	0.3190
231.7246	0.196550	0.029753	-0.494781	0.533158	-67.8633	202.0668	16.1164	174.0484	0.0489	-0.0224	9.8118	0.3161
231.8770	0.195902	0.033123	-0.494820	0.533164	-67.8616	200.9760	15.5069	174.5306	0.0466	-0.0153	9.8232	0.3135
232.0294	0.195191	0.037770	-0.494836	0.533173	-67.8616	199.3032	14.2398	174.9358	0.0526	-0.0079	9.7820	0.3099
232.1818	0.194678	0.041093	-0.494834	0.533184	-67.8609	197.7273	12.9886	175.2603	0.0476	-0.0167	9.8669	0.3059
232.3342	0.194287	0.041319	-0.494842	0.533195	-67.8598	196.9698	12.4955	175.5257	0.0487	-0.0148	9.8415	0.3030
232.4866	0.194620	0.040982	-0.494910	0.533200	-67.8603	196.5454	12.5127	175.9679	0.0475	-0.0143	9.8618	0.3007
232.6390	0.194690	0.040528	-0.494822	0.533200	-67.8589	196.5674	12.5939	176.0266	0.0484	-0.0135	9.9172	0.3016
232.7914	0.195294	0.036184	-0.494793	0.533195	-67.8599	197.7257	13.1238	175.3986	0.0515	0.0043	9.8409	0.3043
232.9438	0.196008	0.032371	-0.494794	0.533180	-67.8616	200.7348	14.6708	173.9344	0.0449	-0.0154	9.7611	0.3117
233.0962	0.195928	0.031694	-0.494720	0.533163	-67.8631	203.0449	15.2133	172.1669	0.0507	-0.0162	9.8977	0.3223
233.2486	0.196338	0.029790	-0.494907	0.533147	-67.8652	205.4435	15.7735	170.3302	0.0452	-0.0155	9.8256	0.3333
233.4010	0.196539	0.029991	-0.494869	0.533137	-67.8665	207.7399	15.9689	168.2278	0.0466	-0.0159	9.8234	0.3442
233.5534	0.196475	0.028851	-0.494770	0.533129	-67.8678	209.9814	16.1096	166.1270	0.0538	-0.0142	9.7656	0.3543
233.7058	0.197022	0.024702	-0.494894	0.533125	-67.8692	212.9565	16.9066	163.9494	0.0486	-0.0148	9.7717	0.3646
233.8582	0.197561	0.017527	-0.494808	0.533112	-67.8717	216.5570	18.4547	161.8979	0.0579	-0.0369	9.7429	0.3747
234.0106	0.197637	0.014086	-0.494849	0.533111	-67.8741	220.5261	20.5266	159.9990	0.0559	-0.0442	9.8940	0.3845
234.1630	0.197204	0.014572	-0.494795	0.533110	-67.8763	222.3190	20.6793	158.3604	0.0592	-0.0617	9.8568	0.3937
234.3154	0.197197	0.015152	-0.494808	0.533096	-67.8770	223.2073	20.5410	157.3321	0.0594	-0.0701	9.7696	0.4032
234.4678	0.197377	0.015012	-0.494865	0.533077	-67.8797	223.9410	20.4424	156.4999	0.0546	-0.0718	9.7916	0.4124
234.6202	0.197816	0.013812	-0.494794	0.533055	-67.8810	224.7853	20.6890	155.9021	0.0530	-0.0731	9.8682	0.4223
234.7726	0.198337	0.011915	-0.494778	0.533030	-67.8818	225.7096	21.2056	155.4957	0.0449	-0.0705	9.8400	0.4324
234.9250	0.198376	0.011124	-0.494800	0.533004	-67.8851	226.5446	21.6095	155.0640	0.0442	-0.0720	9.8469	0.4427
235.0774	0.198390	0.010282	-0.494652	0.532989	-67.8867	227.1373	21.8960	154.7590	0.0440	-0.0676	9.8283	0.4543
235.2298	0.198495	0.009564	-0.494762	0.532983	-67.8883	227.6220	22.1642	154.5424	0.0438	-0.0651	9.8063	0.4647
235.3822	0.198348	0.008847	-0.494831	0.532981	-67.8910	227.7436	22.3565	154.6110	0.0468	-0.0635	9.7996	0.4718
235.5346	0.197844	0.006730	-0.494743	0.532988	-67.8914	227.7275	22.7932	155.0645	0.0554	-0.0532	9.8783	0.4736
235.6870	0.197658	0.004987	-0.494792	0.532991	-67.8926	227.6526	23.3220	155.6684	0.0552	-0.0494	9.8549	0.4718
235.8394	0.197805	0.004589	-0.494796	0.532978	-67.8930	227.2457	23.5913	156.3438	0.0547	-0.0482	9.8347	0.4700
235.9918	0.197625	0.003605	-0.494753	0.532955	-67.8949	226.6464	23.8066	157.1587	0.0577	-0.0487	9.7933	0.4678
236.1442	0.197297	0.001121	-0.494945	0.532931	-67.8986	226.0770	24.2379	158.1602	0.0604	-0.0559	9.7801	0.4644
236.2966	0.197262	-0.003352	-0.495020	0.532911	-67.9012	225.9826	25.3582	159.3756	0.0630	-0.0518	9.9107	0.4601
236.4490	0.197286	-0.004112	-0.495224	0.532894	-67.9026	225.2318	26.0147	160.7827	0.0625	-0.0550	9.8637	0.4554
236.6014	0.197060	-0.003932	-0.495288	0.532870	-67.9050	223.8497	26.0650	162.2157	0.0626	-0.0579	9.7925	0.4496
236.7538	0.197146	-0.004079	-0.495206	0.532851	-67.9080	222.4861	25.9798	163.4922	0.0628	-0.0581	9.8746	0.4438
236.9062	0.197220	-0.004596	-0.495099	0.532846	-67.9102	221.6492	25.9841	164.3344	0.0629	-0.0580	9.8919	0.4384
237.0586	0.197235	-0.006337	-0.494771	0.532855	-67.9109	221.5292	26.4103	164.8806	0.0588	-0.0580	9.8100	0.4313
237.2110	0.197253	-0.007309	-0.494773	0.532864	-67.9125	221.3972	26.7972	165.3990	0.0571	-0.0599	9.8566	0.4240
237.3634	0.197177	-0.009452	-0.494843	0.532870	-67.9146	221.2536	27.2228	165.9681	0.0468	-0.0522	9.8508	0.4158
237.5158	0.197233	-0.011418	-0.494848	0.532883	-67.9155	221.0110	27.7535	166.7414	0.0471	-0.0464	9.7777	0.4049
237.6682	0.197277	-0.012311	-0.494738	0.532897	-67.9151	220.4868	28.1424	167.6543	0.0532	-0.0419	9.8916	0.3922
237.8206	0.197158	-0.013615	-0.494786	0.532901	-67.9145	219.7789	28.4678	168.6887	0.0479	-0.0358	9.8461	0.3795
237.9730	0.197139	-0.013635	-0.494773	0.532906	-67.9124	218.8354	28.5928	169.7564	0.0455	-0.0351	9.8220	0.3671
238.1254	0.197623	-0.013449	-0.494744	0.532907	-67.9121	217.7303	28.5982	170.8666	0.0447	-0.0345	9.8137	0.3547
238.2778	0.197813	-0.011676	-0.494716	0.532905	-67.9111	216.7004	28.2237	171.5226	0.0411	-0.0316	9.8118	0.3461
238.4302	0.197985	-0.007593	-0.494865	0.532926	-67.9118	215.6600	27.3640	171.7033	0.0453	-0.0300	9.8252	0.3368
238.5826	0.197845	-0.002139	-0.494765	0.532939	-67.9119	214.3846	25.9837	171.5992	0.0472	-0.0228	9.8315	0.3276
238.7350	0.198390	0.000587	-0.494790	0.532951	-67.9083	213.4390	24.7266	171.2879	0.0492	-0.0154	9.8475	0.3207
238.8874	0.198353	0.002436	-0.494756	0.532972	-67.9073	213.4770	24.1012	170.6231	0.0453	-0.0143	9.8546	0.3159
239.0398	0.198300	0.002290	-0.494731	0.532988	-67.9060	214.5078	23.9247	169.4171	0.0486	-0.0150	9.7981	0.3132
239.1922	0.198395	0.002022	-0.494868	0.533011	-67.9024	215.9632	24.0181	168.0549	0.0487	-0.0158	9.8164	0.3131
239.3446	0.197884	0.003457	-0.494794	0.533035	-67.8994	216.8319	23.5908	166.7596	0.0366	-0.0148	9.8138	0.3137
239.4970	0.198392	0.002201	-0.494724	0.533054	-67.8970	218.4128	24.0300	165.6174	0.0424	-0.0414	9.8595	0.3151
239.6494	0.198322	0.003444	-0.494780	0.533066	-67.8953	218.8278	23.7667	164.9377	0.0409	-0.0435	9.7998	0.3166
239.8018	0.198749	0.005496	-0.494293	0.533073	-67.8922	218.2587	23.3588	165.0990	0.0363	-0.0457	9.8736	0.3173
239.9542	0.198726	0.007465	-0.494489	0.533083	-67.8889	217.2807	22.7222	165.4407	0.0355	-0.0435	9.8315	0.3182
240.1066	0.198389	0.011215	-0.494800	0.533091	-67.8855	216.3870	21.8824	165.4961	0.0415	-0.0458	9.8177	0.3208
240.2590	0.198305	0.015206	-0.494644	0.533087	-67.8843	215.3182	20.7852	165.4671	0.0375	-0.0481	9.8081	0.3248
240.4114	0.198025	0.017757	-0.494740	0.533088	-67.8827	214.2632	19.8031	165.5401	0.0447	-0.0475	9.8652	0.3279
240.5638	0.198089	0.017855	-0.494696	0.533094	-67.8815	213.8351	19.4918	165.6556	0.0428	-0.0454	9.8222	0.3284
240.7162	0.197785	0.019072	-0.494803	0.533101	-67.8797	213.5428	19.3229	165.7791	0.0459	-0.0446	9.7769	0.3275
240.8686	0.196696	0.026502	-0.494785	0.533115	-67.8769	211.3042	18.0805	166.7748	0.0487	-0.0274	9.7737	0.3238
241.0210	0.195912	0.030335	-0.494750	0.533111	-67.8756	207.4870	16.1246	168.6359	0.0532	-0.0154	9.8791	0.3208
241.1734	0.195990	0.030811	-0.494827	0.533121	-67.8733	204.5514	15.6453	171.0944	0.0531	-0.0151	9.8607	0.3181
241.3258	0.196052	0.030889	-0.494842	0.533123	-67.8740	201.8234	15.5653	173.7413	0.0534	-0.0151	9.7978	0.3166
241.4782	0.195310	0.032037	-0.494836	0.533115	-67.8706	198.9112	15.3887	176.4774	0.0576	-0.0130	9.7721	0.3144
241.6306	0.195407	0.034086	-0.494977	0.533119	-67.8680	195.1164	14.8044	179.6879	0.0554	-0.0074	9.8268	0.3086
241.7830	0.195390	0.034980	-0.494832	0.533120	-67.8673	191.2381	14.3039	183.0663	0.0469	-0.0056	9.8683	0.3029
241.9354	0.195424	0.035669	-0.494799	0.533123	-67.8657	187.6936	14.0453	186.3520	0.0489	-0.0062	9.8303	0.2986
242.0878	0.194826	0.036305	-0.494812	0.533129	-67.8632	184.2383	13.9013	189.6627	0.0550	-0.0019	9.8636	0.2957
242.2402	0.194294	0.038003	-0.494836	0.533130	-67.8619	180.7311	13.3815	192.6500	0.0561	0.0005	9.8540	0.2938
242.3926	0.194488	0.037897	-0.494850	0.533139	-67.8613	178.2447	13.2116	194.9671	0.0537	0.0035	9.8224	0.2909
242.5450	0.194295	0.037443	-0.494912	0.533149	-67.8593	176.2030	13.2515	197.0489	0.0538	0.0043	9.7802	0.2887
242.6974	0.194951	0.037782	-0.494789	0.533149	-67.8582	173.5607	13.1717	199.6110	0.0494	0.0060	9.7483	0.2819
242.8498	0.195302	0.037855	-0.494623	0.533163	-67.8561	170.5023	13.3407	202.8385	0.0388	0.0123	9.7964	0.2771
243.0022	0.194586	0.041360	-0.494841	0.533180	-67.8547	166.0689	12.4057	206.3369	0.0439	0.0129	9.8791	0.2739
243.1546	0.193676	0.044325	-0.494847	0.533189	-67.8534	161.9712	11.5956	209.6248	0.0437	0.0131	9.8343	0.2734
243.3070	0.193035	0.046782	-0.494811	0.533199	-67.8512	158.0504	10.7457	212.6955	0.0449	0.0136	9.8247	0.2753
243.4594	0.193001	0.046898	-0.494851	0.533204	-67.8499	155.7059	10.3472	214.6421	0.0435	0.0159	9.8273	0.2770
243.6118	0.193002	0.046906	-0.494850	0.533209	-67.8465	155.5401	10.3484	214.8087	0.0436	0.0185	9.8257	0.2790
243.7642	0.192944	0.049525	-0.494827	0.533210	-67.8446	156.4450	10.1880	213.7434	0.0407	0.0233	9.6673	0.2802
243.9166	0.191839	0.054498	-0.494654	0.533220	-67.8397	155.7794	8.2550	212.4756	0.0368	0.0326	9.9096	0.2809
244.0690	0.191836	0.052913	-0.494831	0.533225	-67.8376	157.3940	8.5428	211.1493	0.0346	0.0350	9.9238	0.2825
244.2214	0.191837	0.052874	-0.494823	0.533228	-67.8364	159.5786	8.6090	209.0308	0.0348	0.0411	9.8270	0.2858
244.3738	0.191767	0.052790	-0.494816	0.533227	-67.8350	161.9524	8.6903	206.7382	0.0345	0.0414	9.8002	0.2886
244.5262	0.191653	0.052839	-0.494858	0.533222	-67.8335	164.5827	8.7442	204.1616	0.0393	0.0395	9.8173	0.2913
244.6786	0.191283	0.052905	-0.494863	0.533220	-67.8330	166.2506	8.7135	202.4631	0.0498	0.0223	9.8311	0.2926
244.8310	0.190564	0.054093	-0.494841	0.533224	-67.8303	167.1161	8.5356	201.4196	0.0614	0.0015	9.8339	0.2943
244.9834	0.190648	0.053736	-0.494862	0.533223	-67.8287	166.8560	8.2745	201.4187	0.0631	-0.0096	9.8587	0.2953
245.1358	0.191236	0.052950	-0.494826	0.533222	-67.8287	167.0296	8.5989	201.5695	0.0629	-0.0060	9.8420	0.2953
245.2882	0.191158	0.052787	-0.494840	0.533228	-67.8290	167.3917	8.7093	201.3178	0.0637	-0.0069	9.8110	0.3004
245.4406	0.191162	0.053184	-0.495143	0.533226	-67.8279	167.8312	8.6448	200.8138	0.0626	-0.0141	9.8014	0.3037
245.5930	0.191127	0.053873	-0.494863	0.533218	-67.8275	168.7156	8.5959	199.8805	0.0592	-0.0111	9.8212	0.3070
245.7454	0.190327	0.057011	-0.494869	0.533214	-67.8265	169.4924	8.0169	198.5246	0.0621	-0.0269	9.7403	0.3104
245.8978	0.190817	0.055789	-0.494810	0.533217	-67.8259	170.2023	7.4186	197.2164	0.0510	-0.0021	9.7101	0.3123
246.0502	0.191808	0.051805	-0.494706	0.533224	-67.8255	172.0997	8.8232	196.7234	0.0470	0.0187	9.8647	0.3116
246.2026	0.192111	0.051075	-0.494858	0.533239	-67.8240	171.7291	9.2445	197.5155	0.0438	0.0229	9.8271	0.3080
246.3550	0.191832	0.051674	-0.494835	0.533253	-67.8234	170.3534	9.1844	198.8313	0.0438	0.0223	9.8265	0.3039
246.5074	0.191800	0.052270	-0.494866	0.533261	-67.8248	168.6455	9.0401	200.3948	0.0439	0.0255	9.8255	0.3008
246.6598	0.191236	0.053601	-0.494759	0.533267	-67.8251	165.8343	8.6873	202.8531	0.0455	0.0301	9.8257	0.2991
246.8122	0.190604	0.056274	-0.494867	0.533270	-67.8245	162.3539	7.9398	205.5861	0.0477	0.0245	9.8332	0.2987
246.9646	0.190020	0.058117	-0.494954	0.533275	-67.8231	158.8729	7.2469	208.3744	0.0480	0.0217	9.8090	0.3009
247.1170	0.190005	0.058774	-0.494871	0.533276	-67.8213	155.7447	6.8759	211.1317	0.0437	0.0229	9.8680	0.3043
247.2694	0.189777	0.059269	-0.494879	0.533278	-67.8188	154.4030	6.7212	212.3181	0.0441	0.0223	9.8330	0.3086
247.4218	0.189962	0.059318	-0.494837	0.533281	-67.8186	154.6293	6.7253	212.0965	0.0447	0.0190	9.7953	0.3105
247.5742	0.189352	0.060516	-0.494875	0.533284	-67.8168	155.9400	6.5615	210.6217	0.0500	0.0150	9.7767	0.3120
247.7266	0.188796	0.061091	-0.494807	0.533286	-67.8154	157.1842	6.2288	209.0447	0.0488	0.0261	9.9028	0.3140
247.8790	0.186964	0.066836	-0.494888	0.533288	-67.8133	157.6222	5.0236	207.4017	0.0476	0.0350	9.8652	0.3161
248.0314	0.186480	0.067737	-0.495050	0.533290	-67.8121	158.7117	4.2719	205.5605	0.0492	0.0328	9.8298	0.3176
248.1838	0.186152	0.068972	-0.494961	0.533293	-67.8108	160.1519	3.9844	203.8328	0.0502	0.0317	9.8057	0.3189
248.3362	0.184691	0.072654	-0.494870	0.533293	-67.8098	160.5739	3.0652	202.4916	0.0521	0.0283	9.7872	0.3204
248.4886	0.183959	0.075400	-0.494905	0.533290	-67.8086	161.0174	2.2100	201.1928	0.0575	0.0144	9.7742	0.3236
248.6410	0.183045	0.076801	-0.494999	0.533286	-67.8079	161.5336	1.4314	199.8983	0.0594	0.0073	9.8331	0.3268
248.7934	0.184771	0.072417	-0.494891	0.533282	-67.8075	162.7088	1.4418	198.7332	0.0635	0.0041	9.8680	0.3302
248.9458	0.184661	0.072232	-0.494983	0.533279	-67.8066	163.4679	1.4532	197.9855	0.0623	0.0038	9.8138	0.3331
249.0982	0.184736	0.072196	-0.494985	0.533279	-67.8054	164.2959	1.4656	197.1697	0.0628	0.0062	9.7941	0.3353
249.2506	0.184643	0.071702	-0.494963	0.533282	-67.8047	165.9908	1.4903	195.4998	0.0646	0.0112	9.8249	0.3368
249.4030	0.185227	0.070852	-0.495015	0.533282	-67.8040	167.6490	1.5148	193.8660	0.0633	0.0075	9.8283	0.3388
249.5554	0.184303	0.072855	-0.494964	0.533284	-67.8039	169.1982	1.5376	192.3392	0.0819	-0.0221	9.8393	0.3401
249.7078	0.179786	0.083991	-0.495054	0.533288	-67.8044	170.4683	1.5561	191.0876	0.0833	-0.0325	9.8720	0.3410
