HOLE:	U1353C
EXPEDITION:	317
TOP:	106.1440
BOTTOM:	208.8616
DEPTH_WMSF	TENS	CS	ETIM	DF
m	lbf	m/h	s	lbf
106.1440	3001.0000	765.0480	8097.7080	2461.1267
106.2964	2570.0000	776.6304	8096.9800	2306.4841
106.4488	2259.0000	777.2400	8096.2598	2079.3196
106.6012	2750.0000	762.0000	8095.5581	2403.8911
106.7536	2768.0000	772.9728	8094.8462	2527.6050
106.9060	2407.0000	773.2776	8094.1362	2221.5195
107.0584	2532.0000	770.8392	8093.4238	2270.9341
107.2108	2496.0000	774.4968	8092.7139	2239.2947
107.3632	2326.0000	774.1920	8091.9951	2196.9900
107.5156	2574.0000	772.9728	8091.2930	2358.0315
107.6680	2630.0000	773.5824	8090.5742	2379.3616
107.8204	2561.0000	773.2776	8089.8721	2359.4536
107.9728	2620.0000	769.6200	8089.1519	2358.3870
108.1252	2539.0000	769.3152	8088.4658	2361.5867
108.2776	2580.0000	766.8768	8087.7461	2385.0496
108.4300	2742.0000	765.0480	8087.0259	2468.5920
108.5824	2645.0000	736.0920	8086.3071	2399.6250
108.7348	2685.0000	654.1008	8085.5879	2423.4436
108.8872	2673.0000	641.2992	8084.8628	2413.4895
109.0396	2535.0000	643.4328	8084.0151	2344.5227
109.1920	2624.0000	639.7752	8083.1621	2387.1826
109.3444	2651.0000	642.5184	8082.3091	2369.0520
109.4968	2584.0000	634.8984	8081.4399	2365.8525
109.6492	2662.0000	572.4144	8080.5859	2401.0471
109.8016	2525.0000	531.5712	8079.7329	2339.1902
109.9540	2731.0000	491.0328	8078.6982	2448.6841
110.1064	2743.0000	75.5904	8077.6602	2471.7915
110.2588	7267.0000	200.8632	7928.5879	6971.7109
110.4112	6939.0000	392.5824	7926.2461	6576.0391
110.5636	6322.0000	236.8296	7924.8579	5926.5405
110.7160	5746.0000	356.3112	7918.6338	5546.8667
110.8684	5558.0000	357.8352	7917.1138	5398.2676
111.0208	5542.0000	358.4448	7915.5581	5396.1348
111.1732	5536.0000	356.9208	7914.0361	5411.0659
111.3256	5546.0000	358.1400	7912.4961	5421.0195
111.4780	5490.0000	365.4552	7910.9741	5398.2676
111.6304	5576.0000	357.5304	7909.4341	5455.8589
111.7828	5466.0000	357.5304	7907.9121	5419.9531
111.9352	5490.0000	356.6160	7906.3721	5386.1807
112.0876	5530.0000	357.2256	7904.8481	5405.0220
112.2400	5539.0000	355.3968	7903.3101	5441.2832
112.3924	5587.0000	357.2256	7901.7549	5435.5952
112.5448	5558.0000	286.5120	7900.2319	5362.3623
112.6972	5446.0000	260.9088	7898.4082	5327.5229
112.8496	5507.0000	261.2136	7896.3159	5359.5181
113.0020	5434.0000	235.6104	7894.1738	5334.9888
113.1544	5582.0000	233.7816	7891.8491	5417.4648
113.3068	5578.0000	234.3912	7889.4902	5436.3062
113.4592	5574.0000	232.2576	7887.1641	5481.4546
113.6116	5763.0000	231.3432	7884.7881	5584.9053
113.7640	5763.0000	231.3432	7882.4292	5634.6753
113.9164	5803.0000	232.5624	7880.0518	5683.3789
114.0688	5777.0000	232.5624	7877.6938	5619.3887
114.2212	5755.0000	230.4288	7875.3521	5628.2764
114.3736	7269.0000	128.3208	7135.2480	6977.3989
114.5260	7146.0000	607.7712	6386.9438	6784.7178
114.6784	6939.0000	209.3976	5883.9678	6589.1929
114.8308	6470.0000	230.7336	5870.3198	6055.2319
114.9832	5791.0000	394.7160	5867.3760	5505.2734
115.1356	5071.6533	726.8298	5865.8345	4789.1694
115.2880	4509.7778	767.8717	5865.0537	4212.5693
115.4404	3943.6157	780.6968	5864.3833	3657.2166
115.5928	3445.3433	791.0356	5863.7319	3140.7595
115.7452	2925.2988	797.8139	5863.0898	2635.2087
115.8976	2597.7913	797.6937	5862.4512	2415.1174
116.0500	2667.7810	796.2098	5861.8159	2460.1323
116.2024	2692.8411	799.1856	5861.1772	2413.6384
116.3548	2403.6580	802.8432	5860.5352	2214.4753
116.5072	2396.5791	802.5223	5859.9033	2170.9075
116.6596	2408.2898	801.5999	5859.2739	2174.7437
116.8120	2395.9478	803.4528	5858.6558	2159.9243
116.9644	2377.5266	803.4528	5858.0239	2170.7297
117.1168	2388.6316	804.5436	5857.3931	2172.6292
117.2692	2360.6316	804.6720	5856.7603	2122.6438
117.4216	2519.0488	804.8966	5856.1284	2242.5471
117.5740	2573.3950	803.5732	5855.4976	2306.9602
117.7264	2573.8948	803.0197	5854.8804	2315.0535
117.8788	2597.5000	803.9100	5854.2549	2315.5493
118.0312	2545.3188	806.7253	5853.6226	2274.7341
118.1836	2396.1025	810.0703	5852.9927	2154.2610
118.3360	2381.6265	807.7844	5852.3599	2115.6689
118.4884	2666.9570	798.1269	5851.7427	2415.9141
118.6408	2986.2109	795.6884	5851.1187	2744.1799
118.7932	3144.2065	791.8143	5850.4941	2861.6697
118.9456	3256.5813	789.8491	5849.8545	2932.7271
119.0980	3289.9219	789.2074	5849.2144	3038.3586
119.2504	3487.4199	787.6834	5848.5747	3188.4600
119.4028	3568.8423	784.2664	5847.9351	3302.9417
119.5552	3518.4768	784.1862	5847.2905	3273.2039
119.7076	3283.0679	787.0496	5846.6533	2987.8938
119.8600	3062.7883	787.2342	5846.0132	2792.7896
120.0124	3051.4734	783.1836	5845.3687	2829.7427
120.1648	3144.4744	779.0046	5844.7236	2888.0645
120.3172	3181.3433	772.5634	5844.0713	2935.4680
120.4696	3259.4180	747.7076	5843.4243	3010.5408
120.6220	3379.5276	690.2686	5842.7764	3068.9111
120.7744	3199.0000	568.1472	5842.1299	2876.7061
120.9268	3116.0000	555.9552	5841.2930	2838.6675
121.0792	2944.0000	559.3080	5840.2891	2716.3755
121.2316	3232.0000	553.8216	5839.3179	2947.0952
121.3840	3250.0000	557.4792	5838.3398	2988.3330
121.5364	3508.0000	548.9448	5837.3452	3284.4646
121.6888	3707.0000	548.9448	5836.3579	3497.0537
121.8412	3979.0000	541.0200	5835.3550	3648.1411
121.9936	3811.0000	549.8592	5834.3511	3440.5291
122.1460	3612.0000	551.3832	5833.3560	3292.6411
122.2984	3391.0000	559.6128	5832.3599	3095.6941
122.4508	3665.0000	544.3728	5831.3730	3545.4016
122.6032	3886.0000	546.5064	5830.3701	3597.3047
122.7556	3692.0000	548.0304	5829.3652	3441.2402
122.9080	3878.0000	547.4208	5828.3779	3585.9287
123.0604	3793.0000	548.3352	5827.3740	3534.0256
123.2128	3693.0000	547.4208	5826.3530	3436.6187
123.3652	3971.0000	545.5920	5825.3662	3735.9497
123.5176	3981.0000	544.6776	5824.3779	3693.6450
123.6700	4090.0000	545.8968	5823.3579	3814.5151
123.8224	3772.0000	551.0784	5822.3540	3459.0151
123.9748	4077.0000	541.6296	5821.3511	3769.3667
124.1272	3600.0000	552.6024	5820.3398	3401.7795
124.2796	4086.0000	536.1432	5819.3442	3913.6997
124.4320	4433.0000	532.7904	5818.3398	4126.6440
124.5844	3843.0000	543.4584	5817.3018	3600.1487
124.7368	4283.0000	540.7152	5816.2988	3943.5615
124.8892	3613.0000	550.4688	5815.2788	3396.8027
125.0416	4117.0000	538.5816	5814.2749	3840.4666
125.1940	3718.0000	551.3832	5813.2549	3435.1965
125.3464	4103.0000	538.8864	5812.2598	3932.8967
125.4988	3994.0000	549.5544	5811.2480	3739.8601
125.6512	3992.0000	582.4728	5810.2441	3766.1672
125.8036	4117.0000	566.0136	5809.2402	3758.7017
125.9560	4067.0000	544.0680	5808.2202	3654.1846
126.1084	4112.0000	546.8112	5807.2319	3815.5815
126.2608	4385.0000	535.5336	5806.2290	4157.2173
126.4132	4116.0000	545.2872	5805.2080	3897.7021
126.5656	4246.0000	538.2768	5804.1880	3921.5208
126.7180	4539.0000	533.4000	5803.1851	4144.0635
126.8704	4151.0000	493.7760	5802.1641	3780.7427
127.0228	4161.0000	454.1520	5801.1270	3848.6431
127.1752	4239.0000	453.5424	5799.9219	3845.0881
127.3276	4149.0000	447.4464	5798.7339	3835.1340
127.4800	4186.0000	331.9272	5797.5122	3854.6865
127.6324	4138.0000	326.1360	5795.9731	3881.3491
127.7848	4255.0000	445.0080	5794.2998	3892.7251
127.9372	3604.0000	129.5400	5792.9619	3274.8662
128.0896	7199.0000	224.6376	5774.7441	6756.6333
128.2420	6645.0000	289.2552	5772.3521	6242.5801
128.3944	6585.0000	298.0944	5770.4780	6084.0273
128.5468	6315.0000	299.6184	5768.6211	5931.8730
128.6992	6150.0000	303.2760	5766.7979	5702.5757
128.8516	6076.0000	302.0568	5764.9922	5705.7754
129.0040	6033.0000	302.9712	5763.1841	5558.2427
129.1564	5840.0000	287.4264	5761.3608	5457.2808
129.3088	5612.1670	236.0985	5759.5054	5215.0010
129.4612	5399.0938	227.8365	5757.2729	5043.5620
129.6136	5547.5312	224.7244	5754.8901	5055.1309
129.7660	4896.8652	234.9004	5752.4873	4591.4751
129.9184	4864.3325	235.8862	5750.1958	4501.3662
130.0708	5175.2139	230.1662	5747.8774	4840.7598
130.2232	5525.3779	223.2753	5745.5273	5165.7642
130.3756	5230.2412	230.6941	5743.1123	4870.8208
130.5280	5044.9082	231.6219	5740.7407	4711.1626
130.6804	5068.0054	229.9931	5738.3843	4799.6538
130.8328	5358.5210	226.8172	5736.0464	5075.4209
130.9852	5551.4546	223.2263	5733.6509	5249.6924
131.1376	5258.2749	228.1509	5731.2339	4934.8130
131.2900	5039.7866	232.3391	5728.8291	4766.9854
131.4424	4863.8647	234.6959	5726.4985	4666.1450
131.5948	5178.0659	230.3502	5724.1787	4910.3799
131.7472	5341.2554	293.1267	5721.8311	5005.3052
131.8996	4800.0112	311.9764	5719.9497	4475.3047
132.0520	4169.5420	322.0736	5718.2144	3918.1873
132.2044	3802.5955	328.9377	5716.5181	3545.5623
132.3568	4019.7932	325.4655	5714.8818	3764.5959
132.5092	4381.4990	321.1747	5713.2178	4097.6968
132.6616	4510.5488	318.6784	5711.5190	4229.6445
132.8140	4721.7373	277.9990	5709.8120	4368.6626
132.9664	6581.5449	409.4074	5701.2715	6181.8643
133.1188	6656.3936	462.4088	5697.8218	6185.3945
133.2712	6366.7251	467.3893	5696.6411	5898.1270
133.4236	6202.4658	469.0669	5695.4648	5730.0903
133.5760	5813.7036	476.0113	5694.2998	5358.8315
133.7284	4780.4282	339.6122	2478.3486	4391.2563
133.8808	4060.5117	289.2299	1191.4438	3721.2410
134.0332	3526.8738	292.0246	1189.5679	3187.2566
134.1856	3034.5981	298.3654	1187.7124	2710.0027
134.3380	2563.4431	308.3563	1185.8906	2257.3845
134.4904	2200.3022	313.8427	1184.1185	1893.3612
134.6428	1978.3470	314.2574	1182.3837	1813.0251
134.7952	1946.1492	318.4850	1180.6813	1734.1124
134.9476	1838.1694	322.7054	1178.9911	1584.9395
135.1000	1815.7778	324.0808	1177.3109	1547.1080
135.2524	1722.6759	325.6279	1175.6263	1444.4729
135.4048	1544.3781	327.7413	1173.9556	1288.4752
135.5572	1566.8088	326.1967	1172.2975	1317.4915
135.7096	1651.9838	324.0720	1170.6300	1401.7836
135.8620	1638.6250	324.2289	1168.9561	1388.0342
136.0144	1549.7111	325.1346	1167.2822	1306.5613
136.1668	1516.8594	325.6977	1165.6184	1277.0323
136.3192	1590.2073	324.8210	1163.9536	1329.2502
136.4716	1595.0256	325.8226	1162.2805	1356.0391
136.6240	1707.8909	323.7783	1160.6061	1469.6564
136.7764	1883.5315	320.8093	1158.9232	1596.1311
136.9288	1833.9747	322.2088	1157.2329	1553.9238
137.0812	1705.0773	324.3161	1155.5498	1439.4155
137.2336	1588.2092	328.0896	1153.8662	1321.4679
137.3860	1500.8558	330.4206	1152.2079	1267.5822
137.5384	1663.7544	326.3094	1150.5767	1427.9083
137.6908	1944.7545	321.3402	1148.9132	1662.6195
137.8432	1978.2335	320.8763	1147.2224	1705.1677
137.9956	1921.8347	322.1418	1145.5242	1631.6562
138.1480	1856.2212	323.0127	1143.8319	1528.3599
138.3004	1743.7148	323.3057	1142.1514	1449.7804
138.4528	1775.3752	321.2502	1140.4644	1466.3435
138.6052	1888.1608	319.5002	1138.7825	1571.7390
138.7576	2126.4412	315.8933	1137.0974	1801.2062
138.9100	2182.1458	313.9623	1135.3937	1840.8721
139.0624	1848.7069	322.3920	1133.6750	1579.4396
139.2148	1608.1997	326.3538	1131.9862	1355.8051
139.3672	1601.1522	326.7253	1130.3224	1340.0753
139.5196	1597.1975	324.6469	1128.6488	1365.5059
139.6720	1552.5111	325.8312	1126.9813	1308.3282
139.8244	1512.6648	325.8312	1125.3185	1268.0669
139.9768	1519.7566	325.2389	1123.6501	1295.6095
140.1292	1591.1689	324.2898	1121.9883	1381.4320
140.2816	1607.0177	325.7529	1120.3152	1354.6978
140.4340	1501.2689	327.4800	1118.6470	1268.6029
140.5864	1507.2816	327.1375	1116.9845	1261.4659
140.7388	1507.8147	327.2710	1115.3185	1287.6575
140.8912	1584.0615	327.3756	1113.6692	1345.2756
141.0436	1540.9421	328.6616	1111.9954	1281.8198
141.1960	1533.0190	329.7936	1110.3339	1268.0009
141.3484	1529.3812	329.6484	1108.7018	1258.4359
141.5008	1533.3412	328.9749	1107.0491	1250.4465
141.6532	1522.5341	328.0692	1105.4043	1254.4037
141.8056	1529.0479	327.3552	1103.7477	1254.1465
141.9580	1536.6022	327.2942	1102.0912	1263.9498
142.1104	1548.7140	327.2246	1100.4309	1294.5782
142.2628	1536.2850	328.0751	1098.7620	1273.1935
142.4152	1520.5688	328.6267	1097.1168	1252.6689
142.5676	1497.0323	329.0274	1095.4617	1242.9054
142.7200	1499.1335	329.1892	1093.8190	1272.2183
142.8724	1716.0050	325.7876	1092.1603	1456.8934
143.0248	1719.8602	325.8109	1090.4888	1453.0170
143.1772	1545.1729	327.6223	1088.8290	1285.4614
143.3296	1509.5135	327.3900	1087.1586	1270.9829
143.4820	1496.2180	327.5641	1085.5006	1257.4982
143.6344	1483.1919	326.5132	1083.8427	1259.0989
143.7868	1518.1387	324.1505	1082.1866	1302.5093
143.9392	1677.0835	322.5249	1080.5291	1386.3223
144.0916	1760.6057	323.3927	1078.8531	1474.1930
144.2440	1558.2002	327.6600	1077.1494	1278.5406
144.3964	1540.0869	327.7036	1075.5073	1266.6249
144.5488	1440.5110	328.6442	1073.8337	1208.7460
144.7012	1413.1464	330.1761	1072.1925	1200.1533
144.8536	1758.3781	322.3676	1070.5504	1477.0804
145.0060	1826.8771	316.7452	1068.8617	1492.3931
145.1584	1606.0000	322.7832	1067.1541	1307.8845
145.3108	1564.9116	323.3865	1065.4133	1277.9012
145.4632	1512.1807	323.0755	1063.6881	1237.3473
145.6156	1499.0079	322.6337	1061.9484	1220.4141
145.7680	1597.6204	320.2451	1060.2227	1277.3870
145.9204	1659.5358	319.3124	1058.4800	1361.7798
146.0728	1549.7550	320.9544	1056.7217	1288.7745
146.2252	1542.1434	321.2156	1054.9640	1280.7659
146.3776	1516.4751	322.5342	1053.2213	1237.7910
146.5300	1561.5078	321.5393	1051.4835	1280.7780
146.6824	1550.0825	322.7210	1049.7600	1277.9517
146.8348	1572.5122	321.9993	1048.0353	1307.8707
146.9872	1629.2848	302.7290	1046.3020	1343.4048
147.1396	1837.6912	234.8243	1044.4371	1520.6713
147.2920	2268.9172	193.9821	1042.0728	1934.7954
147.4444	2605.9932	186.6746	1039.1692	2277.0188
147.5968	2610.1687	185.8780	1036.1864	2247.3020
147.7492	3369.1272	211.1062	1010.8127	2978.3877
147.9016	4535.0054	269.0080	966.0085	4098.8638
148.0540	4489.6113	271.6577	963.9228	4038.3706
148.2064	4136.2944	278.1901	961.8632	3737.9629
148.3588	3666.9641	287.9498	959.8489	3312.0081
148.5112	3620.3337	289.1550	957.9064	3275.5315
148.6636	3976.1472	281.7160	955.9719	3610.2517
148.8160	3897.2305	284.5414	953.9928	3489.1877
148.9684	3262.5840	296.8256	952.0287	2853.8743
149.1208	2987.3730	300.7815	950.1340	2625.0652
149.2732	3158.1912	297.0675	948.2728	2837.4009
149.4256	3291.7170	294.3932	946.3932	2963.9551
149.5780	3025.6196	299.7248	944.4900	2695.4565
149.7304	2758.2893	304.7007	942.6188	2450.6868
149.8828	2886.9048	301.7452	940.7740	2555.6394
150.0352	2765.6360	303.4007	938.9070	2412.5146
150.1876	2680.6790	306.4361	937.0731	2368.2957
150.3400	3016.2461	301.2222	935.2517	2645.1265
150.4924	2995.5352	301.9705	933.4008	2639.8674
150.6448	2760.5317	306.6354	931.5398	2395.6775
150.7972	2993.5320	300.9424	929.6989	2593.6362
150.9496	3137.0884	297.0491	927.8388	2711.7876
151.1020	2760.1663	303.1211	925.9761	2335.7937
151.2544	2775.1135	302.5604	924.1133	2437.4224
151.4068	3124.0208	296.7003	922.2667	2749.3113
151.5592	3139.8508	297.7463	920.3947	2753.1887
151.7116	2398.3115	308.7943	918.5005	2115.5691
151.8640	2404.6504	306.4547	916.6945	2082.0388
152.0164	2618.1436	306.0192	914.8709	2265.1775
152.1688	2459.4858	310.8842	913.0594	2056.9211
152.3212	2272.4590	313.2474	911.2502	1936.2936
152.4736	2630.4158	306.7652	909.4499	2268.2175
152.6260	2404.0000	310.8960	907.6320	2061.9001
152.7784	2185.0044	316.0088	905.9955	1871.7400
152.9308	2190.5923	316.6457	904.3870	1862.4486
153.0832	2101.7129	316.4447	902.7542	1788.2262
153.2356	2013.2614	317.0475	901.1301	1701.4760
153.3880	2101.0750	313.6798	899.5300	1782.5859
153.5404	2140.6787	313.4316	897.9096	1829.1755
153.6928	2028.1433	317.1032	896.2813	1711.6583
153.8452	1933.3635	319.5689	894.6678	1627.4797
153.9976	2028.7048	317.3794	893.0687	1720.3861
154.1500	2047.2605	317.4230	891.4681	1700.3822
154.3024	1738.7457	325.5264	889.8596	1406.6212
154.4548	1695.9070	325.4710	888.2888	1372.6486
154.6072	1626.5215	325.0136	886.7260	1319.8892
154.7596	1618.4146	323.3651	885.1370	1310.4294
154.9120	1688.2998	322.7970	883.5613	1413.4501
155.0644	1742.7346	323.0603	882.0018	1394.6235
155.2168	1700.9023	323.0880	880.4152	1400.5662
155.3692	1720.5914	327.5631	878.8381	1400.9932
155.5216	1719.8392	323.9391	877.2504	1394.6577
155.6740	1720.4557	322.8389	875.6600	1401.6422
155.8264	1730.9554	323.5660	874.0887	1401.4127
155.9788	1721.9972	324.1549	872.5048	1389.8259
156.1312	1696.2014	324.6120	870.9213	1384.2286
156.2836	1695.0948	324.5011	869.3508	1392.9156
156.4360	1713.8633	324.2171	867.7666	1392.6702
156.5884	1700.1346	324.1410	866.1954	1366.0092
156.7408	1678.2463	324.9516	864.6303	1363.6554
156.8932	1629.0892	326.6347	863.0428	1335.6785
157.0456	1601.1838	325.4917	861.4835	1340.4865
157.1980	1649.6421	324.0715	859.9086	1365.3330
157.3504	1653.7729	323.7322	858.3489	1352.0459
157.5028	1659.7279	323.1988	856.7623	1371.7152
157.6552	1666.2510	323.5453	855.1708	1376.7627
157.8076	1676.1825	324.3211	853.5917	1380.4877
157.9600	1653.6119	325.1732	852.0169	1369.3125
158.1124	1650.6395	325.6927	850.4431	1365.6705
158.2648	1662.4774	325.9767	848.8691	1366.5005
158.4172	1659.3174	325.7618	847.3019	1367.2700
158.5696	1669.0046	324.5979	845.7435	1376.8204
158.7220	1707.5475	323.0602	844.1754	1397.9906
158.8744	1732.5908	322.2360	842.5880	1432.1149
159.0268	1724.4486	322.5200	841.0100	1417.5836
159.1792	1683.4780	322.7832	839.4207	1384.0361
159.3316	1690.0000	322.7832	837.8470	1399.6035
159.4840	1744.0000	322.4784	836.1580	1403.8695
159.6364	1736.0000	322.4784	834.4500	1419.1560
159.7888	1678.0000	323.3928	832.7420	1392.1381
159.9412	1737.0000	322.7832	831.0700	1401.0255
160.0936	1705.0000	324.0024	829.3470	1385.3835
160.2460	1697.0000	323.6976	827.6740	1388.9386
160.3984	1707.0000	324.3072	825.9680	1394.6266
160.5508	1690.0000	324.6120	824.2780	1402.0920
160.7032	1688.0000	324.9168	822.5890	1382.5396
160.8556	1684.0000	324.6120	820.8980	1377.9181
161.0080	1633.0000	324.9168	819.2240	1375.7850
161.1604	1646.0000	313.3344	817.5340	1361.9205
161.3128	1644.0000	322.7832	815.8110	1354.8105
161.4652	1665.0000	322.4784	814.0880	1376.8516
161.6176	1683.0000	324.0024	812.3820	1390.0050
161.7700	1662.0000	324.0024	810.7080	1380.4065
161.9224	1714.0000	323.6976	809.0180	1413.4680
162.0748	1754.0000	324.0024	807.3200	1430.1765
162.2272	1690.0000	324.9168	805.6400	1387.1610
162.3796	1692.0000	324.9168	803.9490	1389.6495
162.5320	1676.0000	324.3072	802.2580	1392.8490
162.6844	1676.0000	323.0880	800.5520	1379.3401
162.8368	1681.0000	322.7832	798.8620	1398.5371
162.9892	1709.0000	321.5640	797.1880	1421.2891
163.1416	1716.0000	321.5640	795.4650	1420.9336
163.2940	1710.0000	322.4784	793.7760	1413.4680
163.4464	1708.0000	322.7832	792.0690	1412.7571
163.5988	1709.0000	324.0024	790.3630	1410.9795
163.7512	1662.0000	323.6976	788.6740	1370.8081
163.9036	1642.0000	324.6120	786.9680	1393.2046
164.0560	1690.0000	324.6120	785.2950	1369.7416
164.2084	1646.0000	326.4408	783.5880	1392.8490
164.3608	1461.0000	328.8792	781.9160	1186.6591
164.5132	1480.0000	328.8792	780.2430	1215.8101
164.6656	1717.0000	325.5264	778.5700	1446.5295
164.8180	1810.0000	323.0880	776.9120	1482.0796
164.9704	1773.0000	323.3928	775.2060	1454.7061
165.1228	1704.0000	323.6976	773.5170	1408.1355
165.2752	1734.0000	321.8688	771.8110	1421.6445
165.4276	1472.0000	327.9648	770.1040	1187.0145
165.5800	1452.0000	328.8792	768.4310	1199.4570
165.7324	1677.0000	324.0024	766.7770	1360.4985
165.8848	1743.0000	324.0024	765.0880	1416.3120
166.0372	1659.0000	322.1736	763.3980	1344.1455
166.1896	1550.0000	328.8792	761.6900	1243.1836
166.3420	1365.0000	333.7560	760.0330	1147.9095
166.4944	1635.0000	323.3928	758.3600	1370.4525
166.6468	1672.0000	322.7832	756.6720	1380.0510
166.7992	1680.0000	319.4304	754.9820	1423.7776
166.9516	1754.0000	321.5640	753.2920	1412.4015
167.1040	1766.0000	320.0400	751.5260	1455.4170
167.2564	1511.0000	327.0504	749.8270	1236.4291
167.4088	1404.0000	329.4888	748.1380	1149.3315
167.5612	1566.0000	324.9168	746.4820	1311.0841
167.7136	1580.0000	326.1360	744.7760	1298.2860
167.8660	1545.0000	327.0504	743.0860	1285.8435
168.0184	1674.0000	321.2592	741.3960	1375.0741
168.1708	1552.0000	329.7936	739.6880	1212.6106
168.3232	1498.0000	330.7080	738.0300	1218.2986
168.4756	1544.0000	328.5744	736.3580	1254.9150
168.6280	1807.0000	323.3928	734.6860	1472.4811
168.7804	1802.0000	323.0880	733.0140	1504.4761
168.9328	1754.0000	323.0880	731.3080	1423.7776
169.0852	1744.0000	324.0024	729.6170	1441.5525
169.2376	1746.0000	323.3928	727.9100	1410.6240
169.3900	1491.0000	331.6224	726.2050	1168.1731
169.5424	1582.0000	324.9168	724.5660	1316.0610
169.6948	1655.0000	325.2216	722.8760	1382.1841
169.8472	1687.0000	325.8312	721.1860	1385.7390
169.9996	1704.0000	326.1360	719.4960	1404.5806
170.1520	1699.0000	324.6120	717.8220	1397.8260
170.3044	1678.0000	323.3928	716.1500	1381.1176
170.4568	1680.0000	323.0880	714.4440	1387.5166
170.6092	1698.0000	322.1736	712.7540	1400.3146
170.7616	1665.0000	322.4784	711.0640	1376.4961
170.9140	1645.0000	322.1736	709.3580	1351.6111
171.0664	1692.0000	322.4784	707.6680	1383.6061
171.2188	1690.0000	323.3928	705.9620	1390.7161
171.3712	1685.0000	324.3072	704.2550	1391.0715
171.5236	1687.0000	325.2216	702.5640	1361.5651
171.6760	1650.0000	324.6120	700.8740	1364.7645
171.8284	1658.0000	324.9168	699.1860	1370.4525
171.9808	1728.0000	324.9168	697.4960	1392.8490
172.1332	1696.0000	325.5264	695.8060	1410.2686
172.2856	1724.0000	325.8312	694.1330	1399.2480
172.4380	1712.0000	325.2216	692.4440	1398.8926
172.5904	1684.0000	323.3928	690.7540	1383.2505
172.7428	1710.0000	322.4784	689.0810	1405.6471
172.8952	1788.0000	322.4784	687.3580	1459.3275
173.0476	1787.0000	323.6976	685.6850	1454.3506
173.2000	1832.0000	320.9544	683.9780	1473.1920
173.3524	1368.0000	329.4888	682.2870	1129.4236
173.5048	1407.0000	329.1840	680.6140	1148.2650
173.6572	1678.0000	326.4408	678.9580	1372.9410
173.8096	1670.0000	324.9168	677.2860	1388.9386
173.9620	1724.0000	323.3928	675.5960	1408.1355
174.1144	1766.0000	323.3928	673.9230	1429.1101
174.2668	1691.0000	323.6976	672.2160	1403.5140
174.4192	1661.0000	323.0880	670.5100	1362.9871
174.5716	1676.0000	322.7832	668.8380	1383.6061
174.7240	1733.0000	321.8688	667.1310	1396.0486
174.8764	1736.0000	321.8688	665.4320	1398.8926
175.0288	1701.0000	323.0880	663.7340	1387.8721
175.1812	1708.0000	324.0024	662.0280	1386.4501
175.3336	1672.0000	325.2216	660.3380	1354.8105
175.4860	1665.0000	325.5264	658.6480	1372.9410
175.6384	1695.0000	324.9168	656.9580	1375.7850
175.7908	1696.0000	325.8312	655.2860	1386.0946
175.9432	1710.0000	308.4576	653.5960	1392.4935
176.0956	1716.0000	300.5328	651.8400	1390.0050
176.2480	1728.0000	291.0840	650.0160	1407.4246
176.4004	1438.0000	113.6904	648.0580	1143.2881
176.5528	1649.0000	97.5360	642.9890	1358.7211
176.7052	1419.0000	103.3272	637.3160	1163.9070
176.8576	1648.0000	99.3648	632.1160	1360.1431
177.0100	1362.0000	101.1936	626.6600	1136.8890
177.1624	1505.0000	606.2472	610.6500	1297.5751
177.3148	1773.0000	604.4184	609.7470	1441.9081
177.4672	1652.0000	606.5520	608.8420	1333.8361
177.6196	1639.0000	607.7712	607.9380	1332.4141
177.7720	1617.0000	606.5520	607.0340	1298.6416
177.9244	1612.0000	605.0280	606.1300	1296.8640
178.0768	1603.0000	602.2848	605.2280	1286.9100
178.2292	1556.0000	605.3328	604.3240	1257.4036
178.3816	1589.0000	590.7024	603.4140	1297.2196
178.5340	1570.0000	594.3600	602.5020	1278.7335
178.6864	1592.0000	600.1512	601.5650	1306.8180
178.8388	1605.0000	601.0656	600.6520	1307.1736
178.9912	1625.0000	604.7232	599.7400	1304.6851
179.1436	1624.0000	606.5520	598.8280	1311.7950
179.2960	1605.0000	607.1616	597.9160	1289.3986
179.4484	1622.0000	608.0760	597.0140	1300.7745
179.6008	1557.0000	607.7712	596.1280	1280.1555
179.7532	1634.0000	608.3808	595.2080	1298.9971
179.9056	1595.0000	608.6856	594.3050	1283.3551
180.0580	1637.0000	605.9424	593.4020	1301.1300
180.2104	1624.0000	604.4184	592.4980	1291.8871
180.3628	1625.0000	605.3328	591.6110	1293.6646
180.5152	1582.0000	605.9424	590.7070	1297.9305
180.6676	1597.0000	606.5520	589.7870	1298.2860
180.8200	1563.0000	606.8568	588.8840	1293.6646
180.9724	1584.0000	607.1616	587.9810	1291.5315
181.1248	1584.0000	606.5520	587.0780	1292.2426
181.2772	1591.0000	607.4664	586.1740	1307.8845
181.4296	1583.0000	608.6856	585.2700	1302.9076
181.5820	1619.0000	605.6376	584.3660	1329.2146
181.7344	1631.0000	603.1992	583.4630	1327.7926
181.8868	1646.0000	602.8944	582.5590	1331.3475
182.0392	1616.0000	603.1992	581.6550	1320.3270
182.1916	1592.0000	604.4184	580.7340	1295.0865
182.3440	1602.0000	604.4184	579.8380	1301.1300
182.4964	1591.0000	604.7232	578.9260	1292.9535
182.6488	1603.0000	605.3328	578.0080	1303.2631
182.8012	1615.0000	604.1136	577.1050	1315.3501
182.9536	1602.0000	606.2472	576.1850	1321.3936
183.1060	1712.0000	603.1992	575.2820	1406.0026
183.2584	1762.0000	602.8944	574.3940	1448.6626
183.4108	1820.0000	599.8464	573.4740	1484.2125
183.5632	1756.0000	605.9424	572.5620	1420.9336
183.7156	1676.0000	606.8568	571.6500	1359.7876
183.8680	1664.0000	608.0760	570.7480	1354.4551
184.0204	1655.0000	605.6376	569.8620	1343.0791
184.1728	1644.0000	603.1992	568.9580	1340.5906
184.3252	1629.0000	602.8944	568.0380	1341.6571
184.4776	1649.0000	603.5040	567.1260	1363.6980
184.6300	1735.0000	602.8944	566.2310	1426.9771
184.7824	1766.0000	604.4184	565.3100	1425.5551
184.9348	1748.0000	604.7232	564.4080	1425.5551
185.0872	1764.0000	604.7232	563.4870	1417.7340
185.2396	1720.0000	606.5520	562.5840	1397.8260
185.3920	1698.0000	603.5040	561.6980	1392.8490
185.5444	1732.0000	602.2848	560.7760	1408.4911
185.6968	1689.0000	602.2848	559.8740	1388.2275
185.8492	1648.0000	603.1992	558.9540	1362.2760
186.0016	1637.0000	603.8088	558.0500	1344.1455
186.1540	1622.0000	603.8088	557.1470	1344.8566
186.3064	1606.0000	604.4184	556.2270	1337.3910
186.4588	1633.0000	604.7232	555.3240	1334.1915
186.6112	1623.0000	603.5040	554.4080	1340.2351
186.7636	1636.0000	605.3328	553.5010	1333.8361
186.9160	1630.0000	606.2472	552.5980	1329.2146
187.0684	1606.0000	606.2472	551.6940	1335.9690
187.2208	1657.0000	605.0280	550.7900	1356.9436
187.3732	1661.0000	606.5520	549.8700	1372.2301
187.5256	1690.0000	605.9424	548.9680	1393.9155
187.6780	1747.0000	600.1512	548.0810	1408.1355
187.8304	1763.0000	547.1160	547.1780	1424.1331
187.9828	1783.0000	502.6152	546.2410	1434.7981
188.1352	1787.0000	502.9200	545.1360	1444.7521
188.2876	1738.0000	509.6256	544.0490	1409.5575
188.4400	1683.0000	504.7488	542.9940	1353.7440
188.5924	1616.0000	505.6632	541.8900	1314.9945
188.7448	1657.0000	504.1392	540.8020	1361.5651
188.8972	1738.0000	467.8680	539.7300	1405.2915
189.0496	1703.0000	394.7160	538.6270	1372.2301
189.2020	1708.0000	387.7056	537.3060	1363.6980
189.3544	1720.0000	372.4656	535.8850	1360.8540
189.5068	1645.0000	344.4240	534.4460	1334.5470
189.6592	1595.0000	311.5056	532.8720	1296.5085
189.8116	1602.0000	299.6184	531.1320	1289.3986
189.9640	1597.0000	315.7728	529.2930	1243.1836
190.1164	2734.0000	276.4536	527.5200	2349.1440
190.2688	2865.0000	276.7584	525.5620	2500.5872
190.4212	2746.0000	264.8712	523.5700	2414.9116
190.5736	3010.0000	258.4704	521.4960	2593.7280
190.7260	3509.0000	263.9568	519.3540	3128.4001
190.8784	3304.0000	272.1864	517.2810	2877.4170
191.0308	2766.0000	241.4016	515.2400	2419.5332
191.1832	2702.0000	116.4336	512.8480	2324.2590
191.3356	3093.0000	83.2104	507.0430	2703.5776
191.4880	3029.0000	82.9056	500.7340	2690.4241
191.6404	3037.0000	81.9912	493.9930	2642.7871
191.7928	3275.0000	74.6760	487.2680	2889.1487
191.9452	3476.0000	73.7616	479.8390	3059.7886
192.0976	3687.0000	68.8848	472.3460	3275.2217
192.2500	3881.0000	67.0560	464.6980	3429.1531
192.4024	3900.0000	64.0080	456.9860	3466.8362
192.5548	3811.0000	73.1520	448.6390	3447.2837
192.7072	3881.0000	68.5800	440.6250	3548.2456
192.8596	3988.0000	67.3608	432.2780	3633.2102
193.0120	4078.0000	62.7888	424.7650	3725.2847
193.1644	3541.0000	76.5048	417.2700	3188.8352
193.3168	3564.0000	78.6384	409.7760	3295.1296
193.4692	3733.0000	75.2856	403.3520	3464.7031
193.6216	2853.0000	93.5736	396.5580	2599.4160
193.7740	3405.0000	85.0392	390.0340	3031.3486
193.9264	3379.0000	88.0872	384.1100	3051.6121
194.0788	2676.0000	8.5344	378.5900	2265.6016
194.2312	3949.0000	176.7840	354.9990	3491.7212
194.3836	3379.0000	186.2328	351.9220	3001.8420
194.5360	3584.0000	184.7088	348.9920	3224.3850
194.6884	3903.0000	185.6232	346.0160	3459.0151
194.8408	3569.0000	151.7904	321.5530	3201.9885
194.9932	3935.0000	211.8360	301.7100	3471.1021
195.1456	3409.0000	223.4184	299.1500	3019.2617
195.2980	3009.0000	229.5144	296.6920	2577.0195
195.4504	2796.0000	116.7384	294.3150	2396.4255
195.6028	2970.0000	103.6320	289.8640	2540.7585
195.7552	4250.0000	259.9944	223.5720	3813.0930
195.9076	3541.0000	276.7584	221.4800	3065.8320
196.0600	3167.0000	280.4160	219.4890	2814.1382
196.2124	3356.0000	277.3680	217.5320	2969.4917
196.3648	3197.0000	279.5016	215.5560	2852.8877
196.5172	2899.0000	282.8544	213.5820	2553.2012
196.6696	2717.0000	288.3408	211.6430	2371.1851
196.8220	2411.0000	293.2176	209.7350	2080.0305
196.9744	2148.0000	296.8752	207.8430	1845.0450
197.1268	2206.0000	295.3512	206.0010	1889.8380
197.2792	2392.0000	292.3032	204.1440	2085.3630
197.4316	2274.0000	292.3032	202.2720	1925.7435
197.5840	1796.0000	302.9712	200.3820	1462.1715
197.7364	1745.0000	302.6664	198.5720	1420.2225
197.8888	1644.0000	306.0192	196.7480	1342.3680
198.0412	1748.0000	304.4952	194.9760	1418.8005
198.1936	1782.0000	303.8856	193.1690	1446.8850
198.3460	1747.0000	304.4952	191.3460	1408.8466
198.4984	1703.0000	304.4952	189.5540	1384.3170
198.6508	1741.0000	304.1904	187.7465	1416.6676
198.8032	1701.0000	306.0192	185.9555	1367.2531
198.9556	1776.0000	305.1048	184.1665	1435.5090
199.1080	1823.0000	303.8856	182.3770	1440.1305
199.2604	1880.0000	302.6664	180.5860	1498.0770
199.4128	1698.0000	304.1904	178.7765	1378.6290
199.5652	1507.0000	308.7624	176.9515	1190.9250
199.7176	1703.0000	270.9672	175.1965	1384.3170
199.8700	1764.0000	238.3536	173.1235	1420.5780
200.0224	1585.0000	236.2200	170.8145	1234.2960
200.1748	1334.0000	242.9256	168.5195	1073.2545
200.3272	1624.0000	0.6096	166.2600	1304.6851
200.4796	1898.0000	533.0952	130.8385	1563.1335
200.6320	1849.0000	532.4856	129.8015	1527.2280
200.7844	1827.0000	530.0472	128.7815	1498.7881
200.9368	1839.0000	529.1328	127.7600	1514.7855
201.0892	1894.0000	529.4376	126.7140	1567.3995
201.2416	1787.0000	530.0472	125.6840	1486.3456
201.3940	1736.0000	532.4856	124.6460	1438.3530
201.5464	1740.0000	532.1808	123.6090	1441.5525
201.6988	1781.0000	532.4856	122.5720	1452.5730
201.8512	1743.0000	532.7904	121.5355	1436.5756
202.0036	1800.0000	531.5712	120.5150	1456.4835
202.1560	1860.0000	531.8760	119.4945	1517.9851
202.3084	1880.0000	531.5712	118.4575	1547.1361
202.4608	1866.0000	532.4856	117.4200	1516.9186
202.6132	1796.0000	533.4000	116.3995	1466.0820
202.7656	1748.0000	534.9240	115.3620	1429.8210
202.9180	1780.0000	534.6192	114.3245	1432.3096
203.0704	1755.0000	534.9240	113.3035	1429.8210
203.2228	1781.0000	531.8760	112.2990	1453.2841
203.3752	1820.0000	531.2664	111.2615	1470.3480
203.5276	1853.0000	532.1808	110.2235	1522.6066
203.6800	1807.0000	532.1808	109.1865	1493.8110
203.8324	1805.0000	533.4000	108.1665	1484.5680
203.9848	1763.0000	541.6296	107.1290	1472.8365
204.1372	1797.0000	533.7048	106.0920	1477.4580
204.2896	1815.0000	537.0576	105.0710	1503.4095
204.4420	1866.0000	531.5712	104.0500	1546.4250
204.5944	1871.0000	530.3520	103.0290	1523.3175
204.7468	1775.0000	531.2664	101.9755	1476.7471
204.8992	1780.0000	530.9616	100.9390	1450.0846
205.0516	1743.0000	530.6568	99.9020	1440.1305
205.2040	1755.0000	530.6568	98.8975	1440.4861
205.3564	1812.0000	528.8280	97.8605	1487.0565
205.5088	1907.0000	527.9136	96.8225	1581.9751
205.6612	1897.0000	529.1328	95.7855	1577.3535
205.8136	1944.0000	528.8280	94.7480	1608.2821
205.9660	1986.0000	507.7968	93.7105	1629.2566
206.1184	1908.0000	423.6720	92.6565	1568.4661
206.2708	1851.0000	398.3736	91.4185	1484.5680
206.4232	1715.0000	400.5072	90.0635	1381.1176
206.5756	1639.0000	402.3360	88.6740	1323.8821
206.7280	1643.0000	402.3360	87.3020	1339.5240
206.8804	1745.0000	391.3632	85.9645	1420.2225
207.0328	1708.0000	308.1528	84.5755	1373.6521
207.1852	1676.0000	236.8296	82.8515	1359.4320
207.3376	1908.0000	187.7568	80.4075	1570.9546
207.4900	2030.0000	187.7568	77.5135	1659.4740
207.6424	2403.0000	110.9472	74.5690	2067.2327
207.7948	2219.0000	92.3544	69.0120	1886.6385
207.9472	2749.0000	82.2960	62.7230	2401.4026
208.0996	2798.0000	80.4672	56.1975	2472.5027
208.2520	3140.0000	72.8472	49.3365	2742.3271
208.4044	2492.0000	87.7824	42.7955	2150.0640
208.5568	2328.0000	83.8200	35.7515	1978.7130
208.7092	3817.0000	59.4360	15.9090	3440.8845
208.8616	3531.0000	64.3128	8.1130	3176.0371
