HOLE:	U1353C
EXPEDITION:	317
TOP:	142.1104
BOTTOM:	218.9200
DEPTH_WMSF	HSGR	HCGR	HFK	HTHO	HURA	HBHK
m	gAPI	gAPI	%	ppm	ppm	%
142.1104	57.0089	47.6389	1.3019	7.6535	1.0912	0.0579
142.2628	57.0089	47.6389	1.3019	7.6535	1.0912	0.0579
142.4152	57.0089	47.6389	1.3019	7.6535	1.0912	0.0579
142.5676	58.5704	49.9154	1.3506	8.0983	0.9958	0.0579
142.7200	59.0418	49.3196	1.3544	7.8850	1.1788	0.0579
142.8724	59.7503	51.3474	1.3536	8.5400	1.0975	0.0579
143.0248	57.8897	49.2728	1.2548	8.4529	1.1368	0.0579
143.1772	57.2260	46.8156	1.1794	8.1068	1.3930	0.0579
143.3296	55.1558	44.5436	1.1520	7.5383	1.4356	0.0579
143.4820	54.2972	43.8041	1.1472	7.3293	1.4380	0.0579
143.6344	53.5339	42.9424	1.1074	7.2863	1.4519	0.0579
143.7868	52.8173	42.3043	1.0814	7.2339	1.3940	0.0579
143.9392	52.4548	40.9204	1.0309	7.0860	1.5601	0.0579
144.0916	51.0885	41.4385	0.9783	7.5597	1.3874	0.0579
144.2440	50.4647	38.5800	0.9442	6.8431	1.7113	0.0579
144.3964	50.4337	38.6244	0.9394	6.8855	1.6634	0.0579
144.5488	50.9735	37.6942	0.9530	6.5073	1.7703	0.0579
144.7012	50.1604	37.3770	0.9585	6.3735	1.6955	0.0579
144.8536	49.5029	36.3524	0.9818	5.9082	1.7544	0.0579
145.0060	48.8977	36.2513	0.9435	6.1002	1.6722	0.0579
145.1584	48.8057	36.5195	0.9698	6.0325	1.6759	0.0579
145.3108	50.7889	38.0633	1.0286	6.1831	1.7455	0.0579
145.4632	55.5036	41.3266	1.1446	6.5502	1.9345	0.0579
145.6156	61.3535	47.0374	1.3043	7.4467	1.9347	0.0579
145.7680	65.3110	47.8989	1.3851	7.2497	2.2699	0.0579
145.9204	67.6684	50.8544	1.4384	7.8854	2.1677	0.0579
146.0728	71.3743	54.9563	1.5460	8.5709	2.1361	0.0579
146.2252	71.6577	55.5553	1.5162	8.9370	2.1661	0.0579
146.3776	71.7500	56.3126	1.5210	9.1519	2.1071	0.0579
146.5300	70.9179	57.0922	1.5251	9.3778	1.8549	0.0579
146.6824	73.0151	58.4495	1.6003	9.3729	1.9136	0.0579
146.8348	74.3280	59.1365	1.6345	9.3928	1.9378	0.0579
146.9872	74.7434	60.0885	1.6349	9.6957	1.8641	0.0579
147.1396	73.0532	59.2003	1.6252	9.4682	1.7941	0.0579
147.2920	70.8037	59.2559	1.6103	9.5729	1.5699	0.0579
147.4444	67.8951	57.2470	1.5537	9.2605	1.5339	0.0579
147.5968	65.0652	54.5471	1.4846	8.7988	1.5692	0.0579
147.7492	63.1867	51.7647	1.4316	8.2170	1.6901	0.0579
147.9016	61.2159	49.1459	1.4079	7.5162	1.7553	0.0579
148.0540	59.8051	46.5407	1.3591	6.9665	1.9126	0.0579
148.2064	58.1414	43.7204	1.2793	6.5294	2.0917	0.0579
148.3588	56.7865	41.9183	1.2124	6.3429	2.1561	0.0579
148.5112	55.5750	41.0488	1.1772	6.2704	2.0828	0.0579
148.6636	54.4821	40.6195	1.1699	6.1756	1.9843	0.0579
148.8160	54.1281	40.0281	1.1362	6.1834	1.9714	0.0579
148.9684	54.0141	38.5092	1.0901	5.9663	2.1329	0.0579
149.1208	53.3440	37.8629	1.0713	5.8691	2.1222	0.0579
149.2732	52.9261	37.8656	1.0589	5.9423	2.0362	0.0579
149.4256	53.4150	39.0883	1.0951	6.1226	1.9062	0.0579
149.5780	54.7286	40.9187	1.1628	6.3131	1.7743	0.0579
149.7304	54.7255	42.4521	1.1975	6.6016	1.5449	0.0579
149.8828	53.8565	42.9639	1.2042	6.7262	1.3375	0.0579
150.0352	52.3628	42.1248	1.1793	6.6031	1.2788	0.0579
150.1876	51.7144	42.7481	1.1428	7.0165	1.1835	0.0579
150.3400	52.2229	43.3561	1.1631	7.0926	1.1560	0.0579
150.4924	54.5586	44.7179	1.2380	7.0908	1.2837	0.0579
150.6448	57.1029	46.0165	1.3153	7.0549	1.3712	0.0579
150.7972	58.8717	47.9710	1.3642	7.3954	1.3601	0.0579
150.9496	60.1606	49.5693	1.4001	7.6975	1.3464	0.0579
151.1020	61.0645	50.1127	1.3935	7.9102	1.4374	0.0579
151.2544	62.7421	51.4134	1.3827	8.3905	1.5768	0.0579
151.4068	63.8488	52.0430	1.3981	8.5027	1.6489	0.0579
151.5592	63.5730	50.9458	1.3727	8.2994	1.8122	0.0579
151.7116	62.4782	49.0699	1.2994	8.1269	1.9693	0.0579
151.8640	59.7190	44.5924	1.2400	7.0392	2.1089	0.0579
152.0164	55.6447	42.5662	1.1114	7.1420	1.9079	0.0579
152.1688	49.0625	38.3761	0.9728	6.6100	1.5712	0.0579
152.3212	43.1447	34.5630	0.8660	6.0129	1.3074	0.0579
152.4736	38.5819	30.2672	0.7466	5.3343	1.1790	0.0579
152.6260	35.9304	28.1256	0.6986	4.9285	1.0921	0.0579
152.7784	36.8165	28.2783	0.6943	5.0025	1.1635	0.0579
152.9308	40.8672	32.1253	0.7939	5.6534	1.1797	0.0579
153.0832	49.7312	38.6686	0.9433	6.8767	1.5176	0.0579
153.2356	59.5702	48.7887	1.1917	8.6674	1.4254	0.0579
153.3880	66.9207	56.2865	1.4389	9.6243	1.3460	0.0579
153.5404	70.6481	59.5709	1.5370	10.1032	1.4258	0.0579
153.6928	73.0714	60.3113	1.6043	9.9467	1.6278	0.0579
153.8452	74.9072	60.9964	1.6353	9.9848	1.7502	0.0579
153.9976	74.9636	61.1994	1.6365	10.0428	1.7625	0.0579
154.1500	71.2365	58.2742	1.5639	9.5301	1.6884	0.0579
154.3024	67.7165	55.8291	1.5153	9.0303	1.5585	0.0579
154.4548	64.3643	54.6775	1.4673	8.9421	1.2611	0.0579
154.6072	63.3591	53.8866	1.4849	8.5855	1.1862	0.0579
154.7596	63.9440	52.7671	1.4994	8.1417	1.3795	0.0579
154.9120	66.8800	53.0752	1.5325	8.0463	1.7278	0.0579
155.0644	69.6393	54.5071	1.5452	8.4312	1.9198	0.0579
155.2168	71.7830	55.5654	1.5585	8.6926	2.1077	0.0579
155.3692	73.6337	56.6079	1.5855	8.8690	2.2189	0.0579
155.5216	74.7805	58.2953	1.6345	9.1235	2.1771	0.0579
155.6740	75.1880	59.0965	1.6590	9.2366	2.1261	0.0579
155.8264	75.1423	59.4266	1.6888	9.1680	2.0657	0.0579
155.9788	75.3861	59.3588	1.7116	9.0128	2.0758	0.0579
156.1312	75.8517	58.2484	1.7100	8.6663	2.2437	0.0579
156.2836	76.0587	57.4269	1.6894	8.5234	2.3628	0.0579
156.4360	76.2724	58.5774	1.6886	8.8968	2.2255	0.0579
156.5884	76.7026	60.6676	1.7316	9.3155	2.0127	0.0579
156.7408	77.0482	61.3765	1.7580	9.3883	1.9593	0.0579
156.8932	76.7184	61.4609	1.7852	9.2562	1.8431	0.0579
157.0456	75.8348	61.4766	1.8030	9.1568	1.6708	0.0579
157.1980	75.0216	59.9676	1.7732	8.8476	1.7639	0.0579
157.3504	74.4289	59.0228	1.7677	8.5764	1.7739	0.0579
157.5028	74.8694	59.3448	1.7734	8.6467	1.7777	0.0579
157.6552	75.6081	58.7185	1.7540	8.5592	1.9706	0.0579
157.8076	76.1980	59.2957	1.7282	8.8957	2.0114	0.0579
157.9600	76.0747	59.9764	1.7372	9.0613	1.9392	0.0579
158.1124	73.5615	57.4575	1.6857	8.5551	1.9492	0.0579
158.2648	72.3506	55.2286	1.6545	8.0230	2.0587	0.0579
158.4172	72.6870	54.8447	1.6482	7.9365	2.0898	0.0579
158.5696	74.3806	56.7572	1.6985	8.2553	2.1126	0.0579
158.7220	70.6193	54.0842	1.6115	7.9074	1.9874	0.0579
158.8744	63.1588	49.0592	1.4746	7.0979	1.6991	0.0579
159.0268	54.6100	43.5251	1.2740	6.4976	1.3299	0.0579
159.1792	50.3963	39.0134	1.1574	5.7335	1.4561	0.0579
159.3316	48.9544	38.7049	1.1066	5.9323	1.2668	0.0579
159.4840	51.1518	41.5467	1.2009	6.2916	1.2279	0.0579
159.6364	53.3643	42.7734	1.2661	6.3028	1.4029	0.0579
159.7888	55.7556	45.0519	1.3082	6.7870	1.4099	0.0579
159.9412	56.3715	47.2740	1.3375	7.3278	1.2281	0.0579
160.0936	59.5526	51.3746	1.3852	8.3635	1.1908	0.0579
160.2460	63.7520	53.7686	1.4420	8.7990	1.4704	0.0579
160.3984	69.5925	56.8571	1.5189	9.3387	1.8489	0.0579
160.5508	73.9415	60.6789	1.6083	10.0410	1.9075	0.0579
160.7032	77.0351	64.1185	1.6720	10.7709	1.8567	0.0579
160.8556	77.4499	64.3924	1.6871	10.7702	1.8435	0.0579
161.0080	77.5155	63.7536	1.7075	10.4458	1.9750	0.0579
161.1604	78.0103	62.9606	1.7219	10.1073	2.1313	0.0579
161.3128	78.7332	62.7978	1.7469	9.9091	2.2433	0.0579
161.4652	77.5035	61.7253	1.7190	9.7285	2.2265	0.0579
161.6176	75.7764	59.8488	1.6902	9.2951	2.2177	0.0579
161.7700	75.3038	59.8168	1.7186	9.1186	2.1138	0.0579
161.9224	75.3094	61.5632	1.7765	9.3399	1.8839	0.0579
162.0748	70.9173	58.2894	1.6802	8.8536	1.7458	0.0579
162.2272	62.2560	50.0670	1.4758	7.4137	1.6706	0.0579
162.3796	52.4926	41.7199	1.2460	6.0829	1.4695	0.0579
162.5320	46.6827	37.3069	1.0960	5.5459	1.2705	0.0579
162.6844	44.9787	35.6158	1.0489	5.2792	1.2196	0.0579
162.8368	46.3518	39.1136	1.0893	6.1646	0.9192	0.0579
162.9892	47.2350	40.8927	1.1371	6.4554	0.9071	0.0579
163.1416	50.1365	43.0054	1.2098	6.7069	1.0439	0.0579
163.2940	56.2099	48.7037	1.3739	7.5735	1.1542	0.0579
163.4464	63.8117	54.8898	1.5254	8.6699	1.3987	0.0579
163.5988	69.3601	59.3607	1.6164	9.5708	1.6036	0.0579
163.7512	71.0831	61.3601	1.6823	9.8264	1.5652	0.0579
163.9036	73.5385	61.9406	1.6813	10.0182	1.7995	0.0579
164.0560	71.8404	60.9663	1.6362	9.9695	1.7173	0.0579
164.2084	70.6827	60.4210	1.5890	10.0714	1.6132	0.0579
164.3608	67.6544	58.8162	1.5621	9.7141	1.4365	0.0579
164.5132	70.3161	58.5376	1.5731	9.5604	1.8353	0.0579
164.6656	73.2349	59.5966	1.6057	9.7092	1.8976	0.0579
164.8180	78.1995	62.7609	1.7107	10.1091	2.0969	0.0579
164.9704	76.6336	59.3050	1.6445	9.3887	2.2190	0.0579
165.1228	74.6529	57.1122	1.6122	8.8746	2.1853	0.0579
165.2752	74.2169	56.9575	1.6079	8.8499	2.0769	0.0579
165.4276	76.6006	59.7028	1.6535	9.4631	2.0942	0.0579
165.5800	77.7714	61.8062	1.7214	9.7405	1.9762	0.0579
165.7324	75.0369	58.8621	1.6801	9.0381	1.9510	0.0579
165.8848	74.3133	58.1429	1.7094	8.6358	1.9299	0.0579
166.0372	73.6699	57.4954	1.6428	8.8183	1.9147	0.0579
166.1896	75.0262	60.2710	1.7391	9.1445	1.6461	0.0579
166.3420	74.4131	59.4983	1.7095	9.0698	1.7414	0.0579
166.4944	72.7420	60.5026	1.6934	9.4862	1.4260	0.0579
166.6468	70.8951	59.8629	1.6636	9.4557	1.3382	0.0579
166.7992	70.0632	59.2166	1.6762	9.1747	1.2817	0.0579
166.9516	72.8709	60.9965	1.7202	9.4878	1.4263	0.0579
167.1040	75.6785	62.9414	1.8257	9.4939	1.4300	0.0579
167.2564	76.6675	63.3363	1.9088	9.1338	1.5576	0.0579
167.4088	75.9547	62.5703	1.9090	8.8872	1.5876	0.0579
167.5612	76.7382	62.2283	1.9194	8.7166	1.7394	0.0579
167.7136	79.1692	64.0303	1.9858	8.9056	1.8246	0.0579
167.8660	81.3900	65.3621	1.9978	9.2624	1.9777	0.0579
168.0184	81.5992	64.3362	1.9847	9.0100	2.0946	0.0579
168.1708	80.6321	61.8869	1.9789	8.2583	2.2657	0.0579
168.3232	79.4748	61.4895	1.9956	8.0331	2.1884	0.0579
168.4756	79.4548	63.6544	2.0413	8.4602	1.9602	0.0579
168.6280	80.7729	65.2366	2.0997	8.6253	1.9700	0.0579
168.7804	80.3545	65.0419	2.0594	8.7988	2.0127	0.0579
168.9328	79.6296	65.1808	2.0135	9.1121	1.8683	0.0579
169.0852	78.1118	64.6627	1.9677	9.2144	1.7677	0.0579
169.2376	79.3551	66.3057	1.9981	9.5633	1.7410	0.0579
169.3900	79.0524	65.6166	1.9448	9.6544	1.8898	0.0579
169.5424	78.0266	64.5723	1.9310	9.3998	1.9039	0.0579
169.6948	75.2440	62.7411	1.8907	9.0491	1.9194	0.0579
169.8472	75.3859	62.9041	1.8744	9.1962	1.9051	0.0579
169.9996	76.5307	63.8196	1.9360	9.1282	1.9522	0.0579
170.1520	78.7720	64.0376	1.9043	9.3832	2.2254	0.0579
170.3044	77.9838	64.4905	1.9378	9.3313	1.9506	0.0579
170.4568	78.8236	65.4850	1.9886	9.3522	1.8786	0.0579
170.6092	80.5307	67.5260	2.0619	9.5768	1.8525	-999.2500
170.7616	81.3991	69.0337	2.0887	9.9026	1.7756	-999.2500
170.9140	80.7053	68.7422	2.1030	9.7247	1.7434	-999.2500
171.0664	77.4614	66.6083	2.0788	9.1816	1.5237	-999.2500
171.2188	77.5500	67.2867	2.0955	9.3012	1.4334	-999.2500
171.3712	78.1537	68.5657	2.0974	9.6992	1.2524	-999.2500
171.5236	80.0447	71.0976	2.1389	10.2677	1.2328	-999.2500
171.6760	79.8709	70.2062	2.0666	10.4052	1.2490	-999.2500
171.8284	80.2727	71.1054	2.1199	10.3818	1.1786	-999.2500
171.9808	80.5394	70.6013	2.1033	10.3174	1.3727	-999.2500
172.1332	79.4513	69.3263	2.0642	10.1378	1.4067	-999.2500
172.2856	77.5077	66.9548	1.9923	9.7983	1.4237	-999.2500
172.4380	75.0686	64.7013	1.8985	9.6247	1.3767	-999.2500
172.5904	74.3722	65.0534	1.8776	9.8604	1.1769	-999.2500
172.7428	74.5682	64.8028	1.8695	9.8275	1.2167	-999.2500
172.8952	75.7777	64.8131	1.8965	9.6723	1.4064	-999.2500
173.0476	76.6375	65.7861	1.8822	10.0685	1.4517	-999.2500
173.2000	77.3396	64.8899	1.9131	9.6002	1.5754	-999.2500
173.3524	77.2921	65.7608	1.8867	10.0336	1.5257	-999.2500
173.5048	76.7289	64.3538	1.8486	9.8060	1.5927	-999.2500
173.6572	74.9467	62.1102	1.7897	9.4316	1.5753	-999.2500
173.8096	73.7036	59.9010	1.7459	8.9798	1.6355	-999.2500
173.9620	74.8550	60.8697	1.7070	9.5182	1.6662	-999.2500
174.1144	77.6372	63.6531	1.8257	9.7154	1.6744	-999.2500
174.2668	79.9202	65.1073	1.8570	9.9979	1.7951	-999.2500
174.4192	81.9691	65.6638	1.9184	9.8169	1.9677	-999.2500
174.5716	82.1512	67.6001	1.9541	10.2283	1.7395	-999.2500
174.7240	83.3550	67.6937	2.0424	9.7419	1.8483	-999.2500
174.8764	82.4707	68.6523	2.0258	10.1462	1.6293	-999.2500
175.0288	83.1485	69.4113	2.1017	9.9451	1.5636	-999.2500
175.1812	83.5264	69.6476	2.1086	9.9805	1.6369	-999.2500
175.3336	82.4890	69.9615	2.1083	10.0832	1.5530	-999.2500
175.4860	82.6482	69.4822	2.0825	10.0805	1.7071	-999.2500
175.6384	81.1912	67.3284	2.0737	9.4415	1.7453	-999.2500
175.7908	81.8937	67.0498	2.0541	9.4668	1.8739	-999.2500
175.9432	79.5676	63.8281	1.9793	8.8719	2.0136	-999.2500
176.0956	76.0654	61.3393	1.8585	8.7818	1.8994	-999.2500
176.2480	72.0313	56.8309	1.7393	8.0345	1.9060	-999.2500
176.4004	68.1488	56.0615	1.6887	8.0836	1.5197	-999.2500
176.5528	63.1734	50.5449	1.5507	7.1236	1.6114	-999.2500
176.7052	56.7214	44.6244	1.3535	6.3798	1.5646	-999.2500
176.8576	49.7513	38.8914	1.1877	5.5132	1.3746	-999.2500
177.0100	45.6960	34.8819	1.0716	4.9073	1.3188	-999.2500
177.1624	43.1158	33.5219	1.0201	4.7728	1.1874	-999.2500
177.3148	42.1133	33.3152	0.9858	4.9076	1.1525	-999.2500
177.4672	44.2161	36.1126	1.0448	5.4587	1.0834	-999.2500
177.6196	52.0543	42.7295	1.2601	6.3191	1.2607	-999.2500
177.7720	61.4319	50.5489	1.4710	7.5908	1.4231	-999.2500
177.9244	70.3522	58.5106	1.6975	8.8171	1.6264	-999.2500
178.0768	75.5070	60.7364	1.7349	9.3118	1.9609	-999.2500
178.2292	78.4071	64.4467	1.7901	10.1782	1.8767	-999.2500
178.3816	79.2798	66.4108	1.8440	10.4917	1.7408	-999.2500
178.5340	79.4086	66.2704	1.8277	10.5423	1.7874	-999.2500
178.6864	79.4373	65.5947	1.7992	10.4923	1.9353	-999.2500
178.8388	78.5264	66.6411	1.7781	10.9515	1.6625	-999.2500
178.9912	77.9888	66.2370	1.8081	10.6464	1.6149	-999.2500
179.1436	75.8229	63.4782	1.7443	10.1361	1.5727	-999.2500
179.2960	75.3419	64.0013	1.7640	10.1881	1.4213	-999.2500
179.4484	74.0034	62.1710	1.7557	9.6498	1.5060	-999.2500
179.6008	74.9658	63.7792	1.7956	9.9320	1.3752	-999.2500
179.7532	76.1311	65.2591	1.8434	10.1262	1.3650	-999.2500
179.9056	72.3398	61.3319	1.7334	9.5110	1.4011	-999.2500
180.0580	66.3165	55.0511	1.5927	8.3215	1.4160	-999.2500
180.2104	58.3921	49.6065	1.4291	7.5343	1.1071	-999.2500
180.3628	55.6082	48.0957	1.4012	7.2135	0.9273	-999.2500
180.5152	55.0894	45.5625	1.3726	6.5687	1.1841	-999.2500
180.6676	54.5015	44.6086	1.3222	6.5577	1.2023	-999.2500
180.8200	51.9396	42.0935	1.2774	6.0140	1.3026	-999.2500
180.9724	50.7752	40.0003	1.1946	5.8278	1.3781	-999.2500
181.1248	49.0082	40.0970	1.1600	6.0613	1.1674	-999.2500
181.2772	49.4909	38.4987	1.1050	5.8709	1.4256	-999.2500
181.4296	49.4032	37.7054	1.0968	5.6647	1.4773	-999.2500
181.5820	50.2441	38.5714	1.1250	5.7771	1.4773	-999.2500
181.7344	53.6821	41.5954	1.1789	6.4308	1.5135	-999.2500
181.8868	58.7168	46.1717	1.2855	7.2736	1.5440	-999.2500
182.0392	63.3223	48.9591	1.3476	7.8037	1.7436	-999.2500
182.1916	63.4305	50.8015	1.3902	8.1446	1.5492	-999.2500
182.3440	59.8754	46.7475	1.3358	7.1639	1.6564	-999.2500
182.4964	56.1895	42.7565	1.2425	6.4312	1.5898	-999.2500
182.6488	50.3232	38.8109	1.1255	5.8515	1.3722	-999.2500
182.8012	44.9979	33.9212	1.0069	4.9781	1.3189	-999.2500
182.9536	42.0492	32.4219	0.9676	4.7280	1.1609	-999.2500
183.1060	42.2905	32.9900	0.9845	4.8110	1.1136	-999.2500
183.2584	43.3440	34.1358	1.0242	4.9460	1.0693	-999.2500
183.4108	42.1971	32.7355	1.0157	4.5469	1.1229	-999.2500
183.5632	40.9718	31.0924	1.0034	4.0921	1.1991	-999.2500
183.7156	40.2695	30.6650	0.9858	4.0581	1.2256	-999.2500
183.8680	40.7136	30.7094	0.9774	4.1213	1.2949	-999.2500
184.0204	41.4881	31.2678	0.9624	4.3884	1.3186	-999.2500
184.1728	42.6872	33.2184	0.9711	4.9622	1.2731	-999.2500
184.3252	43.6634	34.8302	0.9968	5.3288	1.2428	-999.2500
184.4776	43.6806	35.1501	0.9964	5.4336	1.2142	-999.2500
184.6300	43.5425	34.9495	0.9787	5.4730	1.1937	-999.2500
184.7824	42.9105	33.7445	0.9402	5.3122	1.2353	-999.2500
184.9348	43.4057	33.8567	0.9506	5.2873	1.3287	-999.2500
185.0872	45.6031	35.6723	1.0257	5.4293	1.3951	-999.2500
185.2396	50.5741	39.5697	1.1303	6.0666	1.5595	-999.2500
185.3920	58.2517	45.4638	1.3072	6.9200	1.8015	-999.2500
185.5444	64.0499	50.0866	1.4498	7.5667	1.8587	-999.2500
185.6968	66.9266	52.5513	1.5277	7.9011	1.8878	-999.2500
185.8492	68.0968	54.2298	1.6037	7.9939	1.8003	-999.2500
186.0016	70.7987	56.2288	1.6465	8.3839	1.8953	-999.2500
186.1540	76.0513	60.0773	1.7766	8.8562	2.0472	-999.2500
186.3064	79.6692	63.6607	1.8721	9.4454	2.0557	-999.2500
186.4588	81.7291	66.4145	1.9801	9.6960	1.9890	-999.2500
186.6112	81.7326	67.1927	2.0024	9.8150	1.8595	-999.2500
186.7636	82.2259	67.2981	1.9710	10.0324	1.9015	-999.2500
186.9160	81.9160	67.2316	1.9418	10.1821	1.8306	-999.2500
187.0684	84.0946	68.9526	1.9815	10.5014	1.8975	-999.2500
187.2208	85.5348	69.9340	2.0074	10.6643	1.9569	-999.2500
187.3732	86.1540	70.2164	2.0003	10.7962	2.0545	-999.2500
187.5256	84.3146	67.7484	1.9231	10.4571	2.1014	-999.2500
187.6780	83.2048	66.8120	1.9359	10.0823	2.0732	-999.2500
187.8304	84.7422	67.2860	1.9697	10.0362	2.1883	-999.2500
187.9828	86.4543	67.4982	1.9784	10.0533	2.3874	-999.2500
188.1352	87.2709	66.4439	1.9271	10.0154	2.6488	-999.2500
188.2876	84.5410	63.8340	1.8248	9.7781	2.6499	-999.2500
188.4400	81.3584	61.6757	1.7623	9.4520	2.5547	-999.2500
188.5924	78.8159	59.9206	1.7171	9.1544	2.4648	-999.2500
188.7448	79.8927	60.3611	1.7412	9.1542	2.5716	-999.2500
188.8972	82.4937	62.4386	1.8072	9.4339	2.6649	-999.2500
189.0496	83.5760	64.8497	1.8814	9.7724	2.4987	-999.2500
189.2020	82.7101	64.3642	1.8691	9.6887	2.5058	-999.2500
189.3544	82.2819	64.3431	1.8209	9.9644	2.5268	-999.2500
189.5068	83.8300	66.3366	1.8501	10.4323	2.5028	-999.2500
189.6592	85.4100	69.1235	1.9281	10.8691	2.3576	-999.2500
189.8116	85.1021	69.3169	1.9637	10.7228	2.2960	-999.2500
189.9640	84.3576	67.7324	1.9522	10.2824	2.4039	-999.2500
190.1164	83.4014	67.3228	1.9505	10.1609	2.3141	-999.2500
190.2688	83.1132	66.7130	1.9116	10.1928	2.3619	-999.2500
190.4212	82.2236	67.0574	1.9121	10.3004	2.2137	-999.2500
190.5736	81.5457	66.8173	1.8973	10.3102	2.2299	-999.2500
190.7260	80.4657	65.9448	1.8789	10.1378	2.2106	-999.2500
190.8784	78.8700	63.2883	1.8003	9.7469	2.2365	-999.2500
191.0308	78.4664	62.0814	1.7752	9.5066	2.2783	-999.2500
191.1832	78.9730	62.6144	1.7879	9.6032	2.3207	-999.2500
191.3356	81.0179	63.8619	1.8029	9.9154	2.3970	-999.2500
191.4880	82.2346	67.2228	1.8657	10.6250	2.1189	-999.2500
191.6404	84.6886	70.2380	1.9212	11.2663	2.0132	-999.2500
191.7928	87.1031	71.3043	1.9622	11.3679	2.1995	-999.2500
191.9452	87.1778	73.8926	2.0763	11.5302	1.8282	-999.2500
192.0976	85.7661	72.9528	2.1048	11.0619	1.7225	-999.2500
192.2500	83.8393	70.7293	2.0194	10.8493	1.7636	-999.2500
192.4024	82.6437	68.6788	1.9696	10.4838	1.8162	-999.2500
192.5548	82.0472	70.0304	2.0162	10.6440	1.6262	-999.2500
192.7072	80.8777	68.2615	1.9887	10.2379	1.7327	-999.2500
192.8596	79.3131	67.2720	1.9513	10.1400	1.5971	-999.2500
193.0120	79.6820	66.9051	1.9596	9.9740	1.7062	-999.2500
193.1644	81.0001	67.1508	1.9786	9.9409	1.8826	-999.2500
193.3168	81.8835	68.0108	2.0487	9.8064	1.8902	-999.2500
193.4692	82.4547	69.5951	2.0933	10.0528	1.6927	-999.2500
193.6216	81.4836	66.3287	2.0045	9.5256	1.9628	-999.2500
193.7740	83.5081	68.2492	2.0050	10.1387	1.9248	-999.2500
193.9264	83.3125	66.9800	2.0165	9.6644	1.9560	-999.2500
194.0788	82.2107	65.4759	1.9795	9.3989	2.0394	-999.2500
194.2312	81.2745	65.7065	1.9868	9.4301	1.8980	-999.2500
194.3836	80.4728	65.8758	1.9975	9.4212	1.7400	-999.2500
194.5360	81.7715	67.9767	2.0383	9.8561	1.6556	-999.2500
194.6884	81.3374	66.4110	1.9795	9.6982	1.7783	-999.2500
194.8408	81.9989	66.1889	1.9820	9.6125	1.8633	-999.2500
194.9932	82.3066	65.3739	1.9436	9.5762	2.0662	-999.2500
195.1456	83.3322	63.6936	1.8983	9.3030	2.4278	-999.2500
195.2980	82.3532	63.1694	1.8665	9.3214	2.3993	-999.2500
195.4504	82.2377	61.5009	1.8510	8.8771	2.5895	-999.2500
195.6028	79.9392	59.8976	1.8034	8.6419	2.5700	-999.2500
195.7552	80.8449	60.6751	1.8206	8.7905	2.5244	-999.2500
195.9076	79.7322	59.6011	1.7652	8.7705	2.5336	-999.2500
196.0600	80.6553	61.8246	1.8089	9.2276	2.3721	-999.2500
196.2124	79.5511	59.7524	1.7637	8.8283	2.4966	-999.2500
196.3648	80.6994	64.0425	1.9298	9.2305	2.1741	-999.2500
196.5172	81.9787	65.5233	1.9884	9.3621	2.1271	-999.2500
196.6696	84.2194	67.0784	2.0124	9.7198	2.1330	-999.2500
196.8220	85.0265	67.7674	2.0565	9.6825	2.1781	-999.2500
196.9744	83.7370	67.4242	2.0544	9.5846	2.1332	-999.2500
197.1268	84.1311	68.5305	2.1081	9.6251	2.1435	-999.2500
197.2792	84.3341	70.1027	2.1457	9.9084	1.9786	-999.2500
197.4316	85.7206	72.2614	2.1472	10.5914	1.9433	-999.2500
197.5840	84.1671	69.8484	2.0801	10.2108	2.0044	-999.2500
197.7364	80.4589	65.8983	2.0237	9.2750	2.0058	-999.2500
197.8888	79.5778	65.1997	2.0219	9.0619	1.9004	-999.2500
198.0412	77.5554	61.9214	1.8918	8.7725	1.9922	-999.2500
198.1936	79.2194	64.0245	1.9034	9.3790	1.9735	-999.2500
198.3460	78.8704	64.5236	1.9519	9.2550	1.8767	-999.2500
198.4984	82.6362	68.8403	2.0567	10.0251	1.7893	-999.2500
198.6508	82.9409	69.0219	2.0562	10.0864	1.7043	-999.2500
198.8032	84.0934	69.5135	2.0135	10.4939	1.8012	-999.2500
198.9556	82.6489	67.7148	1.9416	10.3386	1.7432	-999.2500
199.1080	83.8518	68.9199	2.0157	10.2914	1.7424	-999.2500
199.2604	84.5329	69.4601	2.0468	10.2820	1.7702	-999.2500
199.4128	85.0960	69.0392	1.9839	10.5157	1.9094	-999.2500
199.5652	83.5980	68.2777	1.9377	10.5421	1.8871	-999.2500
199.7176	82.9643	68.4690	1.9156	10.7327	1.8268	-999.2500
199.8700	80.1927	66.5017	1.8986	10.2013	1.7115	-999.2500
200.0224	80.1073	66.7029	1.8771	10.3915	1.6425	-999.2500
200.1748	78.6009	65.2357	1.8394	10.1423	1.6392	-999.2500
200.3272	80.2280	65.6411	1.8429	10.2515	1.8097	-999.2500
200.4796	80.6185	67.0013	1.8785	10.4793	1.6482	-999.2500
200.6320	80.7887	67.3358	1.8941	10.4951	1.6416	-999.2500
200.7844	80.1353	66.3342	1.8553	10.4013	1.7157	-999.2500
200.9368	79.4827	66.1359	1.8583	10.3199	1.6990	-999.2500
201.0892	79.5325	66.2191	1.8723	10.2647	1.7691	-999.2500
201.2416	79.0755	66.0292	1.8962	10.0643	1.7452	-999.2500
201.3940	79.2705	64.7265	1.9067	9.5851	1.9066	-999.2500
201.5464	78.0444	62.3629	1.8387	9.2255	1.9993	-999.2500
201.6988	76.4281	60.7886	1.7830	9.0470	1.9859	-999.2500
201.8512	75.6635	60.2478	1.7591	9.0135	1.9399	-999.2500
202.0036	76.0168	61.3797	1.7593	9.3747	1.8345	-999.2500
202.1560	76.0716	61.3970	1.7401	9.4926	1.8804	-999.2500
202.3084	75.2335	59.5065	1.7035	9.1012	2.0471	-999.2500
202.4608	74.8262	58.7010	1.7113	8.7975	2.1040	-999.2500
202.6132	74.6611	59.1022	1.7157	8.9002	2.0108	-999.2500
202.7656	73.1355	59.0502	1.6900	9.0341	1.7904	-999.2500
202.9180	70.4630	57.3847	1.6308	8.8466	1.6315	-999.2500
203.0704	69.1976	56.2576	1.5735	8.8209	1.6049	-999.2500
203.2228	68.0974	56.1098	1.5719	8.7824	1.5251	-999.2500
203.3752	65.3678	53.7546	1.5231	8.3136	1.5189	-999.2500
203.5276	61.8242	50.4222	1.4343	7.7652	1.5090	-999.2500
203.6800	57.9493	47.2617	1.3472	7.2619	1.4616	-999.2500
203.8324	55.1306	44.4192	1.3091	6.5742	1.4346	-999.2500
203.9848	51.4581	41.1211	1.2337	5.9584	1.3547	-999.2500
204.1372	50.0888	40.5230	1.2016	5.9543	1.2812	-999.2500
204.2896	49.7990	40.5745	1.2162	5.8855	1.2283	-999.2500
204.4420	50.9477	41.9419	1.2864	5.9125	1.2100	-999.2500
204.5944	50.6396	41.6066	1.2757	5.8678	1.2254	-999.2500
204.7468	49.3732	40.2072	1.2503	5.5681	1.2725	-999.2500
204.8992	47.3546	39.1898	1.2087	5.4857	1.0984	-999.2500
205.0516	44.8954	37.3647	1.1473	5.2602	0.9933	-999.2500
205.2040	44.4691	37.2388	1.1505	5.2007	0.9782	-999.2500
205.3564	43.6306	36.2565	1.1230	5.0472	0.9735	-999.2500
205.5088	44.6700	37.4670	1.1696	5.1621	0.9292	-999.2500
205.6612	46.5914	39.8375	1.2322	5.5557	0.8865	-999.2500
205.8136	48.4700	41.5265	1.2932	5.7401	0.8904	-999.2500
205.9660	49.1568	41.7731	1.3085	5.7294	0.9753	-999.2500
206.1184	47.8894	40.7471	1.2655	5.6526	0.9309	-999.2500
206.2708	46.8841	39.7012	1.2404	5.4643	0.9061	-999.2500
206.4232	45.1589	38.2774	1.2009	5.2392	0.8812	-999.2500
206.5756	42.7826	36.0981	1.1274	4.9711	0.8501	-999.2500
206.7280	40.6954	33.9216	1.0537	4.7046	0.9266	-999.2500
206.8804	40.5261	33.7972	1.0419	4.7338	0.8971	-999.2500
207.0328	40.0275	33.6924	1.0649	4.5656	0.9530	-999.2500
207.1852	39.8157	33.7210	1.0499	4.6626	0.9519	-999.2500
207.3376	38.8670	33.7530	1.0613	4.6061	0.8210	-999.2500
207.4900	38.2808	34.0840	1.0486	4.7862	0.7108	-999.2500
207.6424	38.9688	36.1483	1.0556	5.4073	0.5176	-999.2500
207.7948	39.7159	36.9442	1.0362	5.7757	0.5398	-999.2500
207.9472	41.2705	38.6353	1.0964	5.9648	0.5293	-999.2500
208.0996	40.0513	37.3694	1.0112	6.0581	0.5366	-999.2500
208.2520	39.6353	37.3042	1.0116	6.0351	0.5598	-999.2500
208.4044	38.1528	36.6956	0.9969	5.9263	0.3969	-999.2500
208.5568	39.0770	39.3633	1.0645	6.3854	0.1657	-999.2500
208.7092	38.7420	39.0909	1.0126	6.6020	0.0858	-999.2500
208.8616	40.0435	39.9624	1.0157	6.8627	0.1765	-999.2500
209.0140	40.0747	38.5359	0.9703	6.6713	0.3552	-999.2500
209.1664	40.8150	38.4260	0.9963	6.4839	0.4729	-999.2500
209.3188	43.0265	38.7817	1.0299	6.4011	0.7099	-999.2500
209.4712	47.2025	41.3101	1.1453	6.5361	0.8554	-999.2500
209.6236	54.9204	47.7595	1.3083	7.6491	1.0167	-999.2500
209.7760	64.1652	55.5784	1.5276	8.8715	1.1651	-999.2500
209.9284	72.8754	64.0828	1.7169	10.4891	1.1672	-999.2500
210.0808	77.2415	66.3332	1.8399	10.4903	1.4834	-999.2500
210.2332	77.3093	64.7048	1.7864	10.2816	1.7277	-999.2500
210.3856	76.3288	64.4062	1.8029	10.0897	1.6721	-999.2500
210.5380	76.8926	64.6939	1.8347	9.9959	1.5334	-999.2500
210.6904	77.7094	66.0504	1.8081	10.5863	1.4692	-999.2500
210.8428	76.8035	65.6543	1.7839	10.6011	1.3324	-999.2500
210.9952	75.3965	64.1869	1.7235	10.4842	1.3880	-999.2500
211.1476	73.5827	62.8268	1.6466	10.4986	1.3487	-999.2500
211.3000	73.5973	61.4084	1.6237	10.1783	1.5345	-999.2500
211.4524	74.7461	63.1197	1.6920	10.3270	1.4683	-999.2500
211.6048	74.7047	61.6807	1.6966	9.8386	1.6445	-999.2500
211.7572	76.0333	62.7035	1.6678	10.3347	1.6567	-999.2500
211.9096	76.0213	62.7598	1.6376	10.5299	1.6645	-999.2500
212.0620	76.8120	61.7878	1.6509	10.1405	1.8574	-999.2500
212.2144	78.6712	63.1615	1.6778	10.4233	2.0643	-999.2500
212.3668	79.2414	62.0702	1.6881	10.0129	2.2281	-999.2500
212.5192	80.2887	62.7383	1.6944	10.1899	2.3040	-999.2500
212.6716	79.1361	62.1727	1.7247	9.8315	2.1652	-999.2500
212.8240	77.5717	61.2019	1.7267	9.5086	2.0465	-999.2500
212.9764	77.2132	62.0193	1.7509	9.6287	1.8785	-999.2500
213.1288	77.0021	61.9100	1.7756	9.4490	1.8542	-999.2500
213.2812	76.5622	62.1265	1.7429	9.7102	1.8381	-999.2500
213.4336	75.7416	60.2894	1.7216	9.2459	1.9381	-999.2500
213.5860	75.0737	59.7790	1.7162	9.1144	1.9182	-999.2500
213.7384	75.4608	60.5500	1.7126	9.3826	1.8633	-999.2500
213.8908	73.9271	58.7194	1.6791	8.9917	1.8958	-999.2500
214.0432	71.7307	57.4356	1.6484	8.7597	1.8075	-999.2500
214.1956	71.7383	57.4871	1.6665	8.6705	1.8076	-999.2500
214.3480	73.0473	59.2017	1.6874	9.0979	1.8002	-999.2500
214.5004	76.2725	62.1194	1.7731	9.5316	1.9239	-999.2500
214.6528	76.9727	61.6844	1.7664	9.4314	2.0600	-999.2500
214.8052	76.7765	61.5686	1.7169	9.6839	2.0760	-999.2500
214.9576	73.5186	58.6523	1.7041	8.8239	1.9274	-999.2500
215.1100	68.7129	56.0743	1.6587	8.2636	1.6889	-999.2500
215.2624	64.7719	51.9800	1.6004	7.2928	1.5744	-999.2500
215.4148	59.9161	49.4579	1.5395	6.8407	1.2357	-999.2500
215.5672	55.9192	46.3047	1.4351	6.4410	1.1087	-999.2500
215.7196	52.5783	44.3429	1.3885	6.0854	0.8967	-999.2500
215.8720	52.0019	42.6753	1.3154	5.9785	1.0238	-999.2500
216.0244	51.3534	41.4104	1.2777	5.7936	1.0945	-999.2500
216.1768	51.0887	40.2676	1.2488	5.5963	1.1995	-999.2500
216.3292	50.3084	39.7460	1.2390	5.4870	1.1871	-999.2500
216.4816	50.1646	39.2136	1.2246	5.4000	1.2864	-999.2500
216.6340	53.5864	42.5128	1.2776	6.1472	1.3456	-999.2500
216.7864	60.2887	48.1643	1.4062	7.2059	1.4272	-999.2500
216.9388	68.7174	55.6988	1.5769	8.6217	1.6218	-999.2500
217.0912	73.3475	59.2692	1.6451	9.3665	1.8281	-999.2500
217.2436	73.3793	60.1969	1.6867	9.4206	1.7340	-999.2500
217.3960	72.1388	58.9358	1.6233	9.3878	1.8088	-999.2500
217.5484	71.0283	59.6738	1.6811	9.2857	1.5244	-999.2500
217.7008	70.4812	59.2005	1.6750	9.1699	1.5406	-999.2500
217.8532	69.0669	56.8103	1.6442	8.5836	1.7173	-999.2500
218.0056	64.1714	51.9884	1.5332	7.6882	1.7614	-999.2500
218.1580	61.4263	48.2237	1.4893	6.7382	1.9000	-999.2500
218.3104	59.6109	44.6417	1.4547	5.7925	2.1474	-999.2500
218.4628	62.7815	45.3578	1.5334	5.5616	2.5448	-999.2500
218.6152	63.5644	44.1926	1.5740	4.9502	2.8682	-999.2500
218.7676	64.7794	42.4060	1.5933	4.2647	3.2781	-999.2500
218.9200	63.7490	39.7935	1.5557	3.6470	3.5228	-999.2500
