HOLE:	U1353C
EXPEDITION:	317
TOP:	445.0820
BOTTOM:	527.9876
DEPTH_WMSF	FX	FY	FZ	FNOR	FINC	RB	P1AZ	HAZI	AX	AY	AZ
m	oer	oer	oer	oer	deg	deg	deg	deg	m/s2	m/s2	m/s2
445.0820	0.182216	0.084726	0.836587	0.860041	77.0252	170.0267	357.8187	187.7923	0.0772	0.0149	9.8177
445.2344	0.182216	0.084726	0.836587	0.860041	77.0252	170.0267	357.8187	187.7923	0.0772	0.0149	9.8177
445.3868	0.182216	0.084726	0.836587	0.860041	77.0252	170.0267	357.8187	187.7923	0.0772	0.0149	9.8177
445.5392	0.182216	0.084726	0.836587	0.860041	77.0252	170.0267	357.8187	187.7923	0.0772	0.0149	9.8177
445.6916	0.182216	0.084726	0.836587	0.860041	77.0252	170.0267	357.8187	187.7923	0.0772	0.0149	9.8177
445.8440	0.182216	0.084726	0.836587	0.860041	77.0252	170.0267	357.8187	187.7923	0.0772	0.0149	9.8177
445.9964	0.182216	0.084726	0.836587	0.860041	77.0252	170.0267	357.8187	187.7923	0.0772	0.0149	9.8177
446.1488	0.182216	0.084726	0.836587	0.860041	77.0252	170.0267	357.8187	187.7923	0.0772	0.0149	9.8177
446.3012	0.182216	0.084726	0.836587	0.860041	77.0252	170.0267	357.8187	187.7923	0.0772	0.0149	9.8177
446.4536	0.182216	0.084726	0.836587	0.860041	77.0252	170.0267	357.8187	187.7923	0.0772	0.0149	9.8177
446.6060	0.182216	0.084726	0.836587	0.860041	77.0252	170.0267	357.8187	187.7923	0.0772	0.0149	9.8177
446.7584	0.182216	0.084726	0.836587	0.860041	77.0252	170.0267	357.8187	187.7923	0.0772	0.0149	9.8177
446.9108	0.182216	0.084726	0.836587	0.860041	77.0252	170.0267	357.8187	187.7923	0.0772	0.0149	9.8177
447.0632	0.182216	0.084726	0.836587	0.860041	77.0252	170.0267	357.8187	187.7923	0.0772	0.0149	9.8177
447.2156	0.182216	0.084726	0.836587	0.860041	77.0252	170.0267	357.8187	187.7923	0.0772	0.0149	9.8177
447.3680	0.182216	0.084726	0.836587	0.860041	77.0252	170.0267	357.8187	187.7923	0.0772	0.0149	9.8177
447.5204	0.182216	0.084726	0.836587	0.860041	77.0252	170.0267	357.8187	187.7923	0.0772	0.0149	9.8177
447.6728	0.182216	0.084726	0.836587	0.860041	77.0252	170.0267	357.8187	187.7923	0.0772	0.0149	9.8177
447.8252	0.182216	0.084726	0.836587	0.860041	77.0252	170.0267	357.8187	187.7923	0.0772	0.0149	9.8177
447.9776	0.182216	0.084726	0.836587	0.860041	77.0252	170.0267	357.8187	187.7923	0.0772	0.0149	9.8177
448.1300	0.182216	0.084726	0.836587	0.860041	77.0252	170.0267	357.8187	187.7923	0.0772	0.0149	9.8177
448.2824	0.182216	0.084726	0.836587	0.860041	77.0252	170.0267	357.8187	187.7923	0.0772	0.0149	9.8177
448.4348	0.182216	0.084726	0.836587	0.860041	77.0252	170.0267	357.8187	187.7923	0.0772	0.0149	9.8177
448.5872	0.182216	0.084726	0.836587	0.860041	77.0252	170.0267	357.8187	187.7923	0.0772	0.0149	9.8177
448.7396	0.182216	0.084726	0.836587	0.860041	77.0252	170.0267	357.8187	187.7923	0.0772	0.0149	9.8177
448.8920	0.182216	0.084726	0.836587	0.860041	77.0252	170.0267	357.8187	187.7923	0.0772	0.0149	9.8177
449.0444	0.182216	0.084726	0.836587	0.860041	77.0252	170.0267	357.8187	187.7923	0.0772	0.0149	9.8177
449.1968	0.182216	0.084726	0.836587	0.860041	77.0252	170.0267	357.8187	187.7923	0.0772	0.0149	9.8177
449.3492	0.182216	0.084726	0.836587	0.860041	77.0252	170.0267	357.8187	187.7923	0.0772	0.0149	9.8177
449.5016	0.182216	0.084726	0.836587	0.860041	77.0252	170.0267	357.8187	187.7923	0.0772	0.0149	9.8177
449.6540	0.182216	0.084726	0.836587	0.860041	77.0252	170.0267	357.8187	187.7923	0.0772	0.0149	9.8177
449.8064	0.182216	0.084726	0.836587	0.860041	77.0252	170.0267	357.8187	187.7923	0.0772	0.0149	9.8177
449.9588	0.182216	0.084726	0.836587	0.860041	77.0252	170.0267	357.8187	187.7923	0.0772	0.0149	9.8177
450.1112	0.182216	0.084726	0.836587	0.860041	77.0252	170.0267	357.8187	187.7923	0.0772	0.0149	9.8177
450.2636	0.182216	0.084726	0.836587	0.860041	77.0252	170.0267	357.8187	187.7923	0.0772	0.0149	9.8177
450.4160	0.182216	0.084726	0.836587	0.860041	77.0252	170.0267	357.8187	187.7923	0.0772	0.0149	9.8177
450.5684	0.182216	0.084726	0.836587	0.860041	77.0252	170.0267	357.8187	187.7923	0.0772	0.0149	9.8177
450.7208	0.182216	0.084726	0.836587	0.860041	77.0252	170.0267	357.8187	187.7923	0.0772	0.0149	9.8177
450.8732	0.182216	0.084726	0.836587	0.860041	77.0252	170.0267	357.8187	187.7923	0.0772	0.0149	9.8177
451.0256	0.182216	0.084726	0.836587	0.860041	77.0252	170.0267	357.8187	187.7923	0.0772	0.0149	9.8177
451.1780	0.182216	0.084726	0.836587	0.860041	77.0252	170.0267	357.8187	187.7923	0.0772	0.0149	9.8177
451.3304	0.182216	0.084726	0.836587	0.860041	77.0252	170.0267	357.8187	187.7923	0.0772	0.0149	9.8177
451.4828	0.182216	0.084726	0.836587	0.860041	77.0252	170.0267	357.8187	187.7923	0.0772	0.0149	9.8177
451.6352	0.182216	0.084726	0.836587	0.860041	77.0252	170.0267	357.8187	187.7923	0.0772	0.0149	9.8177
451.7876	0.182216	0.084726	0.836587	0.860041	77.0252	170.0267	357.8187	187.7923	0.0772	0.0149	9.8177
451.9400	0.182216	0.084726	0.836587	0.860041	77.0252	170.0267	357.8187	187.7923	0.0772	0.0149	9.8177
452.0924	0.182216	0.084726	0.836587	0.860041	77.0252	170.0267	357.8187	187.7923	0.0772	0.0149	9.8177
452.2448	0.182216	0.084726	0.836587	0.860041	77.0252	170.0267	357.8187	187.7923	0.0772	0.0149	9.8177
452.3972	0.182216	0.084726	0.836587	0.860041	77.0252	170.0267	357.8187	187.7923	0.0772	0.0149	9.8177
452.5496	0.182216	0.084726	0.836587	0.860041	77.0252	170.0267	357.8187	187.7923	0.0772	0.0149	9.8177
452.7020	0.182216	0.084726	0.836587	0.860041	77.0252	170.0267	357.8187	187.7923	0.0772	0.0149	9.8177
452.8544	0.182216	0.084726	0.836587	0.860041	77.0252	170.0267	357.8187	187.7923	0.0772	0.0149	9.8177
453.0068	0.182216	0.084726	0.836587	0.860041	77.0252	170.0267	357.8187	187.7923	0.0772	0.0149	9.8177
453.1592	0.182216	0.084726	0.836587	0.860041	77.0252	170.0267	357.8187	187.7923	0.0772	0.0149	9.8177
453.3116	0.182216	0.084726	0.836587	0.860041	77.0252	170.0267	357.8187	187.7923	0.0772	0.0149	9.8177
453.4640	0.182216	0.084726	0.836587	0.860041	77.0252	170.0267	357.8187	187.7923	0.0772	0.0149	9.8177
453.6164	0.182216	0.084726	0.836587	0.860041	77.0252	170.0267	357.8187	187.7923	0.0772	0.0149	9.8177
453.7688	0.182216	0.084726	0.836587	0.860041	77.0252	170.0267	357.8187	187.7923	0.0772	0.0149	9.8177
453.9212	0.182216	0.084726	0.836587	0.860041	77.0252	170.0267	357.8187	187.7923	0.0772	0.0149	9.8177
454.0736	0.182216	0.084726	0.836587	0.860041	77.0252	170.0267	357.8187	187.7923	0.0772	0.0149	9.8177
454.2260	0.182216	0.084726	0.836587	0.860041	77.0252	170.0267	357.8187	187.7923	0.0772	0.0149	9.8177
454.3784	0.182216	0.084726	0.836587	0.860041	77.0252	170.0267	357.8187	187.7923	0.0772	0.0149	9.8177
454.5308	0.182216	0.084726	0.836587	0.860041	77.0252	170.0267	357.8187	187.7923	0.0772	0.0149	9.8177
454.6832	0.182216	0.084726	0.836587	0.860041	77.0252	170.0267	357.8187	187.7923	0.0772	0.0149	9.8177
454.8356	0.182216	0.084726	0.836587	0.860041	77.0252	170.0267	357.8187	187.7923	0.0772	0.0149	9.8177
454.9880	0.182216	0.084726	0.836587	0.860041	77.0252	170.0267	357.8187	187.7923	0.0772	0.0149	9.8177
455.1404	0.182216	0.084726	0.836587	0.860041	77.0252	170.0267	357.8187	187.7923	0.0772	0.0149	9.8177
455.2928	0.182216	0.084726	0.836587	0.860041	77.0252	170.0267	357.8187	187.7923	0.0772	0.0149	9.8177
455.4452	0.182216	0.084726	0.836587	0.860041	77.0252	170.0267	357.8187	187.7923	0.0772	0.0149	9.8177
455.5976	0.182216	0.084726	0.836587	0.860041	77.0252	170.0267	357.8187	187.7923	0.0772	0.0149	9.8177
455.7500	0.182216	0.084726	0.836587	0.860041	77.0252	170.0267	357.8187	187.7923	0.0772	0.0149	9.8177
455.9024	0.182216	0.084726	0.836587	0.860041	77.0252	170.0267	357.8187	187.7923	0.0772	0.0149	9.8177
456.0548	0.182216	0.084726	0.836587	0.860041	77.0252	170.0267	357.8187	187.7923	0.0772	0.0149	9.8177
456.2072	0.182216	0.084726	0.836587	0.860041	77.0252	170.0267	357.8187	187.7923	0.0772	0.0149	9.8177
456.3596	0.182216	0.084726	0.836587	0.860041	77.0252	170.0267	357.8187	187.7923	0.0772	0.0149	9.8177
456.5120	0.182216	0.084726	0.836587	0.860041	77.0252	170.0267	357.8187	187.7923	0.0772	0.0149	9.8177
456.6644	0.182216	0.084726	0.836587	0.860041	77.0252	170.0267	357.8187	187.7923	0.0772	0.0149	9.8177
456.8168	0.182216	0.084726	0.836587	0.860041	77.0252	170.0267	357.8187	187.7923	0.0772	0.0149	9.8177
456.9692	0.182216	0.084726	0.836587	0.860041	77.0252	170.0267	357.8187	187.7923	0.0772	0.0149	9.8177
457.1216	0.182216	0.084726	0.836587	0.860041	77.0252	170.0267	357.8187	187.7923	0.0772	0.0149	9.8177
457.2740	0.182217	0.084724	0.836587	0.860041	77.0252	170.0267	357.8187	187.7923	0.0772	0.0149	9.8178
457.4264	0.180958	0.086817	0.836511	0.860041	77.0252	170.0267	357.8187	187.7923	0.0795	0.0161	9.8720
457.5788	0.179292	0.090082	0.836582	0.860041	77.0252	170.0267	357.8187	187.7923	0.0795	0.0174	9.9441
457.7312	0.179125	0.090366	0.836508	0.860041	77.0252	170.0267	357.8187	187.7923	0.0797	0.0175	9.8942
457.8836	0.179349	0.089997	0.836519	0.860041	77.0252	170.0267	357.8187	187.7923	0.0813	0.0172	9.8611
458.0360	0.178979	0.090590	0.836368	0.860041	77.0252	170.0267	357.8187	187.7923	0.0862	0.0175	9.8766
458.1884	0.178610	0.090814	0.836439	0.860041	77.0252	170.0267	357.8187	187.7923	0.0867	0.0175	9.8891
458.3408	0.179042	0.090164	0.836418	0.860041	77.0252	170.0267	357.8187	187.7923	0.0864	0.0173	9.8667
458.4932	0.180157	0.087693	0.836517	0.860041	77.0252	170.0267	357.8187	187.7923	0.0875	0.0159	9.8826
458.6456	0.181735	0.084731	0.836341	0.860041	77.0252	170.0267	357.8187	187.7923	0.0891	0.0156	9.8854
458.7980	0.181223	0.085339	0.836338	0.859993	77.0348	170.6551	358.2681	187.6133	0.0891	0.0153	9.9209
458.9504	0.180078	0.087773	0.836367	0.859952	77.0434	169.9401	357.4058	187.4656	0.0891	0.0163	9.9774
459.1028	0.179965	0.087625	0.836339	0.859914	77.0518	169.7198	357.0858	187.3658	0.0891	0.0161	9.8488
459.2552	0.180743	0.086286	0.836443	0.859876	77.0602	170.0250	357.3585	187.3334	0.0893	0.0166	9.8413
459.4076	0.180658	0.085988	0.836281	0.859838	77.0689	170.3405	357.6109	187.2711	0.0961	0.0156	9.8806
459.5600	0.181092	0.085249	0.836176	0.859800	77.0770	170.5670	357.7088	187.1430	0.0955	0.0154	9.8072
459.7124	0.182545	0.081994	0.836024	0.859766	77.0851	171.3866	358.4785	187.0922	0.0970	0.0149	9.8235
459.8648	0.181052	0.084770	0.836009	0.859732	77.0937	171.1669	358.2413	187.0754	0.0987	0.0152	9.8803
460.0172	0.178535	0.089695	0.836006	0.859698	77.1018	169.9246	356.9342	187.0107	0.0987	0.0173	9.9180
460.1696	0.180291	0.086391	0.836001	0.859668	77.1103	170.1002	357.0506	186.9512	0.0987	0.0160	9.8532
460.3220	0.181714	0.083493	0.836014	0.859641	77.1187	171.0905	358.0085	186.9184	0.0987	0.0149	9.7769
460.4744	0.183201	0.079872	0.835998	0.859613	77.1267	172.1153	359.0207	186.9056	0.0993	0.0145	9.8003
460.6268	0.182609	0.080413	0.836025	0.859585	77.1350	172.3142	359.2137	186.9000	0.1056	0.0150	9.9035
460.7792	0.179751	0.086814	0.836006	0.859554	77.1426	171.3191	358.2076	186.8890	0.1058	0.0155	9.9551
460.9316	0.181207	0.083755	0.836016	0.859525	77.1495	170.9913	357.8452	186.8543	0.1058	0.0152	9.8665
461.0840	0.182877	0.080103	0.836032	0.859502	77.1571	172.2108	358.9628	186.7522	0.1064	0.0149	9.8040
461.2364	0.184827	0.075440	0.835968	0.859480	77.1644	173.4752	0.0868	186.6117	0.1070	0.0107	9.8476
461.3888	0.184453	0.075866	0.836021	0.859464	77.1705	174.1831	0.6876	186.5048	0.1083	0.0112	9.8952
461.5412	0.183084	0.079045	0.835970	0.859452	77.1768	173.6988	0.0324	186.3340	0.1083	0.0149	9.9356
461.6936	0.182446	0.080780	0.835958	0.859434	77.1838	173.0558	359.1821	186.1270	0.1083	0.0150	9.8931
461.8460	0.182691	0.079907	0.835981	0.859412	77.1913	173.3677	359.2537	185.8859	0.1083	0.0149	9.8419
461.9984	0.183470	0.078133	0.835947	0.859392	77.1976	173.9614	359.6119	185.6507	0.1083	0.0142	9.8582
462.1508	0.183241	0.078336	0.835896	0.859372	77.2016	174.4448	359.8556	185.4118	0.1084	0.0131	9.8693
462.3032	0.180826	0.083780	0.835955	0.859359	77.2059	173.6470	358.9362	185.2896	0.1140	0.0150	9.9744
462.4556	0.179420	0.086365	0.835792	0.859336	77.2106	172.1507	357.2630	185.1126	0.1150	0.0150	9.9555
462.6080	0.181578	0.082081	0.835909	0.859305	77.2151	173.2706	358.0961	184.8264	0.1119	0.0134	9.7930
462.7604	0.184162	0.076108	0.835838	0.859282	77.2209	175.0058	359.5520	184.5464	0.1141	0.0062	9.7411
462.9128	0.180798	0.083307	0.835806	0.859253	77.2265	174.5646	358.8104	184.2458	0.1166	0.0097	9.8838
463.0652	0.175617	0.093487	0.835828	0.859230	77.2325	172.1010	356.0294	183.9284	0.1179	0.0163	9.9618
463.2176	0.178858	0.087674	0.835722	0.859208	77.2382	172.4850	356.1117	183.6275	0.1176	0.0150	9.9292
463.3700	0.183584	0.077595	0.835724	0.859187	77.2437	175.2671	358.5891	183.3227	0.1161	0.0054	9.8060
463.5224	0.186025	0.071583	0.835767	0.859167	77.2494	177.8647	0.8440	182.9797	0.1170	0.0049	9.7893
463.6748	0.185657	0.071848	0.835888	0.859147	77.2549	178.8003	1.4287	182.6285	0.1179	0.0040	9.9046
463.8272	0.182936	0.078169	0.835674	0.859124	77.2593	178.0526	0.3968	182.3440	0.1196	0.0054	9.9355
463.9796	0.182095	0.079915	0.835829	0.859101	77.2624	177.1472	359.2287	182.0813	0.1227	0.0055	9.8869
464.1320	0.182118	0.079802	0.835625	0.859081	77.2652	177.1631	358.9549	181.7914	0.1237	0.0054	9.8623
464.2844	0.182062	0.079917	0.835757	0.859065	77.2679	177.3976	358.9536	181.5556	0.1254	0.0054	9.9016
464.4368	0.182313	0.079824	0.835613	0.859058	77.2707	177.6759	359.0138	181.3377	0.1248	0.0054	9.8521
464.5892	0.183818	0.075902	0.835807	0.859057	77.2734	178.3958	359.5132	181.1179	0.1250	0.0053	9.7945
464.7416	0.183261	0.077137	0.835620	0.859047	77.2765	179.0375	359.9332	180.8961	0.1265	0.0037	9.8543
464.8940	0.175845	0.092447	0.835753	0.859037	77.2800	176.2962	357.0067	180.7110	0.1270	0.0108	10.0613
465.0464	0.177893	0.088600	0.835823	0.859021	77.2832	174.6280	355.1033	180.4763	0.1264	0.0070	9.9594
465.1988	0.183439	0.077007	0.835516	0.859020	77.2860	178.5503	358.7828	180.2322	0.1246	0.0007	9.7542
465.3512	0.185588	0.071730	0.835309	0.859013	77.2889	180.8682	0.9425	180.0740	0.1249	-0.0042	9.8163
465.5036	0.182811	0.078728	0.835782	0.858997	77.2901	180.1666	0.1345	179.9675	0.1253	0.0001	9.9288
465.6560	0.178117	0.088389	0.835789	0.858996	77.2914	177.3804	357.2698	179.8894	0.1266	0.0062	9.9769
465.8084	0.178514	0.087471	0.836010	0.858983	77.2923	176.5316	356.3454	179.8140	0.1270	0.0060	9.8830
465.9608	0.179508	0.085767	0.835704	0.858965	77.2934	177.0756	356.7459	179.6706	0.1265	0.0054	9.8348
466.1132	0.179490	0.085437	0.835664	0.858946	77.2939	177.4951	356.9977	179.5027	0.1264	0.0054	9.8371
466.2656	0.179081	0.086296	0.835600	0.858931	77.2939	177.4855	356.8578	179.3728	0.1271	0.0054	9.8709
466.4180	0.178511	0.087217	0.835803	0.858919	77.2936	177.2835	356.5638	179.2809	0.1275	0.0057	9.9132
466.5704	0.178790	0.086673	0.835532	0.858911	77.2941	177.4101	356.5906	179.1805	0.1275	0.0054	9.8586
466.7228	0.180670	0.082869	0.835638	0.858906	77.2961	178.1688	357.2568	179.0874	0.1275	0.0045	9.8615
466.8752	0.180780	0.082648	0.835680	0.858896	77.2990	178.8261	357.8494	179.0231	0.1275	0.0048	9.9155
467.0276	0.180805	0.082433	0.835497	0.858880	77.3014	178.9656	357.9199	178.9545	0.1275	0.0046	9.8734
467.1800	0.181687	0.080279	0.835461	0.858859	77.3028	179.4485	358.3210	178.8725	0.1275	0.0015	9.8182
467.3324	0.182648	0.077565	0.835446	0.858837	77.3034	180.2852	359.0667	178.7817	0.1279	-0.0018	9.8703
467.4848	0.182582	0.078727	0.835452	0.858821	77.3043	180.5894	359.2534	178.6640	0.1275	-0.0020	9.9245
467.6372	0.183047	0.077364	0.835480	0.858808	77.3048	180.7370	359.2906	178.5542	0.1276	-0.0028	9.8664
467.7896	0.183179	0.076955	0.835514	0.858796	77.3046	181.1650	359.6031	178.4387	0.1278	-0.0028	9.8680
467.9420	0.182597	0.078176	0.835512	0.858778	77.3043	181.0838	359.4080	178.3243	0.1308	-0.0017	9.9081
468.0944	0.182214	0.078660	0.835463	0.858775	77.3036	180.8952	359.0949	178.2005	0.1329	-0.0017	9.8584
468.2468	0.182485	0.078558	0.835455	0.858771	77.3033	181.0499	359.0909	178.0406	0.1330	-0.0024	9.8644
468.3992	0.182635	0.078373	0.835459	0.858763	77.3023	181.3176	359.1722	177.8548	0.1314	-0.0037	9.8807
468.5516	0.181575	0.080414	0.835458	0.858768	77.3013	180.9777	358.6927	177.7143	0.1303	-0.0025	9.9247
468.7040	0.181748	0.080019	0.835461	0.858770	77.3002	180.8814	358.5032	177.6209	0.1290	-0.0032	9.8151
468.8564	0.182651	0.078320	0.835465	0.858774	77.2995	181.4469	358.9551	177.5073	0.1285	-0.0037	9.7956
469.0088	0.181102	0.081606	0.835455	0.858779	77.2995	181.0509	358.5183	177.4665	0.1294	-0.0023	9.8794
469.1612	0.178888	0.086369	0.835449	0.858779	77.2995	179.4943	356.9150	177.4200	0.1293	0.0010	9.9262
469.3136	0.181271	0.081423	0.835493	0.858782	77.2986	180.1473	357.5155	177.3677	0.1277	-0.0026	9.8070
469.4660	0.182351	0.079022	0.835450	0.858788	77.2963	181.2307	358.4728	177.2422	0.1275	-0.0041	9.7271
469.6184	0.180477	0.083123	0.835535	0.858791	77.2943	181.1564	358.2899	177.1337	0.1276	-0.0020	9.8794
469.7708	0.176262	0.091548	0.835483	0.858801	77.2927	178.4940	355.5957	177.1018	0.1275	0.0055	9.9742
469.9232	0.178969	0.086316	0.835453	0.858821	77.2917	179.0430	356.0899	177.0465	0.1275	-0.0002	9.8195
470.0756	0.179060	0.086106	0.835578	0.858842	77.2892	179.6294	356.6364	177.0063	0.1275	-0.0006	9.8515
470.2280	0.176970	0.090200	0.835553	0.858862	77.2864	178.9282	355.8358	176.9073	0.1275	0.0053	9.9368
470.3804	0.176711	0.090719	0.835515	0.858883	77.2844	178.4675	355.2745	176.8075	0.1275	0.0054	9.8571
470.5328	0.176246	0.091708	0.835570	0.858899	77.2825	178.3648	355.0868	176.7219	0.1275	0.0054	9.8869
470.6852	0.173012	0.097570	0.835555	0.858917	77.2805	177.0907	353.7242	176.6343	0.1274	0.0064	10.0217
470.8376	0.174427	0.095326	0.835521	0.858935	77.2787	176.8821	353.4283	176.5460	0.1275	0.0058	9.9243
470.9900	0.177299	0.089903	0.835667	0.858948	77.2765	178.4750	354.9217	176.4469	0.1275	0.0039	9.8209
471.1424	0.178534	0.087561	0.835666	0.858963	77.2730	179.6329	355.9036	176.2705	0.1275	0.0004	9.8172
471.2948	0.176465	0.091984	0.835705	0.858980	77.2686	179.2421	355.3542	176.1117	0.1259	0.0051	9.9267
471.4472	0.172955	0.098463	0.835751	0.858997	77.2644	177.5331	353.5129	175.9798	0.1252	0.0059	10.0004
471.5996	0.172567	0.098916	0.835696	0.859016	77.2602	176.8058	352.6150	175.8091	0.1258	0.0061	9.8706
471.7520	0.172579	0.098915	0.835744	0.859035	77.2556	176.8804	352.4979	175.6178	0.1258	0.0066	9.8744
471.9044	0.172608	0.098914	0.835711	0.859061	77.2506	177.0903	352.4946	175.4046	0.1252	0.0062	9.8571
472.0568	0.173144	0.097785	0.835629	0.859090	77.2451	177.4921	352.6998	175.2072	0.1254	0.0057	9.7799
472.2092	0.172858	0.098793	0.835488	0.859116	77.2395	177.5939	352.6197	175.0260	0.1245	0.0054	9.8599
472.3616	0.169406	0.104422	0.835879	0.859140	77.2333	176.5735	351.3362	174.7632	0.1216	0.0069	9.9409
472.5140	0.168399	0.106155	0.835683	0.859159	77.2270	175.8040	350.3070	174.5030	0.1193	0.0094	9.8837
472.6664	0.168525	0.105825	0.835709	0.859175	77.2215	175.9015	350.1457	174.2445	0.1187	0.0080	9.8621
472.8188	0.168526	0.105696	0.835833	0.859194	77.2159	176.2389	350.1927	173.9547	0.1189	0.0088	9.8578
472.9712	0.168911	0.105375	0.835788	0.859214	77.2093	176.6294	350.2722	173.6439	0.1183	0.0082	9.7947
473.1236	0.168887	0.105501	0.835894	0.859236	77.2026	176.8958	350.2077	173.3125	0.1182	0.0075	9.8325
473.2760	0.165786	0.110195	0.835905	0.859259	77.1960	176.2399	349.2078	172.9685	0.1179	0.0087	9.9818
473.4284	0.164218	0.112779	0.835771	0.859284	77.1887	175.5150	348.1248	172.6106	0.1179	0.0118	9.9380
473.5808	0.165950	0.110472	0.835978	0.859312	77.1814	176.1286	348.3257	172.1979	0.1179	0.0075	9.8497
473.7332	0.168308	0.106993	0.835857	0.859334	77.1747	177.5821	349.3557	171.7740	0.1179	0.0053	9.7958
473.8856	0.169070	0.105624	0.835878	0.859357	77.1687	178.6421	349.9697	171.3274	0.1179	0.0037	9.8295
474.0380	0.166019	0.110541	0.836010	0.859380	77.1627	178.3541	349.2131	170.8589	0.1177	0.0027	9.9543
474.1904	0.163734	0.114139	0.835991	0.859398	77.1563	177.4434	347.8308	170.3871	0.1172	0.0055	9.9846
474.3428	0.163152	0.114951	0.835927	0.859417	77.1494	177.2448	347.1333	169.8879	0.1174	0.0054	9.9006
474.4952	0.163811	0.113722	0.835922	0.859435	77.1429	177.8047	347.1987	169.3933	0.1178	0.0040	9.8438
474.6476	0.164245	0.113522	0.835998	0.859445	77.1373	178.4614	347.3918	168.9303	0.1168	0.0046	9.7800
474.8000	0.163159	0.114940	0.835987	0.859457	77.1315	178.6323	347.0819	168.4501	0.1163	0.0023	9.7017
474.9524	0.161746	0.116898	0.835992	0.859470	77.1253	178.5675	346.5233	167.9558	0.1165	0.0014	9.8119
475.1048	0.161922	0.116734	0.835993	0.859479	77.1190	178.7881	346.2864	167.4988	0.1165	-0.0001	9.9238
475.2572	0.162047	0.116595	0.835997	0.859491	77.1118	179.2662	346.3180	167.0527	0.1155	-0.0000	9.8548
475.4096	0.162448	0.116139	0.835997	0.859506	77.1042	179.7768	346.4138	166.6371	0.1159	-0.0007	9.8583
475.5620	0.162537	0.116107	0.835993	0.859527	77.0965	180.2653	346.5015	166.2359	0.1157	-0.0018	9.9251
475.7144	0.162635	0.116097	0.835986	0.859544	77.0895	180.7582	346.5060	165.7472	0.1160	-0.0018	9.9078
475.8668	0.162513	0.116210	0.835956	0.859555	77.0835	181.2704	346.4531	165.1823	0.1156	-0.0021	9.9594
476.0192	0.161341	0.117919	0.836040	0.859567	77.0779	181.4306	346.1518	164.7212	0.1149	-0.0014	10.1805
476.1716	0.160899	0.118370	0.835914	0.859591	77.0726	181.2216	345.7443	164.5225	0.1196	-0.0043	9.8914
476.3240	0.161589	0.117379	0.835998	0.859629	77.0663	181.3779	345.8796	164.5026	0.1087	-0.0025	9.8398
476.4764	0.162435	0.116703	0.835985	0.859671	77.0585	181.5785	346.1534	164.5746	0.1111	-0.0038	9.8231
476.6288	0.162049	0.117516	0.836110	0.859713	77.0501	181.5596	346.2922	164.7323	0.1086	-0.0042	9.9335
476.7812	0.162446	0.117257	0.836241	0.859763	77.0411	181.2211	346.2495	165.0291	0.1087	-0.0055	9.9466
476.9336	0.163795	0.114806	0.836077	0.859814	77.0321	181.1940	346.5813	165.3860	0.1201	-0.0117	10.2207
477.0860	0.163586	0.115543	0.836004	0.859863	77.0232	181.1950	347.0368	165.8409	0.1179	-0.0138	9.8703
477.2384	0.164779	0.113368	0.836010	0.859912	77.0138	181.0690	347.4220	166.3523	0.1111	-0.0084	9.8623
477.3908	0.167354	0.110019	0.836581	0.859964	77.0043	181.6968	348.6113	166.9144	0.1063	-0.0049	9.8420
477.5432	0.169195	0.107412	0.836508	0.860011	76.9959	182.0501	349.5899	167.5405	0.0988	-0.0036	9.9283
477.6956	0.171390	0.104480	0.836591	0.860060	76.9876	182.2649	350.4779	168.2118	0.0918	0.0012	10.1553
477.8480	0.171736	0.103735	0.836452	0.860109	76.9798	182.1391	351.0927	168.9533	0.0935	-0.0002	9.9229
478.0004	0.173185	0.101876	0.836600	0.860155	76.9724	182.0498	351.7996	169.7507	0.0891	0.0014	9.8539
478.1528	0.173245	0.101304	0.836594	0.860193	76.9664	181.5312	352.1305	170.5983	0.0881	0.0030	9.8312
478.3052	0.173679	0.100895	0.836599	0.860230	76.9616	180.8238	352.3978	171.5747	0.0856	0.0054	9.8480
478.4576	0.173688	0.100874	0.836599	0.860273	76.9558	179.7306	352.4869	172.7557	0.0849	0.0054	9.9019
478.6100	0.173279	0.101554	0.836606	0.860316	76.9510	178.3979	352.3379	173.9395	0.0823	0.0053	9.8812
478.7624	0.173588	0.101265	0.836564	0.860340	76.9471	177.6188	352.4207	174.8022	0.0819	0.0054	9.7837
478.9148	0.175410	0.098019	0.836599	0.860348	76.9435	177.4067	352.9418	175.5343	0.0816	0.0055	9.8641
479.0672	0.176845	0.095302	0.836607	0.860356	76.9424	178.2424	354.4094	176.1672	0.0828	0.0054	9.9014
479.2196	0.177402	0.094593	0.836609	0.860372	76.9412	177.9610	354.7470	176.7857	0.0796	0.0053	9.8286
479.3720	0.182596	0.084340	0.836670	0.860403	76.9354	178.9021	356.1375	177.2346	0.0798	-0.0019	9.7986
479.5244	0.182074	0.084934	0.836619	0.860439	76.9265	181.5419	359.2954	177.7530	0.0856	-0.0030	9.8717
479.6768	0.179407	0.090337	0.836619	0.860469	76.9182	177.7540	356.0013	178.2473	0.0849	0.0036	9.7749
479.8292	0.178737	0.091275	0.836619	0.860513	76.9091	178.1584	356.9159	178.7578	0.0875	0.0024	9.7733
479.9816	0.181485	0.086148	0.836451	0.860561	76.9001	177.9289	357.2318	179.3023	0.0892	-0.0003	9.8911
480.1340	0.178761	0.091829	0.836539	0.860610	76.8905	176.9923	356.8932	179.9015	0.0839	0.0030	9.5381
480.2864	0.178750	0.091459	0.836614	0.860661	76.8792	175.1930	355.8274	180.6350	0.0881	0.0048	9.7417
480.4388	0.177992	0.093477	0.836610	0.860706	76.8683	175.0447	356.3549	181.3116	0.0853	0.0018	9.5509
480.5912	0.171474	0.106114	0.836960	0.860756	76.8582	169.6769	351.6305	181.9534	0.0680	0.0154	9.6599
480.7436	0.170803	0.107476	0.837090	0.860804	76.8468	168.4619	351.0424	182.5795	0.0665	0.0125	10.0828
480.8960	0.172069	0.105682	0.837080	0.860854	76.8344	167.6782	351.0864	183.4088	0.0502	0.0231	9.8391
481.0484	0.172913	0.104240	0.837171	0.860907	76.8214	167.6450	351.9320	184.2863	0.0585	0.0149	9.8422
481.2008	0.174343	0.101949	0.837178	0.860953	76.8097	167.2061	352.6505	185.4449	0.0572	0.0155	9.8704
481.3532	0.176688	0.097984	0.837101	0.861005	76.7969	166.8539	353.5688	186.7158	0.0576	0.0167	9.6884
481.5056	0.177704	0.096358	0.837184	0.861062	76.7849	166.1149	354.1201	188.0053	0.0539	0.0200	10.1460
481.6580	0.177120	0.097115	0.837182	0.861112	76.7719	165.3695	354.6985	189.3288	0.0536	0.0158	10.0107
481.8104	0.176199	0.099150	0.837187	0.861160	76.7593	163.7395	354.4793	190.7400	0.0497	0.0156	9.7140
481.9628	0.177230	0.097483	0.837197	0.861183	76.7514	162.7021	354.4880	191.7859	0.0502	0.0149	9.8378
482.1152	0.178469	0.094977	0.837256	0.861195	76.7492	162.6931	355.3450	192.6529	0.0496	0.0156	9.9868
482.2676	0.173453	0.103973	0.837182	0.861215	76.7455	160.7733	354.0836	193.3112	0.0485	0.0201	10.0976
482.4200	0.166515	0.114176	0.837160	0.861237	76.7399	156.3582	350.2612	193.9031	0.0498	0.0272	10.1227
482.5724	0.166694	0.113895	0.837156	0.861256	76.7345	154.6492	349.1163	194.4681	0.0493	0.0261	9.9121
482.7248	0.168957	0.110864	0.837166	0.861276	76.7296	154.5974	349.8390	195.2419	0.0481	0.0254	9.8166
482.8772	0.169120	0.110619	0.837169	0.861299	76.7244	154.7481	350.3779	195.6306	0.0479	0.0247	9.7811
483.0296	0.169726	0.109660	0.837174	0.861323	76.7193	154.1427	350.2285	196.0861	0.0464	0.0244	9.5529
483.1820	0.174039	0.102789	0.837176	0.861336	76.7146	155.4016	352.0277	196.6267	0.0510	0.0192	9.5862
483.3344	0.170230	0.108997	0.837101	0.861346	76.7104	154.2148	351.4328	197.2180	0.0508	0.0230	9.9040
483.4868	0.174517	0.101952	0.837191	0.861359	76.7064	154.3793	352.1093	197.7303	0.0500	0.0198	9.3458
483.6392	0.176192	0.099491	0.837596	0.861366	76.7040	155.9514	353.9806	198.0293	0.0414	0.0158	9.7718
483.7916	0.176284	0.099321	0.837261	0.861383	76.7021	156.2525	354.4599	198.2078	0.0381	0.0156	9.8729
483.9440	0.183705	0.085459	0.837496	0.861397	76.6990	158.6063	357.0004	198.3940	0.0398	0.0166	9.9526
484.0964	0.185766	0.080929	0.837430	0.861409	76.6958	160.9400	359.5332	198.5936	0.0412	0.0149	9.8743
484.2488	0.187628	0.076596	0.837382	0.861426	76.6937	162.2601	1.0058	198.7461	0.0422	0.0149	9.8756
484.4012	0.187454	0.076637	0.837220	0.861442	76.6925	162.4437	1.4007	198.9574	0.0428	0.0149	9.8930
484.5536	0.188037	0.075673	0.837285	0.861448	76.6919	162.4234	1.6441	199.2213	0.0412	0.0149	9.8510
484.7060	0.188559	0.074472	0.837217	0.861454	76.6911	162.4051	1.9123	199.5073	0.0418	0.0145	9.6190
484.8584	0.188038	0.075012	0.837219	0.861473	76.6904	162.6534	2.4781	199.8251	0.0453	0.0113	9.6969
485.0108	0.186787	0.077461	0.837300	0.861470	76.6915	161.0104	1.1511	200.1406	0.0508	0.0157	9.8690
485.1632	0.186789	0.078122	0.837223	0.861478	76.6911	160.7727	1.0109	200.2383	0.0478	0.0162	9.6984
485.3156	0.187303	0.077234	0.837296	0.861477	76.6905	161.0025	1.2228	200.2205	0.0489	0.0157	9.8630
485.4680	0.186783	0.077839	0.837728	0.861463	76.6919	160.9552	1.2025	200.2479	0.0483	0.0151	10.0851
485.6204	0.187814	0.074499	0.837651	0.861451	76.6925	161.4237	1.6901	200.2664	0.0565	0.0190	10.4609
485.7728	0.187713	0.075583	0.837232	0.861446	76.6948	161.3481	1.8089	200.4610	0.0500	0.0168	9.8682
485.9252	0.187379	0.075520	0.837222	0.861432	76.6995	161.4212	1.7059	200.2847	0.0730	0.0190	10.1034
486.0776	0.188554	0.073201	0.837474	0.861411	76.7075	162.2385	2.3208	200.0821	0.0498	0.0150	9.8494
486.2300	0.195367	0.054143	0.837255	0.861396	76.7141	165.8556	6.0481	200.1926	0.0503	0.0123	9.8337
486.3824	0.184636	0.082772	0.837586	0.861381	76.7160	162.5259	2.9506	200.4251	0.0442	0.0161	9.9354
486.5348	0.180905	0.090763	0.837458	0.861366	76.7196	156.7877	357.4363	200.6488	0.0412	0.0186	9.9819
486.6872	0.180822	0.090929	0.837202	0.861351	76.7244	155.8730	356.9748	201.1021	0.0412	0.0181	9.8727
486.8396	0.180907	0.091100	0.837381	0.861324	76.7284	155.3573	356.9567	201.5996	0.0412	0.0196	9.7907
486.9920	0.179348	0.093287	0.837280	0.861301	76.7324	154.6553	356.7177	202.0628	0.0446	0.0267	9.5483
487.1444	0.174659	0.101317	0.837119	0.861283	76.7380	152.1006	354.7662	202.6659	0.0448	0.0259	9.5777
487.2968	0.171482	0.106622	0.837187	0.861270	76.7417	148.7561	352.0833	203.3276	0.0520	0.0273	9.8678
487.4492	0.173423	0.103476	0.837190	0.861242	76.7469	148.4786	352.4638	203.9856	0.0527	0.0272	9.9317
487.6016	0.173915	0.102653	0.837197	0.861214	76.7538	148.9520	353.3229	204.3713	0.0487	0.0271	9.7607
487.7540	0.169787	0.108858	0.837184	0.861173	76.7623	147.0579	351.8203	204.7628	0.0468	0.0285	9.8835
487.9064	0.166391	0.113995	0.837110	0.861137	76.7708	145.2122	350.2336	205.0218	0.0441	0.0341	9.9123
488.0588	0.161365	0.120825	0.837087	0.861104	76.7801	142.6744	347.9855	205.3116	0.0425	0.0376	9.8896
488.2112	0.155342	0.128542	0.837151	0.861073	76.7893	139.5457	345.0695	205.5243	0.0412	0.0408	9.9550
488.3636	0.154977	0.128617	0.837151	0.861045	76.7960	138.5227	344.1046	205.5824	0.0412	0.0420	9.8662
488.5160	0.154637	0.129388	0.837161	0.861027	76.8012	138.0851	344.0367	205.9521	0.0412	0.0433	9.8455
488.6684	0.151572	0.132572	0.837140	0.861012	76.8034	136.7656	343.1908	206.4256	0.0412	0.0436	9.8351
488.8208	0.143151	0.141508	0.837054	0.860995	76.8057	133.9916	340.6765	206.6855	0.0385	0.0436	9.8276
488.9732	0.131098	0.152700	0.837120	0.860964	76.8144	129.8311	336.2298	206.3990	0.0338	0.0438	9.8369
489.1256	0.120448	0.160850	0.837099	0.860936	76.8194	125.8127	331.9727	206.1605	0.0316	0.0470	9.9381
489.2780	0.118688	0.162251	0.837089	0.860920	76.8231	123.8996	330.0503	206.1511	0.0316	0.0463	9.8668
489.4304	0.118223	0.162724	0.837098	0.860911	76.8256	123.8165	329.8851	206.0690	0.0316	0.0466	9.8368
489.5828	0.117586	0.163151	0.837105	0.860901	76.8268	123.4732	329.6323	206.1595	0.0316	0.0476	9.8669
489.7352	0.117655	0.163076	0.837031	0.860894	76.8254	123.3907	329.6175	206.2270	0.0316	0.0463	9.8689
489.8876	0.114421	0.165374	0.837019	0.860885	76.8242	122.8796	329.1109	206.2316	0.0313	0.0498	9.8656
490.0400	0.108141	0.169410	0.837087	0.860878	76.8220	120.8764	327.1007	206.2247	0.0288	0.0505	10.0263
490.1924	0.107767	0.169197	0.837095	0.860877	76.8188	120.0791	326.4494	206.3707	0.0432	0.0504	10.0898
490.3448	0.106932	0.170047	0.836831	0.860875	76.8161	119.3492	325.9926	206.6436	0.0345	0.0473	9.4969
490.4972	0.109468	0.168522	0.837099	0.860880	76.8130	119.7197	326.6082	206.8889	0.0300	0.0509	9.8394
490.6496	0.108950	0.169114	0.837090	0.860889	76.8091	119.6174	326.7629	207.1460	0.0265	0.0490	9.8089
490.8020	0.108191	0.169712	0.837096	0.860896	76.8052	119.0763	326.4877	207.4114	0.0229	0.0502	9.9219
490.9544	0.107768	0.169710	0.837082	0.860900	76.8019	118.7260	326.2795	207.5540	0.0220	0.0462	9.8922
491.1068	0.107938	0.169629	0.837094	0.860906	76.7983	118.5534	326.2921	207.7389	0.0220	0.0466	9.8209
491.2592	0.108804	0.169261	0.837090	0.860913	76.7934	118.3557	326.3803	208.0247	0.0222	0.0442	9.8131
491.4116	0.110132	0.168518	0.837100	0.860920	76.7879	118.3105	326.8792	208.5688	0.0220	0.0453	9.9157
491.5640	0.110132	0.168517	0.837094	0.860940	76.7781	117.5301	327.0478	209.5182	0.0220	0.0454	9.8645
491.7164	0.110471	0.168346	0.837096	0.860957	76.7723	117.1890	327.0779	209.8894	0.0220	0.0445	9.7869
491.8688	0.111168	0.167923	0.837106	0.860964	76.7661	117.7046	327.3153	209.6109	0.0217	0.0440	9.6760
492.0212	0.111155	0.168074	0.837023	0.860973	76.7587	117.1723	327.4023	210.2304	0.0212	0.0432	9.4997
492.1736	0.107698	0.170310	0.837104	0.860982	76.7514	115.9950	326.4456	210.4512	0.0216	0.0438	9.8662
492.3260	0.108195	0.169794	0.837090	0.860992	76.7450	115.5618	326.2701	210.7093	0.0236	0.0446	9.8588
492.4784	0.109237	0.169392	0.837093	0.861005	76.7376	115.9917	326.6065	210.6147	0.0203	0.0436	9.7891
492.6308	0.107662	0.170435	0.837104	0.861016	76.7314	115.9986	326.3599	210.3612	0.0179	0.0427	9.7324
492.7832	0.105043	0.171755	0.837096	0.861027	76.7252	115.1853	325.0545	209.8698	0.0255	0.0444	10.0909
492.9356	0.103714	0.172696	0.837072	0.861040	76.7179	115.5449	324.9844	209.4395	0.0289	0.0401	9.9651
493.0880	0.102869	0.173533	0.837095	0.861053	76.7101	115.4490	324.7937	209.3446	0.0119	0.0416	9.7401
493.2404	0.104567	0.172573	0.837097	0.861068	76.7021	115.7950	324.8989	209.1037	0.0122	0.0402	9.7129
493.3928	0.104951	0.172430	0.837094	0.861083	76.6938	116.3675	325.1541	208.7867	0.0144	0.0412	9.7992
493.5452	0.105216	0.172305	0.837100	0.861097	76.6854	116.8445	325.3074	208.4631	0.0168	0.0354	9.8101
493.6976	0.111309	0.168552	0.837109	0.861112	76.6775	118.6187	326.5956	207.9773	0.0210	0.0348	9.8519
493.8500	0.110726	0.168882	0.837106	0.861125	76.6697	120.2853	327.0481	206.7629	0.0224	0.0339	9.8669
494.0024	0.112661	0.167806	0.837108	0.861136	76.6626	122.0357	327.3689	205.3333	0.0205	0.0333	9.7949
494.1548	0.113681	0.167311	0.837104	0.861154	76.6552	123.0820	327.9509	204.8689	0.0190	0.0340	9.7928
494.3072	0.116924	0.165042	0.837106	0.861171	76.6506	124.1664	328.6518	204.4856	0.0189	0.0288	9.9435
494.4596	0.118167	0.164217	0.837112	0.861177	76.6484	127.1511	329.4455	202.2946	0.0227	0.0308	10.0137
494.6120	0.118326	0.164022	0.837115	0.861182	76.6490	128.5888	329.5049	200.9163	0.0220	0.0292	9.8539
494.7644	0.119912	0.163037	0.837119	0.861187	76.6501	130.5384	329.9338	199.3958	0.0217	0.0297	9.9272
494.9168	0.123655	0.160250	0.837076	0.861189	76.6528	132.6768	330.8844	198.2082	0.0283	0.0237	10.0212
495.0692	0.124929	0.159261	0.837044	0.861190	76.6556	134.4083	331.6102	197.2023	0.0311	0.0218	9.8726
495.2216	0.127907	0.156698	0.837133	0.861188	76.6593	136.0900	332.5445	196.4545	0.0263	0.0228	9.5522
495.3740	0.133692	0.151758	0.837201	0.861182	76.6643	138.3598	333.9573	195.5975	0.0399	0.0336	9.8503
495.5264	0.130641	0.154257	0.837080	0.861174	76.6702	139.5183	334.1097	194.5914	0.0351	0.0200	9.8697
495.6788	0.132762	0.152219	0.837136	0.861167	76.6764	140.7168	334.4805	193.7645	0.0346	0.0268	9.7537
495.8312	0.138413	0.147327	0.837134	0.861156	76.6852	143.2021	336.1544	192.9526	0.0338	0.0306	9.7463
495.9836	0.142686	0.142932	0.837147	0.861135	76.6955	146.0277	338.3996	192.3725	0.0412	0.0268	9.9347
496.1360	0.142005	0.143493	0.837153	0.861113	76.7067	146.4986	338.2418	191.7432	0.0412	0.0268	9.8305
496.2884	0.141190	0.144240	0.837153	0.861096	76.7173	146.4063	338.0359	191.6299	0.0412	0.0263	9.8285
496.4408	0.141917	0.143511	0.837113	0.861086	76.7267	146.7616	338.0473	191.2866	0.0410	0.0305	9.9204
496.5932	0.141415	0.143973	0.837108	0.861069	76.7362	147.1808	337.9994	190.8182	0.0412	0.0283	9.8810
496.7456	0.141414	0.143983	0.837114	0.861039	76.7460	147.2962	337.9439	190.6484	0.0412	0.0265	9.8527
496.8980	0.140878	0.144323	0.837090	0.861018	76.7564	147.2492	337.8863	190.6379	0.0485	0.0268	9.7756
497.0504	0.140546	0.144520	0.837139	0.860996	76.7639	147.8532	337.8221	189.9696	0.0465	0.0339	9.8733
497.2028	0.140640	0.144221	0.837063	0.860983	76.7712	148.1797	337.8331	189.6544	0.0498	0.0342	10.0725
497.3552	0.139606	0.145187	0.837053	0.860972	76.7776	148.1792	337.4786	189.3006	0.0501	0.0320	9.9888
497.5076	0.141102	0.143972	0.837151	0.860963	76.7834	148.6258	337.6291	189.0038	0.0488	0.0272	9.7485
497.6600	0.140800	0.144092	0.837148	0.860954	76.7882	149.0748	337.9077	188.8332	0.0502	0.0286	9.8143
497.8124	0.141103	0.143071	0.836774	0.860946	76.7933	149.6400	338.1132	188.4739	0.0514	0.0334	9.8985
497.9648	0.138702	0.145582	0.837051	0.860940	76.7990	149.6602	337.5466	187.8861	0.0524	0.0341	9.9635
498.1172	0.136181	0.148183	0.836664	0.860932	76.8039	149.0629	336.3731	187.3109	0.0855	0.0188	9.7453
498.2696	0.139647	0.145226	0.836921	0.860925	76.8071	149.8756	336.6726	186.7983	0.0508	0.0319	9.7390
498.4220	0.138589	0.146075	0.837148	0.860924	76.8087	150.7429	336.9716	186.2296	0.0524	0.0303	9.7942
498.5744	0.136688	0.147747	0.837142	0.860924	76.8094	150.8034	336.3289	185.5262	0.0567	0.0311	9.9528
498.7268	0.136034	0.148667	0.837116	0.860930	76.8099	150.9458	335.7581	184.8129	0.0504	0.0336	10.0103
498.8792	0.135212	0.149351	0.836990	0.860931	76.8102	151.3336	335.4751	184.1422	0.0508	0.0339	9.9406
499.0316	0.136705	0.147661	0.837145	0.860928	76.8105	152.2855	335.6631	183.3786	0.0589	0.0299	9.7299
499.1840	0.138839	0.145937	0.837095	0.860940	76.8103	153.9349	336.3507	182.4149	0.0579	0.0253	9.6475
499.3364	0.143609	0.141265	0.837111	0.860953	76.8090	156.4901	338.0138	181.5238	0.0595	0.0236	9.9706
499.4888	0.138349	0.146498	0.837067	0.860961	76.8085	155.9957	336.9609	180.9653	0.0586	0.0259	10.0456
499.6412	0.140996	0.143942	0.836948	0.860966	76.8085	156.6778	336.8036	180.1252	0.0602	0.0248	9.7105
499.7936	0.149423	0.135378	0.837098	0.860965	76.8079	159.7558	339.0846	179.3308	0.0617	0.0213	9.7939
499.9460	0.150844	0.133689	0.837099	0.860963	76.8081	164.1935	342.8605	178.6664	0.0603	0.0164	10.1016
500.0984	0.151680	0.132795	0.836984	0.860959	76.8085	163.5514	341.4245	177.8731	0.0621	0.0162	9.8188
500.2508	0.153885	0.130370	0.837107	0.860950	76.8100	165.4740	342.5162	177.0414	0.0629	0.0150	9.7759
500.4032	0.153432	0.130734	0.837129	0.860935	76.8104	166.2244	342.6269	176.4021	0.0680	0.0156	9.9052
500.5556	0.154607	0.129451	0.837113	0.860916	76.8114	167.0924	342.9663	175.8748	0.0673	0.0149	9.9052
500.7080	0.155248	0.128809	0.837032	0.860903	76.8134	167.6865	343.1534	175.4684	0.0690	0.0149	9.8123
500.8604	0.155117	0.128821	0.837148	0.860891	76.8161	167.9241	343.0565	175.1335	0.0689	0.0122	9.9109
501.0128	0.150725	0.134028	0.836988	0.860869	76.8205	167.1853	342.0278	174.8430	0.0697	0.0150	9.9542
501.1652	0.154230	0.129803	0.837180	0.860839	76.8272	167.3523	342.0628	174.7113	0.0694	0.0148	9.7309
501.3176	0.156721	0.126780	0.837043	0.860800	76.8355	168.8090	343.5408	174.7325	0.0695	0.0108	9.7521
501.4700	0.160790	0.121383	0.836836	0.860758	76.8446	169.7068	344.5164	174.8094	0.0721	0.0077	9.8702
501.6224	0.148009	0.136416	0.836932	0.860720	76.8537	167.9320	342.8775	174.9449	0.0708	0.0153	9.9985
501.7748	0.142976	0.141482	0.836734	0.860679	76.8625	163.8612	339.0167	175.1552	0.0700	0.0171	9.9619
501.9272	0.151017	0.133169	0.836860	0.860634	76.8716	164.3960	339.8088	175.4126	0.0700	0.0150	9.8050
502.0796	0.156430	0.126617	0.837033	0.860591	76.8814	167.7490	343.3483	175.6003	0.0700	0.0129	9.7180
502.2320	0.156269	0.126624	0.836661	0.860550	76.8922	168.4863	344.2822	175.7975	0.0751	0.0139	9.8861
502.3844	0.141838	0.141962	0.836586	0.860504	76.9041	164.7151	340.9123	176.1980	0.0771	0.0246	10.1986
502.5368	0.139128	0.144492	0.836579	0.860461	76.9155	160.5296	337.0604	176.5309	0.0791	0.0291	10.0186
502.6892	0.147144	0.136416	0.836517	0.860418	76.9253	161.9756	338.7856	176.8108	0.0796	0.0254	9.7730
502.8416	0.145692	0.137936	0.836592	0.860379	76.9359	162.3987	339.5690	177.1699	0.0795	0.0268	9.7929
502.9940	0.141329	0.142228	0.836577	0.860340	76.9462	160.9086	338.4587	177.5511	0.0795	0.0313	9.9687
503.1464	0.142004	0.141509	0.836521	0.860302	76.9585	159.9356	337.9489	178.0149	0.0796	0.0317	9.8406
503.2988	0.144915	0.138548	0.836514	0.860267	76.9706	159.8936	338.3812	178.4890	0.0818	0.0280	9.6504
503.4512	0.135021	0.147705	0.836554	0.860231	76.9810	157.6205	336.4926	178.8727	0.0821	0.0339	9.8742
503.6036	0.124893	0.156310	0.836562	0.860191	76.9911	154.0361	333.2224	179.1865	0.0795	0.0438	9.9772
503.7560	0.130533	0.151640	0.836571	0.860155	77.0015	153.3053	332.7647	179.4602	0.0796	0.0386	9.8358
503.9084	0.135515	0.147401	0.836541	0.860127	77.0104	155.0177	334.7149	179.6981	0.0795	0.0359	9.8470
504.0608	0.137072	0.145884	0.836602	0.860103	77.0174	155.9795	335.8799	179.9006	0.0796	0.0350	9.8095
504.2132	0.139412	0.143815	0.836373	0.860084	77.0237	156.4107	336.4614	180.0514	0.0806	0.0345	9.8486
504.3656	0.130582	0.151266	0.836401	0.860068	77.0297	155.1473	335.3531	180.2060	0.0806	0.0422	9.9566
504.5180	0.124405	0.156385	0.836472	0.860056	77.0351	151.6868	332.0434	180.3571	0.0826	0.0463	9.9516
504.6704	0.135274	0.147496	0.836422	0.860040	77.0398	152.9045	333.3622	180.4594	0.0796	0.0382	9.7425
504.8228	0.141273	0.141860	0.836511	0.860026	77.0451	156.1448	336.7413	180.5986	0.0796	0.0357	9.7097
504.9752	0.136172	0.146129	0.836460	0.860024	77.0478	156.3681	337.1529	180.7863	0.0857	0.0400	9.9487
505.1276	0.129472	0.151951	0.836202	0.860022	77.0501	153.1799	333.9594	180.7806	0.0876	0.0443	9.9659
505.2800	0.136004	0.146542	0.836242	0.860005	77.0526	154.0334	334.7973	180.7651	0.0858	0.0422	9.7770
505.4324	0.139586	0.142978	0.836449	0.859980	77.0549	155.6775	336.4853	180.8084	0.0858	0.0361	9.7971
505.5848	0.138944	0.143787	0.836459	0.859960	77.0577	156.1590	336.9893	180.8309	0.0844	0.0370	9.8962
505.7372	0.131271	0.150681	0.836463	0.859950	77.0610	154.2669	335.1376	180.8714	0.0827	0.0432	9.9615
505.8896	0.128017	0.153360	0.836444	0.859945	77.0634	152.5683	333.3948	180.8276	0.0797	0.0443	9.9373
506.0420	0.131384	0.150652	0.836493	0.859932	77.0664	152.7487	333.4612	180.7137	0.0851	0.0437	9.8354
506.1944	0.133599	0.148796	0.836503	0.859912	77.0708	153.7321	334.3243	180.5936	0.0824	0.0411	9.7890
506.3468	0.130830	0.151209	0.836539	0.859895	77.0746	153.6550	334.1487	180.4955	0.0865	0.0437	9.9232
506.4992	0.127381	0.154233	0.836231	0.859890	77.0769	152.4896	332.9336	180.4460	0.0863	0.0441	9.8812
506.6516	0.127591	0.154223	0.835989	0.859890	77.0786	152.0008	332.3795	180.3806	0.0829	0.0437	9.8319
506.8040	0.126314	0.154741	0.836397	0.859883	77.0808	152.0677	332.2954	180.2288	0.0815	0.0440	9.9312
506.9564	0.126859	0.154398	0.836298	0.859871	77.0841	152.0804	332.2017	180.1214	0.0825	0.0438	9.8615
507.1088	0.132769	0.149288	0.836530	0.859847	77.0870	153.5298	333.5230	179.9944	0.0888	0.0430	9.8122
507.2612	0.123898	0.156346	0.836356	0.859837	77.0904	153.2042	333.0447	179.8413	0.0885	0.0457	10.0540
507.4136	0.120519	0.158990	0.836151	0.859820	77.0940	150.1071	329.7809	179.6744	0.0891	0.0495	9.9086
507.5660	0.127942	0.153368	0.836082	0.859810	77.0970	151.9281	331.4272	179.4993	0.0885	0.0438	9.7798
507.7184	0.131547	0.150271	0.836367	0.859784	77.1023	154.1851	333.4649	179.2802	0.0890	0.0436	9.7557
507.8708	0.133581	0.148218	0.836514	0.859754	77.1071	155.8211	334.9832	179.1633	0.0928	0.0435	9.8613
508.0232	0.125311	0.155073	0.836361	0.859737	77.1122	153.9546	333.0820	179.1281	0.0935	0.0472	10.0395
508.1756	0.122622	0.157127	0.836159	0.859742	77.1174	151.7273	330.6368	178.9117	0.0891	0.0480	9.8881
508.3280	0.124301	0.155936	0.836244	0.859736	77.1197	152.4597	331.1592	178.7010	0.0891	0.0450	9.8488
508.4804	0.123713	0.156465	0.836430	0.859721	77.1213	152.7559	331.1779	178.4230	0.0891	0.0473	9.8189
508.6328	0.125414	0.154982	0.836014	0.859717	77.1218	153.1914	331.3427	178.1518	0.0892	0.0446	9.8077
508.7852	0.120371	0.158943	0.836359	0.859732	77.1199	152.9470	330.8273	177.8816	0.0891	0.0480	9.8362
508.9376	0.111313	0.165058	0.836149	0.859744	77.1186	150.1309	327.7363	177.6067	0.0889	0.0535	10.0020
509.0900	0.113555	0.163678	0.836410	0.859748	77.1174	149.5455	326.8415	177.2962	0.0891	0.0549	9.9235
509.2424	0.119882	0.159221	0.836061	0.859748	77.1155	152.1670	329.1475	176.9808	0.0892	0.0497	9.6382
509.3948	0.117651	0.160880	0.836360	0.859759	77.1136	152.6280	329.3520	176.7245	0.0900	0.0463	9.7451
509.5472	0.111315	0.165418	0.836419	0.859769	77.1102	150.8941	327.3388	176.4467	0.0874	0.0506	9.9674
509.6996	0.113681	0.163773	0.836151	0.859791	77.1081	150.6518	326.8777	176.2270	0.0888	0.0466	9.7182
509.8520	0.115196	0.162670	0.836243	0.859795	77.1057	151.6572	327.6908	176.0347	0.0892	0.0441	9.7657
510.0044	0.115969	0.162279	0.836492	0.859813	77.1035	152.1064	327.9662	175.8617	0.0886	0.0437	9.9098
510.1568	0.116204	0.162243	0.836407	0.859820	77.1007	152.5405	328.2333	175.6949	0.0891	0.0437	9.8526
510.3092	0.116039	0.162360	0.836425	0.859835	77.0965	152.6049	328.1179	175.5150	0.0890	0.0437	9.8815
510.4616	0.116550	0.162064	0.836573	0.859858	77.0922	152.8567	328.2474	175.3913	0.0891	0.0437	9.8530
510.6140	0.115108	0.163091	0.836479	0.859879	77.0879	152.7599	327.9997	175.2399	0.0887	0.0443	9.8377
510.7664	0.115158	0.163021	0.836416	0.859890	77.0833	152.6402	327.7203	175.0819	0.0882	0.0437	9.8451
510.9188	0.117744	0.161164	0.836363	0.859840	77.0966	153.3308	328.3987	175.0696	0.0879	0.0437	9.8995
511.0712	0.119579	0.159672	0.836565	0.859855	77.0941	154.1216	329.2306	175.1109	0.0891	0.0437	9.9178
511.2236	0.119835	0.159938	0.836337	0.859862	77.0921	154.1723	329.4803	175.3090	0.0890	0.0437	9.8565
511.3760	0.120260	0.159341	0.836494	0.859857	77.0916	154.0463	329.5598	175.5133	0.0890	0.0437	9.8758
511.5284	0.123057	0.157136	0.836506	0.859854	77.0925	154.5511	330.1880	175.6370	0.0891	0.0437	9.9146
511.6808	0.126377	0.154602	0.836440	0.859849	77.0928	155.5410	331.3766	175.8356	0.0885	0.0409	9.9852
511.8332	0.129922	0.151621	0.836447	0.859848	77.0937	156.6235	332.6480	176.0261	0.0934	0.0425	10.0426
511.9856	0.130715	0.151259	0.836441	0.859842	77.0943	157.3241	333.5438	176.2202	0.0892	0.0336	9.8586
512.1380	0.133156	0.149042	0.836427	0.859830	77.0966	158.6506	334.9815	176.3310	0.0677	0.0568	9.8995
512.2904	0.134335	0.148106	0.836507	0.859810	77.0983	158.1367	334.6399	176.5044	0.0896	0.0352	9.8261
512.4428	0.135296	0.146890	0.836435	0.859786	77.0980	158.5343	335.0347	176.5016	0.0859	0.0419	9.9811
512.5952	0.135219	0.146869	0.836242	0.859784	77.0993	159.2979	335.9822	176.6843	0.0962	0.0397	10.1226
512.7476	0.134853	0.147089	0.836310	0.859780	77.0993	158.2637	335.1835	176.9217	0.0926	0.0364	9.8584
512.9000	0.134926	0.147091	0.836357	0.859758	77.1037	158.0829	335.1930	177.1102	0.0895	0.0367	9.8586
513.0524	0.138322	0.144113	0.836249	0.859729	77.1075	158.6174	335.8981	177.2818	0.0938	0.0360	9.9274
513.2048	0.140832	0.141474	0.836446	0.859711	77.1086	159.4543	336.9279	177.4750	0.1003	0.0398	10.3525
513.3572	0.143022	0.139354	0.836297	0.859690	77.1122	159.9353	338.1612	178.2263	0.1143	0.0380	10.6886
513.5096	0.142817	0.139357	0.836040	0.859724	77.1039	159.4429	338.4874	179.0448	0.0991	0.0341	9.8222
513.6620	0.143126	0.139485	0.836036	0.859693	77.1109	158.5035	338.2455	179.7432	0.0750	0.0289	9.2853
513.8144	0.145635	0.136725	0.836392	0.859670	77.1137	159.0809	339.3218	180.2413	0.0901	0.0294	9.3245
513.9668	0.147103	0.135059	0.836042	0.859655	77.1165	159.7947	340.6318	180.8384	0.0755	0.0371	9.4654
514.1192	0.132567	0.148880	0.836026	0.859634	77.1210	154.1386	335.7637	181.6271	0.0984	0.0439	9.8958
514.2716	0.142870	0.139674	0.836046	0.859616	77.1269	153.7457	335.9886	182.2450	0.0881	0.0347	9.4148
514.4240	0.147382	0.134868	0.836135	0.859594	77.1328	157.2027	340.1344	182.9326	0.0916	0.0271	9.4931
514.5764	0.155786	0.124697	0.836058	0.859568	77.1393	158.9260	342.5178	183.5931	0.0843	0.0326	9.6523
514.7288	0.151877	0.128881	0.836052	0.859553	77.1435	158.2340	342.5475	184.3139	0.0979	0.0491	9.9983
514.8812	0.153073	0.127764	0.836054	0.859553	77.1466	157.5236	342.5393	185.0164	0.0944	0.0417	9.7839
515.0336	0.156940	0.123409	0.836064	0.859553	77.1539	158.8972	344.8954	185.9986	0.0892	0.0363	9.7173
515.1860	0.152900	0.128277	0.836062	0.859516	77.1594	155.9064	342.4308	186.5263	0.0865	0.0484	9.8738
515.3384	0.162232	0.116065	0.836074	0.859481	77.1619	159.0815	345.9219	186.8416	0.0976	0.0363	9.9519
515.4908	0.158067	0.121301	0.836063	0.859493	77.1553	159.3724	347.0702	187.6985	0.0987	0.0417	9.9754
515.6432	0.157195	0.122475	0.836072	0.859512	77.1473	156.7722	345.0682	188.2967	0.0987	0.0437	9.8402
515.7956	0.160877	0.117356	0.835909	0.859528	77.1430	157.3552	346.0941	188.7402	0.0988	0.0392	9.6862
515.9480	0.162498	0.115704	0.835905	0.859537	77.1386	158.4805	347.2309	188.7517	0.0981	0.0342	9.2438
516.1004	0.171808	0.101630	0.836103	0.859555	77.1292	161.2840	349.8927	188.6096	0.0884	0.0310	8.8869
516.2528	0.183380	0.078651	0.835914	0.859584	77.1203	168.1416	356.7404	188.5991	0.1031	0.0389	8.5636
516.4052	0.157242	0.121538	0.835409	0.859603	77.1155	160.6147	349.2374	188.6241	0.1053	0.0573	8.6893
516.5576	0.155576	0.125665	0.836053	0.859624	77.1092	156.0470	344.2161	188.1700	0.0793	0.0371	9.6285
516.7100	0.155082	0.126658	0.836141	0.859658	77.0974	156.0718	344.1745	188.1036	0.0704	0.0419	9.6717
516.8624	0.156766	0.123964	0.836143	0.859700	77.0847	160.0790	348.0856	188.0069	0.0782	0.0329	9.9043
517.0148	0.143698	0.139353	0.836142	0.859743	77.0711	152.1701	340.0110	187.8416	0.0778	0.0437	9.8971
517.1672	0.145890	0.136802	0.836057	0.859793	77.0564	151.6625	339.4769	187.8162	0.0789	0.0392	9.8078
517.3196	0.144948	0.138099	0.836196	0.859836	77.0432	152.0864	339.8893	187.8039	0.0778	0.0423	9.8271
517.4720	0.138043	0.144714	0.836372	0.859875	77.0313	150.0955	337.8517	187.7574	0.0731	0.0437	9.9374
517.6244	0.132867	0.149467	0.836314	0.859914	77.0186	147.9394	335.7487	187.8096	0.0739	0.0499	9.8585
517.7768	0.126338	0.154788	0.836525	0.859965	77.0049	146.0504	334.1606	188.1110	0.0776	0.0171	9.9267
517.9292	0.122978	0.158184	0.836600	0.860018	76.9956	142.8360	331.4558	188.6211	0.0613	0.0452	10.0471
518.0816	0.123125	0.157812	0.836595	0.860044	76.9916	142.5232	331.1696	188.6468	0.0614	0.0448	9.8511
518.2340	0.123637	0.157637	0.836601	0.860072	76.9881	142.2489	331.2570	189.0094	0.0620	0.0440	9.8470
518.3864	0.124811	0.156708	0.836529	0.860096	76.9838	142.3628	331.7509	189.3881	0.0604	0.0441	9.8565
518.5388	0.125420	0.156025	0.836466	0.860123	76.9821	141.9315	331.9061	189.9753	0.0586	0.0449	9.8913
518.6912	0.115581	0.163290	0.836592	0.860138	76.9809	140.4157	330.7705	190.3558	0.0540	0.0507	9.9756
518.8436	0.135606	0.147341	0.836614	0.860134	76.9814	143.5746	333.9355	190.3622	0.0547	0.0572	10.1638
518.9960	0.136281	0.146663	0.836372	0.860115	76.9818	145.5469	336.1568	190.6103	0.0604	0.0454	9.8633
519.1484	0.136931	0.145962	0.836552	0.860110	76.9853	145.2906	336.3948	191.1046	0.0601	0.0468	9.7803
519.3008	0.141725	0.141795	0.836630	0.860106	76.9914	146.4884	337.6758	191.1883	0.0602	0.0437	9.8510
519.4532	0.146234	0.137132	0.836638	0.860095	76.9984	148.5549	339.4122	190.8575	0.0586	0.0411	9.7502
519.6056	0.143095	0.140188	0.836632	0.860091	77.0016	148.9230	339.8799	190.9577	0.0608	0.0444	9.8087
519.7580	0.145574	0.137288	0.836557	0.860069	77.0092	148.5611	339.1899	190.6294	0.0603	0.0490	9.7399
519.9104	0.147826	0.134971	0.836202	0.860062	77.0147	150.5625	341.1237	190.5616	0.0686	0.0482	9.6261
520.0628	0.149899	0.132067	0.835995	0.860065	77.0173	150.7301	341.4365	190.7073	0.0805	0.0426	9.8917
520.2152	0.149079	0.133335	0.835906	0.860067	77.0170	151.0526	341.7699	190.7179	0.0348	0.0419	9.9082
520.3676	0.147542	0.134741	0.836351	0.860079	77.0163	150.0586	340.8680	190.8098	0.1029	0.0416	9.9961
520.5200	0.149288	0.133108	0.836471	0.860084	77.0166	150.4283	341.1497	190.7228	0.0790	0.0448	9.3768
520.6724	0.157674	0.122388	0.836487	0.860086	77.0167	155.1497	345.8976	190.7485	0.1041	0.0228	9.4969
520.8248	0.144294	0.138387	0.836419	0.860081	77.0190	149.5231	340.1046	190.5829	0.0910	0.0407	9.8594
520.9772	0.144201	0.138167	0.836310	0.860071	77.0225	149.1589	339.4863	190.3278	0.0869	0.0392	9.8601
521.1296	0.145479	0.137563	0.836630	0.860066	77.0218	149.7101	339.6789	189.9700	0.0536	0.0426	9.9423
521.2820	0.145455	0.137580	0.836637	0.860067	77.0224	150.1300	339.9794	189.8509	0.0724	0.0409	9.6643
521.4344	0.138327	0.144707	0.836550	0.860081	77.0206	148.1182	338.0217	189.9045	0.0611	0.0469	9.6003
521.5868	0.137878	0.145305	0.836628	0.860112	77.0191	147.2750	337.2084	189.9345	0.0641	0.0442	9.8946
521.7392	0.137957	0.145228	0.836626	0.860122	77.0140	146.2454	336.7973	190.5527	0.0585	0.0455	9.8294
521.8916	0.132466	0.150091	0.836613	0.860114	77.0159	146.1287	336.0513	189.9233	0.0581	0.0447	9.9211
522.0440	0.110048	0.167018	0.836585	0.860102	77.0158	139.5369	329.7270	190.1905	0.0582	0.0530	10.2190
522.1964	0.109547	0.166988	0.836590	0.860097	77.0165	135.7481	326.5477	190.7999	0.0573	0.0539	9.8900
522.3488	0.109157	0.167515	0.836573	0.860106	77.0143	135.6058	326.5342	190.9289	0.0555	0.0534	9.7798
522.5012	0.104708	0.170145	0.836583	0.860099	77.0145	133.8544	324.8660	191.0131	0.0554	0.0552	9.9065
522.6536	0.097319	0.174525	0.836573	0.860079	77.0173	132.1767	322.6576	190.4817	0.0508	0.0567	9.9843
522.8060	0.098158	0.173930	0.836491	0.860061	77.0231	132.8797	322.5703	189.6915	0.0446	0.0584	9.9086
522.9584	0.097230	0.174296	0.836578	0.860036	77.0324	133.6830	322.4113	188.7296	-0.0015	0.0622	10.0048
523.1108	0.098254	0.173341	0.836298	0.860012	77.0386	134.6767	322.7658	188.0894	0.0674	0.0601	9.8573
523.2632	0.097232	0.174184	0.836563	0.859988	77.0462	135.2914	322.4835	187.1933	-0.0178	0.0644	9.9063
523.4156	0.098312	0.173760	0.836564	0.859959	77.0544	136.4241	322.4884	186.0646	0.0384	0.0692	9.6755
523.5680	0.082923	0.181357	0.836567	0.859942	77.0609	134.5514	319.7925	185.2412	0.0496	0.0631	9.8212
523.7204	0.084836	0.180503	0.836495	0.859927	77.0668	133.0059	317.2578	184.2533	0.0548	0.0616	9.8281
523.8728	0.090053	0.178037	0.836409	0.859904	77.0760	135.3755	319.3575	183.9839	0.0637	0.0559	9.5290
524.0252	0.086513	0.179319	0.836566	0.859880	77.0830	136.7562	318.9728	182.2177	0.0700	0.0628	9.8567
524.1776	0.086513	0.179237	0.836487	0.859852	77.0914	137.8990	318.6545	180.7569	0.0630	0.0630	9.9137
524.3300	0.082846	0.181028	0.836489	0.859829	77.1006	138.9435	317.9398	178.9969	0.0723	0.0611	9.8132
524.4824	0.078454	0.182916	0.836564	0.859822	77.1031	138.1788	316.9055	178.7278	0.0740	0.0572	10.2101
524.6348	0.076807	0.183513	0.836475	0.859814	77.1074	137.3384	315.5041	178.1662	0.0745	0.0613	9.8179
524.7872	0.075903	0.184125	0.836549	0.859796	77.1112	138.3269	315.4624	177.1369	0.0749	0.0658	9.6744
524.9396	0.061779	0.189115	0.836558	0.859775	77.1163	136.1675	312.4968	176.3304	0.0646	0.0627	9.7629
525.0920	0.035608	0.195042	0.836517	0.859757	77.1222	129.2010	305.2294	176.0306	0.0061	0.1020	9.7539
525.2444	0.032737	0.195575	0.836522	0.859739	77.1288	126.4305	302.3456	175.9153	0.0698	0.0746	9.8572
525.3968	0.032569	0.195576	0.836436	0.859724	77.1324	126.2654	302.1576	175.8944	0.0744	0.0740	9.8559
525.5492	0.032517	0.195580	0.836457	0.859711	77.1332	126.5011	302.1237	175.6232	0.0706	0.0747	9.8585
525.7016	0.032745	0.195722	0.836519	0.859697	77.1365	126.5504	302.1366	175.5884	0.0493	0.0840	9.4067
525.8540	0.009358	0.197914	0.836510	0.859681	77.1396	122.9958	298.6218	175.6274	0.0540	0.0923	9.4155
526.0064	0.004063	0.198089	0.836510	0.859674	77.1413	117.9863	293.9766	175.9919	0.0484	0.0791	9.8636
526.1588	0.007377	0.198073	0.836374	0.859657	77.1447	118.1178	294.3795	176.2635	0.0915	0.0859	9.0103
526.3112	0.004694	0.198001	0.836510	0.859642	77.1483	117.7023	294.2145	176.5127	0.0386	0.0824	9.9022
526.4636	-0.009760	0.197566	0.836508	0.859639	77.1452	115.4454	291.3795	175.9342	0.0405	0.0811	10.1529
526.6160	-0.015382	0.197591	0.836573	0.859639	77.1451	112.3753	289.2408	176.8657	0.0263	0.0826	10.3052
526.7684	-0.013974	0.197580	0.836489	0.859664	77.1426	111.5508	288.5920	177.0429	0.0403	0.0810	9.8958
526.9208	-0.014367	0.197513	0.836509	0.859789	77.1475	112.1158	288.6661	176.5519	0.0290	0.0802	9.8076
527.0732	-0.023193	0.196443	0.836490	0.859897	77.1565	111.8228	286.8465	175.0255	0.0220	0.0820	9.9207
527.2256	-0.025667	0.196158	0.836493	0.860006	77.1651	111.9975	285.5403	173.5439	0.0211	0.0831	9.8729
527.3780	-0.034359	0.194506	0.836493	0.860113	77.1770	111.4267	283.4478	172.0228	0.0223	0.0826	9.9011
527.5304	-0.022755	0.196698	0.836903	0.860225	77.1869	113.7701	284.6836	170.9160	0.0388	0.0852	10.0323
527.6828	-0.021667	0.196739	0.836507	0.860337	77.1957	116.9968	286.1730	169.1782	0.0326	0.0798	9.8523
527.8352	-0.031662	0.195312	0.836492	0.860451	77.2040	117.2586	284.8058	167.5497	0.0109	0.0788	8.4051
527.9876	-0.044026	0.193289	0.836364	0.860560	77.2136	116.7974	282.7075	165.9108	0.0037	0.1374	6.4179
