HOLE:	U1353C
EXPEDITION:	323
TOP:		105.6062
BOTTOM:		191.4074
DEPTH_WMSF	DTCO	DT1	DT2	VCO	VS1	VS2
m	us/ft	us/ft	us/ft	km/s	km/s	km/s
105.6062	174.39990	555.01355	-999.25000	1.7477	0.5492	-999.2500
105.7586	175.02719	545.99115	-999.25000	1.7414	0.5583	-999.2500
105.9110	175.27272	610.94580	-999.25000	1.7390	0.4989	-999.2500
106.0634	175.27272	627.00323	-999.25000	1.7390	0.4861	-999.2500
106.2158	175.27272	631.85986	-999.25000	1.7390	0.4824	-999.2500
106.3682	175.07277	627.54962	-999.25000	1.7410	0.4857	-999.2500
106.5206	174.80911	652.62677	-999.25000	1.7436	0.4670	-999.2500
106.6730	174.72728	669.04926	-999.25000	1.7444	0.4556	-999.2500
106.8254	175.22716	674.85907	-999.25000	1.7395	0.4516	-999.2500
106.9778	175.83632	693.49915	-999.25000	1.7334	0.4395	-999.2500
107.1302	176.19995	714.68884	-999.25000	1.7299	0.4265	-999.2500
107.2826	176.86351	739.59814	-999.25000	1.7234	0.4121	-999.2500
107.4350	177.47267	757.61676	-999.25000	1.7174	0.4023	-999.2500
107.5874	177.63637	775.63538	-999.25000	1.7159	0.3930	-999.2500
107.7398	177.63637	793.65399	-999.25000	1.7159	0.3840	-999.2500
107.8922	177.63637	811.67261	-999.25000	1.7159	0.3755	-999.2500
108.0446	177.43642	853.89417	-999.25000	1.7178	0.3570	-999.2500
108.1970	177.27272	879.81866	-999.25000	1.7194	0.3464	-999.2500
108.3494	177.27272	827.69427	-999.25000	1.7194	0.3683	-999.2500
108.5018	177.27272	814.85663	-999.25000	1.7194	0.3741	-999.2500
108.6542	177.17274	858.67676	-999.25000	1.7204	0.3550	-999.2500
108.8066	176.89096	902.44788	-999.25000	1.7231	0.3377	-999.2500
108.9590	176.52733	897.55212	-999.25000	1.7266	0.3396	-999.2500
109.1114	176.36363	895.25598	-999.25000	1.7282	0.3405	-999.2500
109.2638	176.02960	876.75140	-999.25000	1.7315	0.3476	-999.2500
109.4162	175.69029	841.25159	-999.25000	1.7349	0.3623	-999.2500
109.5686	175.63637	820.13171	-999.25000	1.7354	0.3716	-999.2500
109.7210	175.63637	786.87665	-999.25000	1.7354	0.3874	-999.2500
109.8734	175.79269	749.19684	-999.25000	1.7339	0.4068	-999.2500
110.0258	176.22020	728.61975	-999.25000	1.7297	0.4183	-999.2500
110.1782	176.65999	756.04712	-999.25000	1.7253	0.4031	-999.2500
110.3306	177.05136	783.67200	-999.25000	1.7215	0.3889	-999.2500
110.4830	176.97476	789.92413	-999.25000	1.7223	0.3859	-999.2500
110.6354	176.57339	788.84576	-999.25000	1.7262	0.3864	-999.2500
110.7878	176.24577	800.30627	-999.25000	1.7294	0.3809	-999.2500
110.9402	175.79996	812.38782	-999.25000	1.7338	0.3752	-999.2500
111.0926	175.39938	803.10126	-999.25000	1.7377	0.3795	-999.2500
111.2450	175.50723	777.25262	-999.25000	1.7367	0.3922	-999.2500
111.3974	176.12048	743.59094	-999.25000	1.7306	0.4099	-999.2500
111.5498	176.62624	730.55701	-999.25000	1.7257	0.4172	-999.2500
111.7022	176.85323	717.90228	-999.25000	1.7235	0.4246	-999.2500
111.8546	177.11900	726.72650	-999.25000	1.7209	0.4194	-999.2500
112.0070	177.47267	835.11377	-999.25000	1.7174	0.3650	-999.2500
112.1594	177.43642	964.98639	-999.25000	1.7178	0.3159	-999.2500
112.3118	175.97304	969.01013	-999.25000	1.7321	0.3145	-999.2500
112.4642	167.81084	856.47406	-999.25000	1.8163	0.3559	-999.2500
112.6166	162.19995	714.83722	-999.25000	1.8792	0.4264	-999.2500
112.7690	160.26819	574.83722	-999.25000	1.9018	0.5302	-999.2500
112.9214	158.37479	485.32474	-999.25000	1.9245	0.6280	-999.2500
113.0738	158.36116	472.63412	-999.25000	1.9247	0.6449	-999.2500
113.2262	158.21124	498.49542	-999.25000	1.9265	0.6114	-999.2500
113.3786	156.90027	483.14389	408.18182	1.9426	0.6309	0.7467
113.5310	156.19995	445.68491	388.18182	1.9513	0.6839	0.7852
113.6834	157.06346	428.95615	370.00000	1.9406	0.7106	0.8238
113.8358	158.90233	453.82486	374.54544	1.9182	0.6716	0.8138
113.9882	161.63165	456.75775	370.23474	1.8858	0.6673	0.8233
114.1406	164.02713	429.62918	353.71362	1.8582	0.7094	0.8617
114.2930	165.39235	429.07352	377.11414	1.8429	0.7104	0.8082
114.4454	166.38336	449.28674	417.03036	1.8319	0.6784	0.7309
114.5978	167.33078	482.07056	454.53552	1.8215	0.6323	0.6706
114.7502	168.34319	513.40076	523.10394	1.8106	0.5937	0.5827
114.9026	169.19861	535.41583	535.04651	1.8014	0.5693	0.5697
115.0550	169.57191	540.52386	525.30927	1.7975	0.5639	0.5802
115.2074	170.08716	538.48969	487.15018	1.7920	0.5660	0.6257
115.3598	170.99481	548.11768	464.42551	1.7825	0.5561	0.6563
115.5122	171.70433	559.74878	471.75912	1.7751	0.5445	0.6461
115.6646	172.23444	572.30402	466.46222	1.7697	0.5326	0.6534
115.8170	172.76505	594.48853	484.02646	1.7642	0.5127	0.6297
115.9694	173.44122	611.29169	527.79095	1.7574	0.4986	0.5775
116.1218	174.52158	613.52448	561.08380	1.7465	0.4968	0.5432
116.2742	176.72429	629.34338	590.36560	1.7247	0.4843	0.5163
116.4266	176.90689	649.30176	617.13690	1.7229	0.4694	0.4939
116.5790	175.79790	657.81519	622.80670	1.7338	0.4634	0.4894
116.7314	176.03511	676.44861	608.18182	1.7315	0.4506	0.5012
116.8838	175.98662	690.58118	627.15167	1.7319	0.4414	0.4860
117.0362	175.83572	694.79688	633.06775	1.7334	0.4387	0.4815
117.1886	175.97864	717.40698	634.40283	1.7320	0.4249	0.4805
117.3410	176.15280	758.46661	635.26404	1.7303	0.4019	0.4798
117.4934	176.18277	786.30872	672.34979	1.7300	0.3876	0.4533
117.6458	177.03545	796.78772	695.42236	1.7217	0.3825	0.4383
117.7982	178.61174	810.28534	692.52258	1.7065	0.3762	0.4401
117.9506	179.47530	828.81470	711.38586	1.6983	0.3678	0.4285
118.1030	179.63637	849.27271	753.59119	1.6968	0.3589	0.4045
118.2554	179.54671	876.06934	798.80273	1.6976	0.3479	0.3816
118.4078	176.55347	896.22339	843.97296	1.7264	0.3401	0.3611
118.5602	169.42847	887.93964	886.59576	1.7990	0.3433	0.3438
118.7126	164.43732	859.75525	911.81818	1.8536	0.3545	0.3343
118.8650	162.36295	827.32672	883.90234	1.8773	0.3684	0.3448
119.0174	159.66177	792.66992	783.86774	1.9090	0.3845	0.3888
119.1698	157.26711	756.88348	683.82086	1.9381	0.4027	0.4457
119.3222	151.99678	690.10492	583.78027	2.0053	0.4417	0.5221
119.4746	144.66475	598.49634	483.72510	2.1069	0.5093	0.6301
119.6270	142.24493	508.77890	383.78906	2.1428	0.5991	0.7942
119.7794	144.47551	450.02832	280.02048	2.1097	0.6773	1.0885
119.9318	148.25478	387.21964	343.96313	2.0559	0.7872	0.8861
120.0842	153.74646	367.88345	401.45615	1.9825	0.8285	0.7592
120.2366	159.38680	415.09302	476.33182	1.9123	0.7343	0.6399
120.3890	163.17661	458.21423	510.81091	1.8679	0.6652	0.5967
120.5414	165.84521	493.58780	547.74805	1.8379	0.6175	0.5565
120.6938	167.66020	553.66345	585.24701	1.8180	0.5505	0.5208
120.8462	168.29816	622.07867	611.83246	1.8111	0.4900	0.4982
120.9986	168.52975	671.45508	647.51990	1.8086	0.4539	0.4707
121.1510	168.86214	709.90002	682.02679	1.8050	0.4294	0.4469
121.3034	169.29880	728.87006	708.64960	1.8004	0.4182	0.4301
121.4558	169.58607	729.55817	709.34784	1.7973	0.4178	0.4297
121.6082	169.63637	719.25189	680.24225	1.7968	0.4238	0.4481
121.7606	169.93292	696.12128	652.71228	1.7936	0.4379	0.4670
121.9130	170.27904	671.45215	640.36926	1.7900	0.4539	0.4760
122.0654	170.08139	642.50806	633.63293	1.7921	0.4744	0.4810
122.2178	169.73268	613.89319	623.58264	1.7958	0.4965	0.4888
122.3702	169.50237	593.11011	628.02563	1.7982	0.5139	0.4853
122.5226	169.32671	564.52136	605.36786	1.8001	0.5399	0.5035
122.6750	169.97044	522.90021	573.68701	1.7933	0.5829	0.5313
122.8274	172.11491	514.96820	564.20502	1.7709	0.5919	0.5402
122.9798	174.43034	575.66724	611.50177	1.7474	0.5295	0.4984
123.1322	175.35597	658.74603	690.60522	1.7382	0.4627	0.4414
123.2846	175.28505	708.14899	726.62524	1.7389	0.4304	0.4195
123.4370	174.69063	730.38800	744.80585	1.7448	0.4173	0.4092
123.5894	173.24872	738.46167	754.76910	1.7593	0.4127	0.4038
123.7418	171.41902	710.92084	724.01105	1.7781	0.4287	0.4210
123.8942	170.37930	667.26227	682.25555	1.7889	0.4568	0.4468
124.0466	169.99626	654.02539	661.53766	1.7930	0.4660	0.4607
124.1990	169.39444	661.33740	646.22272	1.7994	0.4609	0.4717
124.3514	168.99225	664.73859	630.88818	1.8036	0.4585	0.4831
124.5038	168.84068	662.73309	616.61127	1.8053	0.4599	0.4943
124.6562	167.72887	654.34375	594.66364	1.8172	0.4658	0.5126
124.8086	165.89117	649.99463	575.02393	1.8373	0.4689	0.5301
124.9610	164.80511	657.80621	572.73938	1.8495	0.4634	0.5322
125.1134	164.46733	657.72058	596.76715	1.8533	0.4634	0.5108
125.2658	164.36363	646.69049	610.20319	1.8544	0.4713	0.4995
125.4182	164.36363	645.21094	607.90430	1.8544	0.4724	0.5014
125.5706	164.48170	646.21570	636.98712	1.8531	0.4717	0.4785
125.7230	165.24843	616.71265	656.60559	1.8445	0.4942	0.4642
125.8754	167.09366	559.04944	604.77338	1.8241	0.5452	0.5040
126.0278	169.06621	523.69403	515.21155	1.8028	0.5820	0.5916
126.1802	170.16008	520.48218	489.15393	1.7913	0.5856	0.6231
126.3326	170.70316	520.91113	495.34818	1.7856	0.5851	0.6153
126.4850	171.38664	553.51099	562.02502	1.7784	0.5507	0.5423
126.6374	172.13188	710.87225	710.42456	1.7707	0.4288	0.4290
126.7898	172.56097	803.85791	767.56506	1.7663	0.3792	0.3971
126.9422	172.38142	791.25299	816.36365	1.7682	0.3852	0.3734
127.0946	171.16678	788.89026	820.35620	1.7807	0.3864	0.3715
127.2470	168.79640	787.73724	845.34296	1.8057	0.3869	0.3606
127.3994	166.79092	779.83978	817.16119	1.8274	0.3908	0.3730
127.5518	165.13432	730.57037	762.08179	1.8458	0.4172	0.4000
127.7042	163.36769	639.44989	658.18073	1.8657	0.4767	0.4631
127.8566	161.60590	541.77417	625.04413	1.8861	0.5626	0.4876
128.0090	161.45139	484.17276	588.71289	1.8879	0.6295	0.5177
128.1614	162.91959	473.38605	520.00000	1.8709	0.6439	0.5862
128.3138	164.56358	478.82507	462.99716	1.8522	0.6366	0.6583
128.4662	165.75070	488.93372	565.29919	1.8389	0.6234	0.5392
128.6186	167.06201	519.76404	562.49390	1.8245	0.5864	0.5419
128.7710	168.85159	602.42426	567.46820	1.8051	0.5060	0.5371
128.9234	169.82596	656.87512	630.37842	1.7948	0.4640	0.4835
129.0758	169.77438	651.98206	667.78015	1.7953	0.4675	0.4564
129.2282	169.59357	634.34698	692.01385	1.7972	0.4805	0.4405
129.3806	169.40137	620.74323	629.46106	1.7993	0.4910	0.4842
129.5330	169.32693	601.32733	582.01526	1.8001	0.5069	0.5237
129.6854	169.63693	585.00433	530.51892	1.7968	0.5210	0.5745
129.8378	170.20003	595.58618	550.09174	1.7908	0.5118	0.5541
129.9902	170.68866	638.74695	613.97736	1.7857	0.4772	0.4964
130.1426	170.98564	710.93671	690.36792	1.7826	0.4287	0.4415
130.2950	171.13231	756.72577	750.90350	1.7811	0.4028	0.4059
130.4474	171.40178	776.10724	770.38623	1.7783	0.3927	0.3956
130.5998	171.58200	778.88446	779.01263	1.7764	0.3913	0.3913
130.7522	172.85582	759.71820	851.05646	1.7633	0.4012	0.3581
130.9046	174.45432	750.91083	920.28967	1.7472	0.4059	0.3312
131.0570	172.78142	732.28436	882.48663	1.7641	0.4162	0.3454
131.2094	168.66591	676.48474	833.12726	1.8071	0.4506	0.3659
131.3618	164.06584	604.95074	788.55786	1.8578	0.5038	0.3865
131.5142	160.40314	533.41852	653.46295	1.9002	0.5714	0.4664
131.6666	159.40175	470.44260	531.99475	1.9121	0.6479	0.5729
131.8190	161.63036	416.22711	492.08350	1.8858	0.7323	0.6194
131.9714	164.88911	382.52213	434.43805	1.8485	0.7968	0.7016
132.1238	166.86096	395.53476	576.99957	1.8267	0.7706	0.5282
132.2762	167.69391	475.92487	695.32947	1.8176	0.6404	0.4384
132.4286	168.37177	601.08197	675.83185	1.8103	0.5071	0.4510
132.5810	169.92801	681.30817	661.09314	1.7937	0.4474	0.4611
132.7334	172.06313	700.71082	631.17871	1.7714	0.4350	0.4829
132.8858	173.06670	703.42529	780.08124	1.7612	0.4333	0.3907
133.0382	173.09912	701.78040	781.72003	1.7608	0.4343	0.3899
133.1906	172.70827	697.72595	732.87305	1.7648	0.4368	0.4159
133.3430	171.58957	688.15356	731.76556	1.7763	0.4429	0.4165
133.4954	170.82562	666.18011	528.18182	1.7843	0.4575	0.5771
133.6478	171.27106	636.82410	554.53418	1.7796	0.4786	0.5497
133.8002	172.62422	622.16693	587.51801	1.7657	0.4899	0.5188
133.9526	173.96957	643.85907	622.05103	1.7520	0.4734	0.4900
134.1050	173.10529	674.98260	621.95679	1.7608	0.4516	0.4901
134.2574	172.00000	688.01648	602.46606	1.7721	0.4430	0.5059
134.4098	172.03706	688.71918	604.18518	1.7717	0.4426	0.5045
134.5622	172.27306	679.41553	593.27332	1.7693	0.4486	0.5138
134.7146	172.55013	688.46002	597.83423	1.7664	0.4427	0.5098
134.8670	172.27084	722.85657	622.84851	1.7693	0.4217	0.4894
135.0194	170.84711	743.15216	628.32208	1.7841	0.4101	0.4851
135.1718	167.81494	723.09644	602.47449	1.8163	0.4215	0.5059
135.3242	163.51830	659.96545	576.29865	1.8640	0.4618	0.5289
135.4766	160.20781	589.07306	532.79803	1.9025	0.5174	0.5721
135.6290	159.81335	546.75586	492.37524	1.9072	0.5575	0.6190
135.7814	160.44691	522.34619	483.23846	1.8997	0.5835	0.6307
135.9338	162.52682	521.27222	490.31458	1.8754	0.5847	0.6216
136.0862	168.10709	543.22266	534.01385	1.8131	0.5611	0.5708
136.2386	172.22020	576.22876	575.20178	1.7698	0.5290	0.5299
136.3910	172.54958	623.75739	601.86816	1.7664	0.4887	0.5064
136.5434	173.15337	680.94733	627.14636	1.7603	0.4476	0.4860
136.6958	174.53810	742.84369	591.47333	1.7463	0.4103	0.5153
136.8482	175.17790	785.55853	739.60150	1.7399	0.3880	0.4121
137.0006	172.92484	781.16138	798.20709	1.7626	0.3902	0.3819
137.1530	170.13133	735.75153	775.74060	1.7916	0.4143	0.3929
137.3054	169.39246	688.77582	727.42834	1.7994	0.4425	0.4190
137.4578	167.27473	657.86755	652.83698	1.8222	0.4633	0.4669
137.6102	163.88077	626.30200	601.39532	1.8599	0.4867	0.5068
137.7626	162.96074	601.03424	578.00751	1.8704	0.5071	0.5273
137.9150	165.85745	629.71387	592.61383	1.8377	0.4840	0.5143
138.0674	167.58244	685.30243	659.44476	1.8188	0.4448	0.4622
138.2198	164.84778	706.79877	610.43915	1.8490	0.4312	0.4993
138.3722	159.32991	701.50708	541.25281	1.9130	0.4345	0.5631
138.5246	151.99728	606.29749	388.94943	2.0053	0.5027	0.7836
138.6770	147.07224	476.66949	339.39200	2.0725	0.6394	0.8981
138.8294	147.06604	419.14191	326.36365	2.0725	0.7272	0.9339
138.9818	149.45117	413.42035	322.19141	2.0395	0.7373	0.9460
139.1342	151.87054	424.36566	342.30841	2.0070	0.7182	0.8904
139.2866	154.63052	445.67838	366.85822	1.9712	0.6839	0.8308
139.4390	158.06522	477.44583	396.71423	1.9283	0.6384	0.7683
139.5914	160.61174	507.42810	477.29025	1.8977	0.6007	0.6386
139.7438	161.29434	535.56055	525.90778	1.8897	0.5691	0.5796
139.8962	161.21179	565.02991	545.60101	1.8907	0.5394	0.5586
140.0486	161.70140	581.84436	560.85303	1.8850	0.5239	0.5435
140.2010	162.28989	587.04645	539.11261	1.8781	0.5192	0.5654
140.3534	162.62321	599.13495	562.07513	1.8743	0.5087	0.5423
140.5058	162.96945	605.14398	610.79395	1.8703	0.5037	0.4990
140.6582	163.58830	597.17023	491.81818	1.8632	0.5104	0.6197
140.8106	164.15880	590.27954	497.66083	1.8567	0.5164	0.6125
140.9630	164.50200	585.60876	523.22589	1.8529	0.5205	0.5825
141.1154	164.90630	584.18475	552.09216	1.8483	0.5218	0.5521
141.2678	165.45200	590.46716	560.00000	1.8422	0.5162	0.5443
141.4202	165.87772	598.79315	538.73450	1.8375	0.5090	0.5658
141.5726	166.09192	603.11835	505.85703	1.8351	0.5054	0.6025
141.7250	166.19992	604.32440	533.03058	1.8339	0.5044	0.5718
141.8774	165.92622	605.13159	608.23785	1.8370	0.5037	0.5011
142.0298	165.15131	607.44434	632.26471	1.8456	0.5018	0.4821
142.1822	164.24744	610.14520	632.92102	1.8557	0.4996	0.4816
142.3346	163.29910	608.35693	657.21259	1.8665	0.5010	0.4638
142.4870	162.01364	602.88135	666.36365	1.8813	0.5056	0.4574
142.6394	161.03946	596.17206	608.77155	1.8927	0.5113	0.5007
142.7918	160.44040	588.70465	567.20862	1.8998	0.5177	0.5374
142.9442	159.78380	574.46198	513.54132	1.9076	0.5306	0.5935
143.0966	159.17979	559.31378	496.35941	1.9148	0.5450	0.6141
143.2490	158.71037	542.29871	486.41672	1.9205	0.5621	0.6266
143.4014	158.34647	522.96460	485.01514	1.9249	0.5828	0.6284
143.5538	157.52386	512.79401	501.02356	1.9349	0.5944	0.6084
143.7062	155.71581	503.56897	516.05927	1.9574	0.6053	0.5906
143.8586	154.03497	486.32858	508.59567	1.9788	0.6267	0.5993
144.0110	153.76070	478.83313	491.24051	1.9823	0.6365	0.6205
144.1634	152.41415	479.87839	502.12357	1.9998	0.6352	0.6070
144.3158	149.61880	452.68979	456.36365	2.0372	0.6733	0.6679
144.4682	148.82455	377.82315	380.48904	2.0480	0.8067	0.8011
144.6206	152.22276	318.17426	334.67258	2.0023	0.9580	0.9107
144.7730	158.01595	323.75433	340.43225	1.9289	0.9415	0.8953
144.9254	161.42731	356.89655	336.85858	1.8882	0.8540	0.9048
145.0778	162.24501	370.58405	376.04291	1.8786	0.8225	0.8105
145.2302	163.81081	393.58823	453.44272	1.8607	0.7744	0.6722
145.3826	167.12495	470.17676	483.38846	1.8238	0.6483	0.6305
145.5350	170.07758	556.16852	527.47919	1.7921	0.5480	0.5778
145.6874	171.16017	614.31012	575.35291	1.7808	0.4962	0.5298
145.8398	171.07196	657.60913	586.43298	1.7817	0.4635	0.5198
145.9922	171.32149	682.95862	519.98102	1.7791	0.4463	0.5862
146.1446	172.56418	699.92114	509.63223	1.7663	0.4355	0.5981
146.2970	173.65894	730.40894	556.74554	1.7552	0.4173	0.5475
146.4494	172.96043	788.10394	671.77258	1.7623	0.3868	0.4537
146.6018	170.28905	815.00049	668.89465	1.7899	0.3740	0.4557
146.7542	168.74945	796.00983	651.48352	1.8062	0.3829	0.4679
146.9066	168.69211	776.35919	627.22125	1.8068	0.3926	0.4860
147.0590	166.40758	700.60614	523.25763	1.8316	0.4351	0.5825
147.2114	158.79105	556.48560	440.38522	1.9195	0.5477	0.6921
147.3638	152.74390	480.10956	438.05798	1.9955	0.6349	0.6958
147.5162	151.21201	477.92841	426.02176	2.0157	0.6378	0.7155
147.6686	150.86575	476.73792	423.65146	2.0203	0.6393	0.7195
147.8210	150.79887	472.07977	422.54071	2.0212	0.6457	0.7214
147.9734	150.52760	473.65826	425.42337	2.0249	0.6435	0.7165
148.1258	149.11037	478.86655	429.65527	2.0441	0.6365	0.7094
148.2782	147.40720	463.04758	417.40286	2.0677	0.6582	0.7302
148.4306	148.84483	438.99268	403.28024	2.0478	0.6943	0.7558
148.5830	150.70480	435.82001	407.86322	2.0225	0.6994	0.7473
148.7354	151.06618	437.32404	425.45880	2.0177	0.6970	0.7164
148.8878	152.00031	438.71402	443.96994	2.0053	0.6948	0.6865
149.0402	152.27921	453.99582	453.45508	2.0016	0.6714	0.6722
149.1926	150.73405	449.38095	481.78226	2.0221	0.6783	0.6327
149.3450	150.39600	432.49860	375.69189	2.0266	0.7047	0.8113
149.4974	151.98988	446.62000	381.54639	2.0054	0.6825	0.7989
149.6498	154.16902	479.79910	451.53610	1.9771	0.6353	0.6750
149.8022	156.23009	508.17542	523.53925	1.9510	0.5998	0.5822
149.9546	157.36176	529.37598	591.31232	1.9369	0.5758	0.5155
150.1070	157.91026	548.41302	592.09216	1.9302	0.5558	0.5148
150.2594	155.85938	555.43170	574.45697	1.9556	0.5488	0.5306
150.4118	149.90529	541.92194	542.61700	2.0333	0.5624	0.5617
150.5642	144.83203	522.51971	519.91760	2.1045	0.5833	0.5862
150.7166	143.13950	506.46573	495.09045	2.1294	0.6018	0.6156
150.8690	142.98663	491.52417	465.39838	2.1317	0.6201	0.6549
151.0214	142.56892	418.56354	425.87595	2.1379	0.7282	0.7157
151.1738	136.47853	342.89496	361.93399	2.2333	0.8889	0.8421
151.3262	129.95995	294.93420	300.06104	2.3453	1.0335	1.0158
151.4786	127.53025	266.58878	276.36365	2.3900	1.1433	1.1029
151.6310	127.20250	266.85416	275.51550	2.3962	1.1422	1.1063
151.7834	128.67494	260.57394	258.93951	2.3688	1.1697	1.1771
151.9358	143.54453	225.59869	241.87621	2.1234	1.3511	1.2601
152.0882	162.63356	203.81358	258.05310	1.8742	1.4955	1.1812
152.2406	171.22568	314.08450	609.50342	1.7801	0.9704	0.5001
152.3930	173.37926	542.82574	786.36365	1.7580	0.5615	0.3876
152.5454	173.41736	712.10529	780.17010	1.7576	0.4280	0.3907
152.6978	173.52574	749.19330	758.79553	1.7565	0.4068	0.4017
152.8502	173.93829	730.31708	726.60468	1.7523	0.4174	0.4195
153.0026	173.59111	698.62091	707.48785	1.7559	0.4363	0.4308
153.1550	172.13545	649.59167	689.19855	1.7707	0.4692	0.4423
153.3074	169.85066	574.76654	603.17798	1.7945	0.5303	0.5053
153.4598	168.48674	505.86038	515.60797	1.8090	0.6025	0.5911
153.6122	168.15297	486.75449	480.03003	1.8126	0.6262	0.6350
153.7646	168.19093	500.50192	444.45206	1.8122	0.6090	0.6858
153.9170	168.70503	528.77667	456.87900	1.8067	0.5764	0.6671
154.0694	169.61603	569.99390	508.71640	1.7970	0.5347	0.5992
154.2218	170.25374	602.34100	555.48029	1.7903	0.5060	0.5487
154.3742	170.22931	608.40363	561.87146	1.7905	0.5010	0.5425
154.5266	169.81232	601.81403	553.62256	1.7949	0.5065	0.5506
154.6790	169.34894	597.97083	553.62439	1.7998	0.5097	0.5506
154.8314	169.03549	596.51019	625.19214	1.8032	0.5110	0.4875
154.9838	169.09378	602.25610	696.39307	1.8026	0.5061	0.4377
155.1362	169.82111	622.46625	715.26581	1.7948	0.4897	0.4261
155.2886	170.60898	646.85413	770.95490	1.7865	0.4712	0.3954
155.4410	170.63197	663.76947	852.26062	1.7863	0.4592	0.3576
155.5934	169.77478	677.77228	898.88788	1.7953	0.4497	0.3391
155.7458	169.06371	677.59613	916.12952	1.8029	0.4498	0.3327
155.8982	169.11655	672.85553	812.76288	1.8023	0.4530	0.3750
156.0506	169.27109	666.71698	708.56061	1.8007	0.4572	0.4302
156.2030	169.18738	642.55914	664.90143	1.8016	0.4744	0.4584
156.3554	168.94583	620.80035	638.39551	1.8041	0.4910	0.4774
156.5078	169.26439	609.04779	622.02454	1.8007	0.5005	0.4900
156.6602	170.09761	601.73517	598.92676	1.7919	0.5065	0.5089
156.8126	171.13506	604.35559	579.93665	1.7810	0.5043	0.5256
156.9650	172.31125	623.11108	600.97821	1.7689	0.4892	0.5072
157.1174	173.16223	655.65912	654.53314	1.7602	0.4649	0.4657
157.2698	173.35730	683.89398	723.06519	1.7582	0.4457	0.4215
157.4222	172.64351	695.08765	802.27393	1.7655	0.4385	0.3799
157.5746	171.30206	696.60364	856.93555	1.7793	0.4376	0.3557
157.7270	170.11028	694.72668	846.70764	1.7918	0.4387	0.3600
157.8794	167.03691	674.91412	781.75714	1.8247	0.4516	0.3899
158.0318	157.57703	618.47900	522.96808	1.9343	0.4928	0.5828
158.1842	145.84734	503.76190	264.54544	2.0899	0.6050	1.1522
158.3366	139.51463	391.54364	275.86133	2.1847	0.7785	1.1049
158.4890	138.26257	337.74420	281.34909	2.2045	0.9025	1.0834
158.6414	138.17632	318.42905	303.18762	2.2059	0.9572	1.0053
158.7938	136.25375	298.41165	340.94583	2.2370	1.0214	0.8940
158.9462	134.73154	277.83945	322.54099	2.2623	1.0970	0.9450
159.0986	137.32486	253.65143	287.87039	2.2196	1.2016	1.0588
159.2510	150.51724	213.01672	238.92375	2.0250	1.4309	1.2757
159.4034	164.27138	190.14279	250.90796	1.8555	1.6030	1.2148
159.5558	169.11832	256.11792	293.51926	1.8023	1.1901	1.0384
159.7082	170.55681	390.33578	336.12961	1.7871	0.7809	0.9068
159.8606	170.98367	510.17548	378.73404	1.7826	0.5974	0.8048
160.0130	170.86336	589.84045	443.12518	1.7839	0.5167	0.6878
160.1654	170.89581	631.05750	503.06934	1.7835	0.4830	0.6059
160.3178	171.20288	653.23151	530.87372	1.7803	0.4666	0.5741
160.4702	171.59869	683.71155	557.39545	1.7762	0.4458	0.5468
160.6226	171.94652	710.97003	615.41309	1.7726	0.4287	0.4953
160.7750	172.46228	729.67853	706.83954	1.7673	0.4177	0.4312
160.9274	173.04741	735.82520	731.39606	1.7614	0.4142	0.4167
161.0798	170.04189	710.44763	796.44061	1.7925	0.4290	0.3827
161.2322	157.52661	604.94769	697.30200	1.9349	0.5038	0.4371
161.3846	142.67892	451.64114	598.17242	2.1363	0.6749	0.5096
161.5370	133.15027	351.04395	494.54440	2.2891	0.8683	0.6163
161.6894	127.35153	313.34039	298.18182	2.3934	0.9727	1.0222
161.8418	123.87309	293.04837	314.54544	2.4606	1.0401	0.9690
161.9942	122.32738	278.63763	271.81818	2.4917	1.0939	1.1213
162.1466	121.60011	268.54697	265.45456	2.5066	1.1350	1.1482
162.2990	120.57291	248.64017	258.18182	2.5279	1.2259	1.1806
162.4514	118.20045	215.36899	235.45454	2.5787	1.4152	1.2945
162.6038	118.12691	165.19022	230.00000	2.5803	1.8451	1.3252
162.7562	142.76674	270.14822	413.18182	2.1350	1.1283	0.7377
162.9086	165.69907	525.14441	596.36365	1.8395	0.5804	0.5111
163.0610	169.62704	602.96533	730.00000	1.7969	0.5055	0.4175
163.2134	170.16368	568.18182	553.63635	1.7912	0.5364	0.5505
163.3658	170.39990	555.18512	538.18182	1.7887	0.5490	0.5664
163.5182	170.72728	534.54803	526.36365	1.7853	0.5702	0.5791
163.6706	171.02719	518.36566	550.00000	1.7822	0.5880	0.5542
163.8230	171.47267	509.81870	585.45453	1.7775	0.5979	0.5206
163.9754	172.03625	511.18106	595.45453	1.7717	0.5963	0.5119
164.1278	172.66356	525.13342	624.54547	1.7653	0.5804	0.4880
164.2802	173.30899	557.03973	633.63635	1.7587	0.5472	0.4810
164.4326	173.63637	598.94855	663.63635	1.7554	0.5089	0.4593
164.5850	173.63637	636.67712	680.00000	1.7554	0.4787	0.4482
164.7374	174.23622	653.81769	658.18182	1.7493	0.4662	0.4631
164.8898	174.12743	652.45532	636.36365	1.7504	0.4672	0.4790
165.0422	174.03625	677.49298	623.63635	1.7514	0.4499	0.4887
165.1946	173.76378	667.00842	613.63635	1.7541	0.4570	0.4967
165.3470	171.97305	623.50421	608.18182	1.7724	0.4888	0.5012
165.4994	171.00906	600.00256	600.00000	1.7824	0.5080	0.5080
165.6518	171.59079	584.32007	586.36365	1.7763	0.5216	0.5198
165.8042	172.39990	576.68219	580.00000	1.7680	0.5285	0.5255
165.9566	174.52681	576.95416	570.00000	1.7464	0.5283	0.5347
166.1090	175.10022	592.17822	580.00000	1.7407	0.5147	0.5255
166.2614	173.46387	636.62793	603.63635	1.7571	0.4788	0.5049
166.4138	171.62756	653.13904	591.81818	1.7759	0.4667	0.5150
166.5662	171.02719	622.55109	576.36365	1.7822	0.4896	0.5288
166.7186	171.87257	567.05505	563.18188	1.7734	0.5375	0.5412
166.8710	173.26341	507.37103	486.36365	1.7592	0.6007	0.6267
167.0234	174.69981	480.63712	440.00000	1.7447	0.6342	0.6927
167.1758	176.07253	495.67737	456.36365	1.7311	0.6149	0.6679
167.3282	176.72728	534.99359	465.45456	1.7247	0.5697	0.6548
167.4806	176.72728	572.45020	501.81818	1.7247	0.5324	0.6074
167.6330	176.52733	591.86224	538.18182	1.7266	0.5150	0.5664
167.7854	176.36363	600.36261	533.63635	1.7282	0.5077	0.5712
167.9378	176.56358	645.62561	565.45453	1.7263	0.4721	0.5390
168.0902	176.32738	697.49554	626.36365	1.7286	0.4370	0.4866
168.2426	172.90079	711.81818	661.81818	1.7629	0.4282	0.4605
168.3950	170.16368	713.31781	675.45453	1.7912	0.4273	0.4513
168.5474	169.40015	716.54498	676.36365	1.7993	0.4254	0.4506
168.6998	168.60916	715.68243	684.54547	1.8077	0.4259	0.4453
168.8522	166.86401	720.63458	691.81818	1.8266	0.4230	0.4406
169.0046	165.43642	644.88446	730.00000	1.8424	0.4726	0.4175
169.1570	164.17300	571.18359	718.18182	1.8566	0.5336	0.4244
169.3094	164.57239	510.46860	706.36365	1.8521	0.5971	0.4315
169.4618	163.43694	464.95468	778.18182	1.8649	0.6555	0.3917
169.6142	163.83580	462.04608	771.81818	1.8604	0.6597	0.3949
169.7666	166.73608	518.48505	813.63635	1.8280	0.5879	0.3746
169.9190	169.13599	593.02350	840.00000	1.8021	0.5140	0.3629
170.0714	170.36363	641.50836	743.63635	1.7891	0.4751	0.4099
170.2238	169.56384	689.99316	708.18182	1.7976	0.4417	0.4304
170.3762	168.00932	703.32037	665.45453	1.8142	0.4334	0.4580
170.5286	166.37296	665.37158	630.00000	1.8320	0.4581	0.4838
170.6810	165.43642	615.50623	528.18182	1.8424	0.4952	0.5771
170.8334	165.47267	570.46094	498.18182	1.8420	0.5343	0.6118
170.9858	166.03625	525.50629	460.00000	1.8357	0.5800	0.6626
171.1382	166.86351	499.45609	443.63635	1.8266	0.6103	0.6870
171.2906	167.67262	534.03534	455.45456	1.8178	0.5707	0.6692
171.4430	167.60010	593.85663	504.54544	1.8186	0.5133	0.6041
171.5954	166.57291	634.85889	593.63635	1.8298	0.4801	0.5134
171.7478	165.30019	650.00000	585.45453	1.8439	0.4689	0.5206
171.9002	164.12743	650.00000	695.45453	1.8571	0.4689	0.4383
172.0526	161.83682	630.50500	658.18182	1.8834	0.4834	0.4631
172.2050	159.46387	653.03564	668.18182	1.9114	0.4667	0.4562
172.3574	162.22638	645.55542	796.36365	1.8789	0.4722	0.3827
172.5098	168.49004	542.65454	759.39392	1.8090	0.5617	0.4014
172.6622	172.57239	398.56747	722.42426	1.7662	0.7647	0.4219
172.8146	174.23622	286.19257	685.45453	1.7493	1.0650	0.4447
172.9670	175.62704	245.31984	667.57574	1.7355	1.2425	0.4566
173.1194	176.56358	269.99231	649.69696	1.7263	1.1289	0.4691
173.2718	176.12743	349.03149	631.81818	1.7306	0.8733	0.4824
173.4242	175.63637	457.61996	673.63635	1.7354	0.6661	0.4525
173.5766	176.03625	541.99182	701.81818	1.7315	0.5624	0.4343
173.7290	176.56358	613.17029	640.00000	1.7263	0.4971	0.4763
173.8814	177.02719	676.49323	706.36365	1.7218	0.4506	0.4315
174.0338	177.07277	693.68298	661.81818	1.7213	0.4394	0.4605
174.1862	176.20927	688.00049	731.81818	1.7298	0.4430	0.4165
174.3386	175.63637	688.36316	731.81818	1.7354	0.4428	0.4165
174.4910	175.43642	690.00000	668.18182	1.7374	0.4417	0.4562
174.6434	174.97281	713.99384	630.00000	1.7420	0.4269	0.4838
174.7958	174.32738	781.12421	748.18182	1.7484	0.3902	0.4074
174.9482	173.50012	848.49268	823.63635	1.7568	0.3592	0.3701
175.1006	172.89096	870.81842	805.45453	1.7630	0.3500	0.3784
175.2530	170.62781	871.99945	696.96967	1.7863	0.3495	0.4373
175.4054	160.21132	803.15442	588.48486	1.9025	0.3795	0.5179
175.5578	148.09219	714.96234	480.00000	2.0582	0.4263	0.6350
175.7102	130.10356	563.53241	388.18182	2.3427	0.5409	0.7852
175.8626	116.72778	407.51346	341.81818	2.6112	0.7480	0.8917
176.0150	113.59129	342.55109	300.00000	2.6833	0.8898	1.0160
176.1674	110.66408	294.55313	270.00000	2.7543	1.0348	1.1289
176.3198	109.07278	241.50731	236.36363	2.7945	1.2621	1.2895
176.4722	107.90935	203.68553	213.63637	2.8246	1.4964	1.4267
176.6246	110.19012	179.82126	196.36363	2.7661	1.6950	1.5522
176.7770	114.12691	177.99796	173.63637	2.6707	1.7124	1.7554
176.9294	148.26425	172.04866	170.00000	2.0558	1.7716	1.7929
177.0818	175.67262	156.31960	155.45454	1.7350	1.9499	1.9607
177.2342	171.40118	151.81818	235.22728	1.7783	2.0077	1.2958
177.3866	169.43590	227.79868	286.81818	1.7989	1.3380	1.0627
177.5390	171.50894	388.97458	338.40909	1.7772	0.7836	0.9007
177.6914	172.19995	489.99487	390.00000	1.7700	0.6220	0.7815
177.8438	172.36363	533.35669	463.63635	1.7684	0.5715	0.6574
177.9962	172.56358	601.94263	543.63635	1.7663	0.5064	0.5607
178.1486	172.72728	650.99719	568.63635	1.7646	0.4682	0.5360
178.3010	172.52733	661.99945	593.63635	1.7667	0.4604	0.5134
178.4534	172.36363	653.13904	628.18182	1.7684	0.4667	0.4852
178.6058	172.36363	645.54523	671.81818	1.7684	0.4722	0.4537
178.7582	172.36363	706.34821	746.36365	1.7684	0.4315	0.4084
178.9106	171.66382	748.95618	741.81818	1.7756	0.4070	0.4109
179.0630	166.99196	735.13855	758.18182	1.8252	0.4146	0.4020
179.2154	159.23750	703.68811	785.45453	1.9141	0.4331	0.3881
179.3678	153.83682	668.14032	685.45453	1.9813	0.4562	0.4447
179.5202	147.26495	600.46869	520.00000	2.0697	0.5076	0.5862
179.6726	137.89224	479.97394	385.45456	2.2104	0.6350	0.7908
179.8250	132.13675	376.19263	386.36365	2.3067	0.8102	0.7889
179.9774	129.70940	331.82074	341.81818	2.3499	0.9186	0.8917
180.1298	128.32738	310.63971	331.81818	2.3752	0.9812	0.9186
180.2822	127.80005	282.50452	311.81818	2.3850	1.0789	0.9775
180.4346	127.23647	267.51532	303.63635	2.3955	1.1394	1.0038
180.5870	125.50945	266.30319	310.00000	2.4285	1.1446	0.9832
180.7394	123.26392	265.09106	300.00000	2.4727	1.1498	1.0160
180.8918	126.56256	260.04660	264.54544	2.4083	1.1721	1.1522
181.0442	132.89925	249.36545	233.63637	2.2935	1.2223	1.3046
181.1966	137.17224	247.13547	224.54546	2.2220	1.2333	1.3574
181.3490	139.42709	258.49783	246.36363	2.1861	1.1791	1.2372
181.5014	140.19995	287.44891	234.54546	2.1740	1.0604	1.2995
181.6538	141.26340	350.94284	356.36365	2.1577	0.8685	0.8553
181.8062	139.30069	392.43073	379.09091	2.1881	0.7767	0.8040
181.9586	133.19191	400.15799	401.81818	2.2884	0.7617	0.7586
182.1110	128.70033	388.64023	324.54544	2.3683	0.7843	0.9392
182.2634	129.13597	342.87228	260.00000	2.3603	0.8890	1.1723
182.4158	131.96323	281.46332	223.63637	2.3097	1.0829	1.3629
182.5682	133.47267	254.13623	261.81818	2.2836	1.1994	1.1642
182.7206	132.73660	237.54984	291.81818	2.2963	1.2831	1.0445
182.8730	129.80057	242.63147	268.18182	2.3482	1.2562	1.1365
183.0254	127.60011	256.18234	280.00000	2.3887	1.1898	1.0886
183.1778	127.67262	250.04662	303.63635	2.3874	1.2190	1.0038
183.3302	128.00000	243.86427	341.81818	2.3813	1.2499	0.8917
183.4826	128.39990	248.31651	-999.25000	2.3738	1.2275	-999.2500
183.6350	129.82700	247.13803	-999.25000	2.3477	1.2333	-999.2500
183.7874	131.62704	239.81870	-999.25000	2.3156	1.2710	-999.2500
183.9398	131.96375	218.18697	-999.25000	2.3097	1.3970	-999.2500
184.0922	129.03703	285.79654	-999.25000	2.3621	1.0665	-999.2500
184.2446	125.50945	326.55264	-999.25000	2.4285	0.9334	-999.2500
184.3970	125.26340	285.14111	-999.25000	2.4333	1.0689	-999.2500
184.5494	127.59959	275.49860	-999.25000	2.3887	1.1064	-999.2500
184.7018	133.20799	296.82898	-999.25000	2.2882	1.0269	-999.2500
184.8542	138.72676	327.43506	-999.25000	2.1971	0.9309	-999.2500
185.0066	142.16318	358.04111	-999.25000	2.1440	0.8513	-999.2500
185.1590	146.63559	280.84164	-999.25000	2.0786	1.0853	-999.2500
185.3114	151.99016	176.37137	-999.25000	2.0054	1.7282	-999.2500
185.4638	155.86325	159.81612	-999.25000	1.9556	1.9072	-999.2500
185.6162	161.78970	236.84544	-999.25000	1.8839	1.2869	-999.2500
185.7686	167.83580	387.52145	-999.25000	1.8161	0.7865	-999.2500
185.9210	170.03625	489.12979	-999.25000	1.7926	0.6231	-999.2500
186.0734	170.36363	515.49860	-999.25000	1.7891	0.5913	-999.2500
186.2258	171.96321	528.49780	666.36365	1.7725	0.5767	0.4574
186.3782	172.97281	547.95129	605.45453	1.7621	0.5563	0.5034
186.5306	172.72728	562.18079	533.63635	1.7646	0.5422	0.5712
186.6830	172.32738	584.44965	554.54547	1.7687	0.5215	0.5496
186.8354	172.19995	621.99432	600.00000	1.7700	0.4900	0.5080
186.9878	171.56384	630.00256	660.00000	1.7766	0.4838	0.4618
187.1402	170.60916	612.32062	624.54547	1.7865	0.4978	0.4880
187.2926	170.16368	607.54468	632.27271	1.7912	0.5017	0.4821
187.4450	169.30019	611.99945	640.00000	1.8004	0.4980	0.4763
187.5974	168.72728	616.13574	652.27271	1.8065	0.4947	0.4673
187.7498	168.72728	608.18439	664.54547	1.8065	0.5012	0.4587
187.9022	169.02719	601.99945	591.81818	1.8033	0.5063	0.5150
188.0546	169.47267	608.13519	566.36365	1.7985	0.5012	0.5382
188.2070	169.83632	628.31390	560.00000	1.7947	0.4851	0.5443
188.3594	169.50014	642.81793	565.45453	1.7982	0.4742	0.5390
188.5118	168.49106	619.64258	660.00000	1.8090	0.4919	0.4618
188.6642	167.80005	572.50708	531.81818	1.8164	0.5324	0.5731
188.8166	167.63637	575.74347	664.54547	1.8182	0.5294	0.4587
188.9690	167.13651	622.56165	524.54547	1.8237	0.4896	0.5811
189.1214	167.42709	648.13525	597.27271	1.8205	0.4703	0.5103
189.2738	168.19995	652.81793	670.00000	1.8121	0.4669	0.4549
189.4262	167.96375	657.13544	630.00000	1.8147	0.4638	0.4838
189.5786	167.23647	687.49292	598.18182	1.8226	0.4434	0.5095
189.7310	166.60916	720.99713	631.81818	1.8294	0.4227	0.4824
189.8834	166.16368	714.50403	561.81818	1.8343	0.4266	0.5425
190.0358	166.00000	695.31989	634.54547	1.8361	0.4384	0.4803
190.1882	166.00000	681.50220	575.45453	1.8361	0.4472	0.5297
190.3406	166.00000	664.04816	600.00000	1.8361	0.4590	0.5080
190.4930	166.00000	655.45453	565.45453	1.8361	0.4650	0.5390
190.6454	166.00000	655.45453	565.45453	1.8361	0.4650	0.5390
190.7978	166.00000	655.45453	565.45453	1.8361	0.4650	0.5390
190.9502	166.00000	655.45453	565.45453	1.8361	0.4650	0.5390
191.1026	166.00000	655.45453	565.45453	1.8361	0.4650	0.5390
191.2550	166.00000	655.45453	565.45453	1.8361	0.4650	0.5390
191.4074	166.00000	655.45453	565.45453	1.8361	0.4650	0.5390
