HOLE:	U1353C
EXPEDITION:	317
TOP:	133.1188
BOTTOM:	178.9912
DEPTH_WMSF	HSGR	HCGR	HFK	HTHO	HURA	HBHK
m	gAPI	gAPI	%	ppm	ppm	%
133.1188	61.1709	79.2900	1.8972	14.3092	-2.1818	-999.2500
133.2712	61.1709	79.2900	1.8972	14.3092	-2.1818	-999.2500
133.4236	61.1709	77.1771	1.8813	13.7247	-1.8662	-999.2500
133.5760	61.1709	73.0926	1.8136	12.8118	-1.3967	-999.2500
133.7284	61.1709	70.1534	1.7771	12.0831	-1.0210	-999.2500
133.8808	61.8152	67.5016	1.7683	11.2845	-0.6532	-999.2500
134.0332	66.6691	70.2512	1.8495	11.6906	-0.3636	-999.2500
134.1856	70.4821	73.4409	1.9398	12.1843	-0.3008	-999.2500
134.3380	69.6179	70.2278	1.8761	11.5272	-0.0336	-999.2500
134.4904	65.8662	63.4219	1.6854	10.4618	0.4629	-999.2500
134.6428	63.9039	59.3569	1.5822	9.7633	0.7475	-999.2500
134.7952	64.8154	57.8319	1.5987	9.1779	1.0751	-999.2500
134.9476	64.7804	56.5136	1.5832	8.8462	1.2257	-999.2500
135.1000	65.2750	55.2758	1.5926	8.3943	1.4597	-999.2500
135.2524	69.5353	58.9387	1.6822	9.0435	1.5339	-999.2500
135.4048	69.1235	58.9022	1.6782	9.0555	1.5262	-999.2500
135.5572	66.0588	58.0659	1.5995	9.2483	1.2227	-999.2500
135.7096	62.8799	54.9907	1.5142	8.7614	1.1266	-999.2500
135.8620	64.9923	55.8421	1.5623	8.7530	1.3070	-999.2500
136.0144	64.5995	55.1776	1.5796	8.4387	1.3891	-999.2500
136.1668	64.2333	54.1243	1.6503	7.6878	1.3190	-999.2500
136.3192	62.4983	51.5894	1.6214	7.0441	1.4559	-999.2500
136.4716	63.1598	51.8477	1.5895	7.3134	1.5116	-999.2500
136.6240	59.9890	49.4562	1.4485	7.3726	1.4293	-999.2500
136.7764	61.3120	50.5584	1.4188	7.8996	1.4192	-999.2500
136.9288	62.0097	51.0349	1.4699	7.7537	1.4253	-999.2500
137.0812	64.4329	53.2459	1.5323	8.0972	1.3886	-999.2500
137.2336	61.2916	49.3784	1.4416	7.3884	1.5522	-999.2500
137.3860	63.3530	50.4974	1.5069	7.3649	1.7069	-999.2500
137.5384	63.7309	49.5209	1.5512	6.7928	1.9062	-999.2500
137.6908	62.6965	47.4423	1.4728	6.5851	2.0214	-999.2500
137.8432	61.3142	47.3460	1.4253	6.8322	1.9549	-999.2500
137.9956	62.1275	48.0668	1.3992	7.2159	1.8873	-999.2500
138.1480	65.0143	50.5692	1.4537	7.6990	1.9102	-999.2500
138.3004	65.3230	49.6073	1.4882	7.1882	1.9974	-999.2500
138.4528	64.2049	50.5149	1.5190	7.2995	1.7462	-999.2500
138.6052	65.7307	52.2478	1.5787	7.5049	1.8198	-999.2500
138.7576	66.0104	52.7175	1.5750	7.6774	1.8623	-999.2500
138.9100	69.1058	55.6473	1.6543	8.1522	1.9102	-999.2500
139.0624	68.1114	56.0135	1.6174	8.4856	1.8046	-999.2500
139.2148	68.1903	55.8156	1.5385	8.8845	1.8369	-999.2500
139.3672	64.8791	52.3076	1.4394	8.3400	1.7351	-999.2500
139.5196	62.2981	51.5891	1.3777	8.4715	1.5014	-999.2500
139.6720	54.4826	46.0595	1.2755	7.2970	1.1744	-999.2500
139.8244	49.9284	40.0798	1.1202	6.2900	1.3897	-999.2500
139.9768	46.9724	38.7100	1.0846	6.0593	1.1738	-999.2500
140.1292	50.9917	41.9949	1.1628	6.6541	1.3209	-999.2500
140.2816	52.6092	42.9201	1.1598	6.9685	1.4065	-999.2500
140.4340	52.2709	42.5697	1.1319	7.0195	1.3814	-999.2500
140.5864	53.9752	45.3149	1.1598	7.7357	1.2071	-999.2500
140.7388	54.7202	44.3178	1.1658	7.3808	1.4221	-999.2500
140.8912	57.7038	47.3264	1.2775	7.6912	1.3971	-999.2500
141.0436	57.2506	49.3294	1.3380	7.9786	1.1602	-999.2500
141.1960	56.8269	49.2668	1.3548	7.8604	1.1051	-999.2500
141.3484	56.7903	47.8688	1.3422	7.4855	1.2570	-999.2500
141.5008	56.7666	47.7761	1.3652	7.3213	1.2641	-999.2500
141.6532	57.3754	48.8783	1.3974	7.4858	1.1704	-999.2500
141.8056	57.8694	47.9851	1.3579	7.4313	1.3297	-999.2500
141.9580	57.9398	45.9562	1.3172	7.0191	1.5769	-999.2500
142.1104	57.6733	45.1170	1.3166	6.7537	1.5688	-999.2500
142.2628	57.9850	44.1447	1.3230	6.4046	1.6156	-999.2500
142.4152	58.3874	43.9091	1.3300	6.2878	1.6927	-999.2500
142.5676	58.3492	44.3779	1.3267	6.4577	1.5273	-999.2500
142.7200	57.0427	42.3619	1.2539	6.2378	1.5314	-999.2500
142.8724	56.4598	41.4587	1.2044	6.2382	1.5599	-999.2500
143.0248	56.1216	39.6771	1.1372	6.0608	1.6989	-999.2500
143.1772	56.8771	40.8620	1.1063	6.6217	1.6571	-999.2500
143.3296	57.5733	39.9986	1.0630	6.5983	1.7496	-999.2500
143.4820	57.3355	38.7663	1.0020	6.5600	1.8962	-999.2500
143.6344	54.5541	37.8516	0.9599	6.5137	1.7215	-999.2500
143.7868	51.7180	36.7371	0.9154	6.4165	1.5781	-999.2500
143.9392	51.1919	37.2236	0.9098	6.6053	1.5024	-999.2500
144.0916	53.2938	38.3877	0.9544	6.7173	1.6158	-999.2500
144.2440	55.1171	38.8893	1.0034	6.5908	1.8152	-999.2500
144.3964	54.8084	38.6873	1.0135	6.4670	1.9245	-999.2500
144.5488	53.4356	37.4298	0.9793	6.2638	1.9746	-999.2500
144.7012	50.8149	37.2669	0.9646	6.2980	1.6240	-999.2500
144.8536	50.1534	38.3844	1.0008	6.4443	1.4334	-999.2500
145.0060	49.9459	38.1137	1.0304	6.1839	1.4485	-999.2500
145.1584	51.6628	42.5663	1.1634	6.8328	1.2738	-999.2500
145.3108	52.9341	43.7815	1.2691	6.6031	1.2850	-999.2500
145.4632	56.3588	47.2768	1.4439	6.7003	1.1329	-999.2500
145.6156	59.1712	49.7512	1.5058	7.1312	1.0908	-999.2500
145.7680	64.0302	52.6385	1.6027	7.4897	1.4656	-999.2500
145.9204	67.4205	57.3677	1.7253	8.2881	1.3486	-999.2500
146.0728	67.1601	56.8317	1.6980	8.2760	1.3443	-999.2500
146.2252	65.5622	56.3727	1.7098	8.0600	1.2376	-999.2500
146.3776	64.3597	53.0925	1.6359	7.4407	1.5393	-999.2500
146.5300	66.4606	53.9227	1.6389	7.6894	1.6419	-999.2500
146.6824	69.5085	55.6042	1.6785	7.9968	1.7355	-999.2500
146.8348	71.3480	56.2708	1.6714	8.2517	1.7923	-999.2500
146.9872	73.3742	57.4888	1.6501	8.7670	1.9473	-999.2500
147.1396	73.6716	55.8345	1.6084	8.4808	2.3159	-999.2500
147.2920	72.7246	54.4096	1.5993	8.0769	2.4461	-999.2500
147.4444	70.1495	51.4290	1.5135	7.6238	2.4727	-999.2500
147.5968	67.1656	49.1005	1.4541	7.2250	2.3159	-999.2500
147.7492	63.7980	46.2568	1.3519	6.9121	2.2177	-999.2500
147.9016	60.4627	43.2791	1.2542	6.5293	2.1489	-999.2500
148.0540	58.9514	42.9478	1.2679	6.3433	2.0510	-999.2500
148.2064	59.0444	43.5467	1.2815	6.4554	2.0631	-999.2500
148.3588	59.2977	43.6701	1.2733	6.5430	2.1756	-999.2500
148.5112	59.1598	43.9898	1.2494	6.7856	2.0968	-999.2500
148.6636	58.0762	44.4017	1.2716	6.7881	1.8927	-999.2500
148.8160	58.3864	44.4221	1.2540	6.8973	1.9037	-999.2500
148.9684	57.4138	44.4787	1.2686	6.8304	1.7085	-999.2500
149.1208	54.9664	42.7761	1.2033	6.6671	1.6240	-999.2500
149.2732	50.2864	37.3715	1.0642	5.7491	1.7463	-999.2500
149.4256	48.2083	36.6532	1.0284	5.7281	1.5086	-999.2500
149.5780	50.2350	37.4272	1.0384	5.9181	1.6862	-999.2500
149.7304	52.9017	38.1085	1.0478	6.0815	1.9879	-999.2500
149.8828	55.9412	41.2061	1.1516	6.4666	1.9123	-999.2500
150.0352	56.3182	44.9295	1.2587	7.0325	1.3987	-999.2500
150.1876	54.3327	43.2802	1.2598	6.4977	1.3958	-999.2500
150.3400	52.8018	42.2281	1.1661	6.7085	1.3172	-999.2500
150.4924	54.2950	44.0064	1.1732	7.2367	1.2740	-999.2500
150.6448	55.6363	46.5924	1.2391	7.6802	1.1465	-999.2500
150.7972	57.0347	50.3518	1.3476	8.2500	0.8479	-999.2500
150.9496	58.6648	53.5757	1.4153	8.8865	0.6560	-999.2500
151.1020	59.3730	54.8011	1.4326	9.1782	0.6204	-999.2500
151.2544	57.8135	53.8057	1.4204	8.9305	0.5101	-999.2500
151.4068	56.9811	53.9236	1.4345	8.8857	0.3707	-999.2500
151.5592	57.3207	52.8158	1.4113	8.6664	0.6024	-999.2500
151.7116	57.1401	51.4111	1.3458	8.5997	0.7859	-999.2500
151.8640	55.1694	48.8300	1.3080	7.9940	0.8819	-999.2500
152.0164	51.7024	45.6518	1.2666	7.2179	0.8663	-999.2500
152.1688	45.9808	40.0056	1.1279	6.2201	0.8441	-999.2500
152.3212	40.0289	33.4350	0.9156	5.3565	0.9077	-999.2500
152.4736	35.2486	28.4652	0.7462	4.7555	0.9669	-999.2500
152.6260	33.7693	26.7857	0.6936	4.5250	1.0145	-999.2500
152.7784	34.3719	27.8878	0.7367	4.6257	0.9286	-999.2500
152.9308	39.4704	32.8203	0.8702	5.4257	0.9551	-999.2500
153.0832	46.0160	37.7207	1.0046	6.2094	1.1870	-999.2500
153.2356	54.2299	43.4231	1.1544	7.1598	1.4886	-999.2500
153.3880	61.3969	48.9456	1.3368	7.8623	1.6965	-999.2500
153.5404	67.1116	54.3223	1.4795	8.7502	1.7402	-999.2500
153.6928	70.7128	57.6971	1.5629	9.3438	1.7338	-999.2500
153.8452	72.4595	59.2875	1.6050	9.6070	1.7213	-999.2500
153.9976	73.2173	59.9912	1.6156	9.7709	1.7173	-999.2500
154.1500	72.2945	59.3963	1.6068	9.6316	1.6607	-999.2500
154.3024	69.3186	57.9209	1.5908	9.2523	1.4526	-999.2500
154.4548	66.4830	55.9706	1.5487	8.8741	1.3286	-999.2500
154.6072	63.6204	52.8489	1.4660	8.3574	1.4202	-999.2500
154.7596	63.9619	52.4733	1.4385	8.3980	1.5673	-999.2500
154.9120	65.1474	53.2823	1.4640	8.5080	1.6302	-999.2500
155.0644	66.9997	56.5923	1.5656	8.9744	1.4953	-999.2500
155.2168	68.6197	59.2818	1.6125	9.5618	1.3502	-999.2500
155.3692	69.8630	60.9442	1.6345	9.9660	1.3021	-999.2500
155.5216	69.8737	60.2917	1.6109	9.8952	1.4209	-999.2500
155.6740	68.3509	58.0220	1.5474	9.5391	1.5008	-999.2500
155.8264	67.4130	57.8461	1.5524	9.4536	1.4442	-999.2500
155.9788	68.2132	57.3533	1.5464	9.3306	1.6136	-999.2500
156.1312	69.7492	57.6919	1.5516	9.4088	1.7486	-999.2500
156.2836	70.4876	57.4405	1.5661	9.2434	1.8033	-999.2500
156.4360	70.7285	57.6085	1.6016	9.0890	1.7434	-999.2500
156.5884	71.4614	58.4192	1.5995	9.3616	1.7110	-999.2500
156.7408	71.3957	56.5047	1.5435	9.0757	1.9288	-999.2500
156.8932	71.6064	55.1835	1.5300	8.7311	2.0699	-999.2500
157.0456	71.8757	56.1534	1.5611	8.8603	1.9545	-999.2500
157.1980	72.0048	57.2472	1.5788	9.1071	1.8441	-999.2500
157.3504	70.3773	55.7128	1.5427	8.8269	1.7958	-999.2500
157.5028	68.3686	54.0794	1.4832	8.6518	1.7224	-999.2500
157.6552	67.5130	53.2481	1.4714	8.4544	1.7203	-999.2500
157.8076	69.0622	55.3873	1.5361	8.7611	1.6318	-999.2500
157.9600	70.3964	57.2855	1.5177	9.4775	1.5604	-999.2500
158.1124	71.0391	56.0401	1.4574	9.4313	1.8231	-999.2500
158.2648	68.7703	53.7561	1.4032	9.0167	1.8417	-999.2500
158.4172	66.0378	52.7926	1.3716	8.8927	1.6465	-999.2500
158.5696	61.7439	47.7734	1.2175	8.1859	1.8155	-999.2500
158.7220	58.4397	44.8327	1.1760	7.4859	1.7683	-999.2500
158.8744	53.2435	40.5458	1.0604	6.7886	1.6302	-999.2500
159.0268	48.9992	37.1416	0.9702	6.2254	1.5920	-999.2500
159.1792	46.0065	34.6444	0.9199	5.7197	1.5399	-999.2500
159.3316	48.2677	36.6418	0.9887	5.9567	1.5961	-999.2500
159.4840	49.6752	36.8410	1.0371	5.7372	1.7421	-999.2500
159.6364	50.0322	37.4973	1.1072	5.5376	1.6783	-999.2500
159.7888	50.0747	39.3692	1.1507	5.8827	1.4687	-999.2500
159.9412	56.6033	43.1068	1.2593	6.4451	1.8032	-999.2500
160.0936	64.2029	49.2696	1.4545	7.2775	2.0105	-999.2500
160.2460	70.1832	56.5116	1.6551	8.4245	1.8391	-999.2500
160.3984	72.3074	57.9265	1.6936	8.6523	1.8832	-999.2500
160.5508	72.2823	58.3715	1.7435	8.5030	1.8421	-999.2500
160.7032	73.4389	58.7179	1.7545	8.5494	1.9231	-999.2500
160.8556	75.5482	59.8859	1.8022	8.6447	2.0146	-999.2500
161.0080	78.0721	62.5788	1.8539	9.2051	1.9422	-999.2500
161.1604	78.3369	62.4435	1.7954	9.5042	2.0639	-999.2500
161.3128	77.1684	60.2188	1.7155	9.2594	2.3010	-999.2500
161.4652	75.8182	58.8872	1.6782	9.0506	2.3181	-999.2500
161.6176	74.0565	58.9407	1.6817	9.0471	2.1205	-999.2500
161.7700	69.8345	54.8013	1.5515	8.4826	2.1472	-999.2500
161.9224	67.7112	52.3822	1.5356	7.8002	2.1160	-999.2500
162.0748	62.9658	48.4447	1.4160	7.2384	2.0295	-999.2500
162.2272	54.9216	42.6788	1.2154	6.5651	1.6935	-999.2500
162.3796	45.8812	36.4091	1.0340	5.6171	1.2685	-999.2500
162.5320	39.7665	32.1456	0.8947	5.0659	1.0010	-999.2500
162.6844	40.2105	32.3773	0.9111	5.0444	1.0230	-999.2500
162.8368	39.8160	32.1600	0.9279	4.8764	1.0042	-999.2500
162.9892	42.3185	35.4959	0.9911	5.5755	0.8640	-999.2500
163.1416	46.7530	38.8177	1.1314	5.8185	0.9307	-999.2500
163.2940	54.8111	45.1047	1.3063	6.8098	1.1364	-999.2500
163.4464	61.2666	52.3399	1.4771	8.1294	0.9993	-999.2500
163.5988	65.4539	54.9762	1.5227	8.7076	1.2343	-999.2500
163.7512	68.0735	58.2580	1.6331	9.1128	1.2075	-999.2500
163.9036	70.4283	59.6931	1.6560	9.4388	1.3491	-999.2500
164.0560	70.8810	60.1945	1.6600	9.5759	1.3839	-999.2500
164.2084	69.7505	58.2180	1.5911	9.3460	1.4504	-999.2500
164.3608	68.4152	56.8276	1.5364	9.2207	1.4909	-999.2500
164.5132	69.3906	57.2453	1.5373	9.3490	1.5434	-999.2500
164.6656	71.0765	58.0509	1.6164	9.1440	1.6206	-999.2500
164.8180	73.9014	60.5447	1.6696	9.6321	1.6731	-999.2500
164.9704	75.3073	61.2805	1.6772	9.8234	1.7673	-999.2500
165.1228	75.8167	61.6102	1.7117	9.7271	1.7674	-999.2500
165.2752	75.0534	61.2370	1.7149	9.5891	1.7185	-999.2500
165.4276	74.1018	59.8476	1.6756	9.3739	1.7594	-999.2500
165.5800	73.5452	58.8903	1.6595	9.1608	1.7931	-999.2500
165.7324	72.9303	58.1481	1.6558	8.9450	1.8438	-999.2500
165.8848	72.8179	58.1239	1.6654	8.8810	1.8808	-999.2500
166.0372	73.0940	59.4437	1.7097	9.0446	1.7467	-999.2500
166.1896	74.0001	60.6898	1.7364	9.2878	1.6473	-999.2500
166.3420	74.5914	62.0218	1.7414	9.6858	1.5801	-999.2500
166.4944	75.2757	63.2489	1.7505	10.0256	1.5384	-999.2500
166.6468	75.6142	64.0748	1.7954	10.0279	1.4611	-999.2500
166.7992	76.2124	64.5145	1.8023	10.1285	1.4644	-999.2500
166.9516	74.6011	61.9492	1.7109	9.8408	1.6130	-999.2500
167.1040	72.6033	60.3784	1.6693	9.5814	1.5638	-999.2500
167.2564	69.8019	58.6239	1.6361	9.2129	1.4291	-999.2500
167.4088	70.0287	59.7626	1.6718	9.3690	1.3355	-999.2500
167.5612	72.9090	62.1803	1.7663	9.5907	1.3284	-999.2500
167.7136	76.1126	63.2577	1.7966	9.7584	1.5801	-999.2500
167.8660	79.7044	65.5829	1.8675	10.0890	1.8673	-999.2500
168.0184	81.3330	66.4948	1.9134	10.1123	1.9195	-999.2500
168.1708	82.0762	67.5466	1.8995	10.5310	1.8874	-999.2500
168.3232	80.3536	65.7323	1.8370	10.3154	1.9244	-999.2500
168.4756	80.5452	66.5775	1.9144	10.1330	1.8390	-999.2500
168.6280	79.4027	66.2688	1.9410	9.8787	1.7211	-999.2500
168.7804	78.8983	66.0188	1.9142	9.9552	1.6779	-999.2500
168.9328	77.6338	64.2978	1.8503	9.7779	1.7473	-999.2500
169.0852	77.1844	63.0516	1.8659	9.2866	1.8146	-999.2500
169.2376	78.3665	63.8236	1.8910	9.3873	1.8397	-999.2500
169.3900	78.1146	63.1397	1.8663	9.3124	1.8994	-999.2500
169.5424	77.6369	62.7439	1.8523	9.2677	1.8480	-999.2500
169.6948	74.7585	60.7160	1.7880	8.9942	1.7808	-999.2500
169.8472	73.6820	58.8014	1.7794	8.4304	1.8234	-999.2500
169.9996	74.1042	58.9342	1.7873	8.4267	1.8356	-999.2500
170.1520	76.1571	60.6206	1.7819	8.9989	1.9018	-999.2500
170.3044	76.7337	60.3197	1.7553	9.0582	1.9964	-999.2500
170.4568	77.5919	60.4510	1.7851	8.9257	2.0575	-999.2500
170.6092	78.0490	61.1645	1.7849	9.1557	1.9774	-999.2500
170.7616	78.6445	62.4626	1.7922	9.5292	1.9020	-999.2500
170.9140	78.9715	63.8550	1.8326	9.7393	1.7872	-999.2500
171.0664	79.2109	65.4676	1.8919	9.9090	1.5731	-999.2500
171.2188	79.2388	65.6991	1.8937	9.9726	1.5195	-999.2500
171.3712	78.0268	64.7690	1.8762	9.7765	1.4698	-999.2500
171.5236	76.2852	64.4174	1.8564	9.7797	1.3107	-999.2500
171.6760	75.6891	64.1560	1.8513	9.7261	1.2885	-999.2500
171.8284	76.6074	64.7963	1.8930	9.6869	1.3491	-999.2500
171.9808	77.7317	66.0942	1.9476	9.7834	1.3368	-999.2500
172.1332	78.8659	67.4916	2.0118	9.8557	1.3173	-999.2500
172.2856	78.9844	66.9500	2.0026	9.7363	1.4245	-999.2500
172.4380	78.7481	65.2521	1.9232	9.6568	1.6198	-999.2500
172.5904	78.6991	64.3240	1.8939	9.5307	1.8057	-999.2500
172.7428	78.3208	63.9159	1.9070	9.3230	1.8893	-999.2500
172.8952	77.7688	64.6559	1.9362	9.3894	1.7231	-999.2500
173.0476	75.3600	61.9953	1.8484	9.0508	1.7919	-999.2500
173.2000	74.0533	60.2679	1.8185	8.6723	1.8904	-999.2500
173.3524	73.5881	61.0935	1.8462	8.7745	1.7167	-999.2500
173.5048	73.9156	61.7536	1.8489	8.9708	1.6367	-999.2500
173.6572	74.8085	62.6041	1.8693	9.1235	1.6359	-999.2500
173.8096	76.3454	63.9491	1.8787	9.4999	1.6936	-999.2500
173.9620	78.9537	65.9389	1.9421	9.7661	1.8105	-999.2500
174.1144	80.1303	68.1638	2.0614	9.7812	1.6066	-999.2500
174.2668	80.7799	67.9741	2.0616	9.7193	1.6485	-999.2500
174.4192	80.2472	66.7791	2.0406	9.4595	1.6897	-999.2500
174.5716	80.9066	66.6490	2.0357	9.4463	1.8030	-999.2500
174.7240	82.4899	68.1735	2.0732	9.7150	1.8057	-999.2500
174.8764	81.5131	66.6839	1.9970	9.6832	1.8165	-999.2500
175.0288	81.5292	65.6678	1.9592	9.5789	1.9822	-999.2500
175.1812	80.4601	65.0531	1.9807	9.2563	1.8894	-999.2500
175.3336	82.4646	65.7821	2.0045	9.3505	2.0901	-999.2500
175.4860	83.1716	65.7838	2.0330	9.1841	2.1615	-999.2500
175.6384	82.5424	65.6532	2.0156	9.2444	2.0838	-999.2500
175.7908	83.2144	66.2147	2.0084	9.4660	2.1690	-999.2500
175.9432	82.5782	67.3870	2.0040	9.8675	1.9452	-999.2500
176.0956	81.7985	67.1107	1.9672	9.9944	1.9101	-999.2500
176.2480	79.1809	64.1872	1.9218	9.3232	1.8957	-999.2500
176.4004	76.7132	62.4847	1.9185	8.7970	1.8054	-999.2500
176.5528	72.1940	58.9257	1.8477	8.0706	1.7157	-999.2500
176.7052	66.4841	54.0146	1.7003	7.3596	1.5753	-999.2500
176.8576	58.8753	47.0567	1.4840	6.3958	1.5650	-999.2500
177.0100	52.9384	42.6306	1.3359	5.8439	1.3817	-999.2500
177.1624	48.5967	39.8530	1.2367	5.5343	1.1277	-999.2500
177.3148	46.4967	38.6731	1.1993	5.3747	0.9945	-999.2500
177.4672	46.5470	38.5411	1.1898	5.3880	1.0225	-999.2500
177.6196	49.8205	41.1032	1.2903	5.6214	1.1060	-999.2500
177.7720	55.5687	45.6471	1.4329	6.2430	1.2362	-999.2500
177.9244	64.4536	52.4981	1.6304	7.2825	1.5404	-999.2500
178.0768	71.1457	57.8199	1.7553	8.2573	1.6745	-999.2500
178.2292	75.5381	61.3229	1.8496	8.8278	1.7392	-999.2500
178.3816	76.8771	62.4015	1.8586	9.1208	1.7724	-999.2500
178.5340	77.0585	63.7110	1.8713	9.4662	1.5787	-999.2500
178.6864	78.3385	65.1018	1.8966	9.7639	1.5647	-999.2500
178.8388	78.1246	64.3583	1.8485	9.8076	1.6870	-999.2500
178.9912	78.9156	63.7421	1.8410	9.6536	1.8843	-999.2500
