HOLE:	U1353C
EXPEDITION:	323
TOP:		105.6062
BOTTOM:		231.1838
DEPTH_WMSF	DTCO	DT1	DT2	VCO	VS1	VS2
m	us/ft	us/ft	us/ft	km/s	km/s	km/s
105.6062	148.37767	271.22269	-999.25000	2.0542	1.1238	-999.2500
105.7586	151.32059	272.03589	-999.25000	2.0143	1.1204	-999.2500
105.9110	160.10316	272.84906	-999.25000	1.9038	1.1171	-999.2500
106.0634	165.44185	273.66226	-999.25000	1.8423	1.1138	-999.2500
106.2158	164.14284	274.47546	-999.25000	1.8569	1.1105	-999.2500
106.3682	164.93420	285.93188	-999.25000	1.8480	1.0660	-999.2500
106.5206	169.47345	329.61108	-999.25000	1.7985	0.9247	-999.2500
106.6730	171.36002	398.02136	-999.25000	1.7787	0.7658	-999.2500
106.8254	171.33095	469.57773	-999.25000	1.7790	0.6491	-999.2500
106.9778	172.22157	541.13635	-999.25000	1.7698	0.5633	-999.2500
107.1302	173.09938	604.94861	-999.25000	1.7608	0.5038	-999.2500
107.2826	173.60925	640.30524	-999.25000	1.7557	0.4760	-999.2500
107.4350	173.45848	646.32593	-999.25000	1.7572	0.4716	-999.2500
107.5874	173.04849	637.91235	-999.25000	1.7614	0.4778	-999.2500
107.7398	173.26917	600.72229	-999.25000	1.7591	0.5074	-999.2500
107.8922	173.27234	524.89038	-999.25000	1.7591	0.5807	-999.2500
108.0446	173.44894	488.75079	-999.25000	1.7573	0.6236	-999.2500
108.1970	174.54648	563.52374	-999.25000	1.7462	0.5409	-999.2500
108.3494	175.30936	670.08795	-999.25000	1.7386	0.4549	-999.2500
108.5018	175.28316	728.80585	-999.25000	1.7389	0.4182	-999.2500
108.6542	175.21301	753.11725	-999.25000	1.7396	0.4047	-999.2500
108.8066	175.01291	785.71832	-999.25000	1.7416	0.3879	-999.2500
108.9590	174.52164	839.53601	-999.25000	1.7465	0.3631	-999.2500
109.1114	174.51436	890.17499	-999.25000	1.7466	0.3424	-999.2500
109.2638	174.74188	913.45831	-999.25000	1.7443	0.3337	-999.2500
109.4162	174.35442	909.57257	-999.25000	1.7482	0.3351	-999.2500
109.5686	173.98247	893.44556	-999.25000	1.7519	0.3412	-999.2500
109.7210	173.27246	868.78949	-999.25000	1.7591	0.3508	-999.2500
109.8734	172.98239	820.74030	-999.25000	1.7620	0.3714	-999.2500
110.0258	173.05133	784.21118	-999.25000	1.7613	0.3887	-999.2500
110.1782	172.26950	768.66101	-999.25000	1.7693	0.3965	-999.2500
110.3306	171.79431	752.82312	-999.25000	1.7742	0.4049	-999.2500
110.4830	171.91985	747.43164	-999.25000	1.7729	0.4078	-999.2500
110.6354	171.98624	740.87695	-999.25000	1.7722	0.4114	-999.2500
110.7878	171.99591	741.57190	-999.25000	1.7721	0.4110	-999.2500
110.9402	172.13396	744.43689	-999.25000	1.7707	0.4094	-999.2500
111.0926	172.54698	735.06866	-999.25000	1.7665	0.4147	-999.2500
111.2450	173.05806	712.83185	-999.25000	1.7613	0.4276	-999.2500
111.3974	173.37958	680.08978	-999.25000	1.7580	0.4482	-999.2500
111.5498	173.57631	651.43195	-999.25000	1.7560	0.4679	-999.2500
111.7022	173.43973	643.95435	-999.25000	1.7574	0.4733	-999.2500
111.8546	173.45691	677.92072	-999.25000	1.7572	0.4496	-999.2500
112.0070	174.02094	731.91736	-999.25000	1.7515	0.4164	-999.2500
112.1594	174.28200	766.10834	-999.25000	1.7489	0.3979	-999.2500
112.3118	174.35310	752.96692	-999.25000	1.7482	0.4048	-999.2500
112.4642	174.61406	713.74384	-999.25000	1.7456	0.4270	-999.2500
112.6166	174.77850	698.68964	-999.25000	1.7439	0.4362	-999.2500
112.7690	174.91177	753.56073	-999.25000	1.7426	0.4045	-999.2500
112.9214	174.20450	849.42560	-999.25000	1.7497	0.3588	-999.2500
113.0738	173.08777	906.36151	-999.25000	1.7610	0.3363	-999.2500
113.2262	169.32025	901.44360	-999.25000	1.8001	0.3381	-999.2500
113.3786	164.52490	874.43756	-999.25000	1.8526	0.3486	-999.2500
113.5310	162.81503	844.21082	-999.25000	1.8721	0.3610	-999.2500
113.6834	160.65596	785.56079	-999.25000	1.8972	0.3880	-999.2500
113.8358	158.85928	636.83228	-999.25000	1.9187	0.4786	-999.2500
113.9882	158.78654	491.42102	-999.25000	1.9196	0.6202	-999.2500
114.1406	159.40233	488.80338	-999.25000	1.9121	0.6236	-999.2500
114.2930	162.61774	495.74783	-999.25000	1.8743	0.6148	-999.2500
114.4454	166.42137	452.63684	-999.25000	1.8315	0.6734	-999.2500
114.5978	168.76593	463.04242	-999.25000	1.8061	0.6583	-999.2500
114.7502	170.20982	469.12689	-999.25000	1.7907	0.6497	-999.2500
114.9026	170.83316	432.83777	-999.25000	1.7842	0.7042	-999.2500
115.0550	171.92439	426.19641	-999.25000	1.7729	0.7152	-999.2500
115.2074	173.08711	428.80902	-999.25000	1.7610	0.7108	-999.2500
115.3598	173.77892	430.69330	-999.25000	1.7540	0.7077	-999.2500
115.5122	174.41132	460.79568	-999.25000	1.7476	0.6615	-999.2500
115.6646	174.77126	503.48126	-999.25000	1.7440	0.6054	-999.2500
115.8170	174.48727	554.27795	-999.25000	1.7468	0.5499	-999.2500
115.9694	174.52293	621.30823	-999.25000	1.7465	0.4906	-999.2500
116.1218	175.11198	672.27557	-999.25000	1.7406	0.4534	-999.2500
116.2742	175.45505	699.25598	-999.25000	1.7372	0.4359	-999.2500
116.4266	175.66606	704.71130	830.35669	1.7351	0.4325	0.3671
116.5790	175.85786	721.70392	881.41602	1.7332	0.4223	0.3458
116.7314	176.24374	760.99445	912.78479	1.7294	0.4005	0.3339
116.8838	176.94025	785.09106	873.95630	1.7226	0.3882	0.3488
117.0362	177.33203	789.77966	868.15002	1.7188	0.3859	0.3511
117.1886	177.30031	802.76062	862.36902	1.7191	0.3797	0.3534
117.3410	177.46353	810.71338	882.56836	1.7175	0.3760	0.3454
117.4934	177.78398	799.32983	881.23584	1.7144	0.3813	0.3459
117.6458	177.99869	791.29974	844.29999	1.7124	0.3852	0.3610
117.7982	178.72551	792.94312	816.10876	1.7054	0.3844	0.3735
117.9506	179.65329	804.67377	812.57947	1.6966	0.3788	0.3751
118.1030	179.92281	834.74890	814.90656	1.6941	0.3651	0.3740
118.2554	179.29077	870.05304	848.59863	1.7000	0.3503	0.3592
118.4078	177.92499	894.45874	895.02917	1.7131	0.3408	0.3405
118.5602	175.02454	901.60803	914.24011	1.7415	0.3381	0.3334
118.7126	171.45398	889.31873	903.25281	1.7777	0.3427	0.3374
118.8650	166.21478	860.52087	970.00635	1.8338	0.3542	0.3142
119.0174	158.50436	810.20618	912.50189	1.9230	0.3762	0.3340
119.1698	152.98738	746.78259	759.50848	1.9923	0.4082	0.4013
119.3222	149.98926	662.15692	606.51727	2.0321	0.4603	0.5025
119.4746	148.79068	542.30585	453.51758	2.0485	0.5620	0.6721
119.6270	150.03531	423.56641	332.76645	2.0315	0.7196	0.9160
119.7794	154.30920	358.01019	328.74454	1.9753	0.8514	0.9272
119.9318	159.68001	366.82748	434.16138	1.9088	0.8309	0.7020
120.0842	162.71799	422.37140	578.48431	1.8732	0.7216	0.5269
120.2366	164.69005	500.97552	667.37610	1.8507	0.6084	0.4567
120.3890	166.49188	594.19885	734.30377	1.8307	0.5130	0.4151
120.5414	167.47200	667.67749	794.07294	1.8200	0.4565	0.3838
120.6938	168.01761	712.15326	822.19043	1.8141	0.4280	0.3707
120.8462	168.59169	749.74738	837.76862	1.8079	0.4065	0.3638
120.9986	169.30705	779.07495	843.16644	1.8003	0.3912	0.3615
121.1510	169.79678	792.79553	844.10583	1.7951	0.3845	0.3611
121.3034	170.24239	799.65344	836.32935	1.7904	0.3812	0.3644
121.4558	170.95636	806.45300	822.72162	1.7829	0.3780	0.3705
121.6082	171.16028	817.69421	829.90167	1.7808	0.3728	0.3673
121.7606	170.93408	828.54364	874.39996	1.7831	0.3679	0.3486
121.9130	171.05040	825.83759	897.10382	1.7819	0.3691	0.3398
122.0654	171.10779	809.30304	857.13812	1.7813	0.3766	0.3556
122.2178	171.13097	793.26910	819.14539	1.7811	0.3842	0.3721
122.3702	171.50691	784.44745	802.04950	1.7772	0.3886	0.3800
122.5226	172.04622	780.89935	790.00000	1.7716	0.3903	0.3858
122.6750	172.77013	782.43506	785.55646	1.7642	0.3896	0.3880
122.8274	173.87100	793.70569	789.80481	1.7530	0.3840	0.3859
122.9798	174.64366	823.60077	827.72980	1.7453	0.3701	0.3682
123.1322	174.54935	860.05975	870.31592	1.7462	0.3544	0.3502
123.2846	173.94266	881.42249	891.21106	1.7523	0.3458	0.3420
123.4370	172.97305	879.26031	889.24170	1.7621	0.3467	0.3428
123.5894	171.97563	855.33954	852.53052	1.7723	0.3563	0.3575
123.7418	170.85239	828.05170	761.73694	1.7840	0.3681	0.4001
123.8942	169.84140	813.23199	668.08148	1.7946	0.3748	0.4562
124.0466	169.82462	803.45062	602.12628	1.7948	0.3794	0.5062
124.1990	169.72827	767.31519	576.93597	1.7958	0.3972	0.5283
124.3514	169.49345	720.27863	562.69879	1.7983	0.4232	0.5417
124.5038	169.09447	704.74524	556.63177	1.8025	0.4325	0.5476
124.6562	167.48663	715.83472	544.86023	1.8198	0.4258	0.5594
124.8086	166.24667	721.01245	544.51221	1.8334	0.4227	0.5598
124.9610	165.82904	723.82953	570.74188	1.8380	0.4211	0.5340
125.1134	165.67593	728.37189	621.87030	1.8397	0.4185	0.4901
125.2658	166.03961	715.57959	695.59015	1.8357	0.4259	0.4382
125.4182	166.56343	704.42200	810.00000	1.8299	0.4327	0.3763
125.5706	167.01471	709.51294	806.25269	1.8250	0.4296	0.3780
125.7230	167.82765	755.20367	784.66791	1.8161	0.4036	0.3884
125.8754	168.60435	789.73468	769.91718	1.8078	0.3860	0.3959
126.0278	169.40347	789.66559	793.67932	1.7993	0.3860	0.3840
126.1802	170.96771	795.48456	816.59778	1.7828	0.3832	0.3733
126.3326	172.12776	790.41815	817.21661	1.7708	0.3856	0.3730
126.4850	172.43677	774.40479	808.24481	1.7676	0.3936	0.3771
126.6374	173.33667	757.26593	793.46094	1.7584	0.4025	0.3841
126.7898	173.96513	749.22742	793.37939	1.7521	0.4068	0.3842
126.9422	173.37177	751.85602	813.75397	1.7581	0.4054	0.3746
127.0946	171.52962	765.03192	860.00000	1.7770	0.3984	0.3544
127.2470	170.20418	778.59259	859.22058	1.7908	0.3915	0.3547
127.3994	169.05017	785.44360	844.20990	1.8030	0.3881	0.3610
127.5518	167.09396	770.80157	814.93866	1.8241	0.3954	0.3740
127.7042	166.30833	722.50043	769.58270	1.8327	0.4219	0.3961
127.8566	165.34123	643.76862	665.42908	1.8435	0.4735	0.4581
128.0090	163.77617	545.91528	578.18182	1.8611	0.5583	0.5272
128.1614	163.31865	480.70093	542.19299	1.8663	0.6341	0.5622
128.3138	164.03000	474.53397	512.43073	1.8582	0.6423	0.5948
128.4662	166.68866	492.61874	510.05551	1.8286	0.6187	0.5976
128.6186	168.52316	510.18619	462.03171	1.8087	0.5974	0.6597
128.7710	167.74857	536.75244	466.04132	1.8170	0.5679	0.6540
128.9234	167.48616	574.03033	696.90601	1.8199	0.5310	0.4374
129.0758	168.26286	607.64343	758.27008	1.8115	0.5016	0.4020
129.2282	169.10561	627.58368	791.05658	1.8024	0.4857	0.3853
129.3806	169.34044	624.62830	813.46515	1.7999	0.4880	0.3747
129.5330	170.06432	590.67694	695.35400	1.7923	0.5160	0.4383
129.6854	170.73845	541.56262	600.21216	1.7852	0.5628	0.5078
129.8378	170.75931	493.57776	535.68085	1.7850	0.6175	0.5690
129.9902	170.57133	475.31653	607.13489	1.7869	0.6413	0.5020
130.1426	170.10217	506.60605	697.12500	1.7919	0.6017	0.4372
130.2950	170.28220	560.54486	732.36298	1.7900	0.5438	0.4162
130.4474	170.84688	617.01404	739.41150	1.7841	0.4940	0.4122
130.5998	170.99371	673.48511	716.66412	1.7825	0.4526	0.4253
130.7522	171.85100	714.89996	769.07953	1.7736	0.4264	0.3963
130.9046	172.52275	719.73193	830.29388	1.7667	0.4235	0.3671
131.0570	171.84998	708.87408	816.43616	1.7736	0.4300	0.3733
131.2094	170.87975	720.94586	820.73987	1.7837	0.4228	0.3714
131.3618	168.43192	747.65808	856.15009	1.8096	0.4077	0.3560
131.5142	165.83936	766.32471	845.92090	1.8379	0.3977	0.3603
131.6666	165.53299	777.57855	782.84814	1.8413	0.3920	0.3893
131.8190	167.48909	755.08423	773.37805	1.8198	0.4037	0.3941
131.9714	169.24161	676.09668	657.74701	1.8010	0.4508	0.4634
132.1238	169.40454	598.14819	704.36255	1.7992	0.5096	0.4327
132.2762	169.69058	594.98480	825.39038	1.7962	0.5123	0.3693
132.4286	170.15862	634.73932	844.57806	1.7913	0.4802	0.3609
132.5810	170.84557	662.09753	805.87891	1.7841	0.4604	0.3782
132.7334	171.57202	677.90533	816.78870	1.7765	0.4496	0.3732
132.8858	171.82948	677.71826	815.88159	1.7739	0.4497	0.3736
133.0382	171.76361	672.65692	786.97882	1.7745	0.4531	0.3873
133.1906	171.66525	675.26196	750.99396	1.7755	0.4514	0.4059
133.3430	171.78125	668.24805	740.53156	1.7743	0.4561	0.4116
133.4954	172.18655	644.67175	721.57739	1.7702	0.4728	0.4224
133.6478	172.95116	624.63306	710.00000	1.7623	0.4880	0.4293
133.8002	173.52048	631.85339	792.32739	1.7566	0.4824	0.3847
133.9526	174.09776	663.70306	844.73792	1.7507	0.4592	0.3608
134.1050	174.65236	692.41974	842.20526	1.7452	0.4402	0.3619
134.2574	174.65541	703.52521	826.15784	1.7452	0.4332	0.3689
134.4098	174.72394	704.20837	787.58765	1.7445	0.4328	0.3870
134.5622	174.67242	702.61749	774.07458	1.7450	0.4338	0.3938
134.7146	174.57687	701.29944	758.66754	1.7459	0.4346	0.4018
134.8670	174.22974	699.69067	720.65057	1.7494	0.4356	0.4230
135.0194	173.51088	707.75787	682.62769	1.7567	0.4307	0.4465
135.1718	172.95233	716.82489	644.60889	1.7623	0.4252	0.4728
135.3242	172.13437	701.32324	622.15070	1.7707	0.4346	0.4899
135.4766	171.32240	671.70605	598.90552	1.7791	0.4538	0.5089
135.6290	170.89699	638.84741	547.16351	1.7835	0.4771	0.5571
135.7814	170.49899	598.21936	494.25082	1.7877	0.5095	0.6167
135.9338	169.58809	554.69153	459.40048	1.7973	0.5495	0.6635
136.0862	168.69693	504.11862	461.36673	1.8068	0.6046	0.6606
136.2386	169.61906	473.99036	530.96637	1.7970	0.6431	0.5740
136.3910	172.21025	520.40228	642.49664	1.7699	0.5857	0.4744
136.5434	174.10767	604.83954	795.00903	1.7506	0.5039	0.3834
136.6958	174.32974	683.89050	921.67535	1.7484	0.4457	0.3307
136.8482	173.63608	757.90527	875.66125	1.7554	0.4022	0.3481
137.0006	173.41531	777.20898	786.74750	1.7576	0.3922	0.3874
137.1530	173.61256	755.61328	796.08441	1.7556	0.4034	0.3829
137.3054	173.18518	749.66101	800.92053	1.7600	0.4066	0.3806
137.4578	172.21671	751.22870	782.42908	1.7699	0.4057	0.3896
137.6102	171.13959	728.22589	726.62256	1.7810	0.4186	0.4195
137.7626	170.74950	661.69745	637.72815	1.7851	0.4606	0.4779
137.9150	170.56111	602.02576	595.19641	1.7870	0.5063	0.5121
138.0674	169.02446	606.95660	628.76056	1.8033	0.5022	0.4848
138.2198	165.02528	639.61761	710.84772	1.8470	0.4765	0.4288
138.3722	158.42888	645.08386	716.57208	1.9239	0.4725	0.4254
138.5246	153.62996	609.90295	596.43146	1.9840	0.4998	0.5110
138.6770	152.52310	543.49115	497.71375	1.9984	0.5608	0.6124
138.8294	152.33620	485.56967	455.93027	2.0008	0.6277	0.6685
138.9818	151.90453	450.22235	430.66852	2.0065	0.6770	0.7077
139.1342	152.28975	427.92926	419.74780	2.0014	0.7123	0.7262
139.2866	154.53058	435.18381	444.43463	1.9724	0.7004	0.6858
139.4390	159.41208	479.72818	497.01349	1.9120	0.6354	0.6133
139.5914	163.22443	529.76855	551.72284	1.8674	0.5753	0.5525
139.7438	162.50557	555.95569	578.68365	1.8756	0.5482	0.5267
139.8962	161.95747	570.63605	591.34857	1.8820	0.5341	0.5154
140.0486	163.66666	585.41431	600.21588	1.8623	0.5207	0.5078
140.2010	164.97118	595.21631	621.72754	1.8476	0.5121	0.4902
140.3534	165.06946	600.91895	648.84204	1.8465	0.5072	0.4698
140.5058	165.25328	604.55994	647.14160	1.8444	0.5042	0.4710
140.6582	166.17010	600.66901	622.19861	1.8343	0.5074	0.4899
140.8106	166.56053	591.15057	613.57471	1.8300	0.5156	0.4968
140.9630	166.74884	584.67712	635.43164	1.8279	0.5213	0.4797
141.1154	167.21016	582.71814	648.39001	1.8229	0.5231	0.4701
141.2678	167.33548	583.42151	662.03821	1.8215	0.5224	0.4604
141.4202	168.22650	589.88971	661.72058	1.8118	0.5167	0.4606
141.5726	169.02377	600.84753	645.07959	1.8033	0.5073	0.4725
141.7250	169.05460	608.43341	633.80121	1.8030	0.5010	0.4809
141.8774	167.86423	610.98676	635.82037	1.8158	0.4989	0.4794
142.0298	166.24390	611.69928	640.00000	1.8335	0.4983	0.4763
142.1822	165.49899	609.75562	640.10974	1.8417	0.4999	0.4762
142.3346	165.31029	605.61896	641.72681	1.8438	0.5033	0.4750
142.4870	164.91629	599.29358	639.04895	1.8482	0.5086	0.4770
142.6394	163.39920	579.99420	614.72565	1.8654	0.5255	0.4958
142.7918	161.75778	549.98108	560.78583	1.8843	0.5542	0.5435
142.9442	160.62233	528.53650	509.94647	1.8976	0.5767	0.5977
143.0966	159.74710	519.09125	504.54544	1.9080	0.5872	0.6041
143.2490	159.34445	513.23108	496.44797	1.9128	0.5939	0.6140
143.4014	159.19148	506.94818	496.36365	1.9147	0.6012	0.6141
143.5538	159.07579	495.38910	517.51794	1.9161	0.6153	0.5890
143.7062	158.28241	485.36993	561.78937	1.9257	0.6280	0.5426
143.8586	153.51788	469.53766	541.20172	1.9854	0.6491	0.5632
144.0110	148.48018	431.12418	430.71805	2.0528	0.7070	0.7077
144.1634	148.54500	380.50784	345.93494	2.0519	0.8010	0.8811
144.3158	150.83286	342.06961	295.72430	2.0208	0.8910	1.0307
144.4682	152.49104	315.56573	271.98740	1.9988	0.9659	1.1206
144.6206	155.88293	295.15829	278.98712	1.9553	1.0327	1.0925
144.7730	160.94061	291.92688	288.88593	1.8939	1.0441	1.0551
144.9254	165.13010	333.54147	346.70837	1.8458	0.9138	0.8791
145.0778	168.60660	416.12433	512.45160	1.8078	0.7325	0.5948
145.2302	171.31148	499.92770	601.52203	1.7792	0.6097	0.5067
145.3826	172.44817	566.26477	676.67017	1.7675	0.5383	0.4504
145.5350	172.44997	600.38727	727.80377	1.7675	0.5077	0.4188
145.6874	171.97050	603.18146	739.97113	1.7724	0.5053	0.4119
145.8398	171.44864	623.71167	745.37006	1.7778	0.4887	0.4089
145.9922	171.84959	672.39105	741.22302	1.7736	0.4533	0.4112
146.1446	172.50327	703.83514	770.45844	1.7669	0.4331	0.3956
146.2970	172.58693	700.31287	773.16974	1.7661	0.4352	0.3942
146.4494	171.96884	671.76941	778.18018	1.7724	0.4537	0.3917
146.6018	170.81967	638.62518	807.20758	1.7843	0.4773	0.3776
146.7542	169.78008	605.47736	860.20178	1.7953	0.5034	0.3543
146.9066	168.13756	572.32843	795.06531	1.8128	0.5326	0.3834
147.0590	164.19754	539.18188	577.85907	1.8563	0.5653	0.5275
147.2114	159.84148	503.68259	488.18829	1.9069	0.6051	0.6243
147.3638	157.28062	470.13635	487.17020	1.9379	0.6483	0.6257
147.5162	156.51128	451.21121	477.14838	1.9475	0.6755	0.6388
147.6686	156.47539	451.34995	456.61682	1.9479	0.6753	0.6675
147.8210	155.62312	462.54376	444.38245	1.9586	0.6590	0.6859
147.9734	153.60304	474.21146	466.41861	1.9843	0.6428	0.6535
148.1258	151.75777	478.36996	503.62628	2.0085	0.6372	0.6052
148.2782	151.16389	469.72504	501.44788	2.0164	0.6489	0.6078
148.4306	151.05365	447.11868	420.21030	2.0178	0.6817	0.7254
148.5830	151.30908	417.88144	354.55447	2.0144	0.7294	0.8597
148.7354	151.99791	406.68530	370.16019	2.0053	0.7495	0.8234
148.8878	152.88411	422.22192	446.97403	1.9937	0.7219	0.6819
149.0402	154.73897	446.40976	502.91330	1.9698	0.6828	0.6061
149.1926	156.53462	463.28183	499.20712	1.9472	0.6579	0.6106
149.3450	157.08353	465.80707	463.68945	1.9404	0.6543	0.6573
149.4974	157.48439	455.49466	416.01801	1.9354	0.6692	0.7327
149.6498	158.54607	437.77621	389.01108	1.9225	0.6962	0.7835
149.8022	160.20093	434.50104	441.48517	1.9026	0.7015	0.6904
149.9546	161.43463	468.49698	533.94415	1.8881	0.6506	0.5708
150.1070	161.80540	519.07117	585.79736	1.8837	0.5872	0.5203
150.2594	162.16618	550.71326	593.02258	1.8796	0.5535	0.5140
150.4118	161.47847	557.97803	568.46710	1.8876	0.5463	0.5362
150.5642	159.69690	551.75250	550.01764	1.9086	0.5524	0.5542
150.7166	156.97278	544.78333	554.06659	1.9417	0.5595	0.5501
150.8690	153.04268	539.01270	558.12579	1.9916	0.5655	0.5461
151.0214	148.79163	525.54285	551.37219	2.0485	0.5800	0.5528
151.1738	143.42155	501.08691	523.24139	2.1252	0.6083	0.5825
151.3262	138.85609	467.26984	475.38290	2.1951	0.6523	0.6412
151.4786	136.77429	424.92969	396.79321	2.2285	0.7173	0.7682
151.6310	135.51077	377.32870	318.06027	2.2493	0.8078	0.9583
151.7834	134.02313	331.02554	284.11041	2.2742	0.9208	1.0728
151.9358	132.48335	297.16498	266.48761	2.3007	1.0257	1.1438
152.0882	134.98351	275.74371	249.02245	2.2581	1.1054	1.2240
152.2406	145.53421	255.76932	243.67026	2.0944	1.1917	1.2509
152.3930	159.62949	263.06064	457.08182	1.9094	1.1587	0.6668
152.5454	167.28371	320.55151	798.24896	1.8221	0.9509	0.3818
152.6978	170.07477	420.10898	834.03778	1.7922	0.7255	0.3655
152.8502	172.96622	562.72650	868.24219	1.7622	0.5416	0.3511
153.0026	174.50957	698.33917	877.81592	1.7466	0.4365	0.3472
153.1550	174.51843	747.10980	859.10101	1.7465	0.4080	0.3548
153.3074	173.61235	733.29108	807.39520	1.7556	0.4157	0.3775
153.4598	172.53996	692.98865	728.71161	1.7665	0.4398	0.4183
153.6122	171.30070	622.67639	636.33624	1.7793	0.4895	0.4790
153.7646	169.94299	548.21136	562.66644	1.7935	0.5560	0.5417
153.9170	169.13652	490.34717	500.43771	1.8021	0.6216	0.6091
154.0694	169.14465	471.93680	455.54175	1.8020	0.6458	0.6691
154.2218	169.38417	499.31473	457.47153	1.7995	0.6104	0.6663
154.3742	169.66246	542.74103	514.94421	1.7965	0.5616	0.5919
154.5266	170.10245	575.04175	574.84241	1.7919	0.5300	0.5302
154.6790	170.93468	588.83344	582.19519	1.7831	0.5176	0.5235
154.8314	170.68828	593.60968	553.13452	1.7857	0.5135	0.5510
154.9838	169.85448	597.38397	542.58868	1.7945	0.5102	0.5618
155.1362	169.79443	596.16028	568.57025	1.7951	0.5113	0.5361
155.2886	170.04005	595.75677	656.80542	1.7925	0.5116	0.4641
155.4410	170.83305	610.08636	640.30725	1.7842	0.4996	0.4760
155.5934	171.04861	636.71448	623.81042	1.7819	0.4787	0.4886
155.7458	170.43066	654.50873	613.22693	1.7884	0.4657	0.4970
155.8982	170.27844	659.16498	631.51239	1.7900	0.4624	0.4827
156.0506	170.05261	649.33990	640.51324	1.7924	0.4694	0.4759
156.2030	170.30719	625.86993	640.30096	1.7897	0.4870	0.4760
156.3554	170.87921	605.80615	614.55151	1.7837	0.5031	0.4960
156.5078	170.73872	590.43860	584.55554	1.7852	0.5162	0.5214
156.6602	170.77251	582.20264	553.89819	1.7848	0.5235	0.5503
156.8126	170.86766	610.03491	541.64880	1.7838	0.4996	0.5627
156.9650	171.51326	630.23468	561.25830	1.7771	0.4836	0.5431
157.1174	172.42621	624.44409	599.43884	1.7677	0.4881	0.5085
157.2698	172.83340	643.53052	643.01782	1.7635	0.4736	0.4740
157.4222	173.08115	662.59473	691.41327	1.7610	0.4600	0.4408
157.5746	171.05719	679.45447	712.78198	1.7819	0.4486	0.4276
157.7270	165.40930	697.57513	579.28394	1.8427	0.4369	0.5262
157.8794	157.03882	688.88861	445.79831	1.9409	0.4425	0.6837
158.0318	149.28004	622.37103	312.96683	2.0418	0.4897	0.9739
158.1842	145.40924	476.01715	246.36363	2.0962	0.6403	1.2372
158.3366	143.32066	364.28076	260.26669	2.1267	0.8367	1.1711
158.4890	141.45026	333.88315	279.66351	2.1548	0.9129	1.0899
158.6414	139.86311	320.12247	304.99707	2.1793	0.9521	0.9994
158.7938	139.68880	313.97620	326.79141	2.1820	0.9708	0.9327
158.9462	143.12706	292.32632	319.62286	2.1296	1.0427	0.9536
159.0986	149.58423	283.99506	268.17010	2.0376	1.0733	1.1366
159.2510	158.75339	237.20392	186.30098	1.9200	1.2850	1.6361
159.4034	166.00728	224.41757	153.67691	1.8361	1.3582	1.9834
159.5558	169.59457	345.03281	198.30363	1.7972	0.8834	1.5370
159.7082	171.81049	494.07120	501.03790	1.7740	0.6169	0.6083
159.8606	172.31419	599.71729	555.17279	1.7689	0.5082	0.5490
160.0130	172.45448	643.42352	611.83588	1.7674	0.4737	0.4982
160.1654	172.79430	668.49011	694.73169	1.7639	0.4560	0.4387
160.3178	172.59288	696.24915	739.32336	1.7660	0.4378	0.4123
160.4702	171.78374	708.27960	722.67255	1.7743	0.4303	0.4218
160.6226	170.16719	680.49188	738.20288	1.7912	0.4479	0.4129
160.7750	164.68883	614.06396	748.22247	1.8508	0.4964	0.4074
160.9274	153.43233	514.39160	567.67676	1.9865	0.5925	0.5369
161.0798	140.02101	409.91443	387.16852	2.1768	0.7436	0.7873
161.2322	129.60469	335.71872	298.97156	2.3518	0.9079	1.0195
161.3846	124.28716	278.93240	275.17902	2.4524	1.0927	1.1076
161.5370	123.40526	235.68568	241.96451	2.4699	1.2932	1.2597
161.6894	125.00301	205.89287	223.63637	2.4383	1.4804	1.3629
161.8418	135.95178	183.94713	208.42863	2.2420	1.6570	1.4624
161.9942	145.99358	160.36523	177.36108	2.0878	1.9007	1.7185
162.1466	149.08821	145.11980	157.30193	2.0444	2.1003	1.9377
162.2990	151.39481	170.75488	159.77272	2.0133	1.7850	1.9077
162.4514	152.51559	252.92743	357.79794	1.9985	1.2051	0.8519
162.6038	160.29559	406.75180	524.53754	1.9015	0.7494	0.5811
162.7562	168.69481	516.39014	532.71008	1.8068	0.5903	0.5722
162.9086	172.26413	531.42365	560.47394	1.7694	0.5736	0.5438
163.0610	174.44716	509.42270	567.67279	1.7472	0.5983	0.5369
163.2134	175.20152	473.05347	547.45392	1.7397	0.6443	0.5568
163.3658	175.30162	474.59525	537.60803	1.7387	0.6422	0.5670
163.5182	175.32397	504.84189	581.47510	1.7385	0.6038	0.5242
163.6706	174.99905	547.90234	636.79352	1.7417	0.5563	0.4786
163.8230	174.76811	586.95435	673.08057	1.7440	0.5193	0.4528
163.9754	175.10582	608.59039	667.44659	1.7407	0.5008	0.4567
164.1278	175.63837	620.30402	665.68628	1.7354	0.4914	0.4579
164.2802	175.71898	623.40332	663.01886	1.7346	0.4889	0.4597
164.4326	175.44049	623.63635	654.61389	1.7373	0.4887	0.4656
164.5850	175.02829	623.63635	639.00165	1.7414	0.4887	0.4770
164.7374	174.23169	623.63635	640.52972	1.7494	0.4887	0.4759
164.8898	173.24002	623.63635	634.44507	1.7594	0.4887	0.4804
165.0422	172.72903	617.72168	619.82495	1.7646	0.4934	0.4918
165.1946	172.60062	599.39343	612.79199	1.7659	0.5085	0.4974
165.3470	172.74318	596.87982	602.12140	1.7645	0.5107	0.5062
165.4994	172.69585	628.06281	592.46997	1.7650	0.4853	0.5145
165.6518	171.90544	668.81165	591.08441	1.7731	0.4557	0.5157
165.8042	171.11812	690.68158	621.92627	1.7812	0.4413	0.4901
165.9566	170.80089	676.39563	651.86243	1.7845	0.4506	0.4676
166.1090	170.83211	609.69513	596.67303	1.7842	0.4999	0.5108
166.2614	171.51599	529.10071	504.58347	1.7771	0.5761	0.6041
166.4138	172.63098	508.96637	467.23849	1.7656	0.5989	0.6523
166.5662	173.70268	529.22797	481.46420	1.7547	0.5759	0.6331
166.7186	174.42990	544.41351	494.14557	1.7474	0.5599	0.6168
166.8710	174.80708	554.94312	501.26822	1.7436	0.5492	0.6081
167.0234	174.91315	566.85992	518.46289	1.7426	0.5377	0.5879
167.1758	174.91818	582.17383	530.77722	1.7425	0.5236	0.5743
167.3282	174.97112	599.54529	537.13782	1.7420	0.5084	0.5675
167.4806	174.85262	619.48657	538.18182	1.7432	0.4920	0.5664
167.6330	174.59076	648.16718	560.07721	1.7458	0.4702	0.5442
167.7854	174.32587	687.29065	611.91711	1.7484	0.4435	0.4981
167.9378	173.59303	720.88611	652.07874	1.7558	0.4228	0.4674
168.0902	172.23578	738.17902	674.75244	1.7697	0.4129	0.4517
168.2426	170.57808	745.43817	690.59509	1.7869	0.4089	0.4414
168.3950	167.92094	738.03461	717.81714	1.8151	0.4130	0.4246
168.5474	166.40671	723.51678	789.71222	1.8317	0.4213	0.3860
168.6998	167.02003	723.31836	868.65509	1.8249	0.4214	0.3509
168.8522	167.10677	731.12994	808.56030	1.8240	0.4169	0.3770
169.0046	165.92241	723.12030	782.80597	1.8370	0.4215	0.3894
169.1570	165.42737	690.26532	756.58734	1.8425	0.4416	0.4029
169.3094	166.08012	680.14050	745.71008	1.8353	0.4481	0.4087
169.4618	166.70863	677.55432	764.31586	1.8283	0.4499	0.3988
169.6142	167.60182	676.89886	761.58087	1.8186	0.4503	0.4002
169.7666	168.58394	695.24493	775.94208	1.8080	0.4384	0.3928
169.9190	168.69016	715.18719	812.40894	1.8069	0.4262	0.3752
170.0714	167.62511	730.20380	807.57770	1.8183	0.4174	0.3774
170.2238	167.38474	714.73578	744.75134	1.8210	0.4265	0.4093
170.3762	167.36833	677.58887	629.71393	1.8211	0.4498	0.4840
170.5286	166.27951	663.72491	606.61292	1.8331	0.4592	0.5025
170.6810	166.29982	599.73126	539.47449	1.8328	0.5082	0.5650
170.8334	166.99118	513.59259	491.33691	1.8252	0.5935	0.6203
170.9858	167.33102	511.91776	450.43225	1.8215	0.5954	0.6767
171.1382	167.73792	549.56689	491.73825	1.8171	0.5546	0.6198
171.2906	167.72206	596.24237	537.18597	1.8173	0.5112	0.5674
171.4430	167.48845	656.49640	611.68555	1.8198	0.4643	0.4983
171.5954	167.17145	692.77063	593.78687	1.8233	0.4400	0.5133
171.7478	166.82767	695.76501	623.81421	1.8270	0.4381	0.4886
171.9002	166.09227	681.71039	679.58240	1.8351	0.4471	0.4485
172.0526	165.29704	654.59399	664.63269	1.8440	0.4656	0.4586
172.2050	163.76443	648.46588	660.25592	1.8612	0.4700	0.4616
172.3574	161.00291	637.08569	709.86737	1.8931	0.4784	0.4294
172.5098	160.33778	587.23029	777.58337	1.9010	0.5190	0.3920
172.6622	162.45383	510.32172	776.52869	1.8762	0.5973	0.3925
172.8146	164.80367	430.95615	767.43231	1.8495	0.7073	0.3972
172.9670	167.62015	352.62784	758.33563	1.8184	0.8644	0.4019
173.1194	170.50868	328.61847	749.23773	1.7876	0.9275	0.4068
173.2718	173.10117	391.53644	740.14099	1.7608	0.7785	0.4118
173.4242	174.56227	477.83450	731.04456	1.7461	0.6379	0.4169
173.5766	174.71928	547.10535	721.94672	1.7445	0.5571	0.4222
173.7290	175.29109	597.28937	673.51135	1.7388	0.5103	0.4526
173.8814	175.76978	630.51526	666.21259	1.7341	0.4834	0.4575
174.0338	175.82103	649.31842	666.82965	1.7336	0.4694	0.4571
174.1862	175.74910	658.44171	702.11011	1.7343	0.4629	0.4341
174.3386	175.75128	672.40027	748.49310	1.7343	0.4533	0.4072
174.4910	175.93044	693.73615	745.02295	1.7325	0.4394	0.4091
174.6434	176.14864	724.69556	721.30249	1.7304	0.4206	0.4226
174.7958	175.77023	764.68646	754.21442	1.7341	0.3986	0.4041
174.9482	173.48779	799.28485	843.16473	1.7569	0.3813	0.3615
175.1006	169.88448	816.42896	895.01208	1.7942	0.3733	0.3406
175.2530	164.76974	804.14917	812.93823	1.8499	0.3790	0.3749
175.4054	157.83392	756.01239	668.84283	1.9311	0.4032	0.4557
175.5578	148.75352	669.34796	524.75848	2.0490	0.4554	0.5808
175.7102	137.46559	547.51935	427.54413	2.2173	0.5567	0.7129
175.8626	128.76758	422.04437	353.34302	2.3671	0.7222	0.8626
176.0150	122.89764	325.55594	296.65143	2.4801	0.9362	1.0275
176.1674	119.39066	261.04929	255.58414	2.5530	1.1676	1.1926
176.3198	121.50191	211.74460	218.30225	2.5086	1.4395	1.3962
176.4722	130.70737	188.92459	191.92302	2.3319	1.6133	1.5881
176.6246	143.30627	213.49002	170.40031	2.1269	1.4277	1.7887
176.7770	153.18135	261.73514	146.06151	1.9898	1.1645	2.0868
176.9294	161.12575	309.98029	124.69312	1.8917	0.9833	2.4444
177.0818	166.02716	358.22754	127.64124	1.8358	0.8509	2.3879
177.2342	167.39984	406.47455	221.33864	1.8208	0.7499	1.3771
177.3866	169.75185	454.72498	370.41367	1.7956	0.6703	0.8229
177.5390	172.32875	502.97186	460.23941	1.7687	0.6060	0.6623
177.6914	173.18379	551.22131	532.82251	1.7600	0.5530	0.5720
177.8438	173.38414	599.47229	571.60284	1.7579	0.5084	0.5332
177.9962	173.46962	647.71948	610.38837	1.7571	0.4706	0.4994
178.1486	173.31316	688.19403	669.46008	1.7587	0.4429	0.4553
178.3010	173.04938	708.38580	739.30743	1.7613	0.4303	0.4123
178.4534	172.24695	721.11255	748.76978	1.7696	0.4227	0.4071
178.6058	170.67892	727.90741	768.49365	1.7858	0.4187	0.3966
178.7582	167.04112	720.41260	786.88416	1.8247	0.4231	0.3874
178.9106	161.44803	707.73230	783.95245	1.8879	0.4307	0.3888
179.0630	154.04034	664.62689	633.98993	1.9787	0.4586	0.4808
179.2154	145.26315	578.37085	446.51456	2.0983	0.5270	0.6826
179.3678	138.59152	468.15234	375.58893	2.1993	0.6511	0.8115
179.5202	133.99315	373.86685	338.48203	2.2747	0.8153	0.9005
179.6726	131.17206	326.45663	329.18860	2.3237	0.9337	0.9259
179.8250	129.65222	307.58612	314.39673	2.3509	0.9909	0.9695
179.9774	128.22287	295.81766	303.76273	2.3771	1.0304	1.0034
180.1298	126.87155	289.89481	304.43307	2.4024	1.0514	1.0012
180.2822	125.23652	288.80341	303.63635	2.4338	1.0554	1.0038
180.4346	124.73032	286.06583	301.61887	2.4437	1.0655	1.0105
180.5870	126.25125	282.59460	280.42014	2.4142	1.0786	1.0869
180.7394	131.01146	273.99094	262.18268	2.3265	1.1124	1.1625
180.8918	138.46530	257.71445	239.08124	2.2013	1.1827	1.2749
181.0442	144.28148	250.38873	219.94444	2.1125	1.2173	1.3858
181.1966	143.64410	266.32031	218.23633	2.1219	1.1445	1.3967
181.3490	140.68913	292.81918	221.81818	2.1665	1.0409	1.3741
181.5014	140.39246	325.45187	385.45456	2.1711	0.9365	0.7908
181.6538	139.68776	356.81668	438.18182	2.1820	0.8542	0.6956
181.8062	139.88687	362.27353	430.00000	2.1789	0.8414	0.7088
181.9586	136.98430	343.18359	335.45456	2.2251	0.8882	0.9086
182.1110	133.40549	310.00269	266.36365	2.2848	0.9832	1.1443
182.2634	132.27328	271.82062	254.54546	2.3043	1.1213	1.1974
182.4158	131.07666	253.63637	266.36365	2.3254	1.2017	1.1443
182.5682	131.35928	259.54468	276.36365	2.3204	1.1744	1.1029
182.7206	131.59842	269.54492	270.00000	2.3161	1.1308	1.1289
182.8730	131.08795	270.00049	273.63635	2.3252	1.1289	1.1139
183.0254	130.28741	261.36432	280.00000	2.3394	1.1662	1.0886
183.1778	130.54620	259.99951	281.81818	2.3348	1.1723	1.0815
183.3302	130.73622	265.90878	281.81818	2.3314	1.1463	1.0815
183.4826	130.56245	274.09012	278.18182	2.3345	1.1120	1.0957
183.6350	130.31967	280.00000	278.18182	2.3389	1.0886	1.0957
183.7874	130.32281	281.81793	276.36365	2.3388	1.0815	1.1029
183.9398	130.13286	288.63568	281.81818	2.3422	1.0560	1.0815
184.0922	129.84081	288.63702	274.54544	2.3475	1.0560	1.1102
184.2446	130.03506	274.09216	260.00000	2.3440	1.1120	1.1723
184.3970	130.34496	250.00194	226.36363	2.3384	1.2192	1.3465
184.5494	131.24731	226.81934	175.45454	2.3223	1.3438	1.7372
184.7018	134.49307	203.18384	158.18182	2.2663	1.5001	1.9269
184.8542	144.12003	166.82104	246.36363	2.1149	1.8271	1.2372
185.0066	154.62614	149.54491	321.36365	1.9712	2.0382	0.9485
185.1590	158.20891	176.81506	396.36365	1.9266	1.7238	0.7690
185.3114	162.64642	321.80182	471.36365	1.8740	0.9472	0.6466
185.4638	167.05148	505.67349	546.36365	1.8246	0.6028	0.5579
185.6162	167.75491	629.76440	585.45453	1.8169	0.4840	0.5206
185.7686	168.70747	665.91260	581.81818	1.8067	0.4577	0.5239
185.9210	169.17105	626.81995	604.09094	1.8017	0.4863	0.5046
186.0734	169.25157	628.63434	626.36365	1.8009	0.4849	0.4866
186.2258	169.40872	650.90808	655.45453	1.7992	0.4683	0.4650
186.3782	169.36122	681.81500	684.54547	1.7997	0.4470	0.4453
186.5306	169.03151	723.63391	713.63635	1.8032	0.4212	0.4271
186.6830	168.77744	740.00024	716.36365	1.8059	0.4119	0.4255
186.8354	169.38051	735.00043	688.18182	1.7995	0.4147	0.4429
186.9878	169.55205	739.99890	623.63635	1.7977	0.4119	0.4887
187.1402	167.84192	764.99774	690.00000	1.8160	0.3984	0.4417
187.2926	167.23376	766.82019	690.00000	1.8226	0.3975	0.4417
187.4450	167.68163	727.73053	740.00000	1.8177	0.4188	0.4119
187.5974	167.58936	689.54736	661.81818	1.8187	0.4420	0.4605
187.7498	167.27707	665.91040	630.00000	1.8221	0.4577	0.4838
187.9022	167.17760	654.09125	660.00000	1.8232	0.4660	0.4618
188.0546	167.58197	654.09058	614.54547	1.8188	0.4660	0.4960
188.2070	167.87437	661.36298	624.54547	1.8156	0.4609	0.4880
188.3594	167.83725	678.18024	591.81818	1.8160	0.4494	0.5150
188.5118	168.12907	690.00000	645.45453	1.8129	0.4417	0.4722
188.6642	168.95799	620.00946	640.00000	1.8040	0.4916	0.4763
188.8166	169.16142	550.00000	640.00000	1.8018	0.5542	0.4763
188.9690	168.91521	554.09033	640.00000	1.8045	0.5501	0.4763
189.1214	168.86043	567.27148	654.54547	1.8050	0.5373	0.4657
189.2738	168.52080	595.45197	724.54547	1.8087	0.5119	0.4207
189.4262	168.06186	639.08759	661.81818	1.8136	0.4769	0.4605
189.5786	168.62949	700.90405	677.72729	1.8075	0.4349	0.4497
189.7310	168.75800	763.17847	693.63635	1.8061	0.3994	0.4394
189.8834	168.18105	781.36456	709.54541	1.8123	0.3901	0.4296
190.0358	168.28677	752.27576	725.45453	1.8112	0.4052	0.4202
190.1882	168.53998	710.00269	676.36365	1.8085	0.4293	0.4506
190.3406	168.68996	675.91101	624.54547	1.8069	0.4509	0.4880
190.4930	168.66177	661.81818	640.00000	1.8072	0.4605	0.4763
190.6454	168.41817	662.72711	740.00000	1.8098	0.4599	0.4119
190.7978	168.09364	676.81641	634.54547	1.8133	0.4503	0.4803
190.9502	167.56876	691.81793	654.54547	1.8190	0.4406	0.4657
191.1026	167.39067	694.99982	680.00000	1.8209	0.4386	0.4482
191.2550	168.38982	713.17957	713.63635	1.8101	0.4274	0.4271
191.4074	168.13829	734.99933	715.45453	1.8128	0.4147	0.4260
191.5598	167.00990	741.81793	675.45453	1.8250	0.4109	0.4513
191.7122	167.01521	747.72668	660.00000	1.8250	0.4076	0.4618
191.8646	166.86940	752.72711	660.00000	1.8266	0.4049	0.4618
192.0170	167.92763	750.90948	658.18182	1.8151	0.4059	0.4631
192.1694	169.17023	744.09149	663.63635	1.8017	0.4096	0.4593
192.3218	169.00191	740.00000	658.18182	1.8035	0.4119	0.4631
192.4742	167.97041	720.91168	664.54547	1.8146	0.4228	0.4587
192.6266	167.19241	679.09399	610.00000	1.8230	0.4488	0.4997
192.7790	167.43256	651.36432	613.63635	1.8204	0.4679	0.4967
192.9314	167.82697	650.45398	691.81818	1.8162	0.4686	0.4406
193.0838	168.32570	674.08826	663.63635	1.8108	0.4522	0.4593
193.2362	168.69466	696.81775	666.36365	1.8068	0.4374	0.4574
193.3886	168.27336	703.18140	690.00000	1.8113	0.4335	0.4417
193.5410	167.68497	706.36365	684.54547	1.8177	0.4315	0.4453
193.6934	168.34871	705.00018	691.81818	1.8105	0.4323	0.4406
193.8458	169.53714	702.72742	660.00000	1.7978	0.4337	0.4618
193.9982	169.68141	696.81885	660.00000	1.7963	0.4374	0.4618
194.1506	169.35828	685.00092	640.00000	1.7997	0.4450	0.4763
194.3030	169.43668	686.36255	640.00000	1.7989	0.4441	0.4763
194.4554	169.47162	699.09027	610.00000	1.7985	0.4360	0.4997
194.6078	168.98128	705.90875	663.63635	1.8038	0.4318	0.4593
194.7602	168.52545	719.99841	690.00000	1.8086	0.4233	0.4417
194.9126	168.98189	738.18097	723.63635	1.8037	0.4129	0.4212
195.0650	170.27513	746.36340	766.36365	1.7900	0.4084	0.3977
195.2174	170.29979	750.90869	695.45453	1.7898	0.4059	0.4383
195.3698	169.51508	734.54803	683.63635	1.7981	0.4149	0.4459
195.5222	169.68855	685.45862	643.63635	1.7962	0.4447	0.4736
195.6746	169.89784	650.90973	640.00000	1.7940	0.4683	0.4763
195.8270	170.08421	650.45398	593.63635	1.7921	0.4686	0.5134
195.9794	170.84288	659.09027	593.63635	1.7841	0.4625	0.5134
196.1318	170.52917	669.54462	660.00000	1.7874	0.4552	0.4618
196.2842	169.38141	681.81732	690.00000	1.7995	0.4470	0.4417
196.4366	169.67976	681.36456	660.00000	1.7963	0.4473	0.4618
196.5890	169.36513	676.36340	668.18182	1.7997	0.4506	0.4562
196.7414	168.47635	684.09009	648.18182	1.8092	0.4456	0.4702
196.8938	168.14928	695.90826	640.00000	1.8127	0.4380	0.4763
197.0462	167.39519	703.63611	660.00000	1.8208	0.4332	0.4618
197.1986	168.17055	700.00073	638.18182	1.8124	0.4354	0.4776
197.3510	169.67255	676.36615	641.81818	1.7964	0.4506	0.4749
197.5034	170.03413	650.91010	630.00000	1.7926	0.4683	0.4838
197.6558	170.10590	647.72668	633.63635	1.7918	0.4706	0.4810
197.8082	169.67593	654.99957	640.00000	1.7964	0.4653	0.4763
197.9606	169.50241	659.09076	640.00000	1.7982	0.4625	0.4763
198.1130	169.63559	617.27856	828.18182	1.7968	0.4938	0.3680
198.2654	169.47523	562.27441	860.00000	1.7985	0.5421	0.3544
198.4178	169.25972	553.18140	838.18182	1.8008	0.5510	0.3636
198.5702	169.15605	558.18158	888.18182	1.8019	0.5461	0.3432
198.7226	168.97307	567.72620	923.63635	1.8038	0.5369	0.3300
198.8750	168.77609	594.54285	940.00000	1.8059	0.5127	0.3243
199.0274	168.52507	613.63635	915.45453	1.8086	0.4967	0.3329
199.1798	168.01721	614.54529	553.63635	1.8141	0.4960	0.5505
199.3322	167.81128	610.45520	546.36365	1.8163	0.4993	0.5579
199.4846	167.74466	612.72626	584.54547	1.8170	0.4974	0.5214
199.6370	167.57411	615.00067	581.81818	1.8189	0.4956	0.5239
199.7894	167.54416	590.91168	595.45453	1.8192	0.5158	0.5119
199.9418	168.20288	570.00024	581.81818	1.8121	0.5347	0.5239
200.0942	168.35385	571.81769	590.00000	1.8105	0.5330	0.5166
200.2466	167.77066	587.72559	563.63635	1.8168	0.5186	0.5408
200.3990	167.71121	612.72552	630.00000	1.8174	0.4974	0.4838
200.5514	168.34755	633.63525	725.45453	1.8105	0.4810	0.4202
200.7038	168.04797	619.09399	766.36365	1.8138	0.4923	0.3977
200.8562	167.10719	575.91187	568.18182	1.8240	0.5292	0.5364
201.0086	167.80370	563.63525	476.36365	1.8164	0.5408	0.6398
201.1610	167.78792	596.81476	555.45453	1.8166	0.5107	0.5487
201.3134	168.46591	635.90717	606.36365	1.8093	0.4793	0.5027
201.4658	169.57269	655.90826	665.45453	1.7975	0.4647	0.4580
201.6182	168.00296	662.72711	664.54547	1.8143	0.4599	0.4587
201.7706	165.98164	664.54529	674.54547	1.8363	0.4587	0.4519
201.9230	164.41075	655.91040	685.45453	1.8539	0.4647	0.4447
202.0754	162.96121	633.18365	660.00000	1.8704	0.4814	0.4618
202.2278	160.68333	600.00275	534.54547	1.8969	0.5080	0.5702
202.3802	158.32391	555.91241	581.81818	1.9252	0.5483	0.5239
202.5326	156.87677	515.91125	596.36365	1.9429	0.5908	0.5111
202.6850	155.77606	490.00137	533.63635	1.9567	0.6220	0.5712
202.8374	152.31357	467.72897	504.54544	2.0011	0.6517	0.6041
202.9898	147.55748	440.00211	460.00000	2.0656	0.6927	0.6626
203.1422	144.42482	400.00336	413.63635	2.1104	0.7620	0.7369
203.2946	141.60179	362.72903	390.00000	2.1525	0.8403	0.7815
203.4470	138.96533	344.09174	363.63635	2.1934	0.8858	0.8382
203.5994	136.38861	335.00043	351.81818	2.2348	0.9098	0.8664
203.7518	135.85147	329.09128	351.81818	2.2436	0.9262	0.8664
203.9042	136.08269	323.18225	343.63635	2.2398	0.9431	0.8870
204.0566	135.03957	320.00000	331.81818	2.2571	0.9525	0.9186
204.2090	134.22768	313.18277	321.81818	2.2708	0.9732	0.9471
204.3614	133.81947	303.18225	311.81818	2.2777	1.0053	0.9775
204.5138	133.82608	298.18207	313.63635	2.2776	1.0222	0.9718
204.6662	133.21341	296.36365	316.36365	2.2881	1.0285	0.9634
204.8186	132.39626	297.27261	320.00000	2.3022	1.0253	0.9525
204.9710	131.82227	298.18182	325.45456	2.3122	1.0222	0.9365
205.1234	130.94031	302.27219	333.63635	2.3278	1.0084	0.9136
205.2758	130.22850	305.45468	331.81818	2.3405	0.9979	0.9186
205.4282	130.00702	301.36407	313.63635	2.3445	1.0114	0.9718
205.5806	130.09529	293.18253	290.00000	2.3429	1.0396	1.0510
205.7330	130.16386	285.90939	281.81818	2.3417	1.0661	1.0815
205.8854	130.34148	283.63635	288.18182	2.3385	1.0746	1.0577
206.0378	130.11459	284.99982	291.81818	2.3426	1.0695	1.0445
206.1902	129.48592	287.27261	296.36365	2.3539	1.0610	1.0285
206.3426	129.57011	288.18182	301.81818	2.3524	1.0577	1.0099
206.4950	129.72768	287.27286	303.63635	2.3495	1.0610	1.0038
206.6474	129.42046	284.09122	303.63635	2.3551	1.0729	1.0038
206.7998	129.08125	280.90921	298.18182	2.3613	1.0850	1.0222
206.9522	128.15259	275.90964	296.36365	2.3784	1.1047	1.0285
207.1046	128.39932	269.09128	290.00000	2.3738	1.1327	1.0510
207.2570	131.94711	267.27261	286.36365	2.3100	1.1404	1.0644
207.4094	134.73555	268.18182	288.18182	2.2622	1.1365	1.0577
207.5618	135.12009	266.36389	313.63635	2.2558	1.1443	0.9718
207.7142	133.96295	274.54407	316.36365	2.2753	1.1102	0.9634
207.8666	130.04547	286.36337	313.63635	2.3438	1.0644	0.9718
208.0190	128.10379	284.09149	310.00000	2.3793	1.0729	0.9832
208.1714	129.17929	280.00000	298.18182	2.3595	1.0886	1.0222
208.3238	128.00536	265.00208	295.45456	2.3812	1.1502	1.0316
208.4762	129.28725	292.49414	333.63635	2.3575	1.0421	0.9136
208.6286	136.48782	324.31964	284.54544	2.2332	0.9398	1.0712
208.7810	148.10922	334.08807	310.00000	2.0579	0.9123	0.9832
208.9334	155.82892	392.26752	414.54544	1.9560	0.7770	0.7353
209.0858	158.65544	459.08688	445.45456	1.9211	0.6639	0.6842
209.2382	160.81363	507.27011	505.45456	1.8954	0.6009	0.6030
209.3906	160.49612	499.09470	510.00000	1.8991	0.6107	0.5976
209.5430	161.42288	474.99957	460.00000	1.8882	0.6417	0.6626
209.6954	164.75662	479.09079	458.18182	1.8500	0.6362	0.6652
209.8478	166.48505	499.08826	438.18182	1.8308	0.6107	0.6956
210.0002	166.06508	591.80798	510.00000	1.8354	0.5150	0.5976
210.1526	166.80360	655.45593	560.00000	1.8273	0.4650	0.5443
210.3050	167.24722	625.00281	596.36365	1.8225	0.4877	0.5111
210.4574	167.33119	604.99994	610.00000	1.8215	0.5038	0.4997
210.6098	166.93777	602.72766	614.54547	1.8258	0.5057	0.4960
210.7622	167.72258	604.99933	616.36365	1.8173	0.5038	0.4945
210.9146	168.24716	624.99792	614.54547	1.8116	0.4877	0.4960
211.0670	167.44696	640.90894	591.81818	1.8203	0.4756	0.5150
211.2194	167.28377	640.90924	566.36365	1.8221	0.4756	0.5382
211.3718	167.25357	624.09314	521.81818	1.8224	0.4884	0.5841
211.5242	167.69104	608.18182	481.81818	1.8176	0.5012	0.6326
211.6766	168.44421	604.09149	546.36365	1.8095	0.5046	0.5579
211.8290	168.70206	588.18347	588.18182	1.8067	0.5182	0.5182
211.9814	167.22821	570.00085	578.18182	1.8227	0.5347	0.5272
212.1338	167.68277	550.00189	540.00000	1.8177	0.5542	0.5644
212.2862	169.08365	528.18298	541.81818	1.8027	0.5771	0.5626
212.4386	169.04315	520.90894	540.00000	1.8031	0.5851	0.5644
212.5910	170.19626	528.63544	516.36365	1.7909	0.5766	0.5903
212.7434	170.47066	545.45312	504.54544	1.7880	0.5588	0.6041
212.8958	169.85486	578.63312	510.00000	1.7945	0.5268	0.5976
213.0482	170.95422	634.99542	631.81818	1.7829	0.4800	0.4824
213.2006	170.96268	674.09009	645.90906	1.7828	0.4522	0.4719
213.3530	169.86636	670.00140	660.00000	1.7944	0.4549	0.4618
213.5054	170.02129	657.72760	646.36365	1.7927	0.4634	0.4716
213.6578	169.22899	651.81866	641.81818	1.8011	0.4676	0.4749
213.8102	167.18889	635.00183	610.45453	1.8231	0.4800	0.4993
213.9626	163.35567	620.00024	579.09094	1.8659	0.4916	0.5263
214.1150	155.37369	597.27563	547.72729	1.9617	0.5103	0.5565
214.2674	146.10687	564.09259	516.36365	2.0861	0.5403	0.5903
214.4198	142.31792	492.73547	423.63635	2.1417	0.6186	0.7195
214.5722	140.15521	404.54950	376.36365	2.1747	0.7534	0.8099
214.7246	137.32549	356.82077	346.36365	2.2195	0.8542	0.8800
214.8770	135.37679	330.00113	338.18182	2.2515	0.9236	0.9013
215.0294	134.21471	311.81958	314.54544	2.2710	0.9775	0.9690
215.1818	135.47469	288.63821	323.63635	2.2499	1.0560	0.9418
215.3342	140.43370	221.82565	258.18182	2.1704	1.3741	1.1806
215.4866	145.77634	161.36459	231.81818	2.0909	1.8889	1.3148
215.6390	151.24512	172.27026	210.00000	2.0153	1.7693	1.4514
215.7914	156.58037	230.90340	160.00000	1.9466	1.3200	1.9050
215.9438	159.09323	311.81259	260.00000	1.9159	0.9775	1.1723
216.0962	162.94716	378.63263	491.81818	1.8705	0.8050	0.6197
216.2486	164.99352	494.53305	596.36365	1.8473	0.6163	0.5111
216.4010	164.35100	595.90735	660.00000	1.8546	0.5115	0.4618
216.5534	164.23981	615.90802	740.00000	1.8558	0.4949	0.4119
216.7058	163.52966	620.90948	773.63635	1.8639	0.4909	0.3940
216.8582	157.51736	590.91290	724.54547	1.9350	0.5158	0.4207
217.0106	149.47571	519.09711	598.18182	2.0391	0.5872	0.5095
217.1630	146.63156	430.00623	471.81818	2.0787	0.7088	0.6460
217.3154	147.20575	359.54907	415.45456	2.0706	0.8477	0.7337
217.4678	152.04327	307.73087	334.54544	2.0047	0.9905	0.9111
217.6202	156.40308	265.00235	218.18182	1.9488	1.1502	1.3970
217.7726	157.14476	231.36598	305.45453	1.9396	1.3174	0.9979
217.9250	159.70508	273.17361	392.72726	1.9085	1.1158	0.7761
218.0774	164.70020	404.98978	480.00000	1.8506	0.7526	0.6350
218.2298	167.86394	525.90240	496.36365	1.8158	0.5796	0.6141
218.3822	166.93002	580.90808	541.81818	1.8259	0.5247	0.5626
218.5346	165.96773	579.09216	531.81818	1.8365	0.5263	0.5731
218.6870	166.05128	569.09106	541.81818	1.8356	0.5356	0.5626
218.8394	166.02042	568.18182	540.00000	1.8359	0.5364	0.5644
218.9918	166.14465	567.27289	541.81818	1.8345	0.5373	0.5626
219.1442	166.16200	563.18225	540.00000	1.8344	0.5412	0.5644
219.2966	166.07799	556.81860	538.18182	1.8353	0.5474	0.5664
219.4490	166.29581	553.63635	526.36365	1.8329	0.5505	0.5791
219.6014	166.63857	552.72742	626.36365	1.8291	0.5514	0.4866
219.7538	166.67300	552.72711	613.63635	1.8287	0.5514	0.4967
219.9062	166.50110	551.81842	610.00000	1.8306	0.5524	0.4997
220.0586	166.80605	548.18207	576.36365	1.8273	0.5560	0.5288
220.2110	168.06757	554.08984	560.00000	1.8136	0.5501	0.5443
220.3634	169.09813	609.08429	644.54547	1.8025	0.5004	0.4729
220.5158	168.11658	653.18225	595.45453	1.8130	0.4666	0.5119
220.6682	167.35765	654.09033	631.81818	1.8212	0.4660	0.4824
220.8206	167.94191	672.27075	660.00000	1.8149	0.4534	0.4618
220.9730	168.63849	701.36157	704.54547	1.8074	0.4346	0.4326
221.1254	167.18648	734.08844	786.36365	1.8231	0.4152	0.3876
221.2778	162.54509	752.72711	840.00000	1.8752	0.4049	0.3629
221.4302	157.24042	710.91510	824.54547	1.9384	0.4287	0.3697
221.5826	151.77425	614.09851	713.63635	2.0082	0.4963	0.4271
221.7350	144.91330	520.00562	568.18182	2.1033	0.5861	0.5364
221.8874	138.63312	437.73322	378.18182	2.1986	0.6963	0.8060
222.0398	137.44635	350.91534	258.18182	2.2176	0.8686	1.1806
222.1922	142.50919	261.36996	230.00000	2.1388	1.1662	1.3252
222.3446	149.35432	202.27470	184.54546	2.0408	1.5069	1.6516
222.4970	152.82310	193.18112	185.45454	1.9945	1.5778	1.6435
222.6494	156.57188	216.81557	195.45454	1.9467	1.4058	1.5594
222.8018	161.10704	269.54065	313.63635	1.8919	1.1308	0.9718
222.9542	163.83394	348.63004	315.45456	1.8604	0.8743	0.9662
223.1066	165.97617	433.63074	418.18182	1.8364	0.7029	0.7289
223.2590	167.03215	513.63074	481.81818	1.8248	0.5934	0.6326
223.4114	167.84837	571.81561	540.00000	1.8159	0.5330	0.5644
223.5638	168.28232	601.81653	574.54547	1.8112	0.5065	0.5305
223.7162	168.34332	609.54602	540.00000	1.8106	0.5000	0.5644
223.8686	168.23500	603.63660	555.45453	1.8118	0.5049	0.5487
224.0210	168.03043	596.81891	563.63635	1.8140	0.5107	0.5408
224.1734	167.85168	581.81958	511.81818	1.8159	0.5239	0.5955
224.3258	167.61395	565.90991	510.00000	1.8185	0.5386	0.5976
224.4782	167.37877	559.09106	536.36365	1.8210	0.5452	0.5683
224.6306	167.02684	571.36182	544.54547	1.8249	0.5335	0.5597
224.7830	167.49792	612.26886	591.81818	1.8197	0.4978	0.5150
224.9354	167.32433	652.27100	635.45453	1.8216	0.4673	0.4797
225.0878	166.09602	672.27167	676.36365	1.8351	0.4534	0.4506
225.2402	165.01271	679.09106	691.81818	1.8471	0.4488	0.4406
225.3926	164.36632	678.18182	696.36365	1.8544	0.4494	0.4377
225.5450	163.88426	681.36322	710.00000	1.8598	0.4473	0.4293
225.6974	163.33273	684.54547	716.36365	1.8661	0.4453	0.4255
225.8498	161.47835	689.54474	716.36365	1.8876	0.4420	0.4255
226.0022	159.41493	748.17426	720.00000	1.9120	0.4074	0.4233
226.1546	158.79269	676.38129	714.54547	1.9195	0.4506	0.4266
226.3070	156.93970	425.47223	701.81818	1.9421	0.7164	0.4343
226.4594	141.09840	300.00000	286.36365	2.1602	1.0160	1.0644
226.6118	126.46284	287.72900	260.00000	2.4102	1.0593	1.1723
226.7642	126.50269	271.81870	211.81818	2.4094	1.1213	1.4390
226.9166	126.42332	269.99976	263.63635	2.4109	1.1289	1.1561
227.0690	125.72146	274.09058	278.18182	2.4244	1.1120	1.0957
227.2214	125.37729	278.18158	290.00000	2.4311	1.0957	1.0510
227.3738	126.93135	280.00000	290.00000	2.4013	1.0886	1.0510
227.5262	125.98256	273.18280	270.00000	2.4194	1.1157	1.1289
227.6786	120.90744	259.09195	276.36365	2.5209	1.1764	1.1029
227.8310	121.03223	242.72856	266.36365	2.5183	1.2557	1.1443
227.9834	123.69373	228.63707	235.45454	2.4642	1.3331	1.2945
228.1358	128.33386	211.81985	210.00000	2.3751	1.4390	1.4514
228.2882	133.67979	197.72760	180.00000	2.2801	1.5415	1.6933
228.4406	136.79243	211.81587	210.00000	2.2282	1.4390	1.4514
228.5930	148.07231	300.89880	360.00000	2.0585	1.0130	0.8467
228.7454	157.32556	389.54321	454.54544	1.9374	0.7825	0.6706
228.8978	158.91304	434.99582	538.18182	1.9180	0.7007	0.5664
229.0502	160.10394	514.08386	588.18182	1.9038	0.5929	0.5182
229.2026	162.03291	599.08588	628.18182	1.8811	0.5088	0.4852
229.3550	163.52286	631.36407	628.18182	1.8640	0.4828	0.4852
229.5074	162.69777	616.36530	660.00000	1.8734	0.4945	0.4618
229.6598	162.62244	603.18201	606.36365	1.8743	0.5053	0.5027
229.8122	162.78741	605.90851	575.45453	1.8724	0.5030	0.5297
229.9646	162.40623	613.18140	580.00000	1.8768	0.4971	0.5255
230.1170	162.05275	617.27258	585.45453	1.8809	0.4938	0.5206
230.2694	162.05275	618.18182	615.45453	1.8809	0.4931	0.4952
230.4218	162.05275	618.18182	615.45453	1.8809	0.4931	0.4952
230.5742	162.05275	618.18182	615.45453	1.8809	0.4931	0.4952
230.7266	162.05275	618.18182	615.45453	1.8809	0.4931	0.4952
230.8790	162.05275	618.18182	615.45453	1.8809	0.4931	0.4952
231.0314	162.05275	618.18182	615.45453	1.8809	0.4931	0.4952
231.1838	162.05275	618.18182	615.45453	1.8809	0.4931	0.4952
