HOLE:	U1353C
EXPEDITION:	317
TOP:	106.1444
BOTTOM:	208.8620
DEPTH_WMSF	FX	FY	FZ	FNOR	FINC	RB	P1AZ	HAZI	AX	AY	AZ	DEVI
m	oer	oer	oer	oer	deg	deg	deg	deg	m/s2	m/s2	m/s2	deg
106.1444	0.078593	0.187568	-0.471946	0.516086	-66.6021	175.4196	327.7011	152.2814	-0.0103	-0.0589	9.8788	0.3798
106.2968	0.085667	0.185696	-0.471714	0.516086	-66.6021	175.4196	327.7011	152.2814	-0.0688	0.0899	9.9069	0.3798
106.4492	0.096368	0.180183	-0.472057	0.516086	-66.6021	175.4196	327.7011	152.2814	0.2099	0.0014	9.5979	0.3798
106.6016	0.123194	0.162939	-0.473556	0.516086	-66.6021	175.4196	327.7011	152.2814	-0.1333	-0.0181	9.5501	0.3798
106.7540	0.138649	0.148185	-0.475259	0.516508	-66.6336	184.7436	336.6730	151.9292	0.3074	0.0105	10.5414	0.3881
106.9064	0.142167	0.144649	-0.476083	0.516948	-66.6704	187.4429	338.3203	150.8779	-0.2094	-0.1650	9.1613	0.4064
107.0588	0.147776	0.137706	-0.476976	0.517416	-66.7320	190.9484	341.0006	150.0529	0.1669	0.0213	9.7716	0.4042
107.2112	0.153715	0.130403	-0.477925	0.517904	-66.7801	194.7214	343.4933	148.7719	0.1616	-0.0404	9.8994	0.4197
107.3636	0.157272	0.125676	-0.478686	0.518420	-66.8067	195.7134	345.7174	150.0027	0.0837	-0.0091	9.6910	0.4328
107.5160	0.160456	0.121515	-0.479064	0.518944	-66.8473	197.9165	347.1422	149.2253	0.0717	-0.0488	9.9188	0.4441
107.6684	0.164809	0.116186	-0.479435	0.519470	-66.8941	200.5430	349.1731	148.6283	0.1261	-0.0537	9.5999	0.4547
107.8208	0.168061	0.111708	-0.479737	0.519999	-66.9443	201.5249	350.7918	149.2650	0.0590	-0.0340	9.7702	0.4505
107.9732	0.174567	0.100592	-0.480328	0.520480	-66.9876	205.0826	353.4765	148.3930	0.0618	-0.0282	9.6533	0.4804
108.1256	0.178488	0.091687	-0.480932	0.520897	-67.0358	207.8603	357.0805	149.2197	0.1249	-0.1278	9.9295	0.4670
108.2780	0.179284	0.088929	-0.481513	0.521311	-67.0568	207.9809	358.3937	150.4115	-0.0149	0.0353	9.7285	0.4822
108.4304	0.179274	0.089241	-0.482090	0.521694	-67.0988	210.2791	358.9821	148.7035	0.1088	-0.1361	10.0041	0.4845
108.5828	0.179314	0.089567	-0.482927	0.522044	-67.1134	209.5034	358.4237	148.9185	0.0706	-0.0430	9.7304	0.4999
108.7352	0.181069	0.086163	-0.482666	0.522373	-67.1374	210.8397	359.2451	148.4029	0.0940	-0.0379	9.9102	0.5090
108.8876	0.182854	0.082612	-0.482856	0.522692	-67.1626	212.0462	0.4550	148.4065	0.0741	-0.0235	9.9544	0.5148
109.0400	0.183452	0.080233	-0.483239	0.522913	-67.2212	212.4624	1.2814	148.8184	0.0875	-0.0477	9.6877	0.5146
109.1924	0.184643	0.075596	-0.483815	0.523374	-67.2067	213.4475	2.4419	148.9928	0.0596	-0.0915	9.6636	0.5223
109.3448	0.185640	0.073133	-0.484199	0.523818	-67.1951	214.7106	3.4514	148.7405	0.1056	-0.1167	9.9395	0.5277
109.4972	0.187816	0.069370	-0.484382	0.524242	-67.1807	215.0617	4.2658	149.2024	0.0565	0.0951	9.7068	0.5209
109.6496	0.191185	0.060874	-0.484364	0.524639	-67.1554	217.2190	6.4388	149.2198	0.0148	0.0256	9.9858	0.5263
109.8020	0.192694	0.054841	-0.484635	0.524986	-67.1265	218.6111	8.3604	149.7476	0.0665	-0.0371	9.7786	0.5262
109.9544	0.194196	0.046398	-0.485345	0.525317	-67.0995	221.7072	10.8500	149.1408	0.0851	-0.1038	9.7653	0.5320
110.1068	0.193530	0.041074	-0.485438	0.525623	-67.0703	223.4648	13.0495	149.5655	0.0750	-0.0928	9.9483	0.5371
110.2592	-0.074911	0.191140	-0.486459	0.525915	-67.0520	136.2463	285.2817	149.0368	0.0451	0.0682	9.9306	0.5383
110.4116	-0.125880	0.163256	-0.486523	0.526190	-67.0272	118.1031	267.3301	149.2289	0.0151	0.0789	9.8110	0.5335
110.5640	-0.151727	0.139199	-0.486572	0.526444	-66.9969	99.8396	249.4215	149.5820	0.0127	0.0939	9.8162	0.5288
110.7164	-0.155084	0.135437	-0.486576	0.526666	-66.9622	97.5790	246.8007	149.2223	0.0008	0.0813	9.7200	0.5288
110.8688	-0.157663	0.132842	-0.486287	0.526858	-66.9301	96.8544	245.7075	148.8533	0.0009	0.0346	9.6983	0.5347
111.0212	-0.161772	0.128132	-0.486065	0.527048	-66.9004	94.5528	244.1057	149.5539	0.0245	0.0547	10.0307	0.5231
111.1736	-0.166100	0.122600	-0.485962	0.527225	-66.8697	92.3112	242.2043	149.8930	-0.0016	0.0633	10.0235	0.5181
111.3260	-0.167908	0.117311	-0.486323	0.527379	-66.8328	89.6756	240.6094	150.9346	-0.1191	0.1663	9.7427	0.5064
111.4784	-0.172463	0.111980	-0.486021	0.527517	-66.7960	87.2473	238.9714	151.7234	-0.0307	0.0858	9.7045	0.4942
111.6308	-0.172674	0.112504	-0.486020	0.527706	-66.7222	85.9365	238.0295	152.0932	-0.0241	0.0860	9.7336	0.4920
111.7832	-0.175491	0.107938	-0.485596	0.527611	-66.7225	84.4816	237.1494	152.6671	-0.0184	0.0444	9.8077	0.4837
111.9356	-0.181211	0.099213	-0.485411	0.527491	-66.7214	81.8545	234.9200	153.0662	0.0275	0.1131	10.0205	0.4774
112.0880	-0.184391	0.091391	-0.485545	0.527349	-66.7187	78.7706	232.0993	153.3290	-0.0376	0.0625	9.9430	0.4741
112.2404	-0.187559	0.085921	-0.485452	0.527192	-66.7192	76.6807	230.4295	153.7496	-0.0126	0.0214	9.7860	0.4747
112.3928	-0.193254	0.071506	-0.485339	0.527034	-66.7227	72.5659	226.9852	154.4184	-0.0305	0.0597	9.6081	0.4635
112.5452	-0.196413	0.062589	-0.485256	0.526839	-66.7299	68.6361	223.5738	154.9371	-0.0341	0.0679	9.8041	0.4571
112.6976	-0.198115	0.054232	-0.485424	0.526626	-66.7370	65.9545	221.3416	155.3871	-0.0358	0.0606	9.8192	0.4478
112.8500	-0.201897	0.041226	-0.484864	0.526385	-66.7456	61.8557	217.8121	155.9562	-0.0383	0.0661	9.8676	0.4441
113.0024	-0.202741	0.031666	-0.484824	0.526090	-66.7564	58.0597	214.7005	156.6402	-0.0236	0.0593	9.7538	0.4437
113.1548	-0.205500	0.011986	-0.484259	0.523562	-67.2580	53.7844	210.3612	156.5762	-0.0332	0.0710	9.8132	0.4335
113.3072	-0.204234	-0.004559	-0.484307	0.521295	-67.7280	48.4828	205.3348	156.8511	-0.0299	0.0735	9.9259	0.4202
113.4596	-0.203140	-0.027800	-0.483824	0.519566	-68.0169	44.1925	199.9995	155.8064	-0.0522	0.0561	9.7659	0.4094
113.6120	-0.198228	-0.051037	-0.483594	0.518703	-68.0206	36.9886	192.6940	155.7061	-0.0595	0.0395	9.7593	0.4027
113.7644	-0.190466	-0.072110	-0.483547	0.517850	-68.0287	31.1683	186.7974	155.6293	-0.0349	0.0366	9.8808	0.3916
113.9168	-0.177192	-0.100517	-0.482867	0.517020	-68.0389	23.4162	178.3482	154.9319	-0.0745	0.0164	9.8745	0.3850
114.0692	-0.157812	-0.126960	-0.482756	0.516201	-68.0474	15.6935	169.5339	153.8405	-0.0756	0.0227	9.8971	0.3783
114.2216	-0.138483	-0.146636	-0.482229	0.515398	-68.0530	7.7089	160.9277	153.2176	-0.0648	0.0139	9.7903	0.3754
114.3740	0.029075	0.202251	-0.471142	0.514609	-68.0595	58.3240	210.9823	152.6590	0.0659	0.0306	9.8271	0.3793
114.5264	-0.019501	0.080024	-0.482719	0.513872	-68.0733	186.0135	337.7299	151.7331	0.0029	0.0384	9.8279	0.3728
114.6788	0.013827	-0.200854	-0.471556	0.513159	-68.0768	310.1717	101.8153	151.6272	-0.0525	-0.0376	9.8014	0.3728
114.8312	0.014773	-0.200094	-0.471776	0.512533	-68.0929	320.5205	110.6167	150.0957	-0.0419	-0.0243	9.8128	0.3640
114.9836	0.015642	-0.200111	-0.471987	0.511964	-68.1076	321.1431	110.5193	149.3754	-0.0456	-0.0301	9.8334	0.3609
115.1360	0.015203	-0.199947	-0.472310	0.511492	-68.1175	321.9317	110.5227	148.5930	-0.0546	-0.0297	9.8802	0.3621
115.2884	0.015169	-0.200233	-0.472299	0.511089	-68.1302	323.1072	110.6013	147.4948	-0.0657	0.0052	9.8718	0.3657
115.4408	0.017187	-0.199642	-0.472299	0.510750	-68.1406	323.2487	110.2665	147.0193	-0.0305	0.0251	9.8166	0.3699
115.5932	0.018287	-0.198633	-0.472860	0.510463	-68.1565	323.6969	109.8414	146.1465	-0.0692	-0.0809	9.8475	0.3745
115.7456	0.020317	-0.199326	-0.473245	0.511537	-67.8668	323.2473	109.3851	146.1386	-0.0477	-0.0474	10.2267	0.3880
115.8980	0.021108	-0.199425	-0.472909	0.513227	-67.4383	322.1413	108.9790	146.8382	-0.0682	-0.0024	9.4527	0.4092
116.0504	0.029364	-0.198028	-0.474018	0.514645	-67.1101	319.4935	107.3238	147.8312	-0.0435	-0.0204	9.6756	0.4350
116.2028	0.044419	-0.194966	-0.475165	0.515515	-66.9801	315.5699	104.1994	148.6305	-0.0843	-0.0635	10.4708	0.4569
116.3552	0.046375	-0.194734	-0.475197	0.515903	-67.0127	312.9153	101.7328	148.8189	-0.1488	-0.0849	9.1510	0.4713
116.5076	0.051942	-0.192994	-0.476259	0.516317	-67.0421	311.8071	100.7693	148.9625	-0.0674	-0.0570	9.8778	0.4914
116.6600	0.058111	-0.190671	-0.477302	0.516738	-67.0694	309.6698	98.9635	149.2944	-0.0696	-0.0806	9.7183	0.5122
116.8124	0.064584	-0.187817	-0.478092	0.517167	-67.0957	307.2904	96.9901	149.7002	-0.0467	-0.0681	9.9375	0.5333
116.9648	0.069954	-0.185151	-0.478919	0.517618	-67.1207	305.0313	95.2221	150.1924	-0.0537	-0.0674	9.5120	0.5600
117.1172	0.075082	-0.182494	-0.479669	0.518079	-67.1576	303.3951	93.4614	150.0666	-0.0500	-0.0928	9.9366	0.5724
117.2696	0.078172	-0.181189	-0.479790	0.518544	-67.1836	301.9238	92.3996	150.4778	-0.0595	-0.1175	9.7559	0.6041
117.4220	0.083578	-0.178318	-0.480995	0.519026	-67.2158	300.1473	90.9408	150.7946	-0.0589	-0.1229	9.9814	0.6303
117.5744	0.086841	-0.176898	-0.480826	0.519485	-67.2465	298.7590	89.7117	150.9542	-0.0538	-0.1178	9.6431	0.6559
117.7268	0.088967	-0.176167	-0.481658	0.519920	-67.2694	297.8430	88.9370	151.0958	-0.0561	-0.1353	9.9270	0.6903
117.8792	0.091083	-0.174775	-0.482039	0.520341	-67.2912	296.8462	88.2770	151.4321	-0.0555	-0.1003	9.7201	0.7204
118.0316	0.094161	-0.173600	-0.482154	0.520739	-67.3156	295.7802	87.5191	151.7403	-0.0553	-0.1055	10.0317	0.7430
118.1840	0.095625	-0.172473	-0.482758	0.521109	-67.3397	295.0290	86.8020	151.7753	-0.0519	-0.1320	9.8574	0.7636
118.3364	0.098221	-0.170203	-0.483228	0.521462	-67.3601	294.1525	85.9799	151.8300	-0.0413	-0.0954	9.5526	0.7814
118.4888	0.107689	-0.163757	-0.483791	0.521797	-67.3721	291.6669	83.7862	152.1210	-0.0301	-0.1325	9.4207	0.8009
118.6412	0.123084	-0.152601	-0.484343	0.522116	-67.3838	286.6685	78.7532	152.0854	-0.0541	-0.1383	9.9158	0.8183
118.7936	0.132167	-0.144706	-0.484909	0.522430	-67.3997	283.0193	74.8200	151.8016	-0.0422	-0.1842	9.8882	0.8307
118.9460	0.139954	-0.137569	-0.485046	0.522714	-67.4201	280.0257	71.6077	151.5834	-0.0065	-0.1388	9.7264	0.8283
119.0984	0.148155	-0.128918	-0.485463	0.522994	-67.4283	276.7884	68.1945	151.4070	-0.0323	-0.1815	9.8482	0.8427
119.2508	0.154623	-0.120878	-0.485449	0.523247	-67.4378	273.8645	65.1284	151.2648	-0.0023	-0.1554	9.8381	0.8525
119.4032	0.161752	-0.111171	-0.485655	0.523496	-67.4494	270.6528	61.7679	151.1156	0.0131	-0.1494	9.5353	0.8586
119.5556	0.169821	-0.098833	-0.486008	0.523740	-67.4596	266.8086	57.7884	150.9800	-0.0072	-0.1294	9.9027	0.8673
119.7080	0.173661	-0.090851	-0.486077	0.523972	-67.4734	263.9337	54.6154	150.6809	0.0297	-0.1599	9.9080	0.8685
119.8604	0.175769	-0.087505	-0.486323	0.524192	-67.4831	262.2468	52.6242	150.3762	-0.1234	-0.1732	9.3959	0.8676
120.0128	0.180445	-0.077567	-0.486447	0.524403	-67.4881	260.2813	50.3644	150.0818	-0.0264	-0.1680	9.7795	0.8669
120.1652	0.184766	-0.067148	-0.486552	0.524609	-67.4957	257.5378	47.1146	149.5751	-0.0052	-0.1175	9.8987	0.8616
120.3176	0.188569	-0.055882	-0.486555	0.524808	-67.5013	254.6374	43.7441	149.1055	-0.0209	-0.1285	9.8424	0.8586
120.4700	0.191774	-0.044458	-0.486714	0.525001	-67.5000	251.0085	40.2185	149.2079	0.0546	-0.1417	9.9086	0.8582
120.6224	0.193857	-0.034152	-0.486946	0.525193	-67.5055	248.0521	37.1735	149.1189	0.0615	-0.1331	10.0825	0.8493
120.7748	0.194906	-0.028062	-0.487148	0.525386	-67.5147	246.1346	34.5798	148.4430	0.0748	-0.1252	9.9673	0.8449
120.9272	0.195672	-0.023364	-0.487122	0.525594	-67.5169	245.1623	33.4285	148.2641	0.0781	-0.1150	9.8617	0.8420
121.0796	0.196635	-0.017800	-0.487188	0.525782	-67.5160	243.3674	31.4743	148.1045	0.0661	-0.1448	9.5947	0.8405
121.2320	0.197412	-0.007710	-0.487196	0.525981	-67.5192	241.5656	29.1421	147.5735	0.0495	-0.1028	9.6945	0.8375
121.3844	0.197796	0.000743	-0.487787	0.526178	-67.5225	239.4264	26.5411	147.1127	0.0489	-0.1157	9.9588	0.8302
121.5368	0.197815	0.008833	-0.488052	0.526362	-67.5223	237.4290	24.4226	146.9907	0.0781	-0.1341	9.8627	0.8218
121.6892	0.195424	0.028369	-0.488369	0.526552	-67.5198	232.6109	19.3575	146.7431	0.0988	-0.1062	10.2161	0.8213
121.8416	0.194633	0.034599	-0.488416	0.526741	-67.5138	230.0340	16.7973	146.7600	0.1419	-0.1014	9.2330	0.8215
121.9940	0.193591	0.041081	-0.488716	0.526940	-67.5109	227.3925	14.0411	146.6451	0.0961	-0.0986	10.1079	0.8163
122.1464	0.192990	0.043734	-0.489009	0.527119	-67.5058	227.1570	13.6237	146.4645	0.1010	-0.1041	9.7357	0.8140
122.2988	0.191511	0.051126	-0.488913	0.527306	-67.5022	225.0011	11.3608	146.3573	0.1034	-0.0982	10.0153	0.8106
122.4512	0.189983	0.056054	-0.489032	0.527499	-67.4987	223.8522	10.4050	146.5497	0.0909	-0.0894	8.6366	0.8139
122.6036	0.184819	0.072412	-0.489033	0.527702	-67.4914	218.5516	5.4481	146.8932	0.1084	-0.0835	9.8386	0.8228
122.7560	0.183915	0.074782	-0.489195	0.527870	-67.4870	216.6225	3.9623	147.3374	0.1104	-0.0806	9.4703	0.8262
122.9084	0.180178	0.083802	-0.489233	0.528040	-67.4811	214.0865	1.9785	147.8883	0.1105	-0.0770	10.0421	0.8298
123.0608	0.177499	0.089738	-0.489102	0.528201	-67.4760	211.6451	359.8342	148.1859	0.1164	-0.0724	9.8689	0.8371
123.2132	0.174820	0.095373	-0.489548	0.528368	-67.4741	209.4158	357.8473	148.4288	0.1133	-0.0679	9.7652	0.8363
123.3656	0.168567	0.106501	-0.489726	0.528517	-67.4606	206.0204	355.1901	149.1677	0.1182	-0.0594	10.1572	0.8447
123.5180	0.163510	0.113612	-0.489895	0.528667	-67.4524	202.2887	351.8926	149.6012	0.1284	-0.0603	9.8350	0.8487
123.6704	0.155944	0.122502	-0.490505	0.528820	-67.4428	198.7645	348.9778	150.2114	0.1495	-0.0496	9.9590	0.8530
123.8228	0.153309	0.125799	-0.490624	0.528969	-67.4315	195.9276	346.6830	150.7540	0.1531	-0.0430	9.5340	0.8572
123.9752	0.144843	0.135592	-0.490361	0.529113	-67.4192	193.1027	344.4569	151.3524	0.1485	-0.0317	10.2699	0.8611
124.1276	0.141288	0.139270	-0.490966	0.529261	-67.4068	189.5811	341.4533	151.8708	0.1503	-0.0194	9.8504	0.8662
124.2800	0.131409	0.148455	-0.490895	0.529412	-67.3949	187.1236	339.5894	152.4646	0.1498	-0.0080	9.9367	0.8687
124.4324	0.118412	0.159573	-0.491194	0.529550	-67.3819	180.8741	333.9305	153.0565	0.1538	0.0082	10.1383	0.8743
124.5848	0.116919	0.160960	-0.491056	0.529682	-67.3700	178.2518	331.8941	153.6426	0.1584	0.0108	9.4895	0.8765
124.7372	0.103988	0.169625	-0.491122	0.529814	-67.3550	174.9728	329.2264	154.2536	0.1512	0.0228	10.3921	0.8831
124.8896	0.102082	0.170825	-0.491107	0.529938	-67.3409	171.7806	326.7095	154.9299	0.1509	0.0254	9.8405	0.8845
125.0420	0.088958	0.178499	-0.491188	0.530052	-67.3244	169.0013	324.4239	155.4232	0.1452	0.0403	10.2541	0.8840
125.1944	0.083128	0.181514	-0.491135	0.530163	-67.3093	164.7326	320.6219	155.8907	0.1449	0.0420	9.8826	0.8791
125.3468	0.071572	0.186640	-0.491245	0.530283	-67.2929	162.5401	318.8195	156.2811	0.1385	0.0503	9.8938	0.8769
125.4992	0.060941	0.190610	-0.491279	0.530400	-67.2750	157.5139	314.0659	156.5543	0.1388	0.0595	9.9682	0.8751
125.6516	0.054196	0.192553	-0.491299	0.530500	-67.2599	156.1242	312.8190	156.6979	0.1346	0.0627	9.4927	0.8686
125.8040	0.039315	0.196853	-0.491454	0.530602	-67.2429	151.1569	307.9887	156.8345	0.1260	0.0701	10.1667	0.8681
125.9564	0.034174	0.197709	-0.491361	0.530711	-67.2300	149.6876	306.5500	156.8645	0.1247	0.0777	9.5146	0.8647
126.1088	0.019687	0.199757	-0.491404	0.530824	-67.2166	145.4036	302.3202	156.9200	0.1209	0.0885	9.8580	0.8629
126.2612	0.006891	0.200798	-0.491576	0.530934	-67.2024	142.7068	299.6767	156.9735	0.1109	0.0935	10.1678	0.8630
126.4136	-0.001927	0.201104	-0.491430	0.531043	-67.1913	138.5506	295.5102	156.9630	0.1050	0.0995	9.9270	0.8625
126.5660	-0.011741	0.201107	-0.491495	0.531152	-67.1795	136.9123	293.8266	156.9181	0.1038	0.1028	9.6613	0.8646
126.7184	-0.025523	0.199747	-0.491687	0.531265	-67.1692	132.9444	289.7968	156.8553	0.0955	0.1080	10.2584	0.8634
126.8708	-0.029703	0.199402	-0.491544	0.531353	-67.1577	130.9196	287.5158	156.5995	0.0923	0.1106	9.7467	0.8653
127.0232	-0.036928	0.198409	-0.491800	0.531457	-67.1481	129.8268	286.1069	156.2828	0.0919	0.1175	9.9411	0.8615
127.1756	-0.045160	0.196829	-0.492058	0.531562	-67.1375	127.5373	283.5023	155.9685	0.0847	0.1173	9.9146	0.8625
127.3280	-0.049143	0.195558	-0.492140	0.531668	-67.1305	126.5968	282.2317	155.6387	0.0859	0.1244	9.7189	0.8589
127.4804	-0.059114	0.192906	-0.492202	0.531760	-67.1217	124.4092	279.6158	155.2096	0.0791	0.1284	10.1101	0.8590
127.6328	-0.066102	0.190758	-0.492208	0.531838	-67.1155	123.1983	277.9097	154.7138	0.0793	0.1326	9.7287	0.8557
127.7852	-0.076086	0.187229	-0.492208	0.531923	-67.1074	120.0448	274.2652	154.2237	0.0733	0.1368	9.9777	0.8549
127.9376	-0.076544	0.187192	-0.492245	0.531999	-67.1009	119.7254	273.5178	153.7959	0.0747	0.1341	9.8623	0.8512
128.0900	-0.091175	0.181170	-0.491828	0.532062	-67.0967	117.4456	270.7842	153.3418	0.0673	0.1284	9.8443	0.8498
128.2424	-0.092882	0.180616	-0.492021	0.532137	-67.0928	115.7444	268.6832	152.9407	0.0658	0.1274	9.8540	0.8486
128.3948	-0.094729	0.179745	-0.492253	0.532208	-67.0898	115.6667	268.2184	152.5538	0.0664	0.1281	9.8378	0.8450
128.5472	-0.097611	0.178296	-0.492175	0.532271	-67.0849	115.1179	267.4240	152.3088	0.0637	0.1276	9.8081	0.8429
128.6996	-0.100780	0.176389	-0.491802	0.532330	-67.0782	114.2359	266.3383	152.1046	0.0632	0.1281	9.8302	0.8401
128.8520	-0.105196	0.174256	-0.491899	0.532380	-67.0721	113.3248	265.1857	151.8637	0.0621	0.1250	9.7515	0.8379
129.0044	-0.110104	0.171453	-0.491752	0.532422	-67.0678	111.6911	263.4205	151.7308	0.0552	0.1267	9.8507	0.8338
129.1568	-0.112120	0.169854	-0.491912	0.532460	-67.0648	110.7062	262.5552	151.8506	0.0533	0.1285	9.8292	0.8306
129.3092	-0.112752	0.169381	-0.492122	0.532505	-67.0628	109.9606	262.1299	152.1710	0.0531	0.1285	9.8379	0.8275
129.4616	-0.115570	0.167376	-0.492075	0.532556	-67.0609	108.9677	261.6155	152.6504	0.0472	0.1280	9.7735	0.8265
129.6140	-0.119149	0.164723	-0.492343	0.532595	-67.0590	106.8626	260.1688	153.3085	0.0434	0.1302	9.9098	0.8270
129.7664	-0.121271	0.163448	-0.492306	0.532612	-67.0581	105.1759	259.2649	154.0907	0.0404	0.1355	9.8366	0.8271
129.9188	-0.121535	0.163285	-0.492400	0.532622	-67.0578	104.0444	258.9977	154.9548	0.0378	0.1375	9.8270	0.8278
130.0712	-0.121665	0.162994	-0.492308	0.532647	-67.0567	102.9818	258.9269	155.9468	0.0396	0.1374	9.7876	0.8285
130.2236	-0.124952	0.160060	-0.492372	0.532693	-67.0557	101.1463	258.1431	156.9979	0.0316	0.1382	9.7798	0.8300
130.3760	-0.125215	0.159298	-0.492880	0.532723	-67.0554	99.4120	257.3917	157.9799	0.0232	0.1426	9.8568	0.8329
130.5284	-0.127698	0.157161	-0.492944	0.532754	-67.0563	97.8531	256.7300	158.8773	0.0147	0.1470	9.8386	0.8349
130.6808	-0.129212	0.155833	-0.492946	0.532782	-67.0555	96.1926	256.1110	159.9188	0.0140	0.1473	9.8269	0.8378
130.8332	-0.131452	0.153702	-0.492950	0.532821	-67.0552	94.4368	255.3823	160.9464	0.0054	0.1473	9.7880	0.8397
130.9856	-0.134588	0.150464	-0.492924	0.532844	-67.0548	92.1678	254.0791	161.9122	-0.0021	0.1464	9.8431	0.8412
131.1380	-0.136157	0.148914	-0.492959	0.532863	-67.0553	90.4640	253.2791	162.8153	-0.0071	0.1478	9.8431	0.8420
131.2904	-0.138426	0.146963	-0.493077	0.532879	-67.0572	88.8470	252.4797	163.6331	-0.0124	0.1467	9.8414	0.8420
131.4428	-0.140257	0.145173	-0.493202	0.532887	-67.0596	87.2904	251.6842	164.3934	-0.0135	0.1476	9.8340	0.8415
131.5952	-0.142238	0.143565	-0.493128	0.532913	-67.0617	85.7954	250.9345	165.1386	-0.0138	0.1458	9.8035	0.8413
131.7476	-0.145876	0.139830	-0.493097	0.532947	-67.0638	83.8982	249.7472	165.8486	-0.0155	0.1428	9.8401	0.8425
131.9000	-0.146746	0.138461	-0.493103	0.532973	-67.0660	82.2777	248.8857	166.6077	-0.0258	0.1475	9.8048	0.8458
132.0524	-0.146569	0.138825	-0.493474	0.532997	-67.0677	81.4024	248.8077	167.4046	-0.0235	0.1407	9.9133	0.8512
132.2048	-0.147223	0.138459	-0.493271	0.533019	-67.0696	80.4876	248.6428	168.1543	-0.0236	0.1382	9.8085	0.8576
132.3572	-0.147195	0.138459	-0.493251	0.533037	-67.0715	79.7553	248.5884	168.8318	-0.0232	0.1381	9.8250	0.8662
132.5096	-0.147672	0.138346	-0.493200	0.532638	-67.1903	78.3128	248.4640	170.1496	-0.0217	0.1370	9.7900	0.8460
132.6620	-0.148522	0.137305	-0.493027	0.532458	-67.2540	76.3067	248.1315	171.8238	-0.0214	0.1370	9.9044	0.8167
132.8144	-0.152242	0.132781	-0.493403	0.532347	-67.2911	73.4180	247.0345	173.6150	-0.0279	0.1362	9.8553	0.7897
132.9668	-0.152924	0.130866	-0.493808	0.532242	-67.3307	70.3273	245.8652	175.5359	-0.0377	0.1446	9.8300	0.7610
133.1192	-0.156993	0.125194	-0.494125	0.532147	-67.3654	66.5472	244.1290	177.5801	-0.0527	0.1492	9.8746	0.7337
133.2716	-0.158376	0.123127	-0.494091	0.532053	-67.4028	63.4625	243.1323	179.6680	-0.0585	0.1556	10.0308	0.7083
133.4240	-0.157736	0.123515	-0.494160	0.531943	-67.4395	60.8154	242.8667	182.0493	-0.0609	0.1577	9.6585	0.6883
133.5764	-0.157834	0.122670	-0.494116	0.531827	-67.4787	57.9234	242.6200	184.6949	-0.0612	0.1650	9.7898	0.6686
133.7288	-0.012108	-0.197372	-0.492801	0.531716	-67.5157	231.4955	161.7496	187.4387	0.0227	-0.0848	9.8615	0.6536
133.8812	-0.013131	-0.196257	-0.493506	0.531608	-67.5574	291.3064	121.5010	190.1960	0.0198	-0.0870	9.7299	0.6418
134.0336	-0.014301	-0.196831	-0.492903	0.531507	-67.5984	285.4386	118.4519	193.0141	0.0143	-0.0897	9.7606	0.6285
134.1860	-0.014371	-0.196570	-0.493311	0.531404	-67.6333	282.6326	118.5003	195.8682	0.0105	-0.0798	9.8711	0.6120
134.3384	-0.014126	-0.197769	-0.492913	0.531290	-67.6686	279.5923	118.3708	198.7790	0.0141	-0.0798	9.8682	0.5903
134.4908	-0.012860	-0.196612	-0.493405	0.531175	-67.7051	276.2834	118.0711	201.7880	0.0068	-0.0860	9.8583	0.5628
134.6432	-0.010694	-0.196429	-0.493390	0.531062	-67.7423	272.5228	117.5619	205.0393	0.0018	-0.1035	9.6708	0.5322
134.7956	-0.013369	-0.196082	-0.493343	0.530951	-67.7808	268.9978	117.7142	208.7163	0.0192	-0.0988	10.0787	0.5006
134.9480	-0.012799	-0.196179	-0.493490	0.530846	-67.8204	264.7352	117.7783	213.0427	0.0103	-0.1065	9.6750	0.4691
135.1004	-0.010506	-0.195070	-0.493928	0.531065	-67.7676	262.3602	117.2773	214.9167	0.0153	-0.1104	9.7706	0.4485
135.2528	-0.009670	-0.196676	-0.493395	0.531210	-67.7299	261.9276	116.8183	214.8905	0.0099	-0.0914	9.7827	0.4342
135.4052	-0.004357	-0.198486	-0.492878	0.531205	-67.7370	261.0518	115.8260	214.7738	0.0078	-0.0739	9.8943	0.4191
135.5576	-0.001166	-0.198362	-0.492808	0.531203	-67.7438	260.1237	114.5976	214.4734	0.0122	-0.0612	9.8840	0.4050
135.7100	0.004160	-0.198710	-0.492853	0.531197	-67.7523	259.2601	113.2119	213.9514	0.0141	-0.0510	9.7661	0.3918
135.8624	0.018571	-0.198143	-0.492787	0.531189	-67.7597	256.4810	110.0647	213.5834	0.0112	-0.0489	9.7945	0.3765
136.0148	0.046236	-0.193448	-0.492690	0.531183	-67.7669	250.3969	103.8201	213.4230	0.0145	-0.0392	9.8957	0.3561
136.1672	0.059358	-0.189708	-0.492678	0.531180	-67.7738	245.0871	98.2492	213.1618	0.0221	-0.0382	9.8612	0.3348
136.3196	0.067254	-0.186783	-0.492731	0.531187	-67.7801	241.9241	94.8636	212.9390	0.0233	-0.0375	9.7596	0.3125
136.4720	0.081541	-0.180687	-0.492587	0.531192	-67.7846	238.4866	91.3397	212.8525	0.0268	-0.0405	9.8039	0.2884
136.6244	0.091041	-0.175796	-0.492552	0.531192	-67.7885	235.0478	87.8933	212.8450	0.0304	-0.0380	9.9370	0.2671
136.7768	0.095764	-0.173562	-0.492678	0.531187	-67.7966	232.9125	85.8574	212.9445	0.0231	-0.0401	9.7839	0.2511
136.9292	0.095500	-0.173809	-0.492571	0.531183	-67.8061	232.1718	85.1460	212.9738	0.0164	-0.0362	9.6952	0.2404
137.0816	0.099739	-0.172089	-0.492621	0.531179	-67.8139	231.0691	84.0221	212.9523	0.0199	-0.0342	9.7629	0.2335
137.2340	0.111425	-0.164419	-0.492535	0.531164	-67.8194	228.1982	81.4708	213.2722	0.0260	-0.0219	9.9600	0.2298
137.3864	0.111722	-0.164037	-0.492566	0.531153	-67.8264	226.0381	79.8720	213.8337	0.0255	-0.0225	9.8256	0.2286
137.5388	0.110853	-0.165479	-0.492564	0.531152	-67.8330	225.6259	80.1471	214.5214	0.0245	-0.0201	9.8375	0.2281
137.6912	0.111384	-0.164582	-0.492516	0.531160	-67.8364	224.8633	79.9867	215.1234	0.0186	-0.0254	9.7588	0.2274
137.8436	0.117573	-0.160198	-0.492571	0.531175	-67.8401	222.9292	78.5733	215.6438	0.0213	-0.0236	9.7108	0.2264
137.9960	0.122407	-0.156752	-0.492432	0.531195	-67.8427	219.8788	76.6083	216.7296	0.0315	-0.0206	9.8238	0.2254
138.1484	0.128381	-0.151075	-0.492824	0.531218	-67.8452	216.3147	74.5118	218.1973	0.0324	-0.0238	9.7312	0.2241
138.3008	0.133153	-0.146849	-0.492933	0.531236	-67.8479	212.7347	72.5578	219.8228	0.0296	-0.0204	9.8679	0.2235
138.4532	0.135852	-0.145187	-0.492414	0.531252	-67.8511	209.9584	71.1964	221.2373	0.0392	-0.0225	9.8967	0.2241
138.6056	0.136421	-0.143110	-0.493188	0.531268	-67.8547	208.6921	70.4970	221.8043	0.0384	-0.0202	9.9847	0.2253
138.7580	0.137102	-0.142949	-0.493103	0.531291	-67.8557	208.3394	70.2465	221.9062	0.0375	-0.0209	9.8518	0.2279
138.9104	0.141240	-0.139122	-0.492934	0.531303	-67.8578	207.4870	69.4131	221.9255	0.0384	-0.0257	10.0280	0.2315
139.0628	0.142988	-0.137137	-0.492973	0.531304	-67.8618	206.1846	67.9613	221.7768	0.0412	-0.0163	9.7773	0.2354
139.2152	0.146676	-0.133326	-0.493088	0.531314	-67.8635	205.6044	66.8640	221.2598	0.0418	-0.0099	9.8378	0.2394
139.3676	0.147599	-0.132418	-0.493103	0.531322	-67.8639	205.5499	66.0112	220.4611	0.0409	-0.0112	9.7057	0.2452
139.5200	0.145228	-0.135044	-0.493004	0.531333	-67.8655	206.7144	66.4797	219.7657	0.0456	-0.0093	9.9281	0.2517
139.6724	0.144447	-0.135945	-0.493003	0.531341	-67.8693	208.6278	67.3761	218.7484	0.0391	-0.0162	9.7439	0.2581
139.8248	0.139813	-0.140277	-0.493043	0.531365	-67.8701	210.9986	68.4226	217.4241	0.0388	-0.0200	9.8268	0.2630
139.9772	0.142010	-0.138875	-0.493059	0.531390	-67.8697	213.2216	68.9628	215.7413	0.0409	-0.0190	9.8707	0.2674
140.1296	0.137233	-0.142368	-0.493095	0.531411	-67.8632	215.2327	69.2298	213.9966	0.0377	-0.0272	9.9170	0.2701
140.2820	0.135249	-0.144476	-0.493010	0.531438	-67.8580	218.3642	70.9352	212.5707	0.0273	-0.0337	9.7861	0.2725
140.4344	0.120887	-0.156490	-0.493101	0.531462	-67.8532	222.5220	73.9158	211.3936	0.0291	-0.0523	9.7994	0.2747
140.5868	0.108781	-0.165528	-0.493076	0.531496	-67.8452	229.1974	78.7727	209.5748	0.0341	-0.0406	9.8641	0.2761
140.7392	0.099875	-0.169233	-0.493791	0.531532	-67.8335	234.8183	82.5835	207.7649	0.0391	-0.0457	9.7419	0.2798
140.8916	0.096147	-0.171778	-0.493793	0.531576	-67.8195	238.2733	84.5523	206.2788	0.0264	-0.0472	9.7994	0.2818
141.0440	0.084172	-0.178992	-0.493286	0.531631	-67.8041	242.7067	87.4268	204.7198	0.0267	-0.0647	9.7961	0.2836
141.1964	0.060116	-0.188201	-0.493204	0.531685	-67.7870	249.7948	93.4794	203.6843	0.0043	-0.0616	9.8496	0.2868
141.3488	0.041439	-0.194538	-0.493283	0.531752	-67.7687	256.7703	99.7842	203.0137	0.0055	-0.0491	9.8518	0.2877
141.5012	0.030105	-0.196253	-0.493296	0.531824	-67.7476	261.6974	104.2258	202.5284	0.0082	-0.0502	9.8612	0.2885
141.6536	0.016950	-0.197899	-0.493352	0.531896	-67.7283	265.4878	107.9473	202.4594	-0.0018	-0.0498	9.7810	0.2893
141.8060	0.006566	-0.199108	-0.493244	0.531966	-67.7093	269.0861	111.9342	202.8481	-0.0062	-0.0622	9.8033	0.2900
141.9584	-0.048167	-0.193849	-0.493214	0.532041	-67.6919	277.7917	120.8226	203.0310	-0.0121	-0.0400	9.8493	0.2873
142.1108	-0.064867	-0.189780	-0.493022	0.532111	-67.6754	288.7560	131.5073	202.7515	-0.0162	-0.0380	9.8468	0.2842
142.2632	-0.068731	-0.188506	-0.493001	0.532190	-67.6495	291.3637	133.9971	202.6336	-0.0223	-0.0405	9.8104	0.2780
142.4156	-0.087537	-0.180287	-0.493080	0.532260	-67.6266	294.1501	137.0924	202.9426	-0.0220	-0.0376	9.8561	0.2736
142.5680	-0.100789	-0.174701	-0.492937	0.532322	-67.6099	299.1062	143.0410	203.9350	-0.0194	-0.0388	9.8721	0.2678
142.7204	-0.108561	-0.169670	-0.493178	0.532393	-67.5911	300.2065	145.3875	205.1813	-0.0174	-0.0411	9.7301	0.2616
142.8728	-0.106859	-0.169648	-0.493144	0.532459	-67.5728	300.5514	146.4606	205.9095	-0.0206	-0.0355	9.7411	0.2583
143.0252	-0.093033	-0.178469	-0.493096	0.532520	-67.5572	297.5528	143.5246	205.9721	-0.0127	-0.0416	9.7875	0.2554
143.1776	-0.087724	-0.180908	-0.493175	0.532586	-67.5418	294.5344	140.7208	206.1868	-0.0147	-0.0382	9.8296	0.2535
143.3300	-0.105787	-0.170909	-0.493193	0.532645	-67.5294	296.6743	143.3816	206.7076	-0.0214	-0.0379	9.8993	0.2485
143.4824	-0.115082	-0.166466	-0.492912	0.532689	-67.5156	300.2537	147.7982	207.5449	-0.0228	-0.0299	9.8517	0.2451
143.6348	-0.119299	-0.162818	-0.493185	0.532733	-67.5066	301.0443	149.5499	208.5058	-0.0252	-0.0349	9.8327	0.2444
143.7872	-0.120639	-0.160555	-0.493200	0.532783	-67.4995	301.4030	150.6267	209.2240	-0.0143	-0.0371	9.7867	0.2424
143.9396	-0.121579	-0.162749	-0.492705	0.532818	-67.4888	301.9704	150.9671	208.9971	-0.0159	-0.0201	9.7230	0.2409
144.0920	-0.118535	-0.163486	-0.493186	0.532839	-67.4856	302.5348	150.4238	207.8893	-0.0163	-0.0410	9.8549	0.2365
144.2444	-0.122210	-0.160774	-0.493086	0.532872	-67.4799	303.8757	150.3824	206.5069	-0.0270	-0.0193	9.8225	0.2305
144.3968	-0.134619	-0.150609	-0.493299	0.532901	-67.4718	309.0959	154.4717	205.3759	-0.0309	-0.0269	9.9045	0.2240
144.5492	-0.137434	-0.148843	-0.492987	0.532934	-67.4631	312.2220	156.2369	204.0151	-0.0220	-0.0283	9.8438	0.2206
144.7016	-0.142754	-0.144675	-0.492709	0.532968	-67.4526	315.0681	157.7714	202.7036	-0.0201	-0.0282	9.6584	0.2153
144.8540	-0.143227	-0.142276	-0.493370	0.532998	-67.4431	317.9114	159.2454	201.3341	-0.0251	-0.0318	9.7936	0.2117
145.0064	-0.143115	-0.142900	-0.493271	0.533026	-67.4388	319.6126	159.2795	199.6673	-0.0241	-0.0279	9.7679	0.2122
145.1588	-0.146015	-0.141550	-0.492697	0.533061	-67.4307	321.4961	159.1198	197.6241	-0.0258	-0.0092	9.7803	0.2079
145.3112	-0.142968	-0.143663	-0.493267	0.533088	-67.4240	324.3967	160.1435	195.7469	-0.0347	-0.0181	9.9117	0.2097
145.4636	-0.139898	-0.146949	-0.492851	0.533117	-67.4215	324.2439	157.9613	193.7171	-0.0301	-0.0133	9.8981	0.2104
145.6160	-0.147759	-0.139669	-0.492677	0.533149	-67.4105	326.7381	159.0910	192.3535	-0.0207	-0.0166	9.8384	0.2092
145.7684	-0.154950	-0.131264	-0.492932	0.533168	-67.4034	332.3085	163.1108	190.8031	-0.0292	-0.0132	9.6867	0.2095
145.9208	-0.158941	-0.127458	-0.492818	0.533191	-67.3992	335.6160	164.7563	189.1410	-0.0358	-0.0061	9.7508	0.2129
146.0732	-0.165351	-0.119006	-0.492738	0.533222	-67.3970	340.7707	167.3076	186.5378	-0.0336	-0.0055	9.7781	0.2184
146.2256	-0.161221	-0.123405	-0.493205	0.533241	-67.3916	343.8468	167.2579	183.4116	-0.0316	-0.0112	9.9320	0.2218
146.3780	-0.159687	-0.125880	-0.493044	0.533256	-67.3840	345.6939	166.3706	180.6775	-0.0339	-0.0120	9.9381	0.2239
146.5304	-0.161296	-0.123762	-0.492940	0.533268	-67.3830	348.1809	166.8061	178.6254	-0.0365	-0.0137	9.8410	0.2266
146.6828	-0.166033	-0.117561	-0.493089	0.533288	-67.3823	352.0504	168.1185	176.0690	-0.0375	-0.0069	9.7345	0.2415
146.8352	-0.169701	-0.112789	-0.492805	0.533310	-67.3835	357.0591	170.1679	173.1087	-0.0475	0.0063	9.9312	0.2692
146.9876	-0.166935	-0.115547	-0.493329	0.533332	-67.3873	0.4169	170.3453	169.9274	-0.0434	-0.0075	9.9559	0.3007
147.1400	-0.167648	-0.114295	-0.493294	0.533345	-67.3933	2.5042	170.1960	167.6917	-0.0594	0.0052	9.8717	0.3293
147.2924	-0.169024	-0.112916	-0.493209	0.533357	-67.4003	4.5525	170.6903	166.1379	-0.0524	0.0012	9.9292	0.3569
147.4448	-0.171422	-0.109965	-0.493007	0.533368	-67.4083	6.8604	171.6364	164.7766	-0.0465	0.0034	9.8630	0.3838
147.5972	-0.170239	-0.111974	-0.492864	0.533380	-67.4150	8.4009	171.8565	163.4548	-0.0401	0.0034	9.8304	0.4096
147.7496	-0.169231	-0.113211	-0.493027	0.533389	-67.4210	7.9138	170.2175	162.3026	-0.0411	0.0008	9.8284	0.4376
147.9020	-0.144241	-0.139070	-0.494375	0.533386	-67.4288	4.2914	165.4038	161.1117	-0.1192	0.0014	9.8067	0.4661
148.0544	-0.138499	-0.144834	-0.494423	0.533379	-67.4383	359.2427	159.5177	160.2751	-0.1251	0.0055	9.8063	0.4946
148.2068	-0.131918	-0.150524	-0.494390	0.533373	-67.4492	357.6223	157.3100	159.6881	-0.1230	0.0035	9.8681	0.5223
148.3592	-0.129530	-0.152719	-0.494286	0.533363	-67.4582	356.5737	155.7341	159.1604	-0.1071	-0.0017	9.8150	0.5483
148.5116	-0.128206	-0.154038	-0.494374	0.533352	-67.4656	356.6960	155.1546	158.4586	-0.1131	-0.0011	9.8606	0.5761
148.6640	-0.128258	-0.154090	-0.494385	0.533338	-67.4751	357.0913	154.9838	157.8924	-0.1125	0.0040	9.8255	0.6058
148.8164	-0.127845	-0.154024	-0.494385	0.533322	-67.4855	357.3503	154.9608	157.6109	-0.1119	-0.0085	9.8420	0.6367
148.9688	-0.125901	-0.155748	-0.494325	0.533306	-67.4953	357.1517	154.5656	157.4136	-0.1229	-0.0027	9.8816	0.6697
149.1212	-0.123162	-0.157542	-0.494511	0.533289	-67.5025	356.5177	153.7693	157.2518	-0.1127	-0.0149	9.9383	0.6993
149.2736	-0.121809	-0.158187	-0.494369	0.533272	-67.5067	356.2080	153.1780	156.9705	-0.1176	-0.0108	9.9086	0.7175
149.4260	-0.121869	-0.158226	-0.494380	0.533258	-67.5098	356.3600	153.0383	156.6786	-0.1121	-0.0100	9.8291	0.7271
149.5784	-0.122389	-0.158172	-0.494339	0.533242	-67.5132	356.6721	153.1008	156.4288	-0.1153	-0.0033	9.8046	0.7349
149.7308	-0.121501	-0.158581	-0.494400	0.533225	-67.5155	356.9531	153.1045	156.1511	-0.1349	-0.0204	9.7438	0.7460
149.8832	-0.120761	-0.158618	-0.494486	0.533208	-67.5171	357.1693	152.9907	155.8211	-0.1326	-0.0053	10.0593	0.7590
150.0356	-0.120466	-0.158671	-0.494424	0.533188	-67.5204	357.4598	152.8349	155.3753	-0.1331	-0.0054	9.8844	0.7715
150.1880	-0.121436	-0.157904	-0.494554	0.533169	-67.5226	358.1475	153.1189	154.9713	-0.1265	-0.0082	9.5983	0.7852
150.3404	-0.124931	-0.155119	-0.494470	0.533153	-67.5237	359.3437	154.0003	154.6566	-0.1565	-0.0006	9.8677	0.7978
150.4928	-0.125409	-0.154967	-0.494569	0.533145	-67.5248	0.3875	154.5782	154.1912	-0.1437	0.0038	9.8265	0.8092
150.6452	-0.125967	-0.154681	-0.494464	0.533141	-67.5251	0.9869	154.7903	153.8038	-0.1530	0.0119	9.7187	0.8189
150.7976	-0.123174	-0.156330	-0.494546	0.533138	-67.5247	1.0083	154.3871	153.3786	-0.1534	-0.0017	9.7975	0.8308
150.9500	-0.117970	-0.160469	-0.494467	0.533138	-67.5244	359.7256	152.6548	152.9287	-0.1572	0.0044	9.8489	0.8429
151.1024	-0.117071	-0.161273	-0.494549	0.533139	-67.5237	359.1947	151.9069	152.7125	-0.1501	0.0075	9.9216	0.8511
151.2548	-0.115319	-0.162454	-0.494627	0.533143	-67.5243	359.1312	151.4596	152.3290	-0.1547	-0.0124	9.7318	0.8581
151.4072	-0.114149	-0.163375	-0.494440	0.533149	-67.5257	358.9990	150.9247	151.9254	-0.1554	0.0055	9.7195	0.8637
151.5596	-0.115556	-0.162392	-0.494378	0.533151	-67.5273	359.3562	150.9931	151.6375	-0.1553	-0.0000	9.8789	0.8669
151.7120	-0.115451	-0.162519	-0.494426	0.533159	-67.5297	359.7955	151.2024	151.4065	-0.1395	-0.0004	9.8435	0.8664
151.8644	-0.115707	-0.162267	-0.494380	0.533161	-67.5316	359.9936	151.2686	151.2747	-0.1436	-0.0014	9.7095	0.8657
152.0168	-0.118391	-0.160466	-0.494456	0.533174	-67.5330	0.7200	152.1359	151.4161	-0.1490	0.0055	9.8343	0.8646
152.1692	-0.118798	-0.160435	-0.494533	0.533188	-67.5355	0.7737	152.3053	151.5309	-0.1522	0.0013	9.8166	0.8634
152.3216	-0.117044	-0.161403	-0.494536	0.533206	-67.5378	0.5704	152.1148	151.5438	-0.1708	-0.0109	9.7517	0.8629
152.4740	-0.114709	-0.162946	-0.494472	0.533220	-67.5395	359.6678	151.3544	151.6875	-0.1631	-0.0014	9.9102	0.8626
152.6264	-0.113417	-0.164000	-0.494415	0.533236	-67.5399	358.7286	150.6407	151.9123	-0.1605	0.0282	9.8238	0.8589
152.7788	-0.112140	-0.164646	-0.494433	0.533239	-67.5389	358.3834	150.2605	151.8774	-0.1353	-0.0030	9.7817	0.8587
152.9312	-0.110835	-0.165694	-0.494493	0.533250	-67.5428	357.9827	149.6576	151.6754	-0.1423	-0.0066	9.8436	0.8564
153.0836	-0.109599	-0.166217	-0.494789	0.533255	-67.5439	357.6954	149.3812	151.6862	-0.1464	-0.0138	9.8339	0.8566
153.2360	-0.109349	-0.166444	-0.494991	0.533263	-67.5466	357.6486	149.1942	151.5458	-0.1351	0.0020	9.7820	0.8568
153.3884	-0.109969	-0.165597	-0.494916	0.533265	-67.5496	357.8750	149.3080	151.4330	-0.1433	-0.0208	9.8096	0.8558
153.5408	-0.109862	-0.165790	-0.494856	0.533263	-67.5527	358.0373	149.3833	151.3461	-0.1532	-0.0102	9.9533	0.8555
153.6932	-0.109269	-0.166205	-0.494904	0.533266	-67.5571	358.0588	149.2533	151.1949	-0.1604	-0.0163	9.8840	0.8547
153.8456	-0.109627	-0.166219	-0.494982	0.533272	-67.5603	358.1645	149.3147	151.1505	-0.1317	-0.0210	9.7163	0.8549
153.9980	-0.111018	-0.165727	-0.494519	0.533274	-67.5627	358.2820	149.4812	151.1994	-0.1420	-0.0163	9.7679	0.8568
154.1504	-0.107572	-0.167774	-0.494446	0.533277	-67.5667	358.0045	149.0702	151.0658	-0.1345	0.0079	9.9146	0.8595
154.3028	-0.104908	-0.169615	-0.494501	0.533287	-67.5700	357.3128	148.1024	150.7897	-0.1540	-0.0165	9.6199	0.8646
154.4552	-0.103625	-0.170368	-0.494664	0.533292	-67.5733	356.7462	147.3050	150.5598	-0.1413	-0.0003	9.8743	0.8698
154.6076	-0.101637	-0.171343	-0.494594	0.533291	-67.5781	356.5344	146.7707	150.2370	-0.1478	-0.0088	9.8667	0.8735
154.7600	-0.101607	-0.171346	-0.494542	0.533283	-67.5819	356.7741	146.5681	149.7947	-0.1459	-0.0083	9.8226	0.8779
154.9124	-0.100849	-0.172000	-0.494621	0.533280	-67.5835	357.0947	146.4931	149.3992	-0.1621	-0.0073	9.7804	0.8828
155.0648	-0.097509	-0.173612	-0.494851	0.533280	-67.5864	356.7168	145.7455	149.0286	-0.1503	0.0010	9.7143	0.8862
155.2172	-0.089333	-0.177599	-0.494837	0.533273	-67.5927	354.9534	143.4831	148.5300	-0.1604	-0.0241	9.8041	0.8865
155.3696	-0.090650	-0.176626	-0.494767	0.533266	-67.5962	354.9615	143.1391	148.1779	-0.1435	-0.0142	9.8075	0.8920
155.5220	-0.093239	-0.175647	-0.494878	0.533266	-67.6035	355.7562	143.6125	147.8568	-0.1505	-0.0177	9.8284	0.8924
155.6744	-0.092887	-0.175879	-0.494845	0.533266	-67.6080	356.0832	143.7884	147.7056	-0.1528	-0.0156	9.8550	0.8934
155.8268	-0.087680	-0.178383	-0.494802	0.533264	-67.6120	355.2087	142.7587	147.5502	-0.1548	-0.0174	9.8389	0.8944
155.9792	-0.083595	-0.180428	-0.494783	0.533265	-67.6158	354.0019	141.3411	147.3398	-0.1629	-0.0229	9.7592	0.8957
156.1316	-0.081051	-0.181684	-0.494810	0.533270	-67.6184	353.2331	140.4024	147.1705	-0.1478	-0.0096	9.8579	0.8970
156.2840	-0.079350	-0.182394	-0.494805	0.533275	-67.6217	352.7123	139.7139	147.0027	-0.1538	-0.0212	9.8478	0.8972
156.4364	-0.075910	-0.183751	-0.494793	0.533278	-67.6257	352.0609	138.8461	146.7861	-0.1443	-0.0082	9.8194	0.8977
156.5888	-0.073479	-0.184782	-0.494751	0.533279	-67.6283	351.2236	137.8141	146.5914	-0.1741	-0.0255	9.7348	0.8983
156.7412	-0.070342	-0.185981	-0.494775	0.533280	-67.6313	350.8903	137.1933	146.3045	-0.1404	-0.0203	9.7865	0.8964
156.8936	-0.074766	-0.184378	-0.494667	0.533289	-67.6322	351.4910	137.6028	146.1130	-0.1513	-0.0201	9.8507	0.8948
157.0460	-0.074778	-0.184384	-0.494742	0.533293	-67.6330	351.9184	138.0648	146.1466	-0.1490	-0.0194	9.8262	0.8911
157.1984	-0.074851	-0.184217	-0.494790	0.533295	-67.6362	352.2188	138.0839	145.8667	-0.1508	-0.0213	9.8104	0.8885
157.3508	-0.074462	-0.184734	-0.494769	0.533304	-67.6361	352.0573	137.9434	145.8870	-0.1508	-0.0171	9.8270	0.8830
157.5032	-0.077979	-0.183186	-0.494721	0.533307	-67.6384	352.6676	138.6219	145.9548	-0.1519	-0.0137	9.8437	0.8737
157.6556	-0.075520	-0.184116	-0.494792	0.533308	-67.6415	352.5081	138.3686	145.8609	-0.1434	-0.0154	9.8515	0.8678
157.8080	-0.075573	-0.184277	-0.494852	0.533311	-67.6433	352.4867	138.2590	145.7729	-0.1621	-0.0274	9.9005	0.8628
157.9604	-0.076654	-0.183705	-0.494742	0.533316	-67.6429	352.6901	138.4607	145.7715	-0.1512	-0.0195	9.9205	0.8596
158.1128	-0.077160	-0.183615	-0.494714	0.533322	-67.6439	352.9917	138.6667	145.6760	-0.1481	-0.0207	9.8175	0.8569
158.2652	-0.077782	-0.183137	-0.494891	0.533326	-67.6447	353.2457	138.8110	145.5657	-0.1410	-0.0162	9.7423	0.8544
158.4176	-0.077871	-0.183205	-0.494833	0.533329	-67.6450	353.4727	138.9636	145.4914	-0.1485	-0.0090	9.8047	0.8526
158.5700	-0.077454	-0.183731	-0.494798	0.533330	-67.6463	353.4110	138.8108	145.4007	-0.1454	-0.0101	9.8566	0.8509
158.7224	-0.073003	-0.185428	-0.494784	0.533328	-67.6475	352.5611	137.9444	145.3840	-0.1102	-0.0275	9.8488	0.8492
158.8748	-0.069629	-0.186503	-0.494852	0.533324	-67.6495	351.4561	136.8437	145.3890	-0.1289	-0.0213	9.9116	0.8478
159.0272	-0.069550	-0.186543	-0.494739	0.533323	-67.6513	351.0268	136.3602	145.3342	-0.1474	-0.0216	9.9049	0.8474
159.1796	-0.070086	-0.186679	-0.494774	0.533319	-67.6517	351.0275	136.4566	145.4306	-0.1367	-0.0165	9.8311	0.8476
159.3320	-0.069591	-0.186579	-0.494773	0.533308	-67.6527	350.8674	136.4250	145.5588	-0.1388	-0.0107	9.7785	0.8473
159.4844	-0.067606	-0.187371	-0.494765	0.533301	-67.6543	350.6644	136.0979	145.4352	-0.1544	-0.0237	9.7662	0.8458
159.6368	-0.068159	-0.187136	-0.494732	0.533290	-67.6537	350.4161	135.7077	145.2922	-0.1552	-0.0368	9.8993	0.8404
159.7892	-0.065295	-0.188118	-0.494626	0.533278	-67.6555	350.3942	135.2179	144.8252	-0.1475	-0.0182	9.8436	0.8340
159.9416	-0.064707	-0.188058	-0.494721	0.533264	-67.6559	350.2436	134.8799	144.6368	-0.1445	-0.0306	9.8354	0.8265
160.0940	-0.064914	-0.188027	-0.494824	0.533248	-67.6574	350.6929	134.9329	144.2403	-0.1401	-0.0221	9.7967	0.8196
160.2464	-0.063752	-0.188353	-0.494756	0.533237	-67.6524	350.8146	134.7622	143.9483	-0.1498	-0.0140	9.7905	0.8231
160.3988	-0.063567	-0.188263	-0.494754	0.533234	-67.6513	350.7825	134.4307	143.6496	-0.1538	-0.0518	9.8542	0.8163
160.5512	-0.066330	-0.187166	-0.494763	0.533231	-67.6494	351.7181	135.0855	143.3674	-0.1618	-0.0453	9.8968	0.8096
160.7036	-0.068012	-0.187660	-0.494280	0.533228	-67.6488	352.6178	135.6306	143.0137	-0.1372	-0.0098	9.8894	0.8031
160.8560	-0.071289	-0.186594	-0.494369	0.533226	-67.6478	353.7227	136.3638	142.6422	-0.1460	-0.0166	9.8462	0.7955
161.0084	-0.071864	-0.186835	-0.494278	0.533225	-67.6441	354.4697	136.9120	142.4426	-0.1367	0.0094	9.7964	0.7924
161.1608	-0.071296	-0.186813	-0.494121	0.533232	-67.6393	354.6020	136.7929	142.1916	-0.1323	0.0145	9.6867	0.7886
161.3132	-0.070673	-0.187172	-0.494103	0.533245	-67.6342	354.6729	136.5771	141.9054	-0.0966	0.0106	9.6956	0.7844
161.4656	-0.074176	-0.185816	-0.494130	0.533254	-67.6306	355.8654	137.0936	141.2279	-0.1396	-0.0016	9.6515	0.7770
161.6180	-0.076368	-0.185229	-0.494457	0.533257	-67.6265	357.6049	138.0581	140.4543	-0.1269	-0.0029	9.7874	0.7684
161.7704	-0.077766	-0.184855	-0.494179	0.533274	-67.6239	358.6693	138.5699	139.9002	-0.1160	-0.0105	9.6584	0.7553
161.9228	-0.078793	-0.184217	-0.494313	0.533284	-67.6191	359.0623	138.8698	139.8078	-0.1406	0.0062	9.7977	0.7534
162.0752	-0.081236	-0.183202	-0.494098	0.533301	-67.6181	359.6147	139.3687	139.7540	-0.1331	0.0313	9.8990	0.7560
162.2276	-0.083575	-0.182186	-0.494150	0.533318	-67.6172	0.0101	140.0346	140.0249	-0.1358	0.0019	9.9370	0.7626
162.3800	-0.087291	-0.180470	-0.494245	0.533327	-67.6163	0.8270	141.2724	140.4455	-0.1411	-0.0000	9.8643	0.7729
162.5324	-0.087500	-0.180670	-0.494243	0.533339	-67.6147	0.7205	141.6229	140.9030	-0.1406	-0.0079	9.8197	0.7823
162.6848	-0.088272	-0.180956	-0.493942	0.533358	-67.6133	0.6573	141.8062	141.1482	-0.1279	0.0244	9.7851	0.7955
162.8372	-0.089499	-0.180366	-0.493767	0.533380	-67.6159	0.7132	141.9358	141.2231	-0.1394	0.0184	9.6859	0.7981
162.9896	-0.093429	-0.177408	-0.494219	0.533389	-67.6139	1.7082	143.3381	141.6299	-0.1297	0.0108	9.8546	0.8053
163.1420	-0.087980	-0.178891	-0.494832	0.533399	-67.6153	0.7103	142.6174	141.9075	-0.1500	-0.0004	9.9182	0.8106
163.2944	-0.086790	-0.179479	-0.494828	0.533411	-67.6150	359.5840	141.7255	142.1416	-0.1553	-0.0087	9.8665	0.8181
163.4468	-0.085517	-0.179477	-0.494825	0.533423	-67.6148	358.9883	141.5653	142.5767	-0.1609	-0.0138	9.8929	0.8219
163.5992	-0.085714	-0.179474	-0.495018	0.533431	-67.6200	358.7730	141.3952	142.6231	-0.1682	-0.0174	9.8850	0.8224
163.7516	-0.085216	-0.179477	-0.494825	0.533430	-67.6230	358.7377	141.3723	142.6340	-0.1612	-0.0008	9.8108	0.8279
163.9040	-0.085810	-0.180070	-0.494825	0.533426	-67.6232	358.1566	141.2161	143.0595	-0.1712	-0.0010	9.8426	0.8372
164.0564	-0.086187	-0.180061	-0.494814	0.533424	-67.6226	357.7867	141.5254	143.7395	-0.1466	0.0172	9.9215	0.8517
164.2088	-0.083309	-0.181225	-0.494786	0.533428	-67.6243	356.5062	140.8548	144.3483	-0.1428	-0.0133	9.9221	0.8677
164.3612	-0.083215	-0.181340	-0.494800	0.533415	-67.6253	356.0068	140.6456	144.6399	-0.1316	-0.0314	9.9033	0.8858
164.5136	-0.081066	-0.182435	-0.494809	0.533404	-67.6294	355.6331	140.1289	144.4960	-0.1495	-0.0153	9.8003	0.8920
164.6660	-0.080055	-0.182431	-0.494794	0.533394	-67.6262	355.2805	139.9703	144.6899	-0.1284	-0.0190	9.7871	0.8992
164.8184	-0.078718	-0.184006	-0.494316	0.533392	-67.6305	354.5995	138.9750	144.3768	-0.0666	0.0588	9.9232	0.9002
164.9708	-0.089058	-0.178553	-0.494805	0.533395	-67.6308	357.2072	141.4777	144.2712	-0.1841	0.0367	9.9489	0.8984
165.1232	-0.089329	-0.177787	-0.494837	0.533401	-67.6297	358.7838	142.8776	144.0942	-0.1609	0.0037	9.8883	0.9002
165.2756	-0.086493	-0.179086	-0.495020	0.533399	-67.6311	358.2463	142.2782	144.0323	-0.1708	-0.0219	9.8519	0.8989
165.4280	-0.085024	-0.179868	-0.495015	0.533391	-67.6316	357.3604	141.3888	144.0289	-0.1693	-0.0067	9.8267	0.9038
165.5804	-0.084350	-0.179991	-0.494741	0.533382	-67.6325	357.3487	141.3214	143.9734	-0.1598	-0.0057	9.7849	0.9086
165.7328	-0.084217	-0.180259	-0.494615	0.533378	-67.6338	357.3749	141.1644	143.7892	-0.1489	0.0127	9.7944	0.9135
165.8852	-0.081515	-0.181515	-0.494895	0.533368	-67.6349	357.1056	140.8362	143.7311	-0.1826	-0.0497	9.7796	0.9183
166.0376	-0.075620	-0.184213	-0.494791	0.533362	-67.6375	355.2581	138.7773	143.5196	-0.1530	0.0012	9.5786	0.9235
166.1900	-0.074807	-0.184877	-0.494766	0.533363	-67.6351	354.6999	138.2769	143.5773	-0.1530	-0.0063	9.8559	0.9328
166.3424	-0.075330	-0.184308	-0.494792	0.533365	-67.6348	354.5620	138.2649	143.7037	-0.1707	-0.0125	9.8893	0.9358
166.4948	-0.075510	-0.184209	-0.494874	0.533366	-67.6408	355.0380	138.4369	143.3994	-0.1537	-0.0059	9.8209	0.9320
166.6472	-0.075521	-0.184213	-0.494792	0.533367	-67.6448	355.3757	138.4348	143.0599	-0.1555	-0.0197	9.6775	0.9307
166.7996	-0.075105	-0.184192	-0.494766	0.533363	-67.6450	355.0955	138.2661	143.1711	-0.1461	-0.0203	9.7246	0.9232
166.9520	-0.076097	-0.184196	-0.494776	0.533372	-67.6450	355.2493	138.3402	143.0918	-0.1547	-0.0211	9.8364	0.9219
167.1044	-0.074790	-0.184668	-0.494753	0.533381	-67.6460	355.4287	138.3805	142.9520	-0.1720	-0.0299	10.0466	0.9208
167.2568	-0.074237	-0.184885	-0.494870	0.533388	-67.6495	355.3530	137.9971	142.6456	-0.1564	-0.0053	9.8258	0.9139
167.4092	-0.075434	-0.184309	-0.494888	0.533390	-67.6467	355.4928	138.1535	142.6611	-0.1665	-0.0055	9.7492	0.9119
167.5616	-0.076005	-0.184197	-0.494782	0.533388	-67.6469	355.9667	138.5407	142.5736	-0.1638	-0.0105	9.8255	0.9116
167.7140	-0.075169	-0.184384	-0.494791	0.533390	-67.6494	355.9445	138.4133	142.4700	-0.1415	0.0085	9.7875	0.9095
167.8664	-0.074514	-0.184803	-0.494783	0.533389	-67.6502	355.6649	138.1710	142.5070	-0.1335	0.0199	9.6845	0.9076
168.0188	-0.071298	-0.186112	-0.494712	0.533387	-67.6501	354.5131	137.0881	142.5756	-0.1089	0.0413	9.6564	0.9065
168.1712	-0.071331	-0.186047	-0.494742	0.533391	-67.6509	354.5931	137.0679	142.4757	-0.1576	-0.0108	9.8322	0.9071
168.3236	-0.071229	-0.186056	-0.494742	0.533387	-67.6517	354.4618	137.0575	142.5957	-0.1653	-0.0156	10.1219	0.9061
168.4760	-0.070680	-0.186581	-0.494693	0.533380	-67.6504	354.0196	136.8376	142.8192	-0.1552	-0.0143	9.7976	0.9044
168.6284	-0.070764	-0.186585	-0.494443	0.533379	-67.6502	353.8915	136.8377	142.9473	-0.1564	-0.0096	9.7773	0.9026
168.7808	-0.073960	-0.184927	-0.494915	0.533375	-67.6495	354.1270	137.2123	143.0856	-0.1518	-0.0131	9.8805	0.9000
168.9332	-0.072731	-0.185301	-0.494784	0.533377	-67.6482	354.9984	138.2263	143.2291	-0.1501	-0.0013	9.9733	0.8996
169.0856	-0.069902	-0.186469	-0.494837	0.533378	-67.6478	353.4127	136.6983	143.2865	-0.1425	-0.0117	9.9609	0.9000
169.2380	-0.071864	-0.185496	-0.494782	0.533380	-67.6452	353.5591	137.0932	143.5353	-0.1608	-0.0050	10.0608	0.8960
169.3904	-0.071869	-0.185789	-0.494780	0.533381	-67.6453	353.7687	137.1982	143.4297	-0.1624	-0.0089	10.0391	0.8991
169.5428	-0.072225	-0.185553	-0.494841	0.533386	-67.6447	353.8639	137.3232	143.4597	-0.1489	-0.0159	9.8179	0.8976
169.6952	-0.072289	-0.185420	-0.494710	0.533397	-67.6426	353.8024	137.3551	143.5542	-0.1631	-0.0404	9.7359	0.8959
169.8476	-0.074856	-0.184458	-0.494790	0.533399	-67.6403	354.0534	137.7844	143.7317	-0.1308	-0.0144	9.7836	0.8959
170.0000	-0.079973	-0.182385	-0.494760	0.533406	-67.6390	355.4196	139.2848	143.8663	-0.1573	-0.0104	9.8514	0.8975
170.1524	-0.080253	-0.182350	-0.494728	0.533417	-67.6401	356.2563	139.9412	143.6858	-0.1413	0.0002	9.8512	0.8971
170.3048	-0.081079	-0.181812	-0.494779	0.533425	-67.6388	356.1291	139.8313	143.7033	-0.1485	0.0013	9.7614	0.8963
170.4572	-0.082166	-0.181547	-0.494813	0.533435	-67.6376	356.7419	140.2804	143.5383	-0.1453	-0.0061	9.7418	0.8990
170.6096	-0.082607	-0.181196	-0.494760	0.533447	-67.6393	357.3990	140.6321	143.2343	-0.1523	-0.0083	9.7875	0.8991
170.7620	-0.083398	-0.181251	-0.494818	0.533456	-67.6374	357.6469	140.8626	143.2163	-0.1601	-0.0086	9.7245	0.8978
170.9144	-0.083945	-0.180760	-0.494818	0.533465	-67.6357	357.8503	140.8736	143.0229	-0.1535	0.0041	9.6355	0.8992
171.0668	-0.084122	-0.180862	-0.494627	0.533486	-67.6358	358.4184	141.1425	142.7236	-0.1418	-0.0088	9.6629	0.8990
171.2192	-0.080467	-0.182442	-0.494904	0.533494	-67.6332	357.7821	140.3882	142.6071	-0.1613	-0.0132	9.8143	0.8995
171.3716	-0.082819	-0.181509	-0.494875	0.533510	-67.6332	357.9239	140.2681	142.3439	-0.1466	-0.0025	9.8513	0.8998
171.5240	-0.084331	-0.180661	-0.494903	0.533517	-67.6347	358.9568	141.0805	142.1237	-0.1538	-0.0022	9.8853	0.8963
171.6764	-0.084329	-0.180660	-0.494916	0.533529	-67.6306	358.9965	141.1149	142.1190	-0.1572	-0.0004	9.8260	0.8975
171.8288	-0.084624	-0.180762	-0.494823	0.533537	-67.6321	359.2093	141.1266	141.9177	-0.1514	0.0085	9.7781	0.8980
171.9812	-0.083996	-0.180920	-0.494782	0.533560	-67.6277	359.1096	141.0663	141.9575	-0.1528	0.0037	9.7953	0.8977
172.1336	-0.087341	-0.179441	-0.494794	0.533576	-67.6259	359.7121	141.6374	141.9257	-0.1557	0.0079	9.8596	0.8961
172.2860	-0.087157	-0.179839	-0.494792	0.533593	-67.6223	0.0096	141.9799	141.9695	-0.1508	0.0034	9.8877	0.8959
172.4384	-0.086757	-0.179927	-0.494785	0.533613	-67.6207	359.9037	141.8299	141.9257	-0.1551	-0.0050	9.8788	0.8965
172.5908	-0.086710	-0.179977	-0.494827	0.533630	-67.6220	0.2133	141.8257	141.6128	-0.1572	0.0075	9.8407	0.8952
172.7432	-0.087158	-0.179830	-0.494787	0.533642	-67.6077	359.7431	141.9009	142.1584	-0.1444	0.0022	9.8315	0.8858
172.8956	-0.089597	-0.178379	-0.494836	0.533666	-67.6007	359.9632	142.2997	142.3374	-0.1311	0.0109	9.8833	0.8704
173.0480	-0.095959	-0.174786	-0.494840	0.533691	-67.5921	1.0783	143.6855	142.6075	-0.1415	0.0122	9.9393	0.8703
173.2004	-0.114275	-0.164170	-0.494920	0.533718	-67.5834	5.7318	148.7458	143.0129	-0.1696	0.0143	10.1098	0.8656
173.3528	-0.113850	-0.164012	-0.494944	0.533739	-67.5756	7.4964	150.8253	143.3287	-0.1567	0.0212	9.8408	0.8613
173.5052	-0.116050	-0.162985	-0.494927	0.533755	-67.5698	7.5629	151.0489	143.4849	-0.1540	0.0257	9.7127	0.8496
173.6576	-0.116055	-0.162980	-0.495009	0.533763	-67.5660	7.9976	151.3534	143.3546	-0.1638	0.0238	9.7551	0.8415
173.8100	-0.120782	-0.159516	-0.494942	0.533774	-67.5597	8.5002	152.0973	143.5957	-0.0899	0.0854	9.7260	0.8464
173.9624	-0.136885	-0.148727	-0.494002	0.533781	-67.5545	12.5294	156.5032	143.9727	-0.0941	0.0454	9.7960	0.8504
174.1148	-0.141587	-0.142241	-0.494699	0.533794	-67.5486	16.6549	160.8907	144.2345	-0.1311	0.0339	9.9757	0.8558
174.2672	-0.135789	-0.147400	-0.494998	0.533799	-67.5469	15.0034	159.3145	144.3095	-0.1503	0.0311	9.8951	0.8570
174.4196	-0.135698	-0.147378	-0.494879	0.533804	-67.5413	14.0134	158.5775	144.5626	-0.1454	0.0255	9.7995	0.8607
174.5720	-0.134368	-0.149241	-0.494567	0.533802	-67.5409	13.6312	158.2957	144.6637	-0.1398	0.0105	9.7551	0.8622
174.7244	-0.131120	-0.152648	-0.494395	0.533802	-67.5408	12.5892	157.3501	144.7596	-0.1170	0.0216	9.7936	0.8621
174.8768	-0.125056	-0.157442	-0.494347	0.533797	-67.5381	10.2320	155.2494	145.0170	-0.1211	0.0672	9.7882	0.8643
175.0292	-0.123278	-0.157036	-0.494917	0.533799	-67.5384	9.0908	154.1112	145.0199	-0.1581	0.0156	9.8139	0.8616
175.1816	-0.122416	-0.157566	-0.495032	0.533805	-67.5324	8.6167	154.0341	145.4162	-0.1677	0.0256	9.7628	0.8614
175.3340	-0.122572	-0.157746	-0.494950	0.533807	-67.5407	8.9143	153.9052	144.9901	-0.1585	0.0266	9.7235	0.8696
175.4864	-0.119490	-0.160079	-0.494879	0.533804	-67.5430	8.1510	153.0225	144.8711	-0.1557	0.0266	9.7684	0.8828
175.6388	-0.118329	-0.160585	-0.494894	0.533797	-67.5460	7.5987	152.4445	144.8448	-0.1490	0.0163	9.8221	0.8802
175.7912	-0.118830	-0.160493	-0.494997	0.533787	-67.5496	7.7817	152.4324	144.6492	-0.1451	0.0188	9.7966	0.8835
175.9436	-0.117677	-0.161362	-0.495099	0.533764	-67.5501	7.2976	152.2843	144.9852	-0.1495	0.0286	9.8608	0.8808
176.0960	-0.119703	-0.159937	-0.494857	0.533747	-67.5575	7.1374	152.6233	145.4857	-0.1576	0.0192	9.6938	0.8557
176.2484	-0.120547	-0.159770	-0.494942	0.533742	-67.5614	6.4858	152.8175	146.3317	-0.1424	0.0421	9.7301	0.8234
176.4008	-0.120274	-0.160032	-0.494986	0.533731	-67.5612	5.6576	152.7360	147.0771	-0.1482	0.0265	9.8272	0.7876
176.5532	-0.120786	-0.160004	-0.494511	0.533717	-67.5618	4.9116	152.6587	147.7462	-0.1425	0.0276	9.7614	0.7573
176.7056	-0.118913	-0.161094	-0.494966	0.533696	-67.5651	4.0116	152.4022	148.3900	-0.1460	0.0258	9.8248	0.7282
176.8580	-0.119993	-0.160090	-0.494887	0.533680	-67.5646	3.0797	152.3336	149.2539	-0.1435	0.0153	9.7211	0.7023
177.0104	-0.118485	-0.161187	-0.494922	0.533670	-67.5674	1.7177	151.7728	150.0544	-0.1488	0.0226	9.8353	0.6728
177.1628	-0.108837	-0.167133	-0.494862	0.533656	-67.5698	358.2290	148.8790	150.6501	-0.1404	-0.0613	9.2548	0.6453
177.3152	-0.116974	-0.163483	-0.494141	0.533649	-67.5677	359.0767	150.5890	151.5117	-0.0805	-0.0111	10.1457	0.6198
177.4676	-0.116382	-0.164685	-0.493905	0.533631	-67.5714	358.6134	150.7637	152.1508	0.0248	-0.0232	9.7037	0.5838
177.6200	-0.115164	-0.164649	-0.494304	0.533612	-67.5660	357.1533	150.2596	153.1060	-0.0897	-0.0280	10.0104	0.5607
177.7724	-0.115482	-0.164062	-0.494322	0.533581	-67.5666	355.8670	150.0946	154.2287	-0.0747	-0.0302	9.8117	0.5300
177.9248	-0.115199	-0.164095	-0.494339	0.533569	-67.5672	354.5020	150.2228	155.7199	-0.0791	-0.0150	10.0047	0.5000
178.0772	-0.114149	-0.164837	-0.494336	0.533547	-67.5668	352.6020	149.7408	157.1380	-0.0790	-0.0175	9.7886	0.4724
178.2296	-0.111249	-0.166459	-0.494518	0.533528	-67.5674	350.4606	148.8373	158.3755	-0.0764	-0.0170	9.8205	0.4454
178.3820	-0.110572	-0.167810	-0.494323	0.533514	-67.5650	348.5262	148.5696	160.0443	-0.0704	-0.0121	9.7690	0.4199
178.5344	-0.105101	-0.171593	-0.494304	0.533528	-67.5689	346.4962	146.6748	160.1774	-0.0826	-0.0096	9.6667	0.3992
178.6868	-0.114060	-0.166432	-0.493943	0.533542	-67.5639	347.9257	147.4739	159.5469	-0.0419	0.0052	9.8341	0.4064
178.8392	-0.120926	-0.161515	-0.494339	0.533535	-67.5594	352.7524	151.4870	158.7338	-0.0905	-0.0434	9.8019	0.4233
178.9916	-0.119906	-0.162136	-0.493881	0.533536	-67.5644	353.5440	151.6011	158.0565	-0.0759	-0.0006	9.8861	0.4249
179.1440	-0.116591	-0.164289	-0.494146	0.533543	-67.5669	353.5072	150.6680	157.1600	-0.0554	-0.0102	9.8881	0.4249
179.2964	-0.118773	-0.162902	-0.493963	0.533548	-67.5631	354.3078	150.6226	156.3161	-0.0678	-0.0059	9.8907	0.4363
179.4488	-0.119519	-0.162280	-0.493929	0.533551	-67.5635	356.2493	151.4113	155.1624	-0.0629	-0.0057	9.8519	0.4451
179.6012	-0.118911	-0.163055	-0.494060	0.533559	-67.5605	357.1104	151.2488	154.1385	-0.0716	-0.0066	9.7723	0.4587
179.7536	-0.119322	-0.162272	-0.494316	0.533563	-67.5574	357.9851	151.1873	153.2016	-0.0793	0.0039	9.8263	0.4738
179.9060	-0.119652	-0.161722	-0.494354	0.533559	-67.5585	359.5982	151.5510	151.9530	-0.0692	-0.0026	9.7440	0.4894
180.0584	-0.115921	-0.163815	-0.494269	0.533559	-67.5567	0.4627	150.9845	150.5224	-0.0910	-0.0200	9.8897	0.5203
180.2108	-0.118595	-0.162451	-0.494333	0.533559	-67.5622	1.1016	151.0575	149.9562	-0.0616	-0.0031	9.7621	0.5323
180.3632	-0.119923	-0.160886	-0.494321	0.533558	-67.5636	1.7767	151.4828	149.7055	-0.0989	0.0001	9.9240	0.5468
180.5156	-0.121734	-0.159353	-0.494218	0.533543	-67.5662	3.2807	152.4499	149.1702	-0.1096	0.0082	9.7938	0.5613
180.6680	-0.120143	-0.160737	-0.494358	0.533530	-67.5696	3.6697	152.3030	148.6321	-0.1064	0.0046	9.8561	0.5765
180.8204	-0.119572	-0.160920	-0.494354	0.533532	-67.5731	4.2240	151.8070	147.5829	-0.1226	0.0146	9.7569	0.5994
180.9728	-0.121099	-0.159910	-0.494468	0.533523	-67.5765	5.9232	152.5696	146.6466	-0.1177	0.0095	9.8035	0.6201
181.1252	-0.119359	-0.161417	-0.494498	0.533505	-67.5774	6.1999	152.1114	145.9112	-0.0897	0.0018	9.7818	0.6407
181.2776	-0.112963	-0.165448	-0.494295	0.533488	-67.5789	6.2814	151.3537	145.0726	-0.1270	0.0342	9.8360	0.6621
181.4300	-0.109661	-0.168032	-0.494512	0.533479	-67.5794	4.3605	148.7100	144.3485	-0.1150	-0.0044	9.7935	0.6801
181.5824	-0.105422	-0.170540	-0.494233	0.533474	-67.5798	4.2316	147.9537	143.7212	-0.0866	0.0067	9.8598	0.7024
181.7348	-0.102890	-0.171944	-0.494261	0.533466	-67.5757	3.1019	146.8718	143.7698	-0.1035	-0.0004	9.8437	0.7266
181.8872	-0.102918	-0.171777	-0.494288	0.533454	-67.5834	3.5932	146.6397	143.0458	-0.1227	0.0066	9.8576	0.7371
182.0396	-0.102901	-0.172337	-0.494453	0.533440	-67.5875	3.8561	146.5524	142.6952	-0.1313	0.0231	9.9173	0.7469
182.1920	-0.104780	-0.171162	-0.494411	0.533418	-67.5914	4.7017	147.0726	142.3695	-0.1391	0.0222	9.8233	0.7543
182.3444	-0.105075	-0.170569	-0.494270	0.533396	-67.5970	5.2095	147.3480	142.1385	-0.1369	0.0211	9.8713	0.7609
182.4968	-0.104871	-0.171162	-0.494267	0.533369	-67.6010	5.3145	147.3831	142.0671	-0.1314	0.0222	9.7489	0.7665
182.6492	-0.103908	-0.171384	-0.494291	0.533359	-67.6050	4.9421	147.0774	142.1341	-0.1564	0.0001	9.7324	0.7646
182.8016	-0.105036	-0.169936	-0.494431	0.533343	-67.6090	5.4253	147.2817	141.8559	-0.1703	-0.0208	9.6937	0.7739
182.9540	-0.103875	-0.170868	-0.494557	0.533335	-67.6121	6.1477	147.5409	141.3923	-0.1595	-0.0712	9.6903	0.7875
183.1064	-0.097792	-0.174161	-0.494475	0.533326	-67.6141	4.9191	146.0173	141.0973	-0.1333	0.0179	9.7858	0.8019
183.2588	-0.094791	-0.175898	-0.494234	0.533317	-67.6151	3.6558	144.6250	140.9679	-0.1281	0.0291	9.8398	0.8132
183.4112	-0.091965	-0.177207	-0.494489	0.533303	-67.6161	2.6116	143.8546	141.2436	-0.1424	-0.0024	9.9479	0.8154
183.5636	-0.088005	-0.179301	-0.494358	0.533288	-67.6203	0.9827	142.4198	141.4363	-0.1440	0.0006	9.8956	0.8170
183.7160	-0.086868	-0.180041	-0.494208	0.533290	-67.6250	0.1783	141.8434	141.6648	-0.1443	0.0030	9.8614	0.8191
183.8684	-0.085463	-0.180620	-0.494198	0.533267	-67.6283	359.4573	141.4154	141.9584	-0.1402	0.0002	9.8670	0.8195
184.0208	-0.083707	-0.181222	-0.494392	0.533247	-67.6339	358.7016	140.8449	142.1436	-0.1418	0.0003	9.8132	0.8171
184.1732	-0.083887	-0.181405	-0.494379	0.533238	-67.6391	358.4417	140.7929	142.3506	-0.1419	-0.0059	9.8359	0.8172
184.3256	-0.083701	-0.181421	-0.494201	0.533229	-67.6478	358.4745	140.6983	142.2244	-0.1398	0.0016	9.8193	0.8120
184.4780	-0.081953	-0.182248	-0.494230	0.533225	-67.6498	357.5495	140.2933	142.7445	-0.1393	-0.0070	9.8228	0.8067
184.6304	-0.080770	-0.182437	-0.494806	0.533222	-67.6539	356.7216	139.8220	143.1002	-0.1361	-0.0029	9.8131	0.8026
184.7828	-0.078745	-0.183000	-0.494573	0.533232	-67.6575	356.0656	139.4763	143.4102	-0.1366	-0.0063	9.8508	0.7983
184.9352	-0.076903	-0.183920	-0.494792	0.533238	-67.6606	354.9608	138.6785	143.7190	-0.1376	-0.0131	9.7711	0.7923
185.0876	-0.074789	-0.184772	-0.494361	0.533250	-67.6633	353.9853	138.0759	144.0915	-0.1340	-0.0164	9.7385	0.7864
185.2400	-0.071658	-0.185794	-0.494394	0.533254	-67.6677	352.8784	137.2750	144.3966	-0.1327	-0.0176	9.7880	0.7804
185.3924	-0.068296	-0.186974	-0.494769	0.533253	-67.6709	351.4560	136.1842	144.7291	-0.1338	-0.0220	9.7918	0.7744
185.5448	-0.066814	-0.187468	-0.494908	0.533251	-67.6763	350.5186	135.5525	145.0342	-0.1310	-0.0237	9.8658	0.7684
185.6972	-0.064380	-0.188289	-0.494693	0.533251	-67.6794	349.4421	134.8536	145.4127	-0.1257	-0.0276	9.9161	0.7623
185.8496	-0.063518	-0.188516	-0.494912	0.533254	-67.6826	348.6829	134.4461	145.7644	-0.1259	-0.0278	9.8865	0.7568
186.0020	-0.062814	-0.188797	-0.494751	0.533251	-67.6856	348.1086	134.1766	146.0686	-0.1236	-0.0283	9.8449	0.7510
186.1544	-0.062533	-0.189101	-0.494714	0.533252	-67.6880	347.7005	134.0595	146.3592	-0.1191	-0.0282	9.8504	0.7457
186.3068	-0.062819	-0.188940	-0.494751	0.533234	-67.6923	347.5897	134.1043	146.5163	-0.1220	-0.0286	9.7943	0.7389
186.4592	-0.063080	-0.188919	-0.494725	0.533244	-67.6968	347.5643	134.2183	146.6554	-0.1200	-0.0253	9.8065	0.7331
186.6116	-0.062724	-0.188907	-0.494715	0.533251	-67.7023	347.3515	134.1110	146.7608	-0.1195	-0.0257	9.8187	0.7269
186.7640	-0.060090	-0.189642	-0.494697	0.533231	-67.7070	346.7950	133.6260	146.8331	-0.1196	-0.0267	9.8707	0.7197
186.9164	-0.055956	-0.190842	-0.494657	0.533206	-67.7137	345.6490	132.5487	146.8998	-0.1175	-0.0339	9.8370	0.7131
187.0688	-0.054355	-0.191312	-0.494581	0.533177	-67.7213	344.7200	131.6467	146.9278	-0.1191	-0.0343	9.8151	0.7094
187.2212	-0.052230	-0.192062	-0.494682	0.533154	-67.7293	344.1519	131.0903	146.9394	-0.1168	-0.0349	9.8072	0.7064
187.3736	-0.049595	-0.192640	-0.494711	0.533110	-67.7392	343.3218	130.2403	146.9191	-0.1145	-0.0339	9.8046	0.7024
187.5260	-0.044947	-0.193672	-0.494697	0.533070	-67.7496	342.1118	129.0681	146.9586	-0.1124	-0.0364	9.8124	0.6992
187.6784	-0.039507	-0.194855	-0.494680	0.533025	-67.7597	340.6000	127.6651	147.0659	-0.1123	-0.0421	9.8246	0.6958
187.8308	-0.031091	-0.196427	-0.494656	0.532994	-67.7699	338.3276	125.4956	147.1697	-0.1074	-0.0432	9.8176	0.6929
187.9832	-0.019863	-0.197456	-0.494577	0.532973	-67.7810	335.4265	122.6627	147.2385	-0.1048	-0.0502	9.8230	0.6891
188.1356	-0.010088	-0.197904	-0.494712	0.532947	-67.7925	332.2370	119.5382	147.3023	-0.1030	-0.0543	9.8278	0.6853
188.2880	0.006202	-0.197760	-0.494699	0.532919	-67.8052	328.3274	115.6929	147.3683	-0.1029	-0.0669	9.8366	0.6813
188.4404	0.020941	-0.196638	-0.494439	0.532884	-67.8197	323.6757	111.0321	147.3591	-0.0939	-0.0736	9.8766	0.6760
188.5928	0.032146	-0.195199	-0.494559	0.532853	-67.8335	320.0295	107.4402	147.4136	-0.0898	-0.0742	9.8637	0.6698
188.7452	0.038946	-0.193568	-0.494750	0.532825	-67.8466	317.3204	104.7489	147.4310	-0.0820	-0.0821	9.8907	0.6636
188.8976	0.042241	-0.192938	-0.494564	0.532798	-67.8585	316.1448	103.4968	147.3541	-0.0798	-0.0832	9.7957	0.6581
189.0500	0.046937	-0.192010	-0.494908	0.532745	-67.8705	315.2282	102.3805	147.1538	-0.0808	-0.0815	9.7376	0.6515
189.2024	0.057652	-0.188835	-0.494948	0.532699	-67.8811	312.8342	99.8207	146.9878	-0.0711	-0.0834	9.7560	0.6454
189.3548	0.071280	-0.184000	-0.494819	0.532663	-67.8898	309.0435	95.9214	146.8784	-0.0688	-0.0927	9.8345	0.6397
189.5072	0.081287	-0.179587	-0.494858	0.532626	-67.8983	305.5677	92.2891	146.7223	-0.0598	-0.0927	9.8695	0.6335
189.6596	0.088823	-0.176043	-0.494920	0.532597	-67.9042	302.9412	89.5177	146.5788	-0.0551	-0.0919	9.8717	0.6266
189.8120	0.093364	-0.173611	-0.494859	0.532566	-67.9098	301.2839	87.6962	146.4145	-0.0511	-0.0928	9.8385	0.6200
189.9644	0.101432	-0.169335	-0.494893	0.532546	-67.9149	299.4664	85.7581	146.2927	-0.0490	-0.0902	10.0218	0.6169
190.1168	0.114592	-0.161073	-0.494528	0.532528	-67.9188	296.3366	82.4393	146.1035	-0.0456	-0.0867	10.4060	0.6139
190.2692	0.127093	-0.151333	-0.494256	0.532508	-67.9243	290.9121	76.8638	145.9517	-0.0397	-0.0918	9.8619	0.6103
190.4216	0.129962	-0.149220	-0.494250	0.532470	-67.9285	288.7738	74.6294	145.8562	-0.0332	-0.0919	9.8052	0.6074
190.5740	0.130983	-0.147918	-0.494457	0.532432	-67.9321	288.4093	74.0886	145.6793	-0.0327	-0.0924	9.7735	0.6054
190.7264	0.130791	-0.148189	-0.494212	0.532390	-67.9324	288.2882	73.9800	145.6939	-0.0319	-0.0928	9.8969	0.6044
190.8788	0.130984	-0.147604	-0.494332	0.532350	-67.9338	288.3220	73.8818	145.5603	-0.0327	-0.0919	9.7940	0.6048
191.0312	0.133427	-0.145467	-0.494316	0.532320	-67.9349	287.8896	73.2518	145.3632	-0.0320	-0.1013	9.8187	0.6041
191.1836	0.136171	-0.143069	-0.494464	0.532286	-67.9364	286.8900	72.0939	145.2038	-0.0320	-0.1016	9.8312	0.6034
191.3360	0.137980	-0.140679	-0.494430	0.532258	-67.9371	286.3902	71.5576	145.1684	-0.0260	-0.1016	9.8201	0.6033
191.4884	0.141516	-0.137086	-0.494351	0.532230	-67.9373	284.6001	69.7987	145.1994	-0.0227	-0.1025	9.8339	0.6031
191.6408	0.145846	-0.132469	-0.494271	0.532224	-67.9371	283.6292	68.8663	145.2372	-0.0232	-0.1041	9.8438	0.6037
191.7932	0.149285	-0.128607	-0.494280	0.532217	-67.9391	281.6859	66.8313	145.1467	-0.0211	-0.1063	9.8342	0.6050
191.9456	0.153274	-0.123676	-0.494253	0.532212	-67.9407	280.1197	65.2538	145.1341	-0.0133	-0.1114	9.8489	0.6063
192.0980	0.158370	-0.117150	-0.494362	0.532213	-67.9410	278.0532	63.1276	145.0752	-0.0127	-0.1085	9.8619	0.6078
192.2504	0.161097	-0.113930	-0.494360	0.532218	-67.9424	276.2321	61.1919	144.9593	-0.0119	-0.1021	9.8357	0.6091
192.4028	0.163611	-0.109793	-0.494323	0.532217	-67.9431	274.9644	59.8127	144.8486	-0.0037	-0.1027	9.8276	0.6094
192.5552	0.165331	-0.107325	-0.494482	0.532216	-67.9422	273.8707	58.7742	144.9043	-0.0039	-0.1024	9.8273	0.6084
192.7076	0.168188	-0.103409	-0.494221	0.532220	-67.9415	272.6252	57.5443	144.9198	-0.0036	-0.1017	9.8105	0.6072
192.8600	0.172755	-0.095611	-0.494221	0.532226	-67.9407	270.7596	55.5034	144.7448	-0.0038	-0.1017	9.8400	0.6061
193.0124	0.173964	-0.093570	-0.494166	0.532238	-67.9401	268.8990	53.7582	144.8599	-0.0031	-0.1018	9.8237	0.6014
193.1648	0.177195	-0.086796	-0.494360	0.532252	-67.9397	267.0367	51.9956	144.9576	0.0058	-0.1018	9.8287	0.5975
193.3172	0.180401	-0.080348	-0.494365	0.532273	-67.9417	265.6092	50.4631	144.8544	0.0059	-0.1014	9.8358	0.5928
193.4696	0.180641	-0.079679	-0.494230	0.532293	-67.9420	264.3739	49.1813	144.8059	0.0061	-0.1017	9.8276	0.5873
193.6220	0.182481	-0.075284	-0.494377	0.532308	-67.9395	263.0875	48.1208	145.0339	0.0093	-0.1016	9.8279	0.5820
193.7744	0.183819	-0.072186	-0.494326	0.532324	-67.9378	262.0241	47.4414	145.4156	0.0152	-0.1018	9.8527	0.5758
193.9268	0.184253	-0.071128	-0.494340	0.532332	-67.9351	260.9050	46.4602	145.5542	0.0159	-0.1017	9.8199	0.5684
194.0792	0.186458	-0.065101	-0.494310	0.532347	-67.9320	259.7334	45.3743	145.6413	0.0154	-0.0972	9.8237	0.5618
194.2316	0.189128	-0.056973	-0.494337	0.532363	-67.9283	257.1008	42.9206	145.8191	0.0271	-0.0910	9.8540	0.5565
194.3840	0.190237	-0.052763	-0.494431	0.532379	-67.9238	254.9575	40.9652	146.0075	0.0248	-0.0919	9.8281	0.5505
194.5364	0.190224	-0.052717	-0.494547	0.532402	-67.9200	254.7645	40.7853	146.0206	0.0245	-0.0921	9.8220	0.5418
194.6888	0.190690	-0.051663	-0.494302	0.532432	-67.9166	254.5926	40.5183	145.9245	0.0247	-0.0918	9.8175	0.5300
194.8412	0.192469	-0.044113	-0.494331	0.532460	-67.9136	253.0898	39.0084	145.9178	0.0343	-0.0829	9.8388	0.5166
194.9936	0.194921	-0.031767	-0.494540	0.532489	-67.9101	249.9868	35.9026	145.9142	0.0425	-0.0735	9.8333	0.5036
195.1460	0.196011	-0.028202	-0.494243	0.532524	-67.9068	248.0439	33.7286	145.6830	0.0341	-0.0742	9.8319	0.4897
195.2984	0.196695	-0.026101	-0.494148	0.532559	-67.9041	247.5904	32.9282	145.3375	0.0347	-0.0772	9.8415	0.4747
195.4508	0.196662	-0.025475	-0.494181	0.532592	-67.9002	247.2431	32.5310	145.2874	0.0343	-0.0799	9.8287	0.4599
195.6032	0.197281	-0.023360	-0.494211	0.532625	-67.8974	247.3894	32.1764	144.7873	0.0281	-0.0739	9.8411	0.4478
195.7556	0.198934	-0.007813	-0.494197	0.532649	-67.8933	245.6189	30.0514	144.4329	0.0305	-0.0620	9.7991	0.4369
195.9080	0.199041	-0.005939	-0.494162	0.532677	-67.8894	242.7729	26.8184	144.0448	0.0278	-0.0617	9.8508	0.4261
196.0604	0.199041	-0.005266	-0.494327	0.532706	-67.8845	242.8281	26.5448	143.7168	0.0263	-0.0570	9.8310	0.4154
196.2128	0.199211	-0.004589	-0.494079	0.532735	-67.8825	243.2733	26.4133	143.1400	0.0286	-0.0606	9.8221	0.4061
196.3652	0.199339	-0.004228	-0.494163	0.532755	-67.8785	243.9115	26.3143	142.4039	0.0243	-0.0587	9.8038	0.4020
196.5176	0.199639	-0.002452	-0.494153	0.532783	-67.8772	244.1786	25.9688	141.7888	0.0255	-0.0543	9.8187	0.3985
196.6700	0.199423	-0.002680	-0.494200	0.532802	-67.8768	244.1380	25.6242	141.4854	0.0239	-0.0481	9.8349	0.3942
196.8224	0.199340	-0.002840	-0.494283	0.532819	-67.8772	244.5517	25.8389	141.2850	0.0248	-0.0475	9.7698	0.3889
196.9748	0.199232	-0.000021	-0.494264	0.532831	-67.8771	244.2536	25.3758	141.1236	0.0250	-0.0633	9.8722	0.3849
197.1272	0.199420	0.001224	-0.494204	0.532841	-67.8752	243.5658	24.7437	141.1766	0.0230	-0.0586	9.8315	0.3839
197.2796	0.199321	0.001638	-0.494132	0.532841	-67.8736	243.1595	24.5898	141.4274	0.0264	-0.0573	9.8121	0.3849
197.4320	0.199244	0.003008	-0.494206	0.532837	-67.8721	242.7975	24.3141	141.5151	0.0244	-0.0515	9.8079	0.3873
197.5844	0.199070	0.006918	-0.494211	0.532835	-67.8710	241.7890	23.5994	141.8095	0.0530	-0.0748	9.6815	0.3910
197.7368	0.198810	0.011320	-0.494217	0.532830	-67.8709	240.2766	22.3039	142.0285	0.0389	-0.0614	9.9019	0.3939
197.8892	0.198638	0.013004	-0.494218	0.532821	-67.8696	238.8876	21.3468	142.4595	0.0355	-0.0608	9.8317	0.3973
198.0416	0.198475	0.013094	-0.494295	0.532816	-67.8680	238.6416	21.2501	142.6080	0.0394	-0.0582	9.8275	0.4025
198.1940	0.198516	0.014070	-0.494172	0.532804	-67.8671	238.1040	21.1492	143.0440	0.0334	-0.0660	9.8554	0.4070
198.3464	0.198379	0.017666	-0.494306	0.532791	-67.8664	236.8132	20.3588	143.5443	0.0491	-0.0599	9.8544	0.4096
198.4988	0.198382	0.015964	-0.494221	0.532778	-67.8654	236.0436	20.1087	144.0634	0.0503	-0.0595	9.7975	0.4128
198.6512	0.198573	0.013783	-0.494116	0.532765	-67.8664	236.2164	20.7479	144.5295	0.0294	-0.0557	9.8398	0.4144
198.8036	0.198487	0.011299	-0.494217	0.532762	-67.8668	236.6031	21.5019	144.8983	0.0427	-0.0629	9.8391	0.4170
198.9560	0.198902	0.009347	-0.494099	0.532753	-67.8693	237.0428	22.2114	145.1660	0.0396	-0.0626	9.8622	0.4158
199.1084	0.199011	0.008112	-0.494351	0.532744	-67.8694	236.8943	22.4886	145.5937	0.0323	-0.0542	9.7508	0.4147
199.2608	0.198900	0.007590	-0.494129	0.532731	-67.8679	237.6426	22.7719	145.1286	0.0339	-0.0645	9.8435	0.4110
199.4132	0.198390	0.010039	-0.494216	0.532719	-67.8686	237.6564	22.2326	144.5767	0.0394	-0.0608	9.9476	0.4078
199.5656	0.198463	0.010365	-0.494144	0.532723	-67.8685	237.6792	22.0324	144.3525	0.0449	-0.0601	9.8292	0.4049
199.7180	0.198222	0.010208	-0.494381	0.532728	-67.8720	238.2837	22.0254	143.7401	0.0406	-0.0599	9.8280	0.4012
199.8704	0.198392	0.008999	-0.494290	0.532726	-67.8745	238.8083	22.1386	143.3297	0.0428	-0.0477	9.6940	0.3985
200.0228	0.198481	0.006126	-0.494256	0.532720	-67.8762	239.7794	23.0279	143.2484	0.0396	-0.0545	9.8888	0.3959
200.1752	0.198468	0.006485	-0.494211	0.532721	-67.8776	240.0386	23.0814	143.0435	0.0394	-0.0571	9.8184	0.3899
200.3276	0.198866	0.002733	-0.494376	0.532719	-67.8802	240.4981	23.3558	142.8569	0.0325	-0.0593	9.8258	0.3845
200.4800	0.199013	-0.012430	-0.493608	0.532713	-67.8829	245.5848	28.2853	142.6990	0.0134	-0.0708	9.7043	0.3798
200.6324	0.199014	-0.013177	-0.493902	0.532711	-67.8863	245.9570	28.6817	142.7252	0.0089	-0.0854	9.7919	0.3733
200.7848	0.198427	-0.016438	-0.494045	0.532709	-67.8870	246.5290	29.2572	142.7290	0.0260	-0.0854	9.7390	0.3682
200.9372	0.198426	-0.021181	-0.494329	0.532706	-67.8897	247.8487	30.4485	142.5995	0.0175	-0.0697	9.7976	0.3632
201.0896	0.197912	-0.024961	-0.494109	0.532708	-67.8915	249.2018	31.6482	142.4479	0.0093	-0.0567	9.9441	0.3577
201.2420	0.196960	-0.028158	-0.494179	0.532715	-67.8911	250.4101	32.5743	142.1627	0.0146	-0.0622	9.8386	0.3556
201.3944	0.196998	-0.029149	-0.494144	0.532717	-67.8910	251.2404	33.3028	142.0635	0.0199	-0.0569	9.8744	0.3524
201.5468	0.196667	-0.029040	-0.494037	0.532726	-67.8889	251.3425	33.2707	141.9283	0.0196	-0.0519	9.8796	0.3516
201.6992	0.197106	-0.028592	-0.494181	0.532729	-67.8881	251.4393	33.1957	141.7549	0.0212	-0.0508	9.8164	0.3510
201.8516	0.196900	-0.028402	-0.494145	0.532743	-67.8893	250.6369	33.1374	142.5009	0.0212	-0.0492	9.7955	0.3522
202.0040	0.197285	-0.024983	-0.494148	0.532761	-67.8881	249.2385	32.5911	143.3515	0.0225	-0.0489	9.7243	0.3534
202.1564	0.197987	-0.017752	-0.494045	0.532753	-67.8880	246.9148	30.8986	143.9829	0.0318	-0.0649	9.8549	0.3543
202.3088	0.198424	-0.012113	-0.494193	0.532737	-67.8881	244.2899	29.0339	144.7444	0.0307	-0.0528	9.8427	0.3548
202.4612	0.199043	-0.007034	-0.494160	0.532727	-67.8874	241.9500	27.4352	145.4868	0.0271	-0.0635	9.8917	0.3564
202.6136	0.198843	-0.003674	-0.494549	0.532722	-67.8865	240.2875	26.2758	145.9898	0.0300	-0.0529	9.7716	0.3583
202.7660	0.199046	-0.001399	-0.494301	0.532720	-67.8866	239.2165	25.4917	146.2748	0.0435	-0.0541	9.8233	0.3613
202.9184	0.198850	-0.000406	-0.494206	0.532723	-67.8851	238.5338	25.1042	146.5712	0.0401	-0.0552	9.7826	0.3655
203.0708	0.198999	-0.001355	-0.494397	0.532718	-67.8864	238.5641	25.0960	146.5298	0.0358	-0.0530	9.7707	0.3690
203.2232	0.198889	-0.004830	-0.494309	0.532722	-67.8854	239.4757	25.8888	146.4129	0.0292	-0.0584	9.8151	0.3727
203.3756	0.198275	-0.008424	-0.494190	0.532722	-67.8868	241.0135	26.9620	145.9478	0.0434	-0.0570	9.7545	0.3762
203.5280	0.198223	-0.012630	-0.494192	0.532732	-67.8855	242.6231	28.1560	145.5337	0.0288	-0.0550	9.8928	0.3791
203.6804	0.197905	-0.015324	-0.494263	0.532734	-67.8840	243.7731	29.0823	145.3078	0.0406	-0.0610	9.8233	0.3822
203.8328	0.197872	-0.017140	-0.494298	0.532731	-67.8857	244.7222	29.7670	145.0449	0.0433	-0.0625	9.8602	0.3827
203.9852	0.197836	-0.019257	-0.494332	0.532730	-67.8855	245.3163	30.2081	144.8920	0.0405	-0.0562	9.7343	0.3826
204.1376	0.197434	-0.021885	-0.494439	0.532732	-67.8876	246.2931	30.9899	144.6952	0.0521	-0.0650	9.7307	0.3806
204.2900	0.197401	-0.023089	-0.494328	0.532734	-67.8885	247.1116	31.5481	144.4338	0.0349	-0.0620	9.7621	0.3790
204.4424	0.198315	-0.017120	-0.494152	0.532733	-67.8892	246.3081	30.5650	144.2569	0.0321	-0.0558	9.8691	0.3777
204.5948	0.198421	-0.010928	-0.494195	0.532732	-67.8910	244.8769	28.7889	143.9102	0.0320	-0.0580	9.8686	0.3763
204.7472	0.199043	-0.007193	-0.494160	0.532740	-67.8891	243.6152	27.3673	143.7529	0.0257	-0.0612	9.8274	0.3751
204.8996	0.198755	-0.005404	-0.494154	0.532759	-67.8853	243.1913	26.7312	143.5376	0.0315	-0.0560	9.8670	0.3766
205.0520	0.199001	-0.003820	-0.494056	0.532773	-67.8840	243.1089	26.2605	143.1492	0.0206	-0.0571	9.8328	0.3757
205.2044	0.199440	-0.002630	-0.494200	0.532794	-67.8805	242.8245	25.8596	143.0345	0.0296	-0.0546	9.8413	0.3754
205.3568	0.199146	0.000043	-0.494204	0.532810	-67.8765	242.3667	25.2853	142.9193	0.0319	-0.0537	9.8370	0.3757
205.5092	0.199029	0.002846	-0.493978	0.532824	-67.8729	241.5604	24.4091	142.8501	0.0324	-0.0565	9.8579	0.3756
205.6616	0.198989	0.004938	-0.494210	0.532845	-67.8664	240.6555	23.7412	143.0851	0.0266	-0.0487	9.7680	0.3759
205.8140	0.199023	0.007502	-0.494175	0.532852	-67.8642	239.8999	23.0702	143.1714	0.0171	-0.0516	9.7682	0.3764
205.9664	0.198996	0.012388	-0.494053	0.532871	-67.8598	238.4967	21.9416	143.4447	0.0287	-0.0595	9.7372	0.3760
206.1188	0.198386	0.021286	-0.494208	0.532885	-67.8554	236.1150	19.7329	143.6178	0.0405	-0.0592	9.8443	0.3768
206.2712	0.197198	0.028899	-0.494216	0.532897	-67.8514	233.6621	17.3708	143.7068	0.0337	-0.0543	9.8528	0.3788
206.4236	0.196579	0.032555	-0.494244	0.532917	-67.8449	231.9944	15.9729	143.9777	0.0429	-0.0512	9.9016	0.3820
206.5760	0.196614	0.034364	-0.494208	0.532939	-67.8395	231.1268	15.1561	144.0269	0.0434	-0.0513	9.8527	0.3840
206.7284	0.196575	0.034568	-0.494361	0.532961	-67.8335	230.9285	15.0132	144.0818	0.0431	-0.0522	9.8317	0.3866
206.8808	0.196571	0.035040	-0.494361	0.532983	-67.8281	230.6115	14.8721	144.2594	0.0437	-0.0493	9.8876	0.3887
207.0332	0.196178	0.035634	-0.494247	0.533003	-67.8221	230.4270	14.7673	144.3382	0.0423	-0.0496	9.7662	0.3914
207.1856	0.195977	0.037720	-0.494249	0.533023	-67.8158	229.8882	14.3646	144.4752	0.0444	-0.0486	9.7590	0.3936
207.3380	0.193918	0.047442	-0.494228	0.533044	-67.8125	228.3375	12.7135	144.3743	0.0481	-0.0527	9.9066	0.3953
207.4904	0.191738	0.055209	-0.494129	0.533057	-67.8091	225.1191	9.5777	144.4576	0.0527	-0.0519	9.8300	0.3951
207.6428	0.190643	0.059505	-0.494254	0.533076	-67.8049	223.6049	8.1358	144.5322	0.0526	-0.0488	9.8667	0.3963
207.7952	0.188768	0.066168	-0.494292	0.533091	-67.8025	222.3563	6.7459	144.3886	0.0483	-0.0433	9.8251	0.3967
207.9476	0.187464	0.069435	-0.494305	0.533102	-67.8005	222.4275	6.7472	144.3180	0.0490	-0.0416	9.8083	0.3971
208.1000	0.185580	0.074798	-0.494347	0.533109	-67.7985	222.4757	6.7482	144.2725	0.0528	-0.0361	9.8258	0.3974
208.2524	0.184008	0.078957	-0.494325	0.533119	-67.7972	222.5929	6.7501	144.1558	0.0522	-0.0357	9.8243	0.3979
208.4048	0.183086	0.080740	-0.494326	0.533134	-67.7940	222.6536	6.7510	144.0985	0.0534	-0.0348	9.8292	0.3981
208.5572	0.181129	0.084792	-0.494338	0.533144	-67.7915	222.7399	6.7527	144.0114	0.0534	-0.0342	9.8441	0.3986
208.7096	0.178477	0.090778	-0.494388	0.533153	-67.7900	222.7158	6.7526	144.0350	0.0540	-0.0337	9.8208	0.3987
208.8620	0.177489	0.092630	-0.494320	0.533166	-67.7889	222.7265	6.7495	144.0204	0.0537	-0.0335	9.8264	0.3973
