HOLE:	U1353C
EXPEDITION:	317
TOP:	435.1756
BOTTOM:	525.8536
DEPTH_WMSF	IDPH	IMPH	SFLU
m	ohm.m	ohm.m	ohm.m
435.1756	0.7742	0.8646	0.8541
435.3280	0.7742	0.8646	0.8541
435.4804	0.7742	0.8646	0.8541
435.6328	0.7742	0.8646	0.8541
435.7852	0.7742	0.8646	0.8541
435.9376	0.7742	0.8646	0.8541
436.0900	0.7742	0.8646	0.8541
436.2424	0.7742	0.8646	0.8541
436.3948	0.7742	0.8646	0.8541
436.5472	0.7742	0.8646	0.8541
436.6996	0.7742	0.8646	0.8541
436.8520	0.7742	0.8646	0.8541
437.0044	0.7742	0.8646	0.8541
437.1568	0.7742	0.8646	0.8541
437.3092	0.7742	0.8646	0.8541
437.4616	0.7742	0.8646	0.8541
437.6140	0.7742	0.8646	0.8541
437.7664	0.7742	0.8646	0.8541
437.9188	0.7742	0.8646	0.8541
438.0712	0.7742	0.8646	0.8541
438.2236	0.7742	0.8646	0.8541
438.3760	0.7742	0.8646	0.8541
438.5284	0.7742	0.8646	0.8541
438.6808	0.7742	0.8646	0.8541
438.8332	0.7742	0.8646	0.8541
438.9856	0.7742	0.8646	0.8541
439.1380	0.7742	0.8646	0.8541
439.2904	0.7742	0.8646	0.8541
439.4428	0.7742	0.8646	0.8541
439.5952	0.7742	0.8646	0.8541
439.7476	0.7742	0.8646	0.8541
439.9000	0.7742	0.8646	0.8541
440.0524	0.7742	0.8646	0.8541
440.2048	0.7742	0.8646	0.8541
440.3572	0.7742	0.8646	0.8541
440.5096	0.7742	0.8646	0.8541
440.6620	0.7742	0.8646	0.8541
440.8144	0.7742	0.8646	0.8541
440.9668	0.7742	0.8646	0.8541
441.1192	0.7742	0.8646	0.8541
441.2716	0.7742	0.8646	0.8541
441.4240	0.7742	0.8646	0.8541
441.5764	0.7742	0.8646	0.8541
441.7288	0.7742	0.8646	0.8541
441.8812	0.7742	0.8646	0.8541
442.0336	0.7742	0.8646	0.8541
442.1860	0.7742	0.8646	0.8541
442.3384	0.7742	0.8646	0.8541
442.4908	0.7742	0.8646	0.8541
442.6432	0.7742	0.8646	0.8541
442.7956	0.7742	0.8646	0.8541
442.9480	0.7742	0.8646	0.8541
443.1004	0.7742	0.8646	0.8541
443.2528	0.7742	0.8646	0.8541
443.4052	0.7742	0.8646	0.8541
443.5576	0.7742	0.8646	0.8541
443.7100	0.7742	0.8646	0.8541
443.8624	0.7742	0.8646	0.8541
444.0148	0.7742	0.8646	0.8541
444.1672	0.7742	0.8646	0.8541
444.3196	0.7742	0.8646	0.8541
444.4720	0.7742	0.8646	0.8541
444.6244	0.7742	0.8646	0.8541
444.7768	0.7742	0.8646	0.8541
444.9292	0.7742	0.8646	0.8541
445.0816	0.7742	0.8646	0.8541
445.2340	0.7742	0.8646	0.8541
445.3864	0.7742	0.8646	0.8541
445.5388	0.7742	0.8646	0.8541
445.6912	0.7742	0.8646	0.8541
445.8436	0.7742	0.8646	0.8541
445.9960	0.7742	0.8646	0.8541
446.1484	0.7742	0.8646	0.8541
446.3008	0.7742	0.8646	0.8541
446.4532	0.7742	0.8646	0.8541
446.6056	0.7742	0.8646	0.8541
446.7580	0.7742	0.8646	0.8541
446.9104	0.7742	0.8646	0.8541
447.0628	0.7742	0.8646	0.8541
447.2152	0.7742	0.8646	0.8541
447.3676	0.7742	0.8646	0.8541
447.5200	0.7742	0.8646	0.8541
447.6724	0.7742	0.8646	0.8541
447.8248	0.7742	0.8646	0.8541
447.9772	0.7742	0.8646	0.8541
448.1296	0.7742	0.8646	0.8541
448.2820	0.7742	0.8646	0.8541
448.4344	0.7742	0.8646	0.8541
448.5868	0.7742	0.8646	0.8541
448.7392	0.7742	0.8646	0.8541
448.8916	0.7742	0.8646	0.8541
449.0440	0.7742	0.8646	0.8541
449.1964	0.7742	0.8646	0.8541
449.3488	0.7742	0.8646	0.8541
449.5012	0.7742	0.8646	0.8541
449.6536	0.7742	0.8646	0.8541
449.8060	0.7742	0.8646	0.8541
449.9584	0.7742	0.8646	0.8541
450.1108	0.7742	0.8646	0.8541
450.2632	0.7742	0.8646	0.8541
450.4156	0.7742	0.8646	0.8541
450.5680	0.7742	0.8646	0.8541
450.7204	0.7742	0.8646	0.8541
450.8728	0.7742	0.8646	0.8541
451.0252	0.7742	0.8646	0.8541
451.1776	0.7742	0.8646	0.8541
451.3300	0.7742	0.8646	0.8541
451.4824	0.7742	0.8646	0.8541
451.6348	0.7742	0.8646	0.8541
451.7872	0.7742	0.8646	0.8541
451.9396	0.7742	0.8646	0.8541
452.0920	0.7742	0.8646	0.8541
452.2444	0.7742	0.8646	0.8541
452.3968	0.7742	0.8646	0.8541
452.5492	0.7742	0.8646	0.8541
452.7016	0.7742	0.8646	0.8541
452.8540	0.7742	0.8646	0.8541
453.0064	0.7742	0.8646	0.8541
453.1588	0.7742	0.8646	0.8541
453.3112	0.7742	0.8646	0.8541
453.4636	0.7742	0.8646	0.8541
453.6160	0.7742	0.8646	0.8541
453.7684	0.7742	0.8646	0.8541
453.9208	0.7742	0.8646	0.8541
454.0732	0.7742	0.8646	0.8541
454.2256	0.7742	0.8646	0.8541
454.3780	0.7742	0.8646	0.8541
454.5304	0.7742	0.8646	0.8541
454.6828	0.7742	0.8646	0.8541
454.8352	0.7742	0.8646	0.8541
454.9876	0.7742	0.8646	0.8541
455.1400	0.7742	0.8646	0.8541
455.2924	0.7742	0.8646	0.8541
455.4448	0.7742	0.8646	0.8541
455.5972	0.7742	0.8646	0.8481
455.7496	0.7742	0.8646	0.8437
455.9020	0.7742	0.8646	0.8430
456.0544	0.7742	0.8646	0.8443
456.2068	0.7742	0.8646	0.8460
456.3592	0.7742	0.8646	0.8473
456.5116	0.7742	0.8646	0.8506
456.6640	0.7742	0.8646	0.8557
456.8164	0.7742	0.8646	0.8594
456.9688	0.7742	0.8646	0.8590
457.1212	0.7742	0.8646	0.8585
457.2736	0.7742	0.8646	0.8584
457.4260	0.7742	0.8646	0.8565
457.5784	0.7742	0.8646	0.8566
457.7308	0.7742	0.8646	0.8561
457.8832	0.7742	0.8646	0.8570
458.0356	0.7742	0.8646	0.8586
458.1880	0.7742	0.8646	0.8578
458.3404	0.7742	0.8646	0.8585
458.4928	0.7742	0.8646	0.8626
458.6452	0.7742	0.8646	0.8528
458.7976	0.7742	0.8646	0.8507
458.9500	0.7742	0.8646	0.8537
459.1024	0.7742	0.8646	0.8509
459.2548	0.7742	0.8646	0.8493
459.4072	0.7742	0.8646	0.8616
459.5596	0.7742	0.8646	0.8702
459.7120	0.7742	0.8646	0.8708
459.8644	0.7742	0.8646	0.8738
460.0168	0.7742	0.8646	0.8719
460.1692	0.7742	0.8646	0.8624
460.3216	0.7742	0.8646	0.8585
460.4740	0.7742	0.8646	0.8585
460.6264	0.7742	0.8646	0.8577
460.7788	0.7742	0.8646	0.8594
460.9312	0.7742	0.8646	0.8634
461.0836	0.7742	0.8646	0.8637
461.2360	0.7742	0.8646	0.8611
461.3884	0.7742	0.8646	0.8630
461.5408	0.7742	0.8646	0.8695
461.6932	0.7742	0.8646	0.8751
461.8456	0.7742	0.8646	0.8772
461.9980	0.7742	0.8646	0.8792
462.1504	0.7742	0.8646	0.8809
462.3028	0.7742	0.8646	0.8794
462.4552	0.7742	0.8646	0.8795
462.6076	0.7742	0.8646	0.8826
462.7600	0.7742	0.8646	0.8871
462.9124	0.7742	0.8646	0.8878
463.0648	0.7742	0.8646	0.8862
463.2172	0.7742	0.8646	0.8886
463.3696	0.7742	0.8646	0.8921
463.5220	0.7742	0.8646	0.8939
463.6744	0.7742	0.8646	0.8942
463.8268	0.7742	0.8646	0.8941
463.9792	0.7742	0.8646	0.8943
464.1316	0.7742	0.8646	0.8949
464.2840	0.7742	0.8646	0.8961
464.4364	0.7742	0.8646	0.8985
464.5888	0.7742	0.8646	0.9021
464.7412	0.7742	0.8646	0.9074
464.8936	0.7742	0.8646	0.9119
465.0460	0.7742	0.8646	0.9128
465.1984	0.7742	0.8646	0.9251
465.3508	0.7742	0.8646	0.9369
465.5032	0.7742	0.8646	0.9440
465.6556	0.7742	0.8646	0.9683
465.8080	0.7742	0.8646	1.0159
465.9604	0.7742	0.8646	1.0484
466.1128	0.7742	0.8646	1.0690
466.2652	0.7742	0.8646	1.0958
466.4176	0.7742	0.8646	1.1264
466.5700	0.7742	0.8646	1.1520
466.7224	0.7742	0.8646	1.1832
466.8748	0.7742	0.8646	1.2117
467.0272	0.7742	0.8646	1.2344
467.1796	0.7742	0.8646	1.2492
467.3320	0.7742	0.8646	1.2375
467.4844	0.7742	0.8646	1.2455
467.6368	0.7742	0.8646	1.1400
467.7892	0.7742	0.8646	1.1304
467.9416	0.7742	0.8646	1.1217
468.0940	0.7742	0.8646	1.1336
468.2464	0.7742	0.8646	1.0026
468.3988	0.7742	0.8646	0.8943
468.5512	0.7742	0.8646	0.8199
468.7036	0.7742	0.8646	0.8324
468.8560	0.7742	0.8646	0.8295
469.0084	0.7742	0.8646	0.8277
469.1608	0.7742	0.8646	0.8306
469.3132	0.7742	0.8646	0.8508
469.4656	0.7742	0.8646	0.8376
469.6180	0.7742	0.8646	0.8346
469.7704	0.7742	0.8646	0.8343
469.9228	0.7742	0.8646	0.8337
470.0752	0.7742	0.8646	0.8186
470.2276	0.7742	0.8646	0.8340
470.3800	0.7742	0.8646	0.8247
470.5324	0.7742	0.8646	0.8179
470.6848	0.7742	0.8646	0.8172
470.8372	0.7742	0.8646	0.8197
470.9896	0.7742	0.8646	0.8512
471.1420	0.7742	0.8646	0.8433
471.2944	0.7742	0.8646	0.8559
471.4468	0.7752	0.8535	0.8595
471.5992	0.7775	0.8425	0.8369
471.7516	0.7779	0.8382	0.8403
471.9040	0.7772	0.8410	0.8704
472.0564	0.7914	0.8515	0.8628
472.2088	0.8028	0.8703	0.8287
472.3612	0.8077	0.8949	0.8260
472.5136	0.8180	0.9184	0.8400
472.6660	0.8264	0.9339	0.8357
472.8184	0.8301	0.9392	0.9292
472.9708	0.8308	0.9369	0.9486
473.1232	0.8281	0.9308	0.9114
473.2756	0.8258	0.9225	0.8991
473.4280	0.8240	0.9110	0.8876
473.5804	0.8153	0.8972	0.8777
473.7328	0.8010	0.8842	0.8565
473.8852	0.7912	0.8746	0.8308
474.0376	0.7872	0.8690	0.8244
474.1900	0.7857	0.8676	0.8266
474.3424	0.7859	0.8702	0.8290
474.4948	0.7884	0.8762	0.8522
474.6472	0.7992	0.8852	0.8863
474.7996	0.8109	0.8967	0.9040
474.9520	0.8138	0.9084	0.9138
475.1044	0.8158	0.9174	0.9198
475.2568	0.8204	0.9214	0.9137
475.4092	0.8274	0.9208	0.9073
475.5616	0.8329	0.9183	0.9039
475.7140	0.8338	0.9173	0.9038
475.8664	0.8328	0.9194	0.9127
476.0188	0.8308	0.9233	0.9121
476.1712	0.8302	0.9267	0.9121
476.3236	0.8307	0.9280	0.8795
476.4760	0.8340	0.9280	0.8403
476.6284	0.8372	0.9286	0.8412
476.7808	0.8336	0.9301	0.8678
476.9332	0.8275	0.9303	0.9181
477.0856	0.8258	0.9267	0.9329
477.2380	0.8278	0.9191	0.9298
477.3904	0.8297	0.9099	0.8901
477.5428	0.8317	0.9031	0.8300
477.6952	0.8437	0.9033	0.8206
477.8476	0.8528	0.9137	0.8533
478.0000	0.8507	0.9340	0.9100
478.1524	0.8549	0.9587	0.8537
478.3048	0.8629	0.9791	0.8398
478.4572	0.8763	0.9883	0.9104
478.6096	0.9020	0.9872	0.9378
478.7620	0.9113	0.9830	0.8795
478.9144	0.9088	0.9824	0.8832
479.0668	0.9120	0.9859	0.8803
479.2192	0.9233	0.9905	0.8769
479.3716	0.9306	0.9954	0.8936
479.5240	0.9485	1.0028	0.9471
479.6764	0.9529	1.0139	0.9714
479.8288	0.9510	1.0269	0.9306
479.9812	0.9538	1.0377	0.9316
480.1336	0.9689	1.0433	0.9663
480.2860	0.9924	1.0448	0.9509
480.4384	1.0001	1.0468	0.9627
480.5908	1.0025	1.0521	0.9664
480.7432	1.0045	1.0584	0.9473
480.8956	1.0102	1.0624	0.9428
481.0480	1.0221	1.0640	0.9631
481.2004	1.0318	1.0659	0.9442
481.3528	1.0379	1.0706	0.9886
481.5052	1.0423	1.0779	0.9548
481.6576	1.0450	1.0853	0.9379
481.8100	1.0524	1.0907	0.9814
481.9624	1.0788	1.0945	0.9784
482.1148	1.0962	1.1001	0.9831
482.2672	1.0937	1.1093	0.9874
482.4196	1.0945	1.1196	0.9898
482.5720	1.1066	1.1273	0.9886
482.7244	1.1236	1.1312	0.9885
482.8768	1.1277	1.1321	0.9791
483.0292	1.1293	1.1315	0.9721
483.1816	1.1305	1.1312	0.9771
483.3340	1.1295	1.1319	0.9784
483.4864	1.1250	1.1319	0.9691
483.6388	1.1242	1.1300	0.9624
483.7912	1.1241	1.1261	0.9656
483.9436	1.1239	1.1210	0.9645
484.0960	1.1241	1.1165	0.9620
484.2484	1.1256	1.1151	0.9646
484.4008	1.1257	1.1171	0.9657
484.5532	1.1249	1.1208	0.9579
484.7056	1.1240	1.1247	0.9576
484.8580	1.1224	1.1273	0.9571
485.0104	1.1163	1.1272	0.9648
485.1628	1.1083	1.1231	0.9557
485.3152	1.1013	1.1155	0.9319
485.4676	1.0985	1.1065	0.9535
485.6200	1.0954	1.0991	0.9558
485.7724	1.0903	1.0948	0.9371
485.9248	1.0821	1.0925	0.9565
486.0772	1.0729	1.0892	0.9744
486.2296	1.0696	1.0838	0.9884
486.3820	1.0721	1.0786	0.9880
486.5344	1.0765	1.0759	0.9891
486.6868	1.0825	1.0766	0.9849
486.8392	1.0880	1.0830	0.9617
486.9916	1.1064	1.1018	0.9695
487.1440	1.1770	1.1412	1.0793
487.2964	1.2224	1.2032	1.1368
487.4488	1.2163	1.2769	1.1669
487.6012	1.2131	1.3382	1.1957
487.7536	1.2307	1.3630	1.1981
487.9060	1.2449	1.3462	1.2504
488.0584	1.2406	1.3023	1.0535
488.2108	1.2298	1.2506	1.0189
488.3632	1.2048	1.2055	1.0108
488.5156	1.1901	1.1767	1.0089
488.6680	1.1847	1.1683	1.0162
488.8204	1.1781	1.1779	1.0288
488.9728	1.1653	1.1954	1.0960
489.1252	1.1352	1.2056	1.1378
489.2776	1.1068	1.1948	1.0463
489.4300	1.0989	1.1612	0.9253
489.5824	1.0928	1.1172	0.9219
489.7348	1.0703	1.0789	0.9134
489.8872	1.0150	1.0542	0.8900
490.0396	0.9935	1.0417	0.8730
490.1920	0.9972	1.0356	0.8863
490.3444	1.0028	1.0305	0.8868
490.4968	0.9912	1.0253	0.8862
490.6492	1.0029	1.0243	0.8974
490.8016	1.0288	1.0336	0.9428
490.9540	1.0497	1.0553	0.9736
491.1064	1.0574	1.0853	0.9595
491.2588	1.0536	1.1135	0.9385
491.4112	1.0605	1.1292	0.9687
491.5636	1.0952	1.1306	0.9854
491.7160	1.1243	1.1276	0.9670
491.8684	1.1308	1.1306	0.9383
492.0208	1.1362	1.1416	0.9326
492.1732	1.1439	1.1562	0.9516
492.3256	1.1470	1.1685	0.9494
492.4780	1.1497	1.1750	0.9677
492.6304	1.1511	1.1763	0.9888
492.7828	1.1534	1.1754	0.9881
492.9352	1.1543	1.1729	0.9889
493.0876	1.1557	1.1679	0.9935
493.2400	1.1566	1.1619	0.9960
493.3924	1.1571	1.1571	0.9937
493.5448	1.1587	1.1550	0.9717
493.6972	1.1619	1.1567	0.9590
493.8496	1.1647	1.1622	0.9586
494.0020	1.1657	1.1709	0.9726
494.1544	1.1685	1.1825	0.9971
494.3068	1.1780	1.1954	1.0009
494.4592	1.1795	1.2055	1.0071
494.6116	1.1802	1.2085	1.0079
494.7640	1.1805	1.2039	1.0062
494.9164	1.1784	1.1948	1.0041
495.0688	1.1686	1.1855	0.9921
495.2212	1.1572	1.1786	0.9857
495.3736	1.1571	1.1742	0.9888
495.5260	1.1606	1.1720	0.9829
495.6784	1.1529	1.1715	0.9836
495.8308	1.1416	1.1725	0.9901
495.9832	1.1405	1.1763	1.0030
496.1356	1.1386	1.1832	0.9989
496.2880	1.1407	1.1900	0.7582
496.4404	1.1441	1.1954	0.7194
496.5928	1.1589	1.2017	0.6975
496.7452	1.1570	1.2099	0.7670
496.8976	1.1559	1.2203	0.7259
497.0500	1.1452	1.2334	0.7561
497.2024	1.1211	1.2433	0.7275
497.3548	1.1195	1.2381	0.7265
497.5072	1.1087	1.2100	0.6213
497.6596	1.0875	1.1642	0.6422
497.8120	1.0725	1.1176	0.7118
497.9644	1.0643	1.0892	0.6904
498.1168	1.0635	1.0871	0.6245
498.2692	1.0630	1.1045	0.6054
498.4216	1.0693	1.1290	0.6708
498.5740	1.1078	1.1525	0.6813
498.7264	1.1404	1.1732	0.6700
498.8788	1.1358	1.1933	0.7102
499.0312	1.1170	1.2149	0.7505
499.1836	1.1409	1.2353	0.7231
499.3360	1.1269	1.2453	0.7681
499.4884	1.1161	1.2337	0.6683
499.6408	1.1256	1.1991	0.7054
499.7932	1.1086	1.1574	0.6783
499.9456	1.0858	1.1275	0.6663
500.0980	1.0803	1.1154	0.6482
500.2504	1.0434	1.1074	0.6147
500.4028	1.0088	1.0920	0.6246
500.5552	0.9977	1.0658	0.5976
500.7076	0.9964	1.0368	0.6021
500.8600	0.9934	1.0168	0.6117
501.0124	0.9901	1.0119	0.6185
501.1648	0.9875	1.0194	0.5711
501.3172	0.9824	1.0316	0.5587
501.4696	0.9801	1.0408	0.6183
501.6220	0.9841	1.0430	0.6794
501.7744	0.9843	1.0381	0.7522
501.9268	0.9874	1.0296	0.6672
502.0792	0.9955	1.0243	0.6256
502.2316	0.9856	1.0306	0.5702
502.3840	1.0058	1.0558	0.6416
502.5364	1.0370	1.1040	0.5399
502.6888	1.0321	1.1617	0.5811
502.8412	1.0362	1.1990	0.7027
502.9936	1.0414	1.1913	0.7300
503.1460	1.0446	1.1438	0.7437
503.2984	1.0564	1.0843	0.7230
503.4508	1.0705	1.0409	0.6901
503.6032	1.0851	1.0300	0.6593
503.7556	1.1011	1.0543	0.6416
503.9080	1.1260	1.1087	0.6458
504.0604	1.1702	1.1876	0.6710
504.2128	1.2138	1.2881	0.7290
504.3652	1.2211	1.4035	0.8132
504.5176	1.2129	1.5147	0.9786
504.6700	1.2135	1.5895	1.2055
504.8224	1.2269	1.5886	1.1237
504.9748	1.1878	1.4918	0.8985
505.1272	1.1569	1.3496	0.7018
505.2796	1.1537	1.2147	0.6893
505.4320	1.1288	1.1136	0.6662
505.5844	1.0720	1.0538	0.6590
505.7368	0.9947	1.0300	0.6653
505.8892	0.9443	1.0263	0.6658
506.0416	0.9284	1.0227	0.6404
506.1940	0.9254	1.0078	0.6088
506.3464	0.9181	0.9844	0.5935
506.4988	0.9070	0.9632	0.5874
506.6512	0.9051	0.9528	0.5995
506.8036	0.8990	0.9565	0.6276
506.9560	0.8992	0.9728	0.6275
507.1084	0.9046	0.9962	0.6379
507.2608	0.9036	1.0181	0.6218
507.4132	0.8989	1.0277	0.6238
507.5656	0.8945	1.0169	0.5805
507.7180	0.8904	0.9908	0.6362
507.8704	0.8878	0.9620	0.5956
508.0228	0.8854	0.9410	0.5647
508.1752	0.8872	0.9327	0.6819
508.3276	0.8902	0.9360	0.5940
508.4800	0.8946	0.9464	0.5975
508.6324	0.9046	0.9601	0.5606
508.7848	0.9319	0.9779	0.6043
508.9372	0.9713	1.0031	0.6090
509.0896	0.9900	1.0374	0.5897
509.2420	0.9954	1.0788	0.6697
509.3944	1.0049	1.1190	0.6907
509.5468	1.0330	1.1454	0.6703
509.6992	1.0521	1.1510	0.7159
509.8516	1.0595	1.1405	0.6953
510.0040	1.0630	1.1252	0.7047
510.1564	1.0691	1.1142	0.6829
510.3088	1.0782	1.1127	0.7034
510.4612	1.0714	1.1198	0.6918
510.6136	1.0685	1.1294	0.7441
510.7660	1.0767	1.1356	0.7180
510.9184	1.0789	1.1357	0.7232
511.0708	1.0633	1.1294	0.7186
511.2232	1.0499	1.1193	0.6598
511.3756	1.0579	1.1099	0.7362
511.5280	1.0609	1.1044	0.7034
511.6804	1.0570	1.1031	0.7081
511.8328	1.0742	1.1067	0.7072
511.9852	1.0590	1.1167	0.7363
512.1376	1.0502	1.1355	0.7801
512.2900	1.0789	1.1643	0.7509
512.4424	1.0895	1.1968	0.6764
512.5948	1.0915	1.2171	0.7489
512.7472	1.0937	1.2121	0.7831
512.8996	1.0921	1.1849	0.8226
513.0520	1.0962	1.1523	0.7924
513.2044	1.1058	1.1315	0.7469
513.3568	1.1175	1.1319	0.7303
513.5092	1.1210	1.1520	0.8494
513.6616	1.1268	1.1820	0.8614
513.8140	1.1257	1.2096	0.8338
513.9664	1.1464	1.2248	0.7834
514.1188	1.1696	1.2245	0.8005
514.2712	1.1704	1.2163	0.7519
514.4236	1.1747	1.2089	0.7404
514.5760	1.1832	1.2054	0.7507
514.7284	1.1874	1.2070	0.7518
514.8808	1.1980	1.2159	0.8820
515.0332	1.2213	1.2324	0.8605
515.1856	1.2229	1.2537	0.8759
515.3380	1.2228	1.2744	0.8367
515.4904	1.2219	1.2851	0.8535
515.6428	1.2200	1.2796	0.8619
515.7952	1.2122	1.2613	0.8056
515.9476	1.1884	1.2384	0.7466
516.1000	1.1811	1.2189	0.7447
516.2524	1.1796	1.2086	0.7657
516.4048	1.1753	1.2083	0.7377
516.5572	1.1757	1.2131	0.7917
516.7096	1.1860	1.2193	0.7795
516.8620	1.1953	1.2271	0.8028
517.0144	1.2046	1.2377	0.8017
517.1668	1.2139	1.2504	0.8431
517.3192	1.2119	1.2623	0.8121
517.4716	1.2085	1.2689	0.8527
517.6240	1.2080	1.2669	0.8457
517.7764	1.1890	1.2555	0.8232
517.9288	1.1636	1.2356	0.7807
518.0812	1.1579	1.2092	0.7693
518.2336	1.1527	1.1810	0.7986
518.3860	1.1453	1.1593	0.7919
518.5384	1.1295	1.1504	0.8400
518.6908	1.0671	1.1503	0.7733
518.8432	1.0593	1.1459	0.7356
518.9956	1.0461	1.1262	0.7383
519.1480	1.0231	1.0929	0.7490
519.3004	1.0165	1.0593	0.7691
519.4528	1.0093	1.0397	0.6721
519.6052	0.9865	1.0402	0.7083
519.7576	0.9574	1.0551	0.7073
519.9100	0.9478	1.0696	0.7847
520.0624	0.9300	1.0679	0.6926
520.2148	0.9241	1.0436	0.6970
520.3672	0.9218	1.0049	0.7130
520.5196	0.9205	0.9679	0.6624
520.6720	0.9173	0.9451	0.6220
520.8244	0.9173	0.9413	0.6185
520.9768	0.9202	0.9554	0.6986
521.1292	0.9309	0.9820	0.7040
521.2816	0.9344	1.0118	0.6715
521.4340	0.9510	1.0355	0.6994
521.5864	1.0014	1.0509	0.6953
521.7388	1.0021	1.0637	0.7365
521.8912	1.0053	1.0809	0.7357
522.0436	1.0280	1.1029	0.7525
522.1960	1.0496	1.1225	0.7660
522.3484	1.0600	1.1330	0.7813
522.5008	1.0645	1.1349	0.7439
522.6532	1.0682	1.1331	0.7096
522.8056	1.0727	1.1320	0.7586
522.9580	1.0869	1.1340	0.7477
523.1104	1.0987	1.1403	0.7723
523.2628	1.0939	1.1504	0.7908
523.4152	1.0917	1.1630	0.7800
523.5676	1.1033	1.1745	0.7985
523.7200	1.1090	1.1805	0.7893
523.8724	1.1092	1.1799	0.7763
524.0248	1.1099	1.1760	0.7587
524.1772	1.1118	1.1718	0.7722
524.3296	1.1134	1.1694	0.7839
524.4820	1.1182	1.1695	0.7919
524.6344	1.1168	1.1722	0.8281
524.7868	1.1105	1.1770	0.8270
524.9392	1.1124	1.1832	0.8285
525.0916	1.1036	1.1872	0.8116
525.2440	1.0553	1.1838	0.7893
525.3964	1.0516	1.1683	0.7344
525.5488	1.0488	1.1400	0.7013
525.7012	1.0463	1.1052	0.7330
525.8536	1.0442	1.0756	0.6965
