HOLE:	U1353C
EXPEDITION:	317
TOP:	108.1252
BOTTOM:	510.9184
DEPTH_WMSF	IDPH	IMPH	SFLU
m	ohm.m	ohm.m	ohm.m
108.1252	46.6488	124.4472	1.5966
108.2776	0.4140	2.4876	1.4712
108.4300	0.4535	1.1238	1.3158
108.5824	0.5127	0.7667	1.3614
108.7348	0.7392	0.6817	1.3745
108.8872	1.0970	0.7294	1.3845
109.0396	1.1508	0.8941	1.3972
109.1920	1.2142	1.1819	1.3428
109.3444	1.2626	1.4918	1.3013
109.4968	1.2704	1.5860	1.2576
109.6492	1.2446	1.4564	1.2779
109.8016	1.1993	1.2987	1.2008
109.9540	1.1539	1.2164	0.9699
110.1064	1.1283	1.2216	1.0253
110.2588	1.1314	1.2902	1.1423
110.4112	1.1620	1.3728	1.1804
110.5636	1.2132	1.4203	1.1814
110.7160	1.2688	1.4190	1.0835
110.8684	1.3132	1.3885	1.1180
111.0208	1.3390	1.3582	1.0578
111.1732	1.3472	1.3518	0.8938
111.3256	1.3441	1.3762	0.8509
111.4780	1.3371	1.4218	0.9399
111.6304	1.3335	1.4714	0.8997
111.7828	1.3381	1.5068	0.7380
111.9352	1.3512	1.5157	0.6582
112.0876	1.3688	1.5003	0.6537
112.2400	1.3870	1.4756	0.6865
112.3924	1.4038	1.4558	0.7895
112.5448	1.4156	1.4472	0.8677
112.6972	1.4192	1.4498	0.8597
112.8496	1.4129	1.4586	0.8932
113.0020	1.4004	1.4660	0.8343
113.1544	1.3907	1.4652	0.7617
113.3068	1.3837	1.4539	0.7946
113.4592	1.3788	1.4350	0.8230
113.6116	1.3787	1.4155	0.7606
113.7640	1.3839	1.4038	0.7207
113.9164	1.3943	1.4072	0.7697
114.0688	1.4126	1.4305	0.8370
114.2212	1.4467	1.4749	0.7755
114.3736	1.4896	1.5362	0.8393
114.5260	1.5198	1.6029	0.8490
114.6784	1.5381	1.6560	1.0841
114.8308	1.5513	1.6779	0.8362
114.9832	1.5594	1.6646	1.0531
115.1356	1.5626	1.6268	0.9859
115.2880	1.5615	1.5798	0.8545
115.4404	1.5552	1.5342	0.8932
115.5928	1.5377	1.4967	0.9461
115.7452	1.5039	1.4688	0.9025
115.8976	1.4720	1.4509	0.7557
116.0500	1.4491	1.4428	0.7258
116.2024	1.4306	1.4423	0.7406
116.3548	1.4242	1.4454	0.7231
116.5072	1.4160	1.4479	0.9884
116.6596	1.4131	1.4472	0.9411
116.8120	1.4089	1.4422	0.7479
116.9644	1.3840	1.4317	0.8212
117.1168	1.3529	1.4143	0.7358
117.2692	1.3324	1.3910	0.9602
117.4216	1.3231	1.3667	1.1231
117.5740	1.3179	1.3478	1.1302
117.7264	1.3138	1.3363	1.1143
117.8788	1.3096	1.3290	1.1063
118.0312	1.3057	1.3202	1.0956
118.1836	1.3001	1.3070	1.1183
118.3360	1.2949	1.2922	1.1300
118.4884	1.2914	1.2817	1.1276
118.6408	1.2879	1.2788	1.1224
118.7932	1.2903	1.2825	1.1272
118.9456	1.3062	1.2904	1.1354
119.0980	1.3377	1.3011	0.8376
119.2504	1.3725	1.3141	0.7116
119.4028	1.4077	1.3323	0.7314
119.5552	1.4329	1.3648	0.7478
119.7076	1.4482	1.4229	0.8846
119.8600	1.4616	1.5101	0.9887
120.0124	1.4762	1.6141	1.1066
120.1648	1.4973	1.7026	1.0049
120.3172	1.5301	1.7366	0.8861
120.4696	1.5612	1.7056	0.8695
120.6220	1.5717	1.6387	0.9316
120.7744	1.5112	1.5706	0.9661
120.9268	1.4308	1.5180	0.9368
121.0792	1.3603	1.4742	0.8714
121.2316	1.3001	1.4270	0.9673
121.3840	1.2570	1.3641	0.9307
121.5364	1.2236	1.2814	0.7045
121.6888	1.1911	1.1860	0.6284
121.8412	1.1493	1.0920	0.6318
121.9936	1.0946	1.0125	0.5840
122.1460	1.0378	0.9563	0.5559
122.2984	0.9928	0.9259	0.5500
122.4508	0.9657	0.9184	0.5461
122.6032	0.9563	0.9260	0.5475
122.7556	0.9579	0.9388	0.5571
122.9080	0.9653	0.9490	0.5649
123.0604	0.9722	0.9543	0.5722
123.2128	0.9749	0.9566	0.5610
123.3652	0.9767	0.9598	0.5520
123.5176	0.9789	0.9668	0.5723
123.6700	0.9813	0.9786	0.5575
123.8224	0.9828	0.9954	0.5769
123.9748	0.9855	1.0170	0.6511
124.1272	0.9934	1.0420	0.6477
124.2796	1.0079	1.0654	0.9037
124.4320	1.0147	1.0804	0.9003
124.5844	1.0278	1.0827	0.9088
124.7368	1.0163	1.0750	0.9066
124.8892	1.0106	1.0648	0.9006
125.0416	1.0228	1.0558	0.9302
125.1940	1.0548	1.0446	1.0263
125.3464	1.0781	1.0292	0.9460
125.4988	1.0939	1.0164	0.6856
125.6512	1.1133	1.0203	0.6603
125.8036	1.1483	1.0561	0.7841
125.9560	1.2080	1.1336	0.8676
126.1084	1.2787	1.2500	0.8588
126.2608	1.3558	1.3825	0.9406
126.4132	1.4033	1.4926	0.8559
126.5656	1.4259	1.5477	0.8149
126.7180	1.4375	1.5425	0.8925
126.8704	1.4428	1.4983	0.9416
127.0228	1.4426	1.4438	0.8217
127.1752	1.4376	1.3982	0.8216
127.3276	1.4239	1.3678	0.8658
127.4800	1.4047	1.3519	0.7656
127.6324	1.3886	1.3466	0.7680
127.7848	1.3794	1.3468	0.9395
127.9372	1.3831	1.3484	1.1405
128.0896	1.3964	1.3514	1.1455
128.2420	1.4132	1.3588	1.1537
128.3944	1.4341	1.3743	1.1806
128.5468	1.4597	1.4026	1.2324
128.6992	1.4822	1.4477	1.2614
128.8516	1.5062	1.5084	1.2920
129.0040	1.5247	1.5732	1.3794
129.1564	1.5364	1.6210	1.4492
129.3088	1.5362	1.6312	1.4130
129.4612	1.5218	1.5963	1.3469
129.6136	1.4968	1.5399	1.2924
129.7660	1.4636	1.4885	1.2402
129.9184	1.4155	1.4526	1.2054
130.0708	1.3729	1.4279	1.1795
130.2232	1.3300	1.4038	1.1459
130.3756	1.2913	1.3675	1.1065
130.5280	1.2590	1.3120	1.0856
130.6804	1.2371	1.2451	1.0231
130.8328	1.2224	1.1844	0.9336
130.9852	1.2101	1.1456	0.9258
131.1376	1.2013	1.1344	0.9843
131.2900	1.1962	1.1461	1.0363
131.4424	1.1921	1.1692	1.0604
131.5948	1.1924	1.1928	1.0583
131.7472	1.2076	1.2125	1.0561
131.8996	1.2357	1.2285	1.0646
132.0520	1.2756	1.2416	1.0852
132.2044	1.3219	1.2538	1.1063
132.3568	1.3648	1.2700	1.1025
132.5092	1.3925	1.2988	1.0927
132.6616	1.4104	1.3460	1.1653
132.8140	1.4221	1.4044	1.3314
132.9664	1.4265	1.4496	1.3536
133.1188	1.4247	1.4541	1.2047
133.2712	1.4186	1.4131	1.1087
133.4236	1.4088	1.3500	1.1016
133.5760	1.3955	1.2945	1.1095
133.7284	1.3793	1.2640	1.1112
133.8808	1.3572	1.2582	1.1065
134.0332	1.3310	1.2694	1.1045
134.1856	1.3089	1.2856	1.1071
134.3380	1.2922	1.2954	1.1181
134.4904	1.2785	1.2940	1.1228
134.6428	1.2654	1.2829	1.1206
134.7952	1.2537	1.2666	1.1146
134.9476	1.2451	1.2487	1.1063
135.1000	1.2357	1.2317	1.0634
135.2524	1.2374	1.2163	1.0260
135.4048	1.2591	1.2034	1.0261
135.5572	1.2903	1.1958	1.0331
135.7096	1.3215	1.2000	1.0237
135.8620	1.3471	1.2258	1.0530
136.0144	1.3652	1.2804	1.1490
136.1668	1.3794	1.3580	1.2845
136.3192	1.3910	1.4326	1.3503
136.4716	1.3993	1.4679	1.2696
136.6240	1.4051	1.4469	1.1668
136.7764	1.4096	1.3888	1.1184
136.9288	1.4129	1.3287	1.0980
137.0812	1.4145	1.2901	1.0778
137.2336	1.4114	1.2792	1.0585
137.3860	1.3961	1.2904	1.0466
137.5384	1.3688	1.3132	1.0469
137.6908	1.3410	1.3368	1.0486
137.8432	1.3219	1.3534	1.0414
137.9956	1.3231	1.3583	1.0595
138.1480	1.3332	1.3512	1.1011
138.3004	1.3385	1.3391	1.1238
138.4528	1.3429	1.3319	1.1202
138.6052	1.3612	1.3344	1.1729
138.7576	1.3956	1.3448	1.2112
138.9100	1.4289	1.3624	1.1290
139.0624	1.4581	1.3934	1.0778
139.2148	1.4843	1.4479	1.2541
139.3672	1.5023	1.5275	1.4399
139.5196	1.5140	1.6094	1.4917
139.6720	1.5239	1.6509	1.4453
139.8244	1.5367	1.6308	1.4065
139.9768	1.5481	1.5774	1.3579
140.1292	1.5507	1.5186	1.2984
140.2816	1.5460	1.4743	1.2371
140.4340	1.5356	1.4526	1.1912
140.5864	1.5188	1.4505	1.1594
140.7388	1.4940	1.4579	1.1488
140.8912	1.4640	1.4636	1.1576
141.0436	1.4362	1.4605	1.1613
141.1960	1.4182	1.4480	1.1642
141.3484	1.4125	1.4311	1.1647
141.5008	1.4112	1.4169	1.1723
141.6532	1.4096	1.4103	1.1907
141.8056	1.4064	1.4098	1.2140
141.9580	1.4004	1.4112	1.2198
142.1104	1.3946	1.4100	1.1911
142.2628	1.3885	1.4034	1.1622
142.4152	1.3826	1.3923	1.1536
142.5676	1.3782	1.3796	1.1544
142.7200	1.3754	1.3681	1.1496
142.8724	1.3737	1.3592	1.1398
143.0248	1.3731	1.3530	1.1364
143.1772	1.3743	1.3508	1.1587
143.3296	1.3788	1.3559	1.1895
143.4820	1.3842	1.3721	1.2182
143.6344	1.3920	1.3992	1.2397
143.7868	1.4034	1.4322	1.2514
143.9392	1.4174	1.4626	1.2629
144.0916	1.4309	1.4832	1.2786
144.2440	1.4460	1.4921	1.2895
144.3964	1.4659	1.4924	1.2874
144.5488	1.4898	1.4908	1.2758
144.7012	1.5168	1.4942	1.2575
144.8536	1.5449	1.5080	1.2260
145.0060	1.5520	1.5335	1.2148
145.1584	1.5408	1.5696	1.2855
145.3108	1.5176	1.5945	1.4296
145.4632	1.4833	1.5888	1.4610
145.6156	1.4337	1.5444	1.3418
145.7680	1.3778	1.4718	1.1986
145.9204	1.3309	1.3909	1.0818
146.0728	1.2956	1.3178	1.0127
146.2252	1.2698	1.2602	1.0085
146.3776	1.2487	1.2207	1.0262
146.5300	1.2309	1.1995	1.0352
146.6824	1.2182	1.1942	1.0399
146.8348	1.2118	1.1999	1.0477
146.9872	1.2101	1.2104	1.0545
147.1396	1.2114	1.2198	1.0608
147.2920	1.2187	1.2254	1.0654
147.4444	1.2327	1.2290	1.0683
147.5968	1.2570	1.2343	1.0744
147.7492	1.2982	1.2464	1.0779
147.9016	1.3447	1.2726	1.0792
148.0540	1.3897	1.3201	1.1260
148.2064	1.4355	1.3903	1.2755
148.3588	1.4865	1.4739	1.3844
148.5112	1.5416	1.5502	1.3828
148.6636	1.5929	1.6003	1.3760
148.8160	1.6413	1.6253	1.3695
148.9684	1.6773	1.6457	1.3459
149.1208	1.6899	1.6775	1.4125
149.2732	1.6868	1.7167	1.5742
149.4256	1.6854	1.7419	1.6272
149.5780	1.6897	1.7359	1.5095
149.7304	1.6969	1.7036	1.3912
149.8828	1.7005	1.6684	1.3814
150.0352	1.6937	1.6512	1.3991
150.1876	1.6720	1.6561	1.4381
150.3400	1.6419	1.6677	1.4798
150.4924	1.5971	1.6562	1.4881
150.6448	1.5269	1.5978	1.4634
150.7972	1.4653	1.5017	1.3563
150.9496	1.4250	1.4059	1.1930
151.1020	1.3918	1.3430	1.1108
151.2544	1.3838	1.3208	1.1267
151.4068	1.4186	1.3283	1.2283
151.5592	1.4768	1.3518	1.2314
151.7116	1.5329	1.3890	1.2123
151.8640	1.5975	1.4526	1.3117
152.0164	1.6631	1.5587	1.3913
152.1688	1.7204	1.7034	1.6577
152.3212	1.7627	1.8447	1.9407
152.4736	1.7913	1.9161	1.9089
152.6260	1.8093	1.8793	1.7664
152.7784	1.8175	1.7617	1.6786
152.9308	1.7744	1.6260	1.6168
153.0832	1.6512	1.5174	1.5440
153.2356	1.5179	1.4480	1.4621
153.3880	1.4014	1.4134	1.3341
153.5404	1.2979	1.3989	1.1368
153.6928	1.2088	1.3892	1.0328
153.8452	1.1597	1.3648	1.0570
153.9976	1.1396	1.3096	1.1178
154.1500	1.1303	1.2258	1.0485
154.3024	1.1248	1.1380	0.8836
154.4548	1.1217	1.0758	0.8608
154.6072	1.1219	1.0565	1.0064
154.7596	1.1257	1.0832	1.1090
154.9120	1.1316	1.1449	1.1168
155.0644	1.1379	1.2170	1.1152
155.2168	1.1421	1.2708	1.1099
155.3692	1.1624	1.2915	1.1029
155.5216	1.2053	1.2844	1.1001
155.6740	1.2333	1.2661	1.0929
155.8264	1.2451	1.2517	1.0904
155.9788	1.2485	1.2473	1.1023
156.1312	1.2557	1.2505	1.0948
156.2836	1.2581	1.2570	1.0605
156.4360	1.2583	1.2633	1.0567
156.5884	1.2582	1.2668	1.0763
156.7408	1.2583	1.2666	1.1031
156.8932	1.2587	1.2634	1.0949
157.0456	1.2576	1.2581	1.0844
157.1980	1.2539	1.2517	1.1023
157.3504	1.2488	1.2448	1.1287
157.5028	1.2432	1.2361	1.1175
157.6552	1.2385	1.2247	1.1034
157.8076	1.2342	1.2134	1.0793
157.9600	1.2327	1.2092	1.0594
158.1124	1.2371	1.2194	1.0546
158.2648	1.2563	1.2482	1.0500
158.4172	1.3102	1.2959	1.0458
158.5696	1.4051	1.3606	1.0503
158.7220	1.5106	1.4407	1.0941
158.8744	1.6202	1.5349	1.1970
159.0268	1.7485	1.6366	1.4192
159.1792	1.8096	1.7334	1.8027
159.3316	1.7263	1.8165	1.9177
159.4840	1.6353	1.8763	1.5829
159.6364	1.5774	1.8853	1.6048
159.7888	1.5441	1.8103	1.5749
159.9412	1.5230	1.6569	1.1689
160.0936	1.5071	1.4787	1.0205
160.2460	1.4941	1.3326	1.0815
160.3984	1.4833	1.2445	1.1470
160.5508	1.4659	1.2107	1.1824
160.7032	1.4392	1.2156	1.2025
160.8556	1.4035	1.2394	1.2054
161.0080	1.3525	1.2636	1.2039
161.1604	1.3125	1.2764	1.2046
161.3128	1.3151	1.2763	1.2030
161.4652	1.3869	1.2697	1.2018
161.6176	1.5396	1.2642	1.2019
161.7700	1.7522	1.2676	1.1985
161.9224	1.9828	1.2906	1.1677
162.0748	2.1701	1.3536	1.1845
162.2272	2.2371	1.4927	1.5656
162.3796	2.2306	1.7498	2.3155
162.5320	2.2092	2.0939	2.5634
162.6844	2.1664	2.2646	1.8849
162.8368	2.0856	1.9910	1.1603
162.9892	1.9749	1.5592	0.9013
163.1416	1.8253	1.2349	0.8442
163.2940	1.6515	1.0503	0.8230
163.4464	1.5001	0.9676	0.8224
163.5988	1.3712	0.9501	0.8293
163.7512	1.2409	0.9693	0.8445
163.9036	1.1335	0.9997	0.8676
164.0560	1.0677	1.0202	0.8818
164.2084	1.0344	1.0227	0.8866
164.3608	1.0285	1.0144	0.8679
164.5132	1.0375	1.0089	0.8878
164.6656	1.0461	1.0173	0.9469
164.8180	1.0583	1.0435	1.0284
164.9704	1.0792	1.0828	1.0547
165.1228	1.0987	1.1232	1.0344
165.2752	1.1154	1.1512	1.0151
165.4276	1.1245	1.1603	1.0144
165.5800	1.1256	1.1541	0.9932
165.7324	1.1231	1.1425	0.9633
165.8848	1.1181	1.1340	0.9602
166.0372	1.1149	1.1313	0.9736
166.1896	1.1118	1.1315	0.9821
166.3420	1.1068	1.1301	0.9829
166.4944	1.1012	1.1246	0.9826
166.6468	1.0952	1.1150	0.9804
166.7992	1.0891	1.1022	0.9754
166.9516	1.0833	1.0875	0.9491
167.1040	1.0779	1.0732	0.9042
167.2564	1.0731	1.0626	0.8833
167.4088	1.0700	1.0585	0.9012
167.5612	1.0689	1.0616	0.9405
167.7136	1.0688	1.0701	0.9559
167.8660	1.0719	1.0802	0.9612
168.0184	1.0813	1.0893	0.9654
168.1708	1.0956	1.0972	0.9608
168.3232	1.1105	1.1049	0.9595
168.4756	1.1224	1.1132	0.9734
168.6280	1.1393	1.1224	1.0052
168.7804	1.1610	1.1323	1.0229
168.9328	1.1854	1.1447	1.0053
169.0852	1.2119	1.1637	1.0056
169.2376	1.2364	1.1953	1.0634
169.3900	1.2593	1.2419	1.1096
169.5424	1.2781	1.2975	1.1567
169.6948	1.2937	1.3459	1.1982
169.8472	1.3077	1.3694	1.2231
169.9996	1.3177	1.3627	1.1486
170.1520	1.3244	1.3375	1.1307
170.3044	1.3248	1.3116	1.0932
170.4568	1.3205	1.2955	1.1111
170.6092	1.3083	1.2887	1.1125
170.7616	1.2916	1.2850	1.1123
170.9140	1.2747	1.2766	1.1016
171.0664	1.2541	1.2580	1.0866
171.2188	1.2344	1.2285	1.0657
171.3712	1.2166	1.1942	1.0354
171.5236	1.2048	1.1641	0.9918
171.6760	1.1955	1.1452	0.9557
171.8284	1.1919	1.1401	0.9407
171.9808	1.1963	1.1468	0.9664
172.1332	1.2204	1.1609	1.0205
172.2856	1.2541	1.1797	1.0783
172.4380	1.2842	1.2044	1.1128
172.5904	1.3137	1.2386	1.1216
172.7428	1.3436	1.2831	1.1710
172.8952	1.3734	1.3342	1.2148
173.0476	1.3976	1.3843	1.1943
173.2000	1.4089	1.4239	1.1855
173.3524	1.4068	1.4418	1.2433
173.5048	1.3951	1.4272	1.3022
173.6572	1.3752	1.3774	1.2514
173.8096	1.3513	1.3043	1.1038
173.9620	1.3260	1.2301	0.9923
174.1144	1.3009	1.1750	0.9509
174.2668	1.2781	1.1471	0.9411
174.4192	1.2557	1.1431	0.9532
174.5716	1.2305	1.1529	0.9691
174.7240	1.2007	1.1660	0.9822
174.8764	1.1727	1.1746	0.9938
175.0288	1.1589	1.1756	1.0120
175.1812	1.1597	1.1697	1.0343
175.3336	1.1661	1.1601	1.0581
175.4860	1.1701	1.1509	1.0768
175.6384	1.1891	1.1453	1.0789
175.7908	1.2432	1.1441	1.0780
175.9432	1.3187	1.1462	1.0655
176.0956	1.3917	1.1557	1.0468
176.2480	1.4458	1.1895	1.0813
176.4004	1.4841	1.2797	1.2722
176.5528	1.5127	1.4727	1.8240
176.7052	1.5385	1.8242	2.4240
176.8576	1.5702	2.3494	2.5997
177.0100	1.6215	2.8632	2.5931
177.1624	1.7032	2.9410	2.5504
177.3148	1.8310	2.5568	2.5132
177.4672	1.9989	2.1320	2.5073
177.6196	2.0807	1.8675	2.5075
177.7720	1.9364	1.7595	2.4950
177.9244	1.7091	1.7610	2.3906
178.0768	1.4759	1.7879	2.0913
178.2292	1.3155	1.7557	1.5411
178.3816	1.2324	1.6306	1.0864
178.5340	1.1973	1.4537	0.9935
178.6864	1.1784	1.2913	1.0308
178.8388	1.1684	1.1816	1.0702
178.9912	1.1673	1.1313	1.1023
179.1436	1.1747	1.1343	1.1020
179.2960	1.1910	1.1831	1.0655
179.4484	1.2223	1.2718	1.0498
179.6008	1.2727	1.3941	1.0861
179.7532	1.3429	1.5382	1.1658
179.9056	1.4333	1.6796	1.2992
180.0580	1.5317	1.7886	1.5182
180.2104	1.6370	1.8557	1.7886
180.3628	1.7371	1.8963	2.0028
180.5152	1.8377	1.9316	2.0185
180.6676	1.9506	1.9734	1.9477
180.8200	2.0577	2.0269	1.8391
180.9724	2.1262	2.0721	1.7683
181.1248	2.1401	2.0941	1.7822
181.2772	2.1069	2.0849	1.8603
181.4296	2.0606	2.0484	1.9739
181.5820	2.0576	2.0055	2.0645
181.7344	2.0696	1.9840	1.9799
181.8868	2.0462	1.9997	1.7769
182.0392	1.9992	2.0580	1.7011
182.1916	1.9460	2.1347	1.9258
182.3440	1.9097	2.1620	2.0321
182.4964	1.8924	2.0928	1.7781
182.6488	1.8710	1.9637	1.5663
182.8012	1.8397	1.8245	1.4947
182.9536	1.8015	1.7120	1.5197
183.1060	1.7575	1.6381	1.5689
183.2584	1.7144	1.5990	1.5512
183.4108	1.6811	1.5871	1.4952
183.5632	1.6644	1.5965	1.4598
183.7156	1.6603	1.6208	1.4622
183.8680	1.6583	1.6498	1.5064
184.0204	1.6631	1.6728	1.5558
184.1728	1.6828	1.6858	1.5746
184.3252	1.7102	1.6953	1.5554
184.4776	1.7374	1.7126	1.5469
184.6300	1.7648	1.7438	1.5906
184.7824	1.7835	1.7824	1.6699
184.9348	1.7815	1.8097	1.7444
185.0872	1.7616	1.8064	1.7415
185.2396	1.7200	1.7666	1.6679
185.3920	1.6498	1.6999	1.5694
185.5444	1.5750	1.6216	1.4835
185.6968	1.5082	1.5436	1.4002
185.8492	1.4532	1.4728	1.2862
186.0016	1.4069	1.4125	1.1615
186.1540	1.3672	1.3642	1.1136
186.3064	1.3365	1.3266	1.1337
186.4588	1.3180	1.2991	1.1391
186.6112	1.3044	1.2798	1.1203
186.7636	1.2937	1.2681	1.1170
186.9160	1.2870	1.2636	1.1278
187.0684	1.2834	1.2648	1.1289
187.2208	1.2831	1.2687	1.1198
187.3732	1.2816	1.2726	1.1133
187.5256	1.2815	1.2753	1.1076
187.6780	1.2832	1.2769	1.1016
187.8304	1.2850	1.2784	1.1057
187.9828	1.2875	1.2814	1.1097
188.1352	1.2877	1.2865	1.1175
188.2876	1.2871	1.2929	1.1349
188.4400	1.2865	1.2981	1.1428
188.5924	1.2852	1.2989	1.1352
188.7448	1.2826	1.2929	1.1165
188.8972	1.2790	1.2805	1.0966
189.0496	1.2745	1.2647	1.0850
189.2020	1.2698	1.2493	1.0776
189.3544	1.2647	1.2375	1.0759
189.5068	1.2575	1.2308	1.0737
189.6592	1.2492	1.2286	1.0678
189.8116	1.2420	1.2295	1.0626
189.9640	1.2360	1.2316	1.0615
190.1164	1.2336	1.2330	1.0651
190.2688	1.2347	1.2326	1.0744
190.4212	1.2361	1.2303	1.0852
190.5736	1.2325	1.2281	1.0802
190.7260	1.2309	1.2277	1.0768
190.8784	1.2353	1.2283	1.0891
191.0308	1.2436	1.2280	1.0976
191.1832	1.2513	1.2263	1.0847
191.3356	1.2558	1.2270	1.0693
191.4880	1.2584	1.2358	1.0929
191.6404	1.2605	1.2550	1.1390
191.7928	1.2625	1.2807	1.1578
191.9452	1.2641	1.3034	1.1446
192.0976	1.2658	1.3148	1.1264
192.2500	1.2684	1.3136	1.1172
192.4024	1.2732	1.3047	1.1155
192.5548	1.2812	1.2946	1.1162
192.7072	1.2912	1.2878	1.1158
192.8596	1.2967	1.2858	1.1164
193.0120	1.2939	1.2874	1.1174
193.1644	1.2867	1.2906	1.1194
193.3168	1.2805	1.2931	1.1238
193.4692	1.2759	1.2934	1.1229
193.6216	1.2720	1.2912	1.1143
193.7740	1.2693	1.2872	1.1096
193.9264	1.2679	1.2824	1.0992
194.0788	1.2661	1.2774	1.0871
194.2312	1.2640	1.2727	1.0945
194.3836	1.2618	1.2683	1.0938
194.5360	1.2593	1.2635	1.0894
194.6884	1.2551	1.2566	1.0845
194.8408	1.2478	1.2462	1.0752
194.9932	1.2373	1.2326	1.0604
195.1456	1.2283	1.2187	1.0459
195.2980	1.2235	1.2085	1.0372
195.4504	1.2206	1.2047	1.0291
195.6028	1.2187	1.2078	1.0361
195.7552	1.2174	1.2160	1.0540
195.9076	1.2178	1.2261	1.0653
196.0600	1.2190	1.2345	1.0613
196.2124	1.2205	1.2389	1.0628
196.3648	1.2216	1.2385	1.0676
196.5172	1.2221	1.2343	1.0685
196.6696	1.2225	1.2289	1.0647
196.8220	1.2234	1.2256	1.0450
196.9744	1.2243	1.2271	1.0390
197.1268	1.2261	1.2336	1.0460
197.2792	1.2301	1.2429	1.0544
197.4316	1.2329	1.2510	1.0712
197.5840	1.2359	1.2549	1.0841
197.7364	1.2405	1.2550	1.0894
197.8888	1.2474	1.2538	1.0885
198.0412	1.2526	1.2540	1.0884
198.1936	1.2494	1.2568	1.0916
198.3460	1.2431	1.2611	1.0965
198.4984	1.2351	1.2641	1.0958
198.6508	1.2277	1.2627	1.0878
198.8032	1.2167	1.2559	1.0609
198.9556	1.2080	1.2444	1.0499
199.1080	1.2035	1.2296	1.0392
199.2604	1.1993	1.2134	1.0381
199.4128	1.1967	1.1978	1.0286
199.5652	1.1948	1.1858	1.0274
199.7176	1.1931	1.1807	1.0225
199.8700	1.1921	1.1840	1.0282
200.0224	1.1927	1.1937	1.0411
200.1748	1.1938	1.2049	1.0550
200.3272	1.1956	1.2119	1.0680
200.4796	1.1966	1.2119	1.0666
200.6320	1.1981	1.2059	1.0656
200.7844	1.1990	1.1979	1.0647
200.9368	1.2067	1.1912	1.0585
201.0892	1.2207	1.1876	1.0562
201.2416	1.2323	1.1879	1.0548
201.3940	1.2362	1.1940	1.0569
201.5464	1.2333	1.2078	1.0493
201.6988	1.2335	1.2283	1.0787
201.8512	1.2401	1.2493	1.1547
202.0036	1.2485	1.2624	1.1231
202.1560	1.2561	1.2633	1.0636
202.3084	1.2640	1.2576	1.0903
202.4608	1.2759	1.2582	1.1489
202.6132	1.2937	1.2782	1.1803
202.7656	1.3175	1.3247	1.2187
202.9180	1.3508	1.3973	1.2909
203.0704	1.4036	1.4878	1.3675
203.2228	1.4753	1.5839	1.4252
203.3752	1.5652	1.6747	1.4787
203.5276	1.6744	1.7574	1.5511
203.6800	1.7865	1.8352	1.6517
203.8324	1.8876	1.9114	1.7680
203.9848	1.9807	1.9883	1.9100
204.1372	2.0638	2.0684	2.0456
204.2896	2.1259	2.1521	2.1144
204.4420	2.1610	2.2326	2.1037
204.5944	2.1693	2.2907	2.0644
204.7468	2.1567	2.2996	2.0589
204.8992	2.1322	2.2461	2.0701
205.0516	2.1027	2.1481	2.0307
205.2040	2.0781	2.0456	1.9261
205.3564	2.0666	1.9758	1.8170
205.5088	2.0669	1.9585	1.7757
205.6612	2.0693	1.9942	1.8350
205.8136	2.0677	2.0674	1.9464
205.9660	2.0672	2.1517	2.0502
206.1184	2.0661	2.2174	2.1428
206.2708	2.0615	2.2412	2.1920
206.4232	2.0511	2.2159	2.1906
206.5756	2.0278	2.1533	2.0995
206.7280	2.0014	2.0743	1.9345
206.8804	1.9858	1.9987	1.8022
207.0328	1.9817	1.9401	1.7361
207.1852	1.9758	1.9066	1.7095
207.3376	1.9661	1.9004	1.7285
207.4900	1.9518	1.9102	1.8588
207.6424	1.9309	1.9039	2.0345
207.7948	1.8927	1.8393	2.1213
207.9472	1.8192	1.7037	1.9571
208.0996	1.7122	1.5352	1.7449
208.2520	1.5969	1.3882	1.5278
208.4044	1.5015	1.2929	1.3330
208.5568	1.4620	1.2521	1.1667
208.7092	1.4522	1.2548	1.0559
208.8616	1.4529	1.2899	1.0044
209.0140	1.4650	1.3520	1.0559
209.1664	1.4801	1.4377	1.2794
209.3188	1.5008	1.5304	1.8401
209.4712	1.5187	1.5915	2.0346
209.6236	1.5190	1.5811	1.4528
209.7760	1.4984	1.5017	1.0989
209.9284	1.4656	1.3974	1.0483
210.0808	1.4175	1.3100	1.0851
210.2332	1.3473	1.2539	1.1052
210.3856	1.2890	1.2251	1.1063
210.5380	1.2583	1.2154	1.1005
210.6904	1.2430	1.2188	1.1105
210.8428	1.2345	1.2283	1.1103
210.9952	1.2290	1.2358	1.0885
211.1476	1.2222	1.2363	1.0582
211.3000	1.2124	1.2290	1.0354
211.4524	1.1980	1.2155	1.0573
211.6048	1.1836	1.1985	1.0781
211.7572	1.1747	1.1804	1.0588
211.9096	1.1680	1.1636	1.0084
212.0620	1.1626	1.1512	0.9781
212.2144	1.1567	1.1453	0.9817
212.3668	1.1544	1.1451	0.9935
212.5192	1.1605	1.1489	1.0008
212.6716	1.1670	1.1564	0.9975
212.8240	1.1702	1.1684	1.0121
212.9764	1.1716	1.1826	1.0604
213.1288	1.1721	1.1929	1.0842
213.2812	1.1740	1.1936	1.0503
213.4336	1.1760	1.1841	1.0138
213.5860	1.1740	1.1702	1.0218
213.7384	1.1698	1.1592	1.0443
213.8908	1.1641	1.1535	1.0565
214.0432	1.1573	1.1516	1.0607
214.1956	1.1548	1.1509	1.0721
214.3480	1.1610	1.1517	1.0636
214.5004	1.1788	1.1585	1.0440
214.6528	1.2149	1.1801	1.0166
214.8052	1.2813	1.2289	1.0223
214.9576	1.3675	1.3166	1.0935
215.1100	1.4728	1.4512	1.2861
215.2624	1.5989	1.6274	1.5753
215.4148	1.7508	1.8172	1.8329
215.5672	1.8960	1.9773	1.9722
215.7196	2.0010	2.0801	1.9686
215.8720	2.0311	2.1286	1.9078
216.0244	1.9690	2.1245	1.9054
216.1768	1.8646	2.0469	1.8532
216.3292	1.7458	1.8871	1.6435
216.4816	1.6257	1.6851	1.3784
216.6340	1.5232	1.5009	1.1750
216.7864	1.4380	1.3696	1.0859
216.9388	1.3650	1.2942	1.0694
217.0912	1.3243	1.2620	1.0703
217.2436	1.3263	1.2608	1.0739
217.3960	1.3546	1.2866	1.0873
217.5484	1.3877	1.3408	1.1269
217.7008	1.4070	1.4196	1.2246
217.8532	1.4112	1.4990	1.4008
218.0056	1.4072	1.5329	1.5004
218.1580	1.3985	1.4897	1.3468
218.3104	1.3859	1.3905	1.1321
218.4628	1.3697	1.2872	0.9914
218.6152	1.3478	1.2160	0.9591
218.7676	1.3188	1.1878	0.9650
218.9200	1.2812	1.1833	0.9857
219.0724	1.2420	1.1902	1.0095
219.2248	1.2115	1.1978	1.0227
219.3772	1.1909	1.1997	1.0265
219.5296	1.1814	1.1949	1.0262
219.6820	1.1802	1.1855	1.0233
219.8344	1.1809	1.1748	1.0145
219.9868	1.1812	1.1657	1.0053
220.1392	1.1822	1.1605	1.0033
220.2916	1.1831	1.1608	1.0048
220.4440	1.1843	1.1669	1.0027
220.5964	1.1850	1.1772	0.9856
220.7488	1.1860	1.1882	0.9967
220.9012	1.1882	1.1958	1.0286
221.0536	1.1887	1.1968	1.0405
221.2060	1.1886	1.1930	1.0508
221.3584	1.1889	1.1873	1.0629
221.5108	1.1911	1.1841	1.0728
221.6632	1.1962	1.1890	1.0618
221.8156	1.2046	1.2094	1.0437
221.9680	1.2174	1.2525	1.0420
222.1204	1.2357	1.3238	1.0693
222.2728	1.2613	1.4245	1.1324
222.4252	1.2970	1.5483	1.2303
222.5776	1.3456	1.6783	1.3405
222.7300	1.4077	1.7900	1.4381
222.8824	1.4790	1.8611	1.5412
223.0348	1.5443	1.8827	1.6714
223.1872	1.6016	1.8629	1.7968
223.3396	1.6294	1.8163	1.8835
223.4920	1.5776	1.7598	1.8854
223.6444	1.4755	1.6940	1.7155
223.7968	1.3605	1.6144	1.4151
223.9492	1.2631	1.5198	1.1782
224.1016	1.2196	1.4148	1.0407
224.2540	1.2022	1.3103	0.9852
224.4064	1.1938	1.2219	0.9836
224.5588	1.1880	1.1617	1.0019
224.7112	1.1845	1.1347	1.0280
224.8636	1.1826	1.1386	1.0597
225.0160	1.1814	1.1631	1.0822
225.1684	1.1812	1.1922	1.0873
225.3208	1.1814	1.2123	1.0834
225.4732	1.1825	1.2216	1.0735
225.6256	1.1852	1.2289	1.0683
225.7780	1.1901	1.2448	1.0675
225.9304	1.1982	1.2747	1.0719
226.0828	1.2108	1.3154	1.0762
226.2352	1.2303	1.3562	1.0790
226.3876	1.2638	1.3871	1.0808
226.5400	1.3302	1.4068	1.0936
226.6924	1.4561	1.4238	1.1180
226.8448	1.6217	1.4519	1.1562
226.9972	1.8082	1.5081	1.2326
227.1496	1.9540	1.6151	1.4284
227.3020	1.9828	1.7974	1.8051
227.4544	1.9574	2.0573	2.2824
227.6068	1.9382	2.3169	2.5171
227.7592	1.9265	2.4036	2.0821
227.9116	1.9262	2.2467	1.6265
228.0640	1.9426	2.0041	1.5662
228.2164	1.9582	1.8392	1.7700
228.3688	1.9672	1.7974	2.0199
228.5212	1.9725	1.8489	2.1432
228.6736	1.9765	1.9183	2.1366
228.8260	1.9782	1.9133	1.8178
228.9784	1.9735	1.8008	1.5502
229.1308	1.9524	1.6363	1.3662
229.2832	1.9055	1.4885	1.2683
229.4356	1.8203	1.3867	1.2257
229.5880	1.7150	1.3289	1.2007
229.7404	1.5959	1.2996	1.1740
229.8928	1.4742	1.2789	1.1417
230.0452	1.3585	1.2510	1.0965
230.1976	1.2503	1.2123	1.0280
230.3500	1.1715	1.1698	0.9262
230.5024	1.1402	1.1324	0.9111
230.6548	1.1625	1.1059	0.9757
230.8072	1.1902	1.0957	1.0059
230.9596	1.1866	1.1104	0.9614
231.1120	1.1697	1.1565	1.0185
231.2644	1.1638	1.2254	1.4589
231.4168	1.1459	1.2839	1.5579
231.5692	1.1106	1.2893	1.0248
231.7216	1.0708	1.2320	0.8481
231.8740	1.0353	1.1473	0.8801
232.0264	1.0128	1.0741	0.9499
232.1788	1.0005	1.0274	0.9425
232.3312	0.9932	1.0046	0.9254
232.4836	0.9890	0.9991	0.9207
232.6360	0.9880	1.0052	0.9011
232.7884	0.9898	1.0171	0.8933
232.9408	0.9938	1.0296	0.9070
233.0932	0.9986	1.0390	0.9225
233.2456	1.0036	1.0445	0.9310
233.3980	1.0108	1.0487	0.9349
233.5504	1.0260	1.0565	0.9353
233.7028	1.0599	1.0715	0.9309
233.8552	1.1076	1.0944	0.9325
234.0076	1.1415	1.1240	0.9623
234.1600	1.1637	1.1574	1.0243
234.3124	1.1842	1.1895	1.1195
234.4648	1.1954	1.2130	1.1989
234.6172	1.1952	1.2209	1.1210
234.7696	1.1870	1.2119	0.9830
234.9220	1.1784	1.1921	0.9308
235.0744	1.1776	1.1722	0.9476
235.2268	1.1824	1.1609	1.0009
235.3792	1.1899	1.1621	1.0471
235.5316	1.1971	1.1747	1.0504
235.6840	1.2036	1.1943	1.0294
235.8364	1.2076	1.2146	1.0261
235.9888	1.2108	1.2285	1.0454
236.1412	1.2130	1.2303	1.0595
236.2936	1.2125	1.2197	1.0541
236.4460	1.2104	1.2022	1.0373
236.5984	1.2059	1.1864	1.0124
236.7508	1.2029	1.1795	0.9935
236.9032	1.2148	1.1844	0.9877
237.0556	1.2352	1.2002	0.9857
237.2080	1.2546	1.2235	1.0139
237.3604	1.2665	1.2513	1.0583
237.5128	1.2674	1.2805	1.1167
237.6652	1.2771	1.3053	1.1951
237.8176	1.2803	1.3161	1.2545
237.9700	1.2731	1.3061	1.1497
238.1224	1.2621	1.2787	0.9785
238.2748	1.2519	1.2467	1.0199
238.4272	1.2447	1.2239	1.1165
238.5796	1.2449	1.2173	1.1188
238.7320	1.2498	1.2248	1.1071
238.8844	1.2569	1.2405	1.0724
239.0368	1.2639	1.2597	1.0442
239.1892	1.2740	1.2796	1.0339
239.3416	1.2887	1.2977	1.0420
239.4940	1.2999	1.3114	1.0671
239.6464	1.3012	1.3181	1.0995
239.7988	1.2970	1.3158	1.1291
239.9512	1.2905	1.3060	1.1445
240.1036	1.2821	1.2922	1.1416
240.2560	1.2625	1.2766	1.1079
240.4084	1.2357	1.2595	1.0663
240.5608	1.2172	1.2399	1.0376
240.7132	1.2079	1.2177	1.0096
240.8656	1.2059	1.1953	0.9782
241.0180	1.2052	1.1784	0.9709
241.1704	1.2042	1.1725	0.9977
241.3228	1.2026	1.1788	1.0550
241.4752	1.2008	1.1924	1.0982
241.6276	1.1984	1.2040	1.0834
241.7800	1.1965	1.2061	1.0365
241.9324	1.1955	1.1989	1.0068
242.0848	1.1969	1.1899	0.9881
242.2372	1.1983	1.1877	0.9871
242.3896	1.2009	1.1973	0.9867
242.5420	1.2140	1.2188	0.9946
242.6944	1.2355	1.2488	1.0155
242.8468	1.2700	1.2830	1.0387
242.9992	1.3253	1.3208	1.0671
243.1516	1.3734	1.3661	1.1185
243.3040	1.4150	1.4221	1.2085
243.4564	1.4511	1.4825	1.4641
243.6088	1.4803	1.5329	1.6144
243.7612	1.5182	1.5607	1.4480
243.9136	1.5386	1.5676	1.2291
244.0660	1.5184	1.5656	1.1986
244.2184	1.4999	1.5635	1.2698
244.3708	1.4877	1.5597	1.3081
244.5232	1.4760	1.5487	1.2840
244.6756	1.4626	1.5281	1.2583
244.8280	1.4415	1.4974	1.2808
244.9804	1.4223	1.4552	1.2595
245.1328	1.4042	1.4027	1.1727
245.2852	1.3864	1.3477	1.0843
245.4376	1.3719	1.3027	1.0577
245.5900	1.3565	1.2786	1.0632
245.7424	1.3396	1.2799	1.0825
245.8948	1.3270	1.3030	1.0969
246.0472	1.3212	1.3366	1.1193
246.1996	1.3233	1.3654	1.1441
246.3520	1.3403	1.3780	1.1605
246.5044	1.3650	1.3750	1.1716
246.6568	1.3784	1.3672	1.1456
246.8092	1.3856	1.3658	1.1413
246.9616	1.3971	1.3741	1.1647
247.1140	1.4101	1.3885	1.1940
247.2664	1.4209	1.4034	1.1688
247.4188	1.4292	1.4162	1.1563
247.5712	1.4360	1.4290	1.2016
247.7236	1.4411	1.4448	1.2324
247.8760	1.4450	1.4617	1.2444
248.0284	1.4488	1.4737	1.2172
248.1808	1.4521	1.4746	1.2003
248.3332	1.4523	1.4599	1.2005
248.4856	1.4442	1.4299	1.2078
248.6380	1.4269	1.3910	1.2080
248.7904	1.4054	1.3536	1.1763
248.9428	1.3865	1.3270	1.1403
249.0952	1.3708	1.3163	1.1110
249.2476	1.3560	1.3203	1.0950
249.4000	1.3397	1.3322	1.1073
249.5524	1.3292	1.3425	1.0947
249.7048	1.3220	1.3447	1.0904
249.8572	1.3211	1.3391	1.0964
250.0096	1.3311	1.3328	1.1140
250.1620	1.3463	1.3349	1.1370
250.3144	1.3599	1.3509	1.1543
250.4668	1.3638	1.3810	1.1609
250.6192	1.3469	1.4170	1.1756
250.7716	1.3166	1.4417	1.1990
250.9240	1.2849	1.4366	1.2207
251.0764	1.2561	1.3960	1.1411
251.2288	1.2222	1.3322	1.0462
251.3812	1.1949	1.2659	0.9926
251.5336	1.1797	1.2137	0.9823
251.6860	1.1720	1.1841	0.9867
251.8384	1.1692	1.1793	0.9932
251.9908	1.1695	1.2000	1.0264
252.1432	1.1733	1.2458	1.0564
252.2956	1.1817	1.3109	1.1021
252.4480	1.1954	1.3813	1.1519
252.6004	1.2169	1.4372	1.1996
252.7528	1.2526	1.4632	1.2239
252.9052	1.2925	1.4586	1.2409
253.0576	1.3344	1.4373	1.2589
253.2100	1.3802	1.4172	1.2716
253.3624	1.3886	1.4103	1.2678
253.5148	1.3745	1.4199	1.2374
253.6672	1.3647	1.4366	1.2296
253.8196	1.3678	1.4412	1.2599
253.9720	1.3696	1.4217	1.1657
254.1244	1.3600	1.3877	1.0456
254.2768	1.3441	1.3602	1.0897
254.4292	1.3337	1.3522	1.2660
254.5816	1.3303	1.3602	1.2779
254.7340	1.3381	1.3692	1.1890
254.8864	1.3490	1.3692	1.0899
255.0388	1.3456	1.3631	1.0586
255.1912	1.3326	1.3585	1.0547
255.3436	1.3156	1.3553	1.0952
255.4960	1.3038	1.3475	1.0996
255.6484	1.2953	1.3318	1.0999
255.8008	1.2891	1.3115	1.0946
255.9532	1.2851	1.2943	1.0957
256.1056	1.2832	1.2857	1.1029
256.2580	1.2836	1.2849	1.1016
256.4104	1.2824	1.2867	1.0913
256.5628	1.2784	1.2865	1.0944
256.7152	1.2740	1.2822	1.0844
256.8676	1.2693	1.2744	1.0779
257.0200	1.2668	1.2657	1.0731
257.1724	1.2745	1.2596	1.0630
257.3248	1.2892	1.2587	1.0603
257.4772	1.3146	1.2633	1.0508
257.6296	1.3439	1.2740	1.0625
257.7820	1.3626	1.2940	1.0998
257.9344	1.3701	1.3260	1.1437
258.0868	1.3762	1.3640	1.2010
258.2392	1.3811	1.3924	1.2429
258.3916	1.3825	1.3993	1.2567
258.5440	1.3830	1.3892	1.2116
258.6964	1.3810	1.3776	1.1587
258.8488	1.3745	1.3748	1.1237
259.0012	1.3643	1.3779	1.1007
259.1536	1.3512	1.3767	1.0960
259.3060	1.3406	1.3693	1.1184
259.4584	1.3348	1.3658	1.1178
259.6108	1.3401	1.3751	1.1239
259.7632	1.3684	1.3969	1.1397
259.9156	1.3969	1.4257	1.1787
260.0680	1.4181	1.4538	1.2327
260.2204	1.4382	1.4741	1.2681
260.3728	1.4447	1.4839	1.3223
260.5252	1.4315	1.4872	1.2983
260.6776	1.4052	1.4882	1.2314
260.8300	1.3754	1.4854	1.2357
260.9824	1.3508	1.4700	1.2149
261.1348	1.3316	1.4304	1.1184
261.2872	1.3154	1.3658	1.0400
261.4396	1.2985	1.2922	1.0051
261.5920	1.2786	1.2310	1.0106
261.7444	1.2576	1.1942	0.9995
261.8968	1.2394	1.1824	0.9964
262.0492	1.2227	1.1879	0.9985
262.2016	1.2057	1.2004	1.0051
262.3540	1.1959	1.2112	1.0078
262.5064	1.1897	1.2160	1.0201
262.6588	1.1870	1.2134	1.0332
262.8112	1.1865	1.2047	1.0269
262.9636	1.1856	1.1937	1.0194
263.1160	1.1828	1.1856	1.0099
263.2684	1.1808	1.1845	1.0060
263.4208	1.1805	1.1904	1.0053
263.5732	1.1806	1.1994	1.0130
263.7256	1.1810	1.2063	1.0112
263.8780	1.1826	1.2088	1.0119
264.0304	1.1864	1.2086	1.0155
264.1828	1.1915	1.2089	1.0237
264.3352	1.1955	1.2110	1.0296
264.4876	1.1989	1.2140	1.0445
264.6400	1.1985	1.2159	1.0395
264.7924	1.1935	1.2148	1.0411
264.9448	1.1891	1.2106	1.0289
265.0972	1.1806	1.2032	1.0146
265.2496	1.1769	1.1929	1.0146
265.4020	1.1772	1.1808	1.0121
265.5544	1.1788	1.1702	0.9819
265.7068	1.1781	1.1649	0.9786
265.8592	1.1832	1.1669	1.0238
266.0116	1.1924	1.1762	1.0373
266.1640	1.2037	1.1912	1.0253
266.3164	1.2164	1.2098	1.0386
266.4688	1.2278	1.2305	1.0793
266.6212	1.2384	1.2518	1.1037
266.7736	1.2496	1.2716	1.1206
266.9260	1.2656	1.2891	1.1188
267.0784	1.2853	1.3059	1.1230
267.2308	1.3042	1.3251	1.1352
267.3832	1.3243	1.3475	1.1811
267.5356	1.3448	1.3696	1.2132
267.6880	1.3541	1.3844	1.2343
267.8404	1.3623	1.3861	1.2490
267.9928	1.3717	1.3758	1.2320
268.1452	1.3806	1.3627	1.2162
268.2976	1.3925	1.3593	1.2147
268.4500	1.3837	1.3741	1.2428
268.6024	1.3574	1.4061	1.2641
268.7548	1.3259	1.4406	1.2349
268.9072	1.2887	1.4509	1.2128
269.0596	1.2496	1.4130	1.2030
269.2120	1.2273	1.3306	1.0621
269.3644	1.2058	1.2348	0.9159
269.5168	1.1733	1.1569	0.9269
269.6692	1.1324	1.1102	1.0049
269.8216	1.0993	1.0917	1.0815
269.9740	1.0943	1.0879	1.0821
270.1264	1.0968	1.0843	1.0000
270.2788	1.0969	1.0764	0.9195
270.4312	1.0952	1.0697	0.9258
270.5836	1.0973	1.0721	0.9993
270.7360	1.1039	1.0875	1.0106
270.8884	1.1146	1.1138	1.0069
271.0408	1.1281	1.1449	1.0105
271.1932	1.1408	1.1742	1.0274
271.3456	1.1539	1.1976	1.0305
271.4980	1.1684	1.2128	1.0269
271.6504	1.1814	1.2191	1.0326
271.8028	1.1921	1.2182	1.0411
271.9552	1.2009	1.2130	1.0600
272.1076	1.2068	1.2062	1.0636
272.2600	1.2123	1.2004	1.0586
272.4124	1.2189	1.1975	1.0501
272.5648	1.2222	1.1983	1.0460
272.7172	1.2226	1.2029	1.0493
272.8696	1.2237	1.2101	1.0549
273.0220	1.2282	1.2171	1.0560
273.1744	1.2343	1.2219	1.0543
273.3268	1.2429	1.2251	1.0595
273.4792	1.2524	1.2307	1.0714
273.6316	1.2607	1.2425	1.0862
273.7840	1.2697	1.2614	1.1236
273.9364	1.2813	1.2843	1.1522
274.0888	1.2913	1.3056	1.1421
274.2412	1.2996	1.3199	1.1310
274.3936	1.3060	1.3250	1.1372
274.5460	1.3004	1.3212	1.1540
274.6984	1.2933	1.3105	1.1502
274.8508	1.2871	1.2959	1.1349
275.0032	1.2795	1.2808	1.1112
275.1556	1.2742	1.2679	1.0923
275.3080	1.2711	1.2588	1.0819
275.4604	1.2697	1.2555	1.0813
275.6128	1.2695	1.2603	1.0879
275.7652	1.2700	1.2743	1.1043
275.9176	1.2719	1.2954	1.1351
276.0700	1.2762	1.3177	1.1510
276.2224	1.2866	1.3328	1.1585
276.3748	1.2929	1.3358	1.1602
276.5272	1.3020	1.3281	1.1664
276.6796	1.3142	1.3150	1.1839
276.8320	1.3089	1.3018	1.1896
276.9844	1.2889	1.2925	1.1639
277.1368	1.2711	1.2902	1.1318
277.2892	1.2649	1.2942	1.1320
277.4416	1.2599	1.2984	1.1614
277.5940	1.2545	1.2942	1.1539
277.7464	1.2493	1.2761	1.0529
277.8988	1.2443	1.2445	1.0025
278.0512	1.2385	1.2065	0.9913
278.2036	1.2307	1.1709	0.9908
278.3560	1.2182	1.1439	0.9807
278.5084	1.2013	1.1285	0.9780
278.6608	1.1820	1.1252	0.9789
278.8132	1.1644	1.1309	0.9794
278.9656	1.1549	1.1394	0.9810
279.1180	1.1543	1.1461	0.9826
279.2704	1.1578	1.1492	0.9849
279.4228	1.1609	1.1497	0.9986
279.5752	1.1645	1.1503	1.0137
279.7276	1.1698	1.1537	1.0201
279.8800	1.1788	1.1611	1.0276
280.0324	1.1880	1.1729	1.0249
280.1848	1.1987	1.1898	1.0308
280.3372	1.2095	1.2105	1.0490
280.4896	1.2184	1.2309	1.0731
280.6420	1.2266	1.2455	1.0926
280.7944	1.2307	1.2514	1.1001
280.9468	1.2312	1.2508	1.0942
281.0992	1.2335	1.2485	1.0730
281.2516	1.2366	1.2470	1.0442
281.4040	1.2420	1.2466	1.0517
281.5564	1.2498	1.2503	1.0552
281.7088	1.2604	1.2634	1.0211
281.8612	1.2693	1.2849	1.0571
282.0136	1.2722	1.3033	1.1217
282.1660	1.2694	1.3033	1.1564
282.3184	1.2642	1.2790	1.1001
282.4708	1.2593	1.2419	1.0825
282.6232	1.2518	1.2104	1.0347
282.7756	1.2459	1.1946	1.0220
282.9280	1.2435	1.1922	1.0265
283.0804	1.2242	1.1971	1.0158
283.2328	1.2036	1.2045	0.9963
283.3852	1.1885	1.2109	0.9848
283.5376	1.1773	1.2133	0.9993
283.6900	1.1794	1.2099	1.0236
283.8424	1.1867	1.2010	1.0267
283.9948	1.1894	1.1901	0.9981
284.1472	1.1900	1.1831	0.9871
284.2996	1.1919	1.1831	1.0177
284.4520	1.1931	1.1882	1.0348
284.6044	1.1971	1.1947	1.0223
284.7568	1.2080	1.2007	1.0172
284.9092	1.2169	1.2073	1.0204
285.0616	1.2244	1.2163	1.0243
285.2140	1.2330	1.2276	1.0476
285.3664	1.2404	1.2390	1.0543
285.5188	1.2525	1.2480	1.0542
285.6712	1.2665	1.2540	1.0559
285.8236	1.2793	1.2593	1.0552
285.9760	1.2869	1.2668	1.0522
286.1284	1.2908	1.2770	1.0750
286.2808	1.2940	1.2871	1.1202
286.4332	1.2959	1.2917	1.1275
286.5856	1.2954	1.2856	1.1110
286.7380	1.2930	1.2682	1.0787
286.8904	1.2887	1.2452	1.0552
287.0428	1.2807	1.2246	1.0470
287.1952	1.2731	1.2127	1.0491
287.3476	1.2626	1.2116	1.0502
287.5000	1.2534	1.2191	1.0486
287.6524	1.2477	1.2313	1.0467
287.8048	1.2467	1.2443	1.0470
287.9572	1.2531	1.2554	1.0501
288.1096	1.2642	1.2633	1.0550
288.2620	1.2738	1.2684	1.0711
288.4144	1.2807	1.2729	1.0733
288.5668	1.2872	1.2789	1.0847
288.7192	1.2930	1.2870	1.1319
288.8716	1.2983	1.2964	1.1262
289.0240	1.3040	1.3057	1.0880
289.1764	1.3070	1.3140	1.0804
289.3288	1.3069	1.3212	1.0943
289.4812	1.3067	1.3272	1.1063
289.6336	1.3062	1.3307	1.1081
289.7860	1.3050	1.3302	1.1027
289.9384	1.3039	1.3251	1.0997
290.0908	1.3019	1.3157	1.0917
290.2432	1.2986	1.3037	1.0790
290.3956	1.2938	1.2910	1.0658
290.5480	1.2873	1.2787	1.0559
290.7004	1.2793	1.2661	1.0510
290.8528	1.2696	1.2524	1.0494
291.0052	1.2574	1.2374	1.0490
291.1576	1.2430	1.2218	1.0485
291.3100	1.2295	1.2072	1.0376
291.4624	1.2181	1.1954	1.0216
291.6148	1.2099	1.1881	1.0080
291.7672	1.2048	1.1864	1.0093
291.9196	1.2022	1.1904	1.0088
292.0720	1.2041	1.1986	1.0113
292.2244	1.2129	1.2086	1.0149
292.3768	1.2226	1.2188	1.0291
292.5292	1.2341	1.2296	1.0482
292.6816	1.2450	1.2430	1.0630
292.8340	1.2535	1.2601	1.0943
292.9864	1.2606	1.2804	1.1078
293.1388	1.2697	1.3020	1.0937
293.2912	1.2806	1.3235	1.0990
293.4436	1.2951	1.3449	1.1262
293.5960	1.3109	1.3657	1.1472
293.7484	1.3276	1.3833	1.1537
293.9008	1.3456	1.3936	1.1512
294.0532	1.3607	1.3954	1.1663
294.2056	1.3731	1.3917	1.1689
294.3580	1.3863	1.3881	1.1764
294.5104	1.3952	1.3883	1.1920
294.6628	1.3993	1.3936	1.1894
294.8152	1.4009	1.4030	1.1873
294.9676	1.4009	1.4146	1.1905
295.1200	1.4001	1.4250	1.1909
295.2724	1.3988	1.4298	1.1896
295.4248	1.3981	1.4255	1.1786
295.5772	1.3970	1.4133	1.1781
295.7296	1.3970	1.3998	1.1786
295.8820	1.4019	1.3940	1.1812
296.0344	1.4021	1.4009	1.1847
296.1868	1.4025	1.4202	1.1906
296.3392	1.4031	1.4470	1.1991
296.4916	1.4038	1.4737	1.2114
296.6440	1.4046	1.4920	1.2297
296.7964	1.4055	1.4966	1.2527
296.9488	1.4063	1.4881	1.2527
297.1012	1.4069	1.4727	1.2527
297.2536	1.4066	1.4589	1.2527
297.4060	1.4054	1.4525	1.2527
297.5584	1.4032	1.4539	1.2527
297.7108	1.4001	1.4595	1.2527
297.8632	1.3959	1.4652	1.2527
298.0156	1.3909	1.4683	1.2527
298.1680	1.3850	1.4681	1.2527
298.3204	1.3125	1.4664	1.2527
298.4728	1.3045	1.4642	1.2527
298.6252	1.2975	1.4612	1.2527
298.7776	1.2806	1.4591	1.2527
298.9300	1.2664	1.4597	1.2527
299.0824	1.2585	1.4557	1.2527
299.2348	1.2544	1.4316	1.0857
299.3872	1.2486	1.3807	1.0741
299.5396	1.2460	1.3154	1.0351
299.6920	1.2450	1.2581	1.0279
299.8444	1.2440	1.2266	1.0560
299.9968	1.2431	1.2234	1.0642
300.1492	1.2423	1.2359	1.0343
300.3016	1.2415	1.2469	1.0229
300.4540	1.2399	1.2463	1.0018
300.6064	1.2368	1.2331	0.9896
300.7588	1.2332	1.2135	0.9906
300.9112	1.2286	1.1968	0.9927
301.0636	1.2208	1.1883	0.9936
301.2160	1.2111	1.1884	0.9939
301.3684	1.2056	1.1945	0.9928
301.5208	1.2053	1.2038	0.9939
301.6732	1.2030	1.2141	1.0038
301.8256	1.1989	1.2242	1.0217
301.9780	1.1953	1.2338	1.0241
302.1304	1.1926	1.2401	1.0060
302.2828	1.1911	1.2395	0.9908
302.4352	1.1890	1.2310	0.9923
302.5876	1.1870	1.2176	0.9881
302.7400	1.1858	1.2050	0.9867
302.8924	1.1855	1.1986	0.9882
303.0448	1.1865	1.2007	0.9938
303.1972	1.1888	1.2101	1.0034
303.3496	1.1927	1.2237	1.0124
303.5020	1.1982	1.2379	1.0225
303.6544	1.2050	1.2498	1.0397
303.8068	1.2141	1.2589	1.0556
303.9592	1.2248	1.2667	1.0645
304.1116	1.2387	1.2755	1.0684
304.2640	1.2539	1.2870	1.0732
304.4164	1.2700	1.3025	1.0778
304.5688	1.2897	1.3212	1.0880
304.7212	1.3093	1.3410	1.1032
304.8736	1.3244	1.3594	1.1220
305.0260	1.3353	1.3737	1.1465
305.1784	1.3495	1.3820	1.1649
305.3308	1.3652	1.3830	1.1749
305.4832	1.3788	1.3781	1.1592
305.6356	1.3901	1.3724	1.1391
305.7880	1.3944	1.3733	1.1233
305.9404	1.3893	1.3825	1.1339
306.0928	1.3857	1.3921	1.1606
306.2452	1.3860	1.3915	1.1761
306.3976	1.3867	1.3782	1.2018
306.5500	1.3870	1.3618	1.2182
306.7024	1.3837	1.3555	1.1876
306.8548	1.3723	1.3642	1.1584
307.0072	1.3542	1.3797	1.1399
307.1596	1.3378	1.3873	1.1197
307.3120	1.3264	1.3784	1.0956
307.4644	1.3175	1.3553	1.0624
307.6168	1.3095	1.3271	1.0378
307.7692	1.3022	1.3024	1.0364
307.9216	1.2961	1.2867	1.0500
308.0740	1.2943	1.2814	1.0673
308.2264	1.2954	1.2844	1.0819
308.3788	1.2955	1.2913	1.0913
308.5312	1.2974	1.2974	1.0938
308.6836	1.2991	1.2996	1.0949
308.8360	1.2955	1.2985	1.0937
308.9884	1.2875	1.2973	1.0885
309.1408	1.2841	1.2987	1.0826
309.2932	1.2889	1.3015	1.0783
309.4456	1.2952	1.3025	1.0755
309.5980	1.2992	1.3003	1.0618
309.7504	1.3012	1.2981	1.0653
309.9028	1.3005	1.3002	1.0901
310.0552	1.2977	1.3067	1.1165
310.2076	1.2960	1.3117	1.1123
310.3600	1.2950	1.3077	1.0773
310.5124	1.2935	1.2934	1.0702
310.6648	1.2921	1.2759	1.0551
310.8172	1.2912	1.2645	1.0635
310.9696	1.2899	1.2641	1.0675
311.1220	1.2876	1.2730	1.0630
311.2744	1.2862	1.2861	1.0627
311.4268	1.2836	1.2976	1.0652
311.5792	1.2794	1.3034	1.0629
311.7316	1.2768	1.3031	1.0632
311.8840	1.2781	1.2986	1.0670
312.0364	1.2820	1.2936	1.0654
312.1888	1.2862	1.2910	1.0777
312.3412	1.2887	1.2921	1.0898
312.4936	1.2864	1.2959	1.0911
312.6460	1.2777	1.3001	1.0805
312.7984	1.2654	1.3018	1.0744
312.9508	1.2522	1.2986	1.0782
313.1032	1.2406	1.2887	1.0731
313.2556	1.2301	1.2709	1.0601
313.4080	1.2193	1.2465	1.0359
313.5604	1.2101	1.2200	1.0050
313.7128	1.2029	1.1972	0.9850
313.8652	1.1966	1.1829	0.9870
314.0176	1.1917	1.1791	0.9961
314.1700	1.1893	1.1845	1.0038
314.3224	1.1911	1.1959	1.0149
314.4748	1.1981	1.2095	1.0242
314.6272	1.2095	1.2227	1.0340
314.7796	1.2234	1.2341	1.0510
314.9320	1.2393	1.2439	1.0688
315.0844	1.2561	1.2530	1.0848
315.2368	1.2716	1.2620	1.1016
315.3892	1.2875	1.2718	1.1141
315.5416	1.3055	1.2840	1.1156
315.6940	1.3231	1.3002	1.1098
315.8464	1.3388	1.3198	1.1196
315.9988	1.3545	1.3409	1.1453
316.1512	1.3735	1.3629	1.1748
316.3036	1.3972	1.3888	1.2087
316.4560	1.4208	1.4222	1.2760
316.6084	1.4390	1.4607	1.3602
316.7608	1.4467	1.4927	1.4243
316.9132	1.4420	1.5023	1.4362
317.0656	1.4377	1.4839	1.3541
317.2180	1.4298	1.4491	1.2371
317.3704	1.4070	1.4164	1.1422
317.5228	1.3845	1.3968	1.1276
317.6752	1.3737	1.3906	1.1391
317.8276	1.3717	1.3892	1.1710
317.9800	1.3725	1.3831	1.1929
318.1324	1.3712	1.3702	1.1732
318.2848	1.3697	1.3552	1.1421
318.4372	1.3676	1.3431	1.1329
318.5896	1.3645	1.3350	1.1337
318.7420	1.3579	1.3293	1.1256
318.8944	1.3463	1.3233	1.1184
319.0468	1.3327	1.3167	1.1111
319.1992	1.3227	1.3103	1.1112
319.3516	1.3128	1.3048	1.1144
319.5040	1.3031	1.3002	1.1122
319.6564	1.2980	1.2971	1.1101
319.8088	1.2951	1.2963	1.1081
319.9612	1.2927	1.2984	1.0978
320.1136	1.2900	1.3028	1.0824
320.2660	1.2937	1.3072	1.0816
320.4184	1.3010	1.3087	1.0984
320.5708	1.3066	1.3069	1.1004
320.7232	1.3093	1.3051	1.0892
320.8756	1.3093	1.3068	1.0976
321.0280	1.3081	1.3124	1.1158
321.1804	1.3066	1.3184	1.1101
321.3328	1.3049	1.3201	1.0913
321.4852	1.3033	1.3161	1.0839
321.6376	1.3019	1.3093	1.0838
321.7900	1.3011	1.3039	1.0877
321.9424	1.3007	1.3020	1.0916
322.0948	1.3005	1.3032	1.0932
322.2472	1.3001	1.3059	1.0946
322.3996	1.3005	1.3085	1.0967
322.5520	1.3015	1.3105	1.0981
322.7044	1.3023	1.3121	1.1003
322.8568	1.3033	1.3133	1.1072
323.0092	1.3052	1.3137	1.1086
323.1616	1.3081	1.3135	1.1028
323.3140	1.3103	1.3134	1.0957
323.4664	1.3108	1.3150	1.0912
323.6188	1.3111	1.3194	1.0984
323.7712	1.3115	1.3251	1.1149
323.9236	1.3131	1.3292	1.1227
324.0760	1.3165	1.3302	1.1092
324.2284	1.3212	1.3293	1.0925
324.3808	1.3252	1.3298	1.0982
324.5332	1.3276	1.3336	1.1144
324.6856	1.3298	1.3390	1.1384
324.8380	1.3311	1.3420	1.1418
324.9904	1.3299	1.3392	1.1436
325.1428	1.3274	1.3308	1.1362
325.2952	1.3273	1.3193	1.1155
325.4476	1.3281	1.3073	1.0956
325.6000	1.3296	1.2965	1.0634
325.7524	1.3257	1.2890	1.0423
325.9048	1.3183	1.2878	1.0747
326.0572	1.3161	1.2947	1.1347
326.2096	1.3128	1.3076	1.1941
326.3620	1.3068	1.3208	1.1541
326.5144	1.3020	1.3281	1.1204
326.6668	1.2958	1.3269	1.1183
326.8192	1.2858	1.3193	1.0976
326.9716	1.2817	1.3088	1.0521
327.1240	1.2839	1.2990	1.0344
327.2764	1.2876	1.2937	1.0533
327.4288	1.2934	1.2956	1.0932
327.5812	1.3012	1.3050	1.1201
327.7336	1.3089	1.3186	1.1527
327.8860	1.3145	1.3321	1.1557
328.0384	1.3204	1.3427	1.1491
328.1908	1.3270	1.3498	1.1392
328.3432	1.3324	1.3539	1.1373
328.4956	1.3343	1.3553	1.1305
328.6480	1.3329	1.3537	1.1211
328.8004	1.3302	1.3500	1.1136
328.9528	1.3263	1.3456	1.1111
329.1052	1.3224	1.3422	1.1105
329.2576	1.3185	1.3399	1.1157
329.4100	1.3143	1.3376	1.1170
329.5624	1.3108	1.3343	1.1136
329.7148	1.3082	1.3291	1.1005
329.8672	1.3063	1.3227	1.0954
330.0196	1.3052	1.3169	1.0994
330.1720	1.3042	1.3139	1.0927
330.3244	1.3030	1.3137	1.0908
330.4768	1.3010	1.3131	1.1033
330.6292	1.2959	1.3079	1.1149
330.7816	1.2860	1.2958	1.1124
330.9340	1.2710	1.2792	1.0968
331.0864	1.2551	1.2630	1.0860
331.2388	1.2412	1.2506	1.0725
331.3912	1.2284	1.2419	1.0445
331.5436	1.2177	1.2345	1.0169
331.6960	1.2079	1.2264	1.0105
331.8484	1.1986	1.2166	1.0137
332.0008	1.1909	1.2058	1.0147
332.1532	1.1851	1.1960	1.0077
332.3056	1.1814	1.1887	1.0014
332.4580	1.1792	1.1849	1.0011
332.6104	1.1771	1.1842	1.0027
332.7628	1.1737	1.1853	1.0045
332.9152	1.1706	1.1860	1.0058
333.0676	1.1690	1.1849	1.0032
333.2200	1.1705	1.1819	0.9994
333.3724	1.1738	1.1786	0.9941
333.5248	1.1771	1.1773	0.9901
333.6772	1.1822	1.1798	0.9955
333.8296	1.1887	1.1869	1.0204
333.9820	1.1956	1.1980	1.0382
334.1344	1.2018	1.2113	1.0442
334.2868	1.2072	1.2240	1.0536
334.4392	1.2117	1.2332	1.0565
334.5916	1.2162	1.2369	1.0462
334.7440	1.2215	1.2346	1.0458
334.8964	1.2284	1.2294	1.0380
335.0488	1.2376	1.2278	1.0463
335.2012	1.2527	1.2365	1.0751
335.3536	1.2720	1.2592	1.0995
335.5060	1.2851	1.2924	1.1443
335.6584	1.2939	1.3254	1.2018
335.8108	1.2978	1.3451	1.2160
335.9632	1.3017	1.3457	1.2038
336.1156	1.3014	1.3330	1.1686
336.2680	1.2910	1.3173	1.1370
336.4204	1.2839	1.3059	1.1135
336.5728	1.2797	1.2985	1.0695
336.7252	1.2740	1.2913	1.0529
336.8776	1.2707	1.2816	1.0759
337.0300	1.2712	1.2712	1.0957
337.1824	1.2733	1.2646	1.0980
337.3348	1.2759	1.2645	1.0998
337.4872	1.2772	1.2701	1.1074
337.6396	1.2768	1.2773	1.1149
337.7920	1.2746	1.2819	1.1105
337.9444	1.2697	1.2813	1.1005
338.0968	1.2685	1.2765	1.0918
338.2492	1.2700	1.2705	1.0784
338.4016	1.2733	1.2665	1.0724
338.5540	1.2775	1.2671	1.0771
338.7064	1.2758	1.2735	1.0866
338.8588	1.2734	1.2847	1.1006
339.0112	1.2715	1.2957	1.1226
339.1636	1.2709	1.2992	1.1285
339.3160	1.2701	1.2908	1.1011
339.4684	1.2681	1.2733	1.0983
339.6208	1.2659	1.2557	1.0871
339.7732	1.2629	1.2465	1.0784
339.9256	1.2603	1.2485	1.0798
340.0780	1.2576	1.2582	1.0767
340.2304	1.2556	1.2692	1.0652
340.3828	1.2531	1.2765	1.0636
340.5352	1.2518	1.2785	1.0679
340.6876	1.2517	1.2762	1.0849
340.8400	1.2491	1.2719	1.0888
340.9924	1.2478	1.2665	1.0953
341.1448	1.2470	1.2602	1.1079
341.2972	1.2458	1.2524	1.0997
341.4496	1.2418	1.2438	1.0731
341.6020	1.2360	1.2358	1.0536
341.7544	1.2350	1.2303	1.0670
341.9068	1.2377	1.2289	1.0801
342.0592	1.2418	1.2318	1.0819
342.2116	1.2445	1.2378	1.0782
342.3640	1.2463	1.2450	1.0744
342.5164	1.2466	1.2511	1.0742
342.6688	1.2459	1.2541	1.0746
342.8212	1.2450	1.2531	1.0699
342.9736	1.2441	1.2489	1.0673
343.1260	1.2437	1.2431	1.0687
343.2784	1.2426	1.2377	1.0657
343.4308	1.2420	1.2340	1.0638
343.5832	1.2412	1.2328	1.0544
343.7356	1.2400	1.2336	1.0529
343.8880	1.2391	1.2353	1.0551
344.0404	1.2404	1.2366	1.0572
344.1928	1.2377	1.2358	1.0567
344.3452	1.2321	1.2324	1.0590
344.4976	1.2218	1.2272	1.0553
344.6500	1.2084	1.2199	1.0520
344.8024	1.1952	1.2090	1.0424
344.9548	1.1857	1.1934	1.0228
345.1072	1.1784	1.1757	1.0234
345.2596	1.1706	1.1607	1.0196
345.4120	1.1673	1.1534	1.0013
345.5644	1.1673	1.1564	1.0204
345.7168	1.1692	1.1687	1.0294
345.8692	1.1727	1.1863	1.0214
346.0216	1.1778	1.2051	1.0259
346.1740	1.1858	1.2213	1.0383
346.3264	1.1996	1.2321	1.0496
346.4788	1.2157	1.2379	1.0602
346.6312	1.2323	1.2413	1.0693
346.7836	1.2557	1.2447	1.0762
346.9360	1.2778	1.2494	1.0819
347.0884	1.2898	1.2568	1.0954
347.2408	1.2854	1.2685	1.1022
347.3932	1.2733	1.2839	1.1090
347.5456	1.2608	1.2981	1.1242
347.6980	1.2517	1.3020	1.1342
347.8504	1.2470	1.2883	1.0754
348.0028	1.2424	1.2602	1.0186
348.1552	1.2369	1.2305	1.0315
348.3076	1.2326	1.2120	1.0474
348.4600	1.2318	1.2103	1.0595
348.6124	1.2343	1.2229	1.0682
348.7648	1.2386	1.2425	1.0821
348.9172	1.2445	1.2620	1.0908
349.0696	1.2550	1.2774	1.0924
349.2220	1.2698	1.2874	1.0952
349.3744	1.2815	1.2930	1.0955
349.5268	1.2895	1.2957	1.0982
349.6792	1.2935	1.2963	1.0979
349.8316	1.2903	1.2947	1.0960
349.9840	1.2845	1.2903	1.0933
350.1364	1.2769	1.2831	1.0786
350.2888	1.2681	1.2734	1.0637
350.4412	1.2597	1.2626	1.0539
350.5936	1.2508	1.2515	1.0492
350.7460	1.2428	1.2405	1.0531
350.8984	1.2364	1.2300	1.0481
351.0508	1.2309	1.2203	1.0362
351.2032	1.2256	1.2120	1.0228
351.3556	1.2209	1.2058	1.0144
351.5080	1.2178	1.2024	1.0141
351.6604	1.2160	1.2019	1.0193
351.8128	1.2157	1.2044	1.0252
351.9652	1.2176	1.2091	1.0336
352.1176	1.2219	1.2150	1.0379
352.2700	1.2277	1.2212	1.0437
352.4224	1.2340	1.2269	1.0493
352.5748	1.2398	1.2321	1.0464
352.7272	1.2441	1.2367	1.0500
352.8796	1.2473	1.2406	1.0483
353.0320	1.2499	1.2435	1.0440
353.1844	1.2524	1.2452	1.0451
353.3368	1.2561	1.2457	1.0445
353.4892	1.2590	1.2458	1.0467
353.6416	1.2591	1.2461	1.0507
353.7940	1.2572	1.2470	1.0536
353.9464	1.2543	1.2473	1.0484
354.0988	1.2497	1.2442	1.0413
354.2512	1.2450	1.2357	1.0309
354.4036	1.2418	1.2232	1.0341
354.5560	1.2388	1.2124	1.0395
354.7084	1.2356	1.2097	1.0502
354.8608	1.2305	1.2168	1.0517
355.0132	1.2225	1.2288	1.0309
355.1656	1.2116	1.2365	1.0202
355.3180	1.2010	1.2328	1.0168
355.4704	1.1898	1.2174	1.0122
355.6228	1.1772	1.1954	0.9952
355.7752	1.1655	1.1732	0.9799
355.9276	1.1529	1.1544	0.9686
356.0800	1.1372	1.1405	0.9688
356.2324	1.1203	1.1311	0.9682
356.3848	1.1057	1.1247	0.9612
356.5372	1.0960	1.1197	0.9524
356.6896	1.0908	1.1153	0.9432
356.8420	1.0887	1.1116	0.9357
356.9944	1.0881	1.1098	0.9372
357.1468	1.0883	1.1115	0.9527
357.2992	1.0890	1.1175	0.9678
357.4516	1.0901	1.1266	0.9803
357.6040	1.0916	1.1356	0.9870
357.7564	1.0933	1.1404	0.9777
357.9088	1.0956	1.1392	0.9618
358.0612	1.0974	1.1328	0.9452
358.2136	1.0985	1.1250	0.9323
358.3660	1.0999	1.1195	0.9242
358.5184	1.1012	1.1181	0.9205
358.6708	1.1050	1.1202	0.9248
358.8232	1.1107	1.1242	0.9393
358.9756	1.1126	1.1290	0.9639
359.1280	1.1083	1.1355	0.9859
359.2804	1.1006	1.1449	1.0054
359.4328	1.0917	1.1551	1.0047
359.5852	1.0836	1.1606	0.9667
359.7376	1.0770	1.1550	0.9332
359.8900	1.0708	1.1373	0.9204
360.0424	1.0644	1.1130	0.9168
360.1948	1.0580	1.0901	0.9193
360.3472	1.0518	1.0737	0.9197
360.4996	1.0454	1.0643	0.9144
360.6520	1.0384	1.0598	0.9058
360.8044	1.0315	1.0579	0.8992
360.9568	1.0255	1.0571	0.8940
361.1092	1.0214	1.0569	0.8919
361.2616	1.0195	1.0571	0.8923
361.4140	1.0190	1.0575	0.8929
361.5664	1.0203	1.0584	0.8981
361.7188	1.0238	1.0605	0.9081
361.8712	1.0298	1.0641	0.9206
362.0236	1.0387	1.0694	0.9314
362.1760	1.0504	1.0767	0.9418
362.3284	1.0641	1.0864	0.9539
362.4808	1.0792	1.0993	0.9646
362.6332	1.0942	1.1159	0.9743
362.7856	1.1084	1.1355	0.9861
362.9380	1.1227	1.1562	1.0002
363.0904	1.1357	1.1756	1.0156
363.2428	1.1429	1.1916	1.0301
363.3952	1.1420	1.2022	1.0363
363.5476	1.1330	1.2049	1.0296
363.7000	1.1166	1.1964	1.0103
363.8524	1.0985	1.1744	0.9813
364.0048	1.0831	1.1412	0.9507
364.1572	1.0690	1.1053	0.9322
364.3096	1.0556	1.0771	0.9277
364.4620	1.0433	1.0631	0.9294
364.6144	1.0321	1.0630	0.9372
364.7668	1.0225	1.0704	0.9447
364.9192	1.0154	1.0771	0.9401
365.0716	1.0111	1.0779	0.9313
365.2240	1.0101	1.0728	0.9134
365.3764	1.0134	1.0657	0.8995
365.5288	1.0205	1.0613	0.8949
365.6812	1.0300	1.0637	0.9010
365.8336	1.0400	1.0745	0.9207
365.9860	1.0497	1.0924	0.9558
366.1384	1.0587	1.1129	1.0071
366.2908	1.0688	1.1314	1.0364
366.4432	1.0793	1.1454	1.0191
366.5956	1.0890	1.1551	1.0001
366.7480	1.0975	1.1621	0.9973
366.9004	1.1023	1.1675	1.0086
367.0528	1.1024	1.1707	1.0205
367.2052	1.0999	1.1704	1.0251
367.3576	1.0963	1.1660	1.0271
367.5100	1.0920	1.1573	1.0322
367.6624	1.0911	1.1444	1.0401
367.8148	1.0984	1.1291	1.0142
367.9672	1.1093	1.1156	0.9679
368.1196	1.1246	1.1079	0.9266
368.2720	1.1488	1.1088	0.9500
368.4244	1.1799	1.1200	1.0587
368.5768	1.2039	1.1430	1.1217
368.7292	1.2167	1.1777	1.1019
368.8816	1.2275	1.2213	1.0776
369.0340	1.2374	1.2654	1.0692
369.1864	1.2441	1.2975	1.0800
369.3388	1.2490	1.3085	1.1204
369.4912	1.2527	1.3005	1.1477
369.6436	1.2563	1.2841	1.1413
369.7960	1.2614	1.2689	1.1209
369.9484	1.2670	1.2601	1.1081
370.1008	1.2692	1.2580	1.1069
370.2532	1.2707	1.2595	1.1062
370.4056	1.2709	1.2620	1.0992
370.5580	1.2719	1.2647	1.0876
370.7104	1.2753	1.2689	1.0722
370.8628	1.2751	1.2774	1.0591
371.0152	1.2686	1.2908	1.0900
371.1676	1.2647	1.3043	1.1304
371.3200	1.2647	1.3092	1.1667
371.4724	1.2663	1.3003	1.1037
371.6248	1.2612	1.2812	1.0931
371.7772	1.2500	1.2612	1.0800
371.9296	1.2400	1.2477	1.0866
372.0820	1.2368	1.2415	1.0882
372.2344	1.2398	1.2388	1.0768
372.3868	1.2468	1.2373	1.0547
372.5392	1.2528	1.2383	1.0420
372.6916	1.2581	1.2450	1.0471
372.8440	1.2623	1.2583	1.0719
372.9964	1.2658	1.2746	1.1027
373.1488	1.2692	1.2852	1.1181
373.3012	1.2717	1.2825	1.1140
373.4536	1.2722	1.2655	1.0947
373.6060	1.2684	1.2413	1.0883
373.7584	1.2606	1.2199	1.0896
373.9108	1.2484	1.2083	1.0879
374.0632	1.2275	1.2075	1.0775
374.2156	1.2048	1.2124	1.0695
374.3680	1.1812	1.2155	1.0484
374.5204	1.1548	1.2103	1.0063
374.6728	1.1351	1.1954	0.9808
374.8252	1.1190	1.1741	0.9634
374.9776	1.1105	1.1525	0.9898
375.1300	1.1071	1.1342	0.9983
375.2824	1.1057	1.1205	0.9847
375.4348	1.1062	1.1120	0.9522
375.5872	1.1083	1.1099	0.9494
375.7396	1.1108	1.1149	0.9736
375.8920	1.1140	1.1261	0.9928
376.0444	1.1181	1.1402	0.9975
376.1968	1.1245	1.1533	0.9989
376.3492	1.1330	1.1632	1.0074
376.5016	1.1447	1.1697	1.0145
376.6540	1.1577	1.1741	1.0153
376.8064	1.1686	1.1772	1.0150
376.9588	1.1755	1.1799	1.0172
377.1112	1.1769	1.1831	1.0122
377.2636	1.1755	1.1869	1.0144
377.4160	1.1731	1.1904	1.0107
377.5684	1.1707	1.1909	1.0041
377.7208	1.1694	1.1860	0.9941
377.8732	1.1677	1.1764	0.9890
378.0256	1.1653	1.1666	1.0071
378.1780	1.1625	1.1611	1.0153
378.3304	1.1589	1.1609	1.0089
378.4828	1.1543	1.1625	0.9956
378.6352	1.1482	1.1607	0.9853
378.7876	1.1397	1.1532	0.9757
378.9400	1.1314	1.1420	0.9645
379.0924	1.1246	1.1315	0.9593
379.2448	1.1201	1.1244	0.9571
379.3972	1.1202	1.1215	0.9536
379.5496	1.1252	1.1221	0.9552
379.7020	1.1366	1.1249	0.9647
379.8544	1.1539	1.1294	0.9778
380.0068	1.1737	1.1369	0.9884
380.1592	1.1932	1.1509	1.0029
380.3116	1.2106	1.1760	1.0303
380.4640	1.2257	1.2141	1.0752
380.6164	1.2387	1.2601	1.1191
380.7688	1.2491	1.3013	1.1317
380.9212	1.2566	1.3233	1.1114
381.0736	1.2622	1.3203	1.0827
381.2260	1.2634	1.2988	1.0611
381.3784	1.2535	1.2712	1.0446
381.5308	1.2283	1.2473	1.0282
381.6832	1.1967	1.2309	1.0178
381.8356	1.1709	1.2204	1.0097
381.9880	1.1515	1.2118	0.9991
382.1404	1.1348	1.2015	0.9870
382.2928	1.1188	1.1883	0.9827
382.4452	1.1042	1.1721	0.9823
382.5976	1.0912	1.1532	0.9708
382.7500	1.0781	1.1309	0.9489
382.9024	1.0653	1.1058	0.9211
383.0548	1.0536	1.0807	0.9005
383.2072	1.0427	1.0607	0.8917
383.3596	1.0327	1.0498	0.8914
383.5120	1.0238	1.0485	0.8940
383.6644	1.0157	1.0535	0.8944
383.8168	1.0086	1.0594	0.8979
383.9692	1.0029	1.0619	0.9046
384.1216	0.9990	1.0593	0.9054
384.2740	0.9970	1.0531	0.9019
384.4264	0.9960	1.0459	0.8949
384.5788	0.9943	1.0400	0.8894
384.7312	0.9910	1.0360	0.8933
384.8836	0.9896	1.0333	0.8986
385.0360	0.9939	1.0311	0.8907
385.1884	1.0037	1.0293	0.8778
385.3408	1.0167	1.0299	0.8776
385.4932	1.0297	1.0370	0.8910
385.6456	1.0390	1.0546	0.9093
385.7980	1.0459	1.0815	0.9580
385.9504	1.0519	1.1094	1.0253
386.1028	1.0562	1.1270	1.0043
386.2552	1.0590	1.1274	0.9480
386.4076	1.0604	1.1130	0.9266
386.5600	1.0605	1.0924	0.9246
386.7124	1.0549	1.0729	0.9167
386.8648	1.0447	1.0574	0.9080
387.0172	1.0353	1.0470	0.9015
387.1696	1.0287	1.0416	0.8956
387.3220	1.0262	1.0404	0.8931
387.4744	1.0329	1.0424	0.8983
387.6268	1.0499	1.0479	0.9129
387.7792	1.0745	1.0585	0.9306
387.9316	1.1038	1.0762	0.9523
388.0840	1.1292	1.1024	0.9827
388.2364	1.1519	1.1360	1.0280
388.3888	1.1720	1.1730	1.0630
388.5412	1.1813	1.2075	1.0688
388.6936	1.1826	1.2328	1.0566
388.8460	1.1759	1.2433	1.0231
388.9984	1.1631	1.2376	1.0008
389.1508	1.1477	1.2181	1.0058
389.3032	1.1338	1.1897	1.0113
389.4556	1.1211	1.1584	1.0090
389.6080	1.1108	1.1297	0.9912
389.7604	1.1015	1.1069	0.9810
389.9128	1.0924	1.0913	0.9726
390.0652	1.0839	1.0831	0.9654
390.2176	1.0760	1.0821	0.9547
390.3700	1.0715	1.0890	0.9457
390.5224	1.0760	1.1047	0.9353
390.6748	1.0992	1.1300	0.9299
390.8272	1.1410	1.1651	0.9291
390.9796	1.1704	1.2098	0.9488
391.1320	1.1904	1.2610	1.0199
391.2844	1.2162	1.3089	1.1919
391.4368	1.2402	1.3389	1.3519
391.5892	1.2302	1.3420	1.2370
391.7416	1.1876	1.3215	1.0780
391.8940	1.1464	1.2893	1.0417
392.0464	1.1180	1.2536	1.0385
392.1988	1.1027	1.2155	1.0173
392.3512	1.0918	1.1749	0.9900
392.5036	1.0814	1.1364	0.9651
392.6560	1.0727	1.1066	0.9790
392.8084	1.0666	1.0899	1.0195
392.9608	1.0636	1.0871	0.9902
393.1132	1.0628	1.0961	0.9596
393.2656	1.0630	1.1137	0.9713
393.4180	1.0636	1.1369	0.9839
393.5704	1.0656	1.1618	0.9856
393.7228	1.0727	1.1836	0.9906
393.8752	1.0869	1.1989	0.9943
394.0276	1.1053	1.2074	0.9962
394.1800	1.1278	1.2112	1.0032
394.3324	1.1355	1.2134	1.0130
394.4848	1.1225	1.2180	1.0304
394.6372	1.0900	1.2266	1.0763
394.7896	1.0576	1.2325	1.1307
394.9420	1.0287	1.2194	1.1016
395.0944	1.0047	1.1740	0.9598
395.2468	0.9848	1.1043	0.8625
395.3992	0.9667	1.0355	0.8356
395.5516	0.9525	0.9896	0.8697
395.7040	0.9457	0.9741	0.9293
395.8564	0.9435	0.9828	0.9424
396.0088	0.9450	1.0019	0.9170
396.1612	0.9473	1.0176	0.8997
396.3136	0.9494	1.0231	0.9024
396.4660	0.9510	1.0200	0.9114
396.6184	0.9531	1.0144	0.9090
396.7708	0.9562	1.0136	0.9125
396.9232	0.9609	1.0239	0.9196
397.0756	0.9699	1.0482	0.9315
397.2280	0.9867	1.0851	0.9418
397.3804	1.0172	1.1283	0.9597
397.5328	1.0578	1.1680	0.9803
397.6852	1.0845	1.1955	1.0086
397.8376	1.1066	1.2075	1.0527
397.9900	1.1255	1.2062	1.1531
398.1424	1.1348	1.1961	1.2046
398.2948	1.1333	1.1825	1.0785
398.4472	1.1310	1.1702	0.9803
398.5996	1.1325	1.1632	0.9976
398.7520	1.1353	1.1644	1.0342
398.9044	1.1385	1.1738	1.0708
399.0568	1.1420	1.1886	1.0958
399.2092	1.1458	1.2035	1.0920
399.3616	1.1503	1.2127	1.0629
399.5140	1.1559	1.2128	1.0436
399.6664	1.1616	1.2049	1.0262
399.8188	1.1651	1.1939	1.0202
399.9712	1.1657	1.1844	1.0161
400.1236	1.1629	1.1792	1.0166
400.2760	1.1619	1.1785	1.0212
400.4284	1.1717	1.1807	1.0284
400.5808	1.1877	1.1835	1.0424
400.7332	1.2022	1.1856	1.0443
400.8856	1.2148	1.1877	1.0392
401.0380	1.2242	1.1917	1.0574
401.1904	1.2294	1.2003	1.0825
401.3428	1.2328	1.2153	1.0848
401.4952	1.2358	1.2362	1.0923
401.6476	1.2390	1.2593	1.0966
401.8000	1.2443	1.2786	1.0967
401.9524	1.2527	1.2893	1.0988
402.1048	1.2635	1.2906	1.0991
402.2572	1.2745	1.2860	1.0982
402.4096	1.2854	1.2805	1.0991
402.5620	1.3003	1.2774	1.0971
402.7144	1.3130	1.2779	1.0992
402.8668	1.3182	1.2826	1.0991
403.0192	1.3175	1.2920	1.1071
403.1716	1.3137	1.3056	1.1455
403.3240	1.3073	1.3197	1.1618
403.4764	1.2994	1.3277	1.1348
403.6288	1.2895	1.3235	1.1044
403.7812	1.2796	1.3067	1.0848
403.9336	1.2702	1.2840	1.0763
404.0860	1.2597	1.2641	1.0760
404.2384	1.2486	1.2518	1.0833
404.3908	1.2364	1.2463	1.0812
404.5432	1.2224	1.2418	1.0818
404.6956	1.2057	1.2314	1.0645
404.8480	1.1872	1.2117	1.0418
405.0004	1.1702	1.1847	1.0067
405.1528	1.1517	1.1560	0.9778
405.3052	1.1293	1.1311	0.9638
405.4576	1.1088	1.1140	0.9521
405.6100	1.0957	1.1060	0.9467
405.7624	1.0914	1.1063	0.9421
405.9148	1.0942	1.1135	0.9418
406.0672	1.0971	1.1259	0.9537
406.2196	1.0996	1.1408	0.9860
406.3720	1.1022	1.1546	1.0297
406.5244	1.1042	1.1634	1.0523
406.6768	1.1044	1.1644	1.0246
406.8292	1.1029	1.1574	0.9833
406.9816	1.1022	1.1465	0.9638
407.1340	1.1030	1.1377	0.9429
407.2864	1.1078	1.1365	0.9359
407.4388	1.1196	1.1473	0.9294
407.5912	1.1267	1.1715	0.9386
407.7436	1.1201	1.2037	0.9976
407.8960	1.1129	1.2296	1.1215
408.0484	1.1077	1.2322	1.2239
408.2008	1.1041	1.2054	1.0958
408.3532	1.1023	1.1618	0.9400
408.5056	1.0970	1.1187	0.8876
408.6580	1.0825	1.0889	0.8974
408.8104	1.0704	1.0764	0.9134
408.9628	1.0681	1.0791	0.9312
409.1152	1.0748	1.0928	0.9465
409.2676	1.0885	1.1126	0.9670
409.4200	1.1074	1.1344	0.9930
409.5724	1.1273	1.1555	1.0134
409.7248	1.1448	1.1746	1.0217
409.8772	1.1598	1.1905	1.0224
410.0296	1.1714	1.2026	1.0199
410.1820	1.1793	1.2108	1.0175
410.3344	1.1833	1.2158	1.0156
410.4868	1.1826	1.2181	1.0120
410.6392	1.1769	1.2173	1.0078
410.7916	1.1671	1.2125	1.0027
410.9440	1.1558	1.2024	0.9925
411.0964	1.1440	1.1869	0.9783
411.2488	1.1312	1.1674	0.9629
411.4012	1.1184	1.1463	0.9467
411.5536	1.1057	1.1258	0.9336
411.7060	1.0930	1.1069	0.9203
411.8584	1.0807	1.0889	0.9129
412.0108	1.0688	1.0713	0.9047
412.1632	1.0566	1.0560	0.9101
412.3156	1.0469	1.0472	0.9043
412.4680	1.0441	1.0489	0.9025
412.6204	1.0473	1.0626	0.9052
412.7728	1.0518	1.0845	0.8987
412.9252	1.0574	1.1070	0.9026
413.0776	1.0650	1.1232	0.9216
413.2300	1.0746	1.1308	0.9428
413.3824	1.0835	1.1318	0.9682
413.5348	1.0911	1.1295	0.9727
413.6872	1.0963	1.1272	0.9540
413.8396	1.1003	1.1266	0.9424
413.9920	1.1036	1.1280	0.9469
414.1444	1.1045	1.1311	0.9514
414.2968	1.1037	1.1345	0.9521
414.4492	1.1035	1.1366	0.9500
414.6016	1.1035	1.1365	0.9509
414.7540	1.1038	1.1348	0.9522
414.9064	1.1051	1.1326	0.9500
415.0588	1.1066	1.1309	0.9496
415.2112	1.1081	1.1302	0.9515
415.3636	1.1109	1.1311	0.9539
415.5160	1.1140	1.1340	0.9584
415.6684	1.1160	1.1387	0.9597
415.8208	1.1169	1.1444	0.9565
415.9732	1.1170	1.1486	0.9543
416.1256	1.1141	1.1485	0.9553
416.2780	1.1086	1.1424	0.9549
416.4304	1.1036	1.1312	0.9500
416.5828	1.0990	1.1180	0.9510
416.7352	1.0946	1.1070	0.9487
416.8876	1.0923	1.1013	0.9444
417.0400	1.0915	1.1025	0.9309
417.1924	1.0904	1.1090	0.9243
417.3448	1.0898	1.1181	0.9273
417.4972	1.0937	1.1263	0.9258
417.6496	1.1014	1.1322	0.9382
417.8020	1.1141	1.1367	0.9530
417.9544	1.1327	1.1420	0.9637
418.1068	1.1465	1.1495	0.9841
418.2592	1.1551	1.1594	1.0026
418.4116	1.1581	1.1704	0.9981
418.5640	1.1586	1.1802	0.9796
418.7164	1.1591	1.1863	0.9753
418.8688	1.1591	1.1872	0.9808
419.0212	1.1582	1.1840	0.9871
419.1736	1.1573	1.1795	0.9840
419.3260	1.1563	1.1764	0.9830
419.4784	1.1538	1.1762	0.9945
419.6308	1.1495	1.1782	1.0014
419.7832	1.1452	1.1803	1.0001
419.9356	1.1397	1.1803	0.9913
420.0880	1.1343	1.1765	0.9843
420.2404	1.1308	1.1689	0.9744
420.3928	1.1285	1.1597	0.9654
420.5452	1.1283	1.1514	0.9570
420.6976	1.1303	1.1463	0.9564
420.8500	1.1351	1.1460	0.9579
421.0024	1.1428	1.1508	0.9762
421.1548	1.1525	1.1606	0.9834
421.3072	1.1636	1.1737	0.9935
421.4596	1.1740	1.1864	0.9996
421.6120	1.1815	1.1934	1.0049
421.7644	1.1873	1.1905	1.0050
421.9168	1.1942	1.1785	0.9970
422.0692	1.2000	1.1648	1.0019
422.2216	1.2055	1.1585	1.0029
422.3740	1.2091	1.1655	1.0069
422.5264	1.2155	1.1856	1.0149
422.6788	1.2252	1.2135	1.0351
422.8312	1.2341	1.2414	1.0398
422.9836	1.2423	1.2633	1.0430
423.1360	1.2499	1.2763	1.0537
423.2884	1.2563	1.2804	1.0677
423.4408	1.2612	1.2778	1.0768
423.5932	1.2645	1.2719	1.0733
423.7456	1.2664	1.2662	1.0677
423.8980	1.2673	1.2631	1.0551
424.0504	1.2675	1.2635	1.0439
424.2028	1.2671	1.2674	1.0331
424.3552	1.2629	1.2729	1.0280
424.5076	1.2491	1.2773	1.0277
424.6600	1.2335	1.2772	1.0431
424.8124	1.2305	1.2692	1.0701
424.9648	1.2345	1.2521	1.0837
425.1172	1.2332	1.2303	1.0611
425.2696	1.2305	1.2128	1.0256
425.4220	1.2308	1.2071	1.0240
425.5744	1.2334	1.2148	1.0315
425.7268	1.2381	1.2314	1.0383
425.8792	1.2453	1.2506	1.0496
426.0316	1.2547	1.2686	1.0684
426.1840	1.2671	1.2850	1.0938
426.3364	1.2809	1.3002	1.1108
426.4888	1.2935	1.3128	1.1165
426.6412	1.3052	1.3211	1.1163
426.7936	1.3153	1.3258	1.1123
426.9460	1.3232	1.3288	1.1079
427.0984	1.3306	1.3308	1.0993
427.2508	1.3362	1.3315	1.0924
427.4032	1.3407	1.3306	1.0866
427.5556	1.3494	1.3299	1.0881
427.7080	1.3592	1.3328	1.0951
427.8604	1.3635	1.3425	1.1080
428.0128	1.3588	1.3589	1.1356
428.1652	1.3435	1.3766	1.1670
428.3176	1.3197	1.3865	1.1707
428.4700	1.2908	1.3796	1.1300
428.6224	1.2621	1.3535	1.0765
428.7748	1.2394	1.3132	1.0372
428.9272	1.2241	1.2679	1.0159
429.0796	1.2145	1.2249	1.0009
429.2320	1.2078	1.1882	0.9811
429.3844	1.2015	1.1590	0.9652
429.5368	1.1940	1.1378	0.9576
429.6892	1.1840	1.1247	0.9552
429.8416	1.1701	1.1190	0.9562
429.9940	1.1539	1.1185	0.9530
430.1464	1.1383	1.1206	0.9511
430.2988	1.1268	1.1230	0.9513
430.4512	1.1238	1.1243	0.9502
430.6036	1.1260	1.1239	0.9476
430.7560	1.1269	1.1223	0.9453
430.9084	1.1266	1.1213	0.9426
431.0608	1.1292	1.1214	0.9445
431.2132	1.1332	1.1206	0.9533
431.3656	1.1357	1.1163	0.9538
431.5180	1.1351	1.1095	0.9485
431.6704	1.1309	1.1049	0.9419
431.8228	1.1252	1.1068	0.9428
431.9752	1.1214	1.1150	0.9432
432.1276	1.1197	1.1249	0.9471
432.2800	1.1193	1.1308	0.9498
432.4324	1.1201	1.1314	0.9514
432.5848	1.1224	1.1291	0.9494
432.7372	1.1260	1.1271	0.9480
432.8896	1.1313	1.1271	0.9544
433.0420	1.1400	1.1308	0.9602
433.1944	1.1524	1.1388	0.9649
433.3468	1.1738	1.1504	0.9683
433.4992	1.2069	1.1656	0.9687
433.6516	1.2338	1.1849	0.9693
433.8040	1.2454	1.2084	0.9844
433.9564	1.2479	1.2343	1.0216
434.1088	1.2516	1.2566	1.0813
434.2612	1.2526	1.2654	1.0690
434.4136	1.2467	1.2544	1.0018
434.5660	1.2380	1.2276	0.9791
434.7184	1.2316	1.1978	0.9798
434.8708	1.2279	1.1779	0.9870
435.0232	1.2251	1.1736	0.9998
435.1756	1.2227	1.1826	1.0088
435.3280	1.2219	1.1970	1.0047
435.4804	1.2254	1.2089	1.0102
435.6328	1.2314	1.2141	1.0090
435.7852	1.2370	1.2130	1.0084
435.9376	1.2443	1.2090	1.0097
436.0900	1.2473	1.2049	1.0099
436.2424	1.2477	1.2026	1.0062
436.3948	1.2475	1.2025	1.0028
436.5472	1.2490	1.2038	1.0001
436.6996	1.2525	1.2058	0.9967
436.8520	1.2555	1.2084	1.0018
437.0044	1.2550	1.2122	1.0080
437.1568	1.2522	1.2174	1.0146
437.3092	1.2486	1.2231	1.0160
437.4616	1.2435	1.2251	1.0193
437.6140	1.2370	1.2167	1.0166
437.7664	1.2286	1.1933	1.0020
437.9188	1.2186	1.1569	0.9783
438.0712	1.2056	1.1165	0.9518
438.2236	1.1879	1.0827	0.9311
438.3760	1.1666	1.0627	0.9201
438.5284	1.1425	1.0575	0.9133
438.6808	1.1217	1.0633	0.9069
438.8332	1.1109	1.0743	0.9017
438.9856	1.1138	1.0856	0.8981
439.1380	1.1297	1.0955	0.9010
439.2904	1.1437	1.1067	0.9138
439.4428	1.1492	1.1240	0.9389
439.5952	1.1448	1.1501	0.9971
439.7476	1.1300	1.1801	1.0698
439.9000	1.1099	1.2008	1.0432
440.0524	1.0895	1.1964	0.9590
440.2048	1.0694	1.1612	0.8891
440.3572	1.0517	1.1053	0.8544
440.5096	1.0362	1.0468	0.8471
440.6620	1.0227	1.0012	0.8476
440.8144	1.0108	0.9761	0.8443
440.9668	1.0010	0.9712	0.8463
441.1192	0.9932	0.9809	0.8453
441.2716	0.9874	0.9963	0.8433
441.4240	0.9838	1.0089	0.8428
441.5764	0.9810	1.0139	0.8397
441.7288	0.9784	1.0118	0.8358
441.8812	0.9771	1.0065	0.8339
442.0336	0.9768	1.0016	0.8366
442.1860	0.9775	0.9997	0.8405
442.3384	0.9800	1.0014	0.8455
442.4908	0.9841	1.0065	0.8473
442.6432	0.9884	1.0135	0.8485
442.7956	0.9914	1.0206	0.8517
442.9480	0.9933	1.0259	0.8594
443.1004	0.9942	1.0285	0.8689
443.2528	0.9939	1.0284	0.8727
443.4052	0.9918	1.0267	0.8677
443.5576	0.9891	1.0246	0.8569
443.7100	0.9875	1.0228	0.8467
443.8624	0.9868	1.0218	0.8438
444.0148	0.9866	1.0217	0.8472
444.1672	0.9864	1.0224	0.8491
444.3196	0.9865	1.0235	0.8529
444.4720	0.9868	1.0244	0.8585
444.6244	0.9872	1.0243	0.8579
444.7768	0.9876	1.0232	0.8553
444.9292	0.9877	1.0214	0.8518
445.0816	0.9874	1.0196	0.8489
445.2340	0.9871	1.0183	0.8471
445.3864	0.9869	1.0178	0.8454
445.5388	0.9859	1.0177	0.8424
445.6912	0.9841	1.0179	0.8405
445.8436	0.9812	1.0180	0.8390
445.9960	0.9781	1.0179	0.8400
446.1484	0.9756	1.0173	0.8426
446.3008	0.9745	1.0159	0.8446
446.4532	0.9750	1.0133	0.8440
446.6056	0.9766	1.0095	0.8367
446.7580	0.9800	1.0058	0.8291
446.9104	0.9851	1.0038	0.8309
447.0628	0.9910	1.0051	0.8392
447.2152	0.9963	1.0111	0.8494
447.3676	1.0005	1.0215	0.8585
447.5200	1.0038	1.0340	0.8698
447.6724	1.0064	1.0447	0.8784
447.8248	1.0084	1.0493	0.8756
447.9772	1.0093	1.0459	0.8626
448.1296	1.0086	1.0364	0.8513
448.2820	1.0068	1.0254	0.8443
448.4344	1.0044	1.0174	0.8389
448.5868	1.0011	1.0145	0.8338
448.7392	0.9979	1.0163	0.8326
448.8916	0.9957	1.0211	0.8279
449.0440	0.9915	1.0273	0.8255
449.1964	0.9880	1.0333	0.8273
449.3488	0.9865	1.0380	0.8436
449.5012	0.9861	1.0397	0.8735
449.6536	0.9844	1.0374	0.8685
449.8060	0.9799	1.0308	0.8423
449.9584	0.9752	1.0212	0.8319
450.1108	0.9715	1.0105	0.8259
450.2632	0.9688	1.0007	0.8197
450.4156	0.9666	0.9939	0.8220
450.5680	0.9661	0.9910	0.8254
450.7204	0.9674	0.9922	0.8292
450.8728	0.9700	0.9963	0.8291
451.0252	0.9735	1.0019	0.8287
451.1776	0.9776	1.0075	0.8304
451.3300	0.9819	1.0121	0.8320
451.4824	0.9859	1.0156	0.8372
451.6348	0.9895	1.0184	0.8421
451.7872	0.9924	1.0214	0.8431
451.9396	0.9940	1.0249	0.8442
452.0920	0.9945	1.0284	0.8484
452.2444	0.9943	1.0307	0.8515
452.3968	0.9933	1.0306	0.8478
452.5492	0.9912	1.0277	0.8435
452.7016	0.9877	1.0225	0.8419
452.8540	0.9830	1.0163	0.8410
453.0064	0.9773	1.0106	0.8411
453.1588	0.9719	1.0065	0.8410
453.3112	0.9682	1.0046	0.8379
453.4636	0.9656	1.0047	0.8331
453.6160	0.9635	1.0062	0.8299
453.7684	0.9620	1.0082	0.8309
453.9208	0.9609	1.0102	0.8368
454.0732	0.9600	1.0114	0.8418
454.2256	0.9592	1.0115	0.8407
454.3780	0.9585	1.0103	0.8368
454.5304	0.9579	1.0077	0.8331
454.6828	0.9568	1.0046	0.8305
454.8352	0.9555	1.0018	0.8297
454.9876	0.9552	1.0002	0.8294
455.1400	0.9566	1.0004	0.8281
455.2924	0.9587	1.0023	0.8312
455.4448	0.9603	1.0057	0.8379
455.5972	0.9614	1.0100	0.8451
455.7496	0.9621	1.0144	0.8527
455.9020	0.9622	1.0177	0.8543
456.0544	0.9618	1.0192	0.8502
456.2068	0.9612	1.0184	0.8462
456.3592	0.9606	1.0160	0.8445
456.5116	0.9599	1.0130	0.8437
456.6640	0.9594	1.0110	0.8450
456.8164	0.9590	1.0108	0.8477
456.9688	0.9589	1.0125	0.8496
457.1212	0.9591	1.0153	0.8520
457.2736	0.9595	1.0181	0.8539
457.4260	0.9598	1.0199	0.8558
457.5784	0.9600	1.0202	0.8576
457.7308	0.9597	1.0193	0.8585
457.8832	0.9592	1.0178	0.8571
458.0356	0.9579	1.0163	0.8553
458.1880	0.9565	1.0153	0.8528
458.3404	0.9547	1.0149	0.8518
458.4928	0.9531	1.0148	0.8518
458.6452	0.9516	1.0148	0.8530
458.7976	0.9502	1.0145	0.8541
458.9500	0.9489	1.0141	0.8557
459.1024	0.9475	1.0133	0.8585
459.2548	0.9461	1.0122	0.8602
459.4072	0.9446	1.0106	0.8573
459.5596	0.9435	1.0085	0.8505
459.7120	0.9431	1.0066	0.8467
459.8644	0.9436	1.0056	0.8433
460.0168	0.9439	1.0060	0.8472
460.1692	0.9436	1.0081	0.8521
460.3216	0.9431	1.0110	0.8587
460.4740	0.9428	1.0134	0.8694
460.6264	0.9427	1.0143	0.8741
460.7788	0.9423	1.0133	0.8684
460.9312	0.9418	1.0108	0.8588
461.0836	0.9406	1.0078	0.8549
461.2360	0.9392	1.0051	0.8540
461.3884	0.9381	1.0034	0.8551
461.5408	0.9372	1.0030	0.8556
461.6932	0.9367	1.0038	0.8577
461.8456	0.9367	1.0054	0.8625
461.9980	0.9376	1.0074	0.8658
462.1504	0.9395	1.0093	0.8697
462.3028	0.9413	1.0109	0.8725
462.4552	0.9435	1.0122	0.8709
462.6076	0.9456	1.0134	0.8737
462.7600	0.9474	1.0146	0.8735
462.9124	0.9491	1.0158	0.8771
463.0648	0.9502	1.0171	0.8746
463.2172	0.9507	1.0184	0.8747
463.3696	0.9511	1.0197	0.8786
463.5220	0.9511	1.0210	0.8820
463.6744	0.9509	1.0223	0.8833
463.8268	0.9503	1.0233	0.8853
463.9792	0.9493	1.0235	0.8883
464.1316	0.9480	1.0228	0.8911
464.2840	0.9469	1.0211	0.8916
464.4364	0.9458	1.0188	0.8907
464.5888	0.9448	1.0162	0.8895
464.7412	0.9443	1.0139	0.8916
464.8936	0.9446	1.0123	0.8931
465.0460	0.9461	1.0114	0.8947
465.1984	0.9500	1.0115	0.8958
465.3508	0.9578	1.0122	0.8968
465.5032	0.9716	1.0136	0.9028
465.6556	0.9917	1.0162	0.9111
465.8080	1.0138	1.0209	0.9234
465.9604	1.0338	1.0300	0.9360
466.1128	1.0497	1.0474	0.9736
466.2652	1.0639	1.0787	1.0465
466.4176	1.0777	1.1280	1.0900
466.5700	1.0915	1.1944	1.1436
466.7224	1.1074	1.2693	1.2001
466.8748	1.1269	1.3372	1.1886
467.0272	1.1502	1.3821	1.1946
467.1796	1.1757	1.3979	1.1984
467.3320	1.1989	1.3905	1.2027
467.4844	1.2138	1.3716	1.2098
467.6368	1.2143	1.3501	1.2319
467.7892	1.2009	1.3296	1.2771
467.9416	1.1785	1.3099	1.2892
468.0940	1.1462	1.2883	1.2001
468.2464	1.0976	1.2585	1.1318
468.3988	1.0332	1.2115	1.1327
468.5512	0.9673	1.1433	1.0862
468.7036	0.9083	1.0627	0.9504
468.8560	0.8563	0.9865	0.8543
469.0084	0.8167	0.9288	0.8179
469.1608	0.7949	0.8936	0.8223
469.3132	0.7838	0.8768	0.8350
469.4656	0.7771	0.8703	0.8400
469.6180	0.7729	0.8671	0.8527
469.7704	0.7707	0.8637	0.8471
469.9228	0.7701	0.8599	0.8279
470.0752	0.7705	0.8584	0.8303
470.2276	0.7717	0.8623	0.8464
470.3800	0.7735	0.8722	0.8493
470.5324	0.7761	0.8852	0.8481
470.6848	0.7805	0.8955	0.8775
470.8372	0.7847	0.8978	0.8898
470.9896	0.7855	0.8912	0.8753
471.1420	0.7845	0.8799	0.8522
471.2944	0.7827	0.8694	0.8504
471.4468	0.7805	0.8624	0.8652
471.5992	0.7774	0.8585	0.8525
471.7516	0.7742	0.8559	0.8408
471.9040	0.7739	0.8536	0.8579
472.0564	0.7768	0.8522	0.8768
472.2088	0.7839	0.8533	0.8945
472.3612	0.7948	0.8585	0.8936
472.5136	0.8081	0.8705	0.8631
472.6660	0.8199	0.8924	0.8796
472.8184	0.8275	0.9243	0.9484
472.9708	0.8315	0.9588	1.0374
473.1232	0.8334	0.9819	1.0184
473.2756	0.8335	0.9816	0.9681
473.4280	0.8319	0.9582	0.9207
473.5804	0.8282	0.9244	0.8934
473.7328	0.8228	0.8940	0.8789
473.8852	0.8117	0.8740	0.8566
474.0376	0.7985	0.8651	0.8388
474.1900	0.7913	0.8641	0.8319
474.3424	0.7925	0.8671	0.8380
474.4948	0.7988	0.8712	0.8415
474.6472	0.8064	0.8761	0.8548
474.7996	0.8134	0.8831	0.8866
474.9520	0.8187	0.8932	0.9108
475.1044	0.8233	0.9056	0.9279
475.2568	0.8281	0.9177	0.9353
475.4092	0.8319	0.9271	0.9055
475.5616	0.8343	0.9330	0.8945
475.7140	0.8356	0.9356	0.9266
475.8664	0.8358	0.9352	0.9336
476.0188	0.8354	0.9326	0.9031
476.1712	0.8346	0.9289	0.8780
476.3236	0.8328	0.9266	0.8648
476.4760	0.8307	0.9274	0.8588
476.6284	0.8303	0.9312	0.8539
476.7808	0.8334	0.9361	0.8535
476.9332	0.8373	0.9403	0.8586
477.0856	0.8360	0.9426	0.8730
477.2380	0.8310	0.9423	0.9021
477.3904	0.8298	0.9390	0.9349
477.5428	0.8344	0.9324	0.9383
477.6952	0.8429	0.9233	0.8974
477.8476	0.8557	0.9142	0.8466
478.0000	0.8680	0.9097	0.8249
478.1524	0.8807	0.9150	0.8397
478.3048	0.8948	0.9327	0.9371
478.4572	0.9047	0.9602	1.0205
478.6096	0.9111	0.9892	0.9683
478.7620	0.9158	1.0096	0.8952
478.9144	0.9195	1.0163	0.8929
479.0668	0.9228	1.0128	0.9130
479.2192	0.9253	1.0079	0.9278
479.3716	0.9265	1.0083	0.9309
479.5240	0.9282	1.0163	0.9366
479.6764	0.9346	1.0295	0.9443
479.8288	0.9452	1.0429	0.9471
479.9812	0.9579	1.0521	0.9610
480.1336	0.9714	1.0550	0.9784
480.2860	0.9827	1.0532	0.9893
480.4384	0.9944	1.0499	0.9718
480.5908	1.0021	1.0489	0.9422
480.7432	1.0060	1.0520	0.9351
480.8956	1.0113	1.0576	0.9623
481.0480	1.0191	1.0631	0.9575
481.2004	1.0277	1.0668	0.9240
481.3528	1.0360	1.0695	0.9312
481.5052	1.0431	1.0728	0.9617
481.6576	1.0528	1.0783	0.9817
481.8100	1.0653	1.0858	0.9791
481.9624	1.0768	1.0946	0.9747
482.1148	1.0880	1.1036	0.9739
482.2672	1.0994	1.1118	0.9804
482.4196	1.1090	1.1183	0.9848
482.5720	1.1171	1.1233	0.9828
482.7244	1.1234	1.1275	0.9799
482.8768	1.1269	1.1313	0.9764
483.0292	1.1279	1.1341	0.9743
483.1816	1.1271	1.1343	0.9681
483.3340	1.1252	1.1306	0.9580
483.4864	1.1233	1.1235	0.9538
483.6388	1.1219	1.1155	0.9585
483.7912	1.1213	1.1101	0.9607
483.9436	1.1213	1.1091	0.9635
484.0960	1.1215	1.1122	0.9636
484.2484	1.1216	1.1177	0.9669
484.4008	1.1214	1.1229	0.9671
484.5532	1.1199	1.1262	0.9613
484.7056	1.1174	1.1269	0.9580
484.8580	1.1141	1.1251	0.9651
485.0104	1.1104	1.1217	0.9721
485.1628	1.1065	1.1169	0.9614
485.3152	1.1027	1.1105	0.9423
485.4676	1.0986	1.1025	0.9370
485.6200	1.0943	1.0938	0.9458
485.7724	1.0894	1.0859	0.9553
485.9248	1.0841	1.0803	0.9616
486.0772	1.0788	1.0778	0.9659
486.2296	1.0755	1.0777	0.9715
486.3820	1.0770	1.0791	0.9783
486.5344	1.0910	1.0810	0.9857
486.6868	1.1237	1.0827	0.9887
486.8392	1.1657	1.0858	0.9765
486.9916	1.1977	1.0949	0.9630
487.1440	1.2160	1.1180	0.9881
487.2964	1.2275	1.1618	1.0826
487.4488	1.2362	1.2226	1.2128
487.6012	1.2424	1.2808	1.1825
487.7536	1.2452	1.3080	1.0615
487.9060	1.2445	1.2911	1.0190
488.0584	1.2410	1.2456	1.0224
488.2108	1.2342	1.2010	1.0245
488.3632	1.2197	1.1771	1.0231
488.5156	1.1989	1.1782	1.0191
488.6680	1.1815	1.1978	1.0175
488.8204	1.1681	1.2241	1.0362
488.9728	1.1460	1.2432	1.0683
489.1252	1.1221	1.2437	1.1108
489.2776	1.0967	1.2216	1.1458
489.4300	1.0724	1.1824	1.0697
489.5824	1.0485	1.1371	0.9618
489.7348	1.0222	1.0958	0.8977
489.8872	1.0004	1.0635	0.8802
490.0396	0.9879	1.0407	0.8755
490.1920	0.9839	1.0264	0.8849
490.3444	0.9899	1.0215	0.8971
490.4968	1.0035	1.0276	0.9090
490.6492	1.0195	1.0451	0.9196
490.8016	1.0381	1.0709	0.9398
490.9540	1.0557	1.0986	0.9651
491.1064	1.0726	1.1201	0.9603
491.2588	1.0923	1.1303	0.9679
491.4112	1.1089	1.1315	0.9780
491.5636	1.1220	1.1302	0.9767
491.7160	1.1340	1.1327	0.9549
491.8684	1.1426	1.1427	0.9324
492.0208	1.1487	1.1593	0.9345
492.1732	1.1509	1.1782	0.9623
492.3256	1.1520	1.1934	0.9859
492.4780	1.1533	1.2001	0.9934
492.6304	1.1550	1.1965	0.9832
492.7828	1.1566	1.1849	0.9787
492.9352	1.1588	1.1708	0.9810
493.0876	1.1589	1.1595	0.9910
493.2400	1.1588	1.1531	0.9875
493.3924	1.1595	1.1508	0.9718
493.5448	1.1610	1.1519	0.9583
493.6972	1.1628	1.1564	0.9587
493.8496	1.1653	1.1646	0.9664
494.0020	1.1694	1.1758	0.9738
494.1544	1.1746	1.1878	0.9846
494.3068	1.1802	1.1978	0.9951
494.4592	1.1843	1.2045	1.0044
494.6116	1.1855	1.2076	1.0143
494.7640	1.1842	1.2069	1.0124
494.9164	1.1805	1.2021	1.0060
495.0688	1.1758	1.1941	0.9863
495.2212	1.1699	1.1848	0.9794
495.3736	1.1650	1.1762	0.9867
495.5260	1.1604	1.1701	0.9879
495.6784	1.1556	1.1669	0.9916
495.8308	1.1512	1.1666	0.9946
495.9832	1.1478	1.1688	0.9949
496.1356	1.1452	1.1730	1.0038
496.2880	1.1431	1.1780	1.0061
496.4404	1.1464	1.1833	1.0095
496.5928	1.1521	1.1898	0.9981
496.7452	1.1588	1.1998	0.9857
496.8976	1.1655	1.2162	0.9950
497.0500	1.1633	1.2381	1.0301
497.2024	1.1467	1.2567	1.1100
497.3548	1.1314	1.2588	1.1641
497.5072	1.1126	1.2368	1.1597
497.6596	1.0924	1.1955	1.0546
497.8120	1.0780	1.1487	0.9636
497.9644	1.0659	1.1103	0.9231
498.1168	1.0606	1.0885	0.9085
498.2692	1.0600	1.0847	0.9269
498.4216	1.0639	1.0972	0.9927
498.5740	1.0697	1.1220	1.0356
498.7264	1.0778	1.1524	1.0273
498.8788	1.0929	1.1814	1.0098
499.0312	1.1130	1.2049	1.0243
499.1836	1.1338	1.2221	1.0516
499.3360	1.1504	1.2338	1.0672
499.4884	1.1578	1.2409	1.0708
499.6408	1.1558	1.2431	1.0570
499.7932	1.1454	1.2383	1.0218
499.9456	1.1238	1.2251	1.0021
500.0980	1.0976	1.2031	0.9937
500.2504	1.0688	1.1731	0.9720
500.4028	1.0413	1.1380	0.9395
500.5552	1.0182	1.1023	0.9175
500.7076	1.0025	1.0704	0.9078
500.8600	0.9925	1.0450	0.8888
501.0124	0.9889	1.0291	0.8533
501.1648	0.9904	1.0249	0.8306
501.3172	0.9922	1.0324	0.8465
501.4696	0.9902	1.0470	0.9030
501.6220	0.9860	1.0601	0.9311
501.7744	0.9812	1.0609	0.9377
501.9268	0.9780	1.0430	0.9043
502.0792	0.9762	1.0106	0.8818
502.2316	0.9765	0.9777	0.8139
502.3840	0.9924	0.9618	0.8043
502.5364	1.0243	0.9781	0.8221
502.6888	1.0409	1.0341	0.8076
502.8412	1.0374	1.1209	0.8561
502.9936	1.0339	1.2030	0.9480
503.1460	1.0490	1.2307	1.0686
503.2984	1.0697	1.1870	1.1452
503.4508	1.0851	1.1062	1.0071
503.6032	1.1037	1.0372	0.9233
503.7556	1.1281	1.0152	0.8887
503.9080	1.1522	1.0625	0.8772
504.0604	1.1758	1.1944	1.0683
504.2128	1.1991	1.4077	1.3957
504.3652	1.2138	1.6330	1.9118
504.5176	1.2175	1.7177	1.7685
504.6700	1.2196	1.6035	1.4795
504.8224	1.2257	1.4163	1.3675
504.9748	1.2214	1.2675	1.2355
505.1272	1.2140	1.1805	1.0591
505.2796	1.1986	1.1436	0.9353
505.4320	1.1121	1.1372	0.9531
505.5844	1.0175	1.1385	0.9515
505.7368	0.9563	1.1279	0.9187
505.8892	0.9309	1.0978	0.9299
506.0416	0.9144	1.0526	0.9159
506.1940	0.9058	1.0041	0.8890
506.3464	0.9040	0.9657	0.8601
506.4988	0.9046	0.9458	0.8848
506.6512	0.9038	0.9468	0.8763
506.8036	0.9030	0.9656	0.8875
506.9560	0.9020	0.9926	0.9054
507.1084	0.9006	1.0127	0.8967
507.2608	0.8986	1.0126	0.8581
507.4132	0.8956	0.9912	0.8187
507.5656	0.8919	0.9602	0.8038
507.7180	0.8894	0.9348	0.8101
507.8704	0.8899	0.9232	0.8222
508.0228	0.8909	0.9248	0.8345
508.1752	0.8919	0.9345	0.8436
508.3276	0.8981	0.9462	0.8477
508.4800	0.9129	0.9567	0.8571
508.6324	0.9409	0.9660	0.8567
508.7848	0.9746	0.9762	0.8859
508.9372	1.0056	0.9903	0.9301
509.0896	1.0242	1.0127	0.9558
509.2420	1.0363	1.0459	0.9611
509.3944	1.0469	1.0859	1.0461
509.5468	1.0550	1.1216	1.0453
509.6992	1.0619	1.1412	0.9628
509.8516	1.0679	1.1417	0.9671
510.0040	1.0745	1.1319	0.9854
510.1564	1.0802	1.1241	0.9937
510.3088	1.0816	1.1231	1.0371
510.4612	1.0745	1.1262	1.0679
510.6136	1.0745	1.1262	1.0645
510.7660	1.0745	1.1262	1.0563
510.9184	1.0745	1.1262	1.0735
