HOLE:	U1353C
EXPEDITION:	323
TOP:		121.6082
BOTTOM:		231.6410
DEPTH_WMSF	DTCO	DT1	DT2	VCO	VS1	VS2
m	us/ft	us/ft	us/ft	km/s	km/s	km/s
121.6082	170.70459	786.36365	690.00000	1.7855	0.3876	0.4417
121.7606	170.70459	783.93970	695.45453	1.7855	0.3888	0.4383
121.9130	170.60182	782.78778	698.18182	1.7866	0.3894	0.4366
122.0654	170.36688	788.96906	688.18182	1.7891	0.3863	0.4429
122.2178	170.50528	789.27319	660.00000	1.7876	0.3862	0.4618
122.3702	170.83766	766.54761	591.81818	1.7841	0.3976	0.5150
122.5226	171.78513	745.63684	541.81818	1.7743	0.4088	0.5626
122.6750	171.98505	736.48547	518.18182	1.7722	0.4139	0.5882
122.8274	171.41777	739.57489	511.81818	1.7781	0.4121	0.5955
122.9798	173.27328	790.96466	584.54547	1.7591	0.3854	0.5214
123.1322	174.95813	854.23969	761.81818	1.7421	0.3568	0.4001
123.2846	174.57010	883.21124	761.81818	1.7460	0.3451	0.4001
123.4370	173.45747	879.33453	790.00000	1.7572	0.3466	0.3858
123.5894	172.38522	834.61005	710.00000	1.7681	0.3652	0.4293
123.7418	171.09677	788.60773	663.63635	1.7814	0.3865	0.4593
123.8942	170.47351	763.81946	648.18182	1.7880	0.3990	0.4702
124.0466	170.02165	748.78845	651.81818	1.7927	0.4071	0.4676
124.1990	169.72935	748.42383	641.81818	1.7958	0.4073	0.4749
124.3514	169.94342	740.18311	613.63635	1.7935	0.4118	0.4967
124.5038	169.83371	719.33453	578.18182	1.7947	0.4237	0.5272
124.6562	168.20744	686.24512	556.36365	1.8120	0.4442	0.5478
124.8086	166.12434	652.84991	538.18182	1.8348	0.4669	0.5664
124.9610	165.83736	627.27441	546.36365	1.8379	0.4859	0.5579
125.1134	166.07285	625.21094	576.36365	1.8353	0.4875	0.5288
125.2658	165.72195	620.97125	593.63635	1.8392	0.4908	0.5134
125.4182	166.20833	595.51672	638.18182	1.8338	0.5118	0.4776
125.5706	167.26111	570.06213	636.36365	1.8223	0.5347	0.4790
125.7230	168.15196	518.42877	543.63635	1.8126	0.5879	0.5607
125.8754	169.38335	476.36447	490.00000	1.7995	0.6398	0.6220
126.0278	169.84297	471.93918	480.00000	1.7946	0.6458	0.6350
126.1802	169.85110	473.63635	491.81818	1.7945	0.6435	0.6197
126.3326	171.17088	494.96725	484.54544	1.7807	0.6158	0.6290
126.4850	172.63092	638.71307	483.63635	1.7656	0.4772	0.6302
126.6374	172.76053	748.18182	534.54547	1.7643	0.4074	0.5702
126.7898	172.56113	747.21222	566.36365	1.7663	0.4079	0.5382
126.9422	171.71391	746.36365	610.00000	1.7750	0.4084	0.4997
127.0946	171.59830	751.69635	810.00000	1.7762	0.4055	0.3763
127.2470	170.56363	766.54431	826.36365	1.7870	0.3976	0.3688
127.3994	168.33690	764.78906	784.54547	1.8107	0.3985	0.3885
127.5518	166.59814	740.91077	745.45453	1.8296	0.4114	0.4089
127.7042	164.36674	711.21405	678.18182	1.8544	0.4286	0.4494
127.8566	164.33727	689.57654	666.36365	1.8547	0.4420	0.4574
128.0090	165.22685	641.45935	624.54547	1.8447	0.4752	0.4880
128.1614	163.63866	554.12695	568.18182	1.8626	0.5501	0.5364
128.3138	162.52043	501.75851	513.63635	1.8755	0.6075	0.5934
128.4662	164.59311	487.75833	466.36365	1.8518	0.6249	0.6536
128.6186	166.34460	489.57489	440.00000	1.8323	0.6226	0.6927
128.7710	167.24455	511.87701	466.36365	1.8225	0.5955	0.6536
128.9234	168.56940	553.57257	531.81818	1.8082	0.5506	0.5731
129.0758	168.51384	599.51270	618.18182	1.8088	0.5084	0.4931
129.2282	169.03481	627.39288	675.45453	1.8032	0.4858	0.4513
129.3806	169.76338	620.91077	674.54547	1.7954	0.4909	0.4519
129.5330	169.65553	585.88135	624.54547	1.7966	0.5202	0.4880
129.6854	169.94876	546.00232	563.63635	1.7935	0.5582	0.5408
129.8378	170.11400	520.42511	508.18182	1.7917	0.5857	0.5998
129.9902	169.94905	520.42346	476.36365	1.7935	0.5857	0.6398
130.1426	169.94212	541.87701	506.36365	1.7936	0.5625	0.6019
130.2950	170.58006	611.20575	525.45453	1.7868	0.4987	0.5801
130.4474	170.53110	678.42212	518.18182	1.7874	0.4493	0.5882
130.5998	171.34723	715.39154	610.00000	1.7788	0.4261	0.4997
130.7522	171.43793	737.99951	663.63635	1.7779	0.4130	0.4593
130.9046	171.23082	737.45502	713.63635	1.7801	0.4133	0.4271
131.0570	171.39270	731.69720	710.00000	1.7784	0.4166	0.4293
131.2094	171.00298	730.00000	790.00000	1.7824	0.4175	0.3858
131.3618	170.38284	742.60461	783.63635	1.7889	0.4104	0.3890
131.5142	167.55681	756.06030	713.63635	1.8191	0.4031	0.4271
131.6666	165.83461	725.21588	643.63635	1.8380	0.4203	0.4736
131.8190	164.84465	666.30646	573.63635	1.8490	0.4574	0.5313
131.9714	163.67932	583.27924	410.00000	1.8622	0.5226	0.7434
132.1238	165.02916	553.99768	344.54544	1.8469	0.5502	0.8846
132.2762	165.76083	588.78595	331.81818	1.8388	0.5177	0.9186
132.4286	166.33145	623.99768	455.45456	1.8325	0.4885	0.6692
132.5810	169.16205	660.24030	728.18182	1.8018	0.4617	0.4186
132.7334	170.34274	681.69635	763.63635	1.7893	0.4471	0.3991
132.8858	170.06990	672.30463	761.81818	1.7922	0.4534	0.4001
133.0382	171.68253	660.96960	761.81818	1.7754	0.4611	0.4001
133.1906	171.40050	673.45319	743.63635	1.7783	0.4526	0.4099
133.3430	170.64967	674.42529	740.00000	1.7861	0.4519	0.4119
133.4954	172.32495	659.57654	660.00000	1.7688	0.4621	0.4618
133.6478	172.97139	648.30365	640.00000	1.7621	0.4702	0.4763
133.8002	172.12158	641.69720	624.54547	1.7708	0.4750	0.4880
133.9526	171.81354	648.72626	610.00000	1.7740	0.4698	0.4997
134.1050	173.05197	679.63367	640.00000	1.7613	0.4485	0.4763
134.2574	174.21379	716.96777	705.45453	1.7496	0.4251	0.4321
134.4098	174.90358	735.21173	760.00000	1.7427	0.4146	0.4011
134.5622	174.54942	750.78644	760.00000	1.7462	0.4060	0.4011
134.7146	173.84229	760.84857	775.45453	1.7533	0.4006	0.3931
134.8670	174.02147	757.09125	778.18182	1.7515	0.4026	0.3917
135.0194	174.68748	750.18231	638.18182	1.7448	0.4063	0.4776
135.1718	171.96387	726.00238	614.54547	1.7725	0.4198	0.4960
135.3242	167.17879	675.21594	621.81818	1.8232	0.4514	0.4902
135.4766	165.01889	604.67145	560.00000	1.8471	0.5041	0.5443
135.6290	164.81548	558.48596	493.63635	1.8493	0.5458	0.6175
135.7814	164.36002	522.36682	461.81818	1.8545	0.5835	0.6600
135.9338	164.58638	478.79010	441.81818	1.8519	0.6366	0.6899
136.0862	167.54860	481.20990	446.36365	1.8192	0.6334	0.6829
136.2386	169.98717	552.47858	623.63635	1.7931	0.5517	0.4887
136.3910	171.59068	658.65991	666.36365	1.7763	0.4628	0.4574
136.5434	173.19504	744.42029	818.18182	1.7599	0.4094	0.3725
136.6958	173.58995	775.03027	791.81818	1.7559	0.3933	0.3849
136.8482	173.49857	786.60480	810.00000	1.7568	0.3875	0.3763
137.0006	173.51468	805.57471	810.00000	1.7566	0.3784	0.3763
137.1530	172.76152	784.06403	810.00000	1.7643	0.3887	0.3763
137.3054	170.59700	700.49152	764.54547	1.7867	0.4351	0.3987
137.4578	169.35570	633.03229	685.45453	1.7998	0.4815	0.4447
137.6102	168.99902	616.72742	615.45453	1.8036	0.4942	0.4952
137.7626	168.78271	605.27393	590.00000	1.8059	0.5036	0.5166
137.9150	169.06265	580.36548	560.00000	1.8029	0.5252	0.5443
138.0674	169.17517	564.90924	581.81818	1.8017	0.5396	0.5239
138.2198	167.16786	608.72205	696.36365	1.8233	0.5007	0.4377
138.3722	161.35693	652.54498	718.18182	1.8890	0.4671	0.4244
138.5246	155.71451	651.03094	676.36365	1.9574	0.4682	0.4506
138.6770	153.91840	622.60883	634.54547	1.9803	0.4896	0.4803
138.8294	154.51437	555.27814	484.54590	1.9726	0.5489	0.6290
138.9818	154.94687	472.85333	434.54544	1.9671	0.6446	0.7014
139.1342	152.55389	429.57654	416.36365	1.9980	0.7095	0.7321
139.2866	155.81772	445.93683	440.00000	1.9561	0.6835	0.6927
139.4390	161.66953	490.17896	493.63635	1.8853	0.6218	0.6175
139.5914	162.72086	517.15088	533.63635	1.8731	0.5894	0.5712
139.7438	161.23080	527.15088	553.63635	1.8905	0.5782	0.5505
139.8962	160.97452	542.48358	576.36365	1.8935	0.5619	0.5288
140.0486	164.06786	561.51404	598.18182	1.8578	0.5428	0.5095
140.2010	165.91498	576.30231	624.54547	1.8371	0.5289	0.4880
140.3534	166.03207	586.18134	646.36365	1.8358	0.5200	0.4716
140.5058	164.84349	586.60645	646.36365	1.8490	0.5196	0.4716
140.6582	164.57809	585.09076	643.63635	1.8520	0.5209	0.4736
140.8106	165.87132	586.36365	638.18182	1.8376	0.5198	0.4776
140.9630	166.03081	581.03094	638.18182	1.8358	0.5246	0.4776
141.1154	166.20697	579.27240	641.81818	1.8339	0.5262	0.4749
141.2678	167.21802	585.21173	648.18182	1.8228	0.5208	0.4702
141.4202	167.73473	586.24268	641.81818	1.8172	0.5199	0.4749
141.5726	167.69994	588.42377	643.63635	1.8175	0.5180	0.4736
141.7250	167.85042	594.24213	640.00000	1.8159	0.5129	0.4763
141.8774	168.26205	597.33325	640.00000	1.8115	0.5103	0.4763
142.0298	167.17192	600.12097	640.00000	1.8233	0.5079	0.4763
142.1822	165.74155	600.84857	638.18182	1.8390	0.5073	0.4776
142.3346	165.50124	599.03040	623.63635	1.8417	0.5088	0.4887
142.4870	164.44435	595.75787	618.18182	1.8535	0.5116	0.4931
142.6394	163.67975	584.42529	616.36365	1.8622	0.5215	0.4945
142.7918	163.75674	568.60693	596.36365	1.8613	0.5360	0.5111
142.9442	161.86780	544.85046	538.18182	1.8830	0.5594	0.5664
143.0966	159.41367	523.69769	511.81818	1.9120	0.5820	0.5955
143.2490	159.24612	515.75787	520.00000	1.9140	0.5910	0.5862
143.4014	159.74556	510.72760	538.18182	1.9080	0.5968	0.5664
143.5538	158.71106	511.57538	543.63635	1.9205	0.5958	0.5607
143.7062	157.35930	541.69379	540.00000	1.9370	0.5627	0.5644
143.8586	152.53549	484.49426	473.63635	1.9982	0.6291	0.6435
144.0110	148.65559	377.27695	371.81818	2.0504	0.8079	0.8198
144.1634	149.98354	337.21307	306.36365	2.0322	0.9039	0.9949
144.3158	151.42873	330.79410	287.97113	2.0128	0.9214	1.0584
144.4682	153.64064	318.38516	263.29092	1.9839	0.9573	1.1577
144.6206	157.23543	321.06525	244.37065	1.9385	0.9493	1.2473
144.7730	163.50113	363.98663	278.56097	1.8642	0.8374	1.0942
144.9254	169.37459	461.05090	474.33929	1.7996	0.6611	0.6426
145.0778	171.56702	550.41583	661.47144	1.7766	0.5538	0.4608
145.2302	172.04951	577.84375	688.18182	1.7716	0.5275	0.4429
145.3826	171.48683	598.89380	691.34003	1.7774	0.5089	0.4409
145.5350	170.99397	618.80359	735.69733	1.7825	0.4926	0.4143
145.6874	170.94228	638.08508	761.58093	1.7831	0.4777	0.4002
145.8398	171.00899	683.56323	781.22485	1.7824	0.4459	0.3902
145.9922	171.09839	726.73895	805.16272	1.7814	0.4194	0.3786
146.1446	171.15918	749.23633	763.94458	1.7808	0.4068	0.3990
146.2970	170.94861	752.42401	768.57440	1.7830	0.4051	0.3966
146.4494	170.30981	748.99701	800.18182	1.7897	0.4069	0.3809
146.6018	168.73181	746.23206	870.13403	1.8064	0.4085	0.3503
146.7542	165.35173	729.68079	620.71368	1.8433	0.4177	0.4910
146.9066	161.07713	677.84344	415.26578	1.8923	0.4497	0.7340
147.0590	157.99547	555.66174	448.29254	1.9292	0.5485	0.6799
147.2114	156.63838	480.35153	471.50198	1.9459	0.6345	0.6464
147.3638	155.91083	471.88776	468.17493	1.9550	0.6459	0.6510
147.5162	154.69505	457.52759	456.87006	1.9703	0.6662	0.6671
147.6686	152.35742	453.64706	451.63474	2.0006	0.6719	0.6749
147.8210	150.99597	457.84314	487.05054	2.0186	0.6657	0.6258
147.9734	151.03485	461.15027	499.01251	2.0181	0.6610	0.6108
148.1258	150.56364	459.36133	482.09778	2.0244	0.6635	0.6322
148.2782	149.96387	445.98914	429.32263	2.0325	0.6834	0.7100
148.4306	149.63583	428.37845	411.23175	2.0369	0.7115	0.7412
148.5830	150.54810	429.51810	431.40671	2.0246	0.7096	0.7065
148.7354	152.22859	444.20511	451.34335	2.0023	0.6862	0.6753
148.8878	153.54796	453.98260	472.07123	1.9850	0.6714	0.6457
149.0402	154.36362	460.16367	490.00000	1.9746	0.6624	0.6220
149.1926	154.57231	456.29922	476.70239	1.9719	0.6680	0.6394
149.3450	155.32091	439.38171	433.69595	1.9624	0.6937	0.7028
149.4974	157.02982	437.91119	413.04282	1.9410	0.6960	0.7379
149.6498	158.82582	454.95978	434.51175	1.9191	0.6699	0.7015
149.8022	160.29674	475.79922	486.84091	1.9015	0.6406	0.6261
149.9546	161.19403	507.22168	540.51392	1.8909	0.6009	0.5639
150.1070	161.71356	534.17004	558.42694	1.8848	0.5706	0.5458
150.2594	161.07214	527.05188	542.96747	1.8923	0.5783	0.5614
150.4118	158.87531	486.41989	525.71558	1.9185	0.6266	0.5798
150.5642	157.29333	454.15311	525.87341	1.9378	0.6711	0.5796
150.7166	156.69250	444.42340	531.92047	1.9452	0.6858	0.5730
150.8690	154.87198	446.87933	533.66034	1.9681	0.6821	0.5711
151.0214	148.87640	443.68030	486.52890	2.0473	0.6870	0.6265
151.1738	139.29114	394.91870	408.18924	2.1882	0.7718	0.7467
151.3262	132.65312	336.81830	351.69238	2.2977	0.9049	0.8667
151.4786	131.14026	308.82507	292.55338	2.3242	0.9870	1.0419
151.6310	135.81085	292.19427	266.02393	2.2443	1.0431	1.1458
151.7834	146.92299	282.60059	249.01158	2.0746	1.0786	1.2240
151.9358	156.40771	285.03052	229.32108	1.9488	1.0694	1.3291
152.0882	161.51094	303.25073	248.16272	1.8872	1.0051	1.2282
152.2406	164.52966	342.45438	404.77151	1.8526	0.8900	0.7530
152.3930	167.53169	403.43460	656.03937	1.8194	0.7555	0.4646
152.5454	171.60744	488.21289	822.52429	1.7761	0.6243	0.3706
152.6978	174.14333	591.27966	833.44336	1.7503	0.5155	0.3657
152.8502	174.12965	669.19092	786.08478	1.7504	0.4555	0.3877
153.0026	173.14070	679.15735	726.93713	1.7604	0.4488	0.4193
153.1550	171.86208	642.18042	675.59180	1.7735	0.4746	0.4512
153.3074	170.48196	591.02972	625.22290	1.7879	0.5157	0.4875
153.4598	169.40317	537.92358	548.53253	1.7993	0.5666	0.5557
153.6122	168.84642	511.25439	475.06250	1.8052	0.5962	0.6416
153.7646	168.90807	528.15302	443.63635	1.8045	0.5771	0.6870
153.9170	169.05017	561.38898	469.43555	1.8030	0.5429	0.6493
154.0694	169.13745	584.87744	529.55261	1.8021	0.5211	0.5756
154.2218	169.41878	595.59045	570.43237	1.7991	0.5118	0.5343
154.3742	169.52361	588.82904	570.23853	1.7980	0.5176	0.5345
154.5266	169.43492	573.63983	561.85797	1.7989	0.5313	0.5425
154.6790	169.63268	570.41394	550.18115	1.7968	0.5343	0.5540
154.8314	170.58273	582.96375	530.35638	1.7868	0.5228	0.5747
154.9838	171.86102	597.26465	517.32837	1.7735	0.5103	0.5892
155.1362	172.31258	607.27264	550.39801	1.7689	0.5019	0.5538
155.2886	171.94624	622.22314	585.66663	1.7726	0.4899	0.5204
155.4410	171.90045	641.35657	604.16479	1.7731	0.4752	0.5045
155.5934	171.63708	652.27728	612.96405	1.7758	0.4673	0.4973
155.7458	170.66113	639.74042	628.36096	1.7860	0.4764	0.4851
155.8982	169.29198	616.29565	628.75995	1.8004	0.4946	0.4848
156.0506	168.03264	603.83575	613.74286	1.8139	0.5048	0.4966
156.2030	167.70082	592.49585	591.94678	1.8175	0.5144	0.5149
156.3554	169.15343	579.96832	570.63312	1.8019	0.5255	0.5341
156.5078	171.23499	574.02399	549.81915	1.7800	0.5310	0.5544
156.6602	172.42041	578.44855	559.84229	1.7678	0.5269	0.5444
156.8126	172.80232	599.04388	586.04559	1.7639	0.5088	0.5201
156.9650	172.15727	640.30969	653.38458	1.7705	0.4760	0.4665
157.1174	169.42111	681.44427	720.46735	1.7991	0.4473	0.4231
157.2698	166.06862	697.74664	776.46906	1.8354	0.4368	0.3925
157.4222	163.99426	697.86493	668.97394	1.8586	0.4368	0.4556
157.5746	163.88838	692.09039	507.57196	1.8598	0.4404	0.6005
157.7270	157.65009	681.58698	346.18219	1.9334	0.4472	0.8805
157.8794	148.00168	537.00287	278.69724	2.0594	0.5676	1.0937
158.0318	142.46617	371.51968	285.82306	2.1395	0.8204	1.0664
158.1842	139.92981	331.47452	307.45279	2.1782	0.9195	0.9914
158.3366	139.61484	330.00000	321.37463	2.1831	0.9236	0.9484
158.4890	139.55147	324.02444	322.15033	2.1841	0.9407	0.9461
158.6414	138.91376	313.07028	327.07504	2.1942	0.9736	0.9319
158.7938	141.62752	284.38022	319.83502	2.1521	1.0718	0.9530
158.9462	154.88580	245.72043	242.28807	1.9679	1.2404	1.2580
159.0986	167.53694	302.11041	216.56316	1.8193	1.0089	1.4074
159.2510	171.36218	452.98560	301.40146	1.7787	0.6729	1.0113
159.4034	172.02759	547.48047	416.63367	1.7718	0.5567	0.7316
159.5558	171.79770	563.36884	459.76392	1.7742	0.5410	0.6629
159.7082	171.66132	577.08008	488.63058	1.7756	0.5282	0.6238
159.8606	172.18317	599.11292	513.80054	1.7702	0.5088	0.5932
160.0130	172.82076	636.46063	623.22980	1.7637	0.4789	0.4891
160.1654	172.64607	687.08337	671.89325	1.7655	0.4436	0.4536
160.3178	172.06552	725.72748	708.96844	1.7714	0.4200	0.4299
160.4702	171.93272	743.11005	736.34473	1.7728	0.4102	0.4139
160.6226	172.01065	751.25562	758.66901	1.7720	0.4057	0.4018
160.7750	170.71574	707.18170	619.56995	1.7854	0.4310	0.4920
160.9274	158.63240	541.98798	470.10181	1.9214	0.5624	0.6484
161.0798	139.40073	368.17419	320.61795	2.1865	0.8279	0.9507
161.2322	129.87314	303.79092	314.56921	2.3469	1.0033	0.9689
161.3846	128.63892	298.26511	276.13751	2.3694	1.0219	1.1038
161.5370	127.72321	295.75787	270.04736	2.3864	1.0306	1.1287
161.6894	125.36167	268.42725	246.36363	2.4314	1.1355	1.2372
161.8418	135.78842	198.45297	213.89647	2.2447	1.5359	1.4250
161.9942	149.59837	160.70461	178.73833	2.0375	1.8966	1.7053
162.1466	159.67870	202.65337	179.95737	1.9088	1.5040	1.6937
162.2990	165.92340	255.48140	191.44725	1.8370	1.1930	1.5921
162.4514	167.37570	380.67755	196.18571	1.8211	0.8007	1.5536
162.6038	167.01480	460.51248	350.56192	1.8250	0.6619	0.8695
162.7562	168.29028	498.86230	512.84467	1.8112	0.6110	0.5943
162.9086	171.41812	550.30774	546.53180	1.7781	0.5539	0.5577
163.0610	172.52101	537.31781	548.18182	1.7667	0.5673	0.5560
163.2134	173.06897	509.71585	536.45068	1.7611	0.5980	0.5682
163.3658	173.36430	494.97818	516.34430	1.7581	0.6158	0.5903
163.5182	173.79317	499.96698	512.07397	1.7538	0.6096	0.5952
163.6706	174.36946	533.80499	577.16150	1.7480	0.5710	0.5281
163.8230	174.80391	585.05469	628.26202	1.7437	0.5210	0.4851
163.9754	174.94907	628.38715	658.51453	1.7422	0.4851	0.4629
164.1278	175.05275	649.33789	661.81818	1.7412	0.4694	0.4605
164.2802	175.01740	646.63062	644.47662	1.7415	0.4714	0.4729
164.4326	174.89064	631.76312	633.22491	1.7428	0.4825	0.4813
164.5850	174.42319	631.96265	618.66309	1.7475	0.4823	0.4927
164.7374	173.52650	621.66998	609.46143	1.7565	0.4903	0.5001
164.8898	172.86426	669.67371	604.38232	1.7632	0.4551	0.5043
165.0422	172.78218	745.02429	593.85126	1.7641	0.4091	0.5133
165.1946	172.91229	761.81189	585.10754	1.7627	0.4001	0.5209
165.3470	172.84560	747.53705	577.72772	1.7634	0.4077	0.5276
165.4994	172.69099	719.87537	580.75195	1.7650	0.4234	0.5248
165.6518	172.28632	698.56311	585.44049	1.7691	0.4363	0.5206
165.8042	171.75011	677.64709	589.23273	1.7747	0.4498	0.5173
165.9566	171.79141	654.59174	575.79840	1.7742	0.4656	0.5294
166.1090	171.81812	642.77325	552.13428	1.7740	0.4742	0.5520
166.2614	171.55621	612.50543	540.10010	1.7767	0.4976	0.5643
166.4138	171.80536	556.01227	518.20746	1.7741	0.5482	0.5882
166.5662	173.37207	518.87073	454.56064	1.7581	0.5874	0.6705
166.7186	174.91479	523.67120	444.89948	1.7426	0.5820	0.6851
166.8710	175.34682	546.60681	488.89694	1.7383	0.5576	0.6234
167.0234	175.44957	564.78400	530.05109	1.7373	0.5397	0.5750
167.1758	175.79834	579.23187	545.87994	1.7338	0.5262	0.5584
167.3282	175.90892	605.19397	548.18182	1.7327	0.5036	0.5560
167.4806	175.20645	645.83716	578.85645	1.7397	0.4719	0.5266
167.6330	174.64972	677.42786	608.88586	1.7452	0.4499	0.5006
167.7854	174.57460	688.55890	616.36365	1.7460	0.4427	0.4945
167.9378	174.27263	694.91290	625.62976	1.7490	0.4386	0.4872
168.0902	173.95496	708.69403	632.44275	1.7522	0.4301	0.4819
168.2426	172.04047	716.37555	651.13879	1.7717	0.4255	0.4681
168.3950	167.52011	678.59222	639.13135	1.8195	0.4492	0.4769
168.5474	163.98064	592.61163	595.76929	1.8588	0.5143	0.5116
168.6998	162.70287	519.34351	602.05292	1.8734	0.5869	0.5063
168.8522	162.58124	515.96161	588.99933	1.8748	0.5907	0.5175
169.0046	162.86444	532.80560	627.60291	1.8715	0.5721	0.4857
169.1570	163.33893	595.27087	674.58374	1.8661	0.5120	0.4518
169.3094	165.66103	687.51929	745.66187	1.8399	0.4433	0.4088
169.4618	168.29167	726.85504	802.40393	1.8111	0.4193	0.3799
169.6142	169.29623	741.57861	830.36511	1.8004	0.4110	0.3671
169.7666	169.91814	750.21606	826.90649	1.7938	0.4063	0.3686
169.9190	170.70743	751.46344	817.41455	1.7855	0.4056	0.3729
170.0714	171.15704	745.22974	775.67328	1.7808	0.4090	0.3929
170.2238	170.88286	701.65466	743.63635	1.7837	0.4344	0.4099
170.3762	169.85077	624.50970	683.16278	1.7945	0.4881	0.4462
170.5286	168.74054	562.45929	627.58746	1.8063	0.5419	0.4857
170.6810	168.14255	536.13959	686.49042	1.8127	0.5685	0.4440
170.8334	167.50632	563.37897	753.40570	1.8196	0.5410	0.4046
170.9858	167.24110	599.97583	821.56012	1.8225	0.5080	0.3710
171.1382	168.03650	601.98853	856.30225	1.8139	0.5063	0.3559
171.2906	168.77162	619.19891	821.63165	1.8060	0.4922	0.3710
171.4430	168.81906	658.51855	786.95422	1.8055	0.4629	0.3873
171.5954	168.13763	677.48645	752.28717	1.8128	0.4499	0.4052
171.7478	166.77823	664.96088	717.61670	1.8276	0.4584	0.4247
171.9002	165.50055	647.60815	682.94275	1.8417	0.4707	0.4463
172.0526	164.13240	642.24414	675.67603	1.8570	0.4746	0.4511
172.2050	162.82375	645.16437	726.71802	1.8720	0.4724	0.4194
172.3574	162.73170	653.06110	841.38647	1.8730	0.4667	0.3623
172.5098	163.66005	637.25171	964.18829	1.8624	0.4783	0.3161
172.6622	165.47237	550.06903	988.23859	1.8420	0.5541	0.3084
172.8146	168.29311	415.28433	933.22534	1.8111	0.7340	0.3266
172.9670	171.11890	335.59244	878.21674	1.7812	0.9082	0.3471
173.1194	173.10062	362.30753	823.20984	1.7608	0.8413	0.3703
173.2718	173.52580	438.30228	768.19659	1.7565	0.6954	0.3968
173.4242	173.08173	497.41382	713.18335	1.7610	0.6128	0.4274
173.5766	173.25743	549.56744	655.75946	1.7592	0.5546	0.4648
173.7290	173.65013	607.62665	615.74664	1.7553	0.5016	0.4950
173.8814	174.47751	651.11060	593.07562	1.7469	0.4681	0.5139
174.0338	175.16190	669.62286	585.17133	1.7401	0.4552	0.5209
174.1862	175.52768	671.23096	655.82574	1.7365	0.4541	0.4648
174.3386	175.97940	677.06104	710.00000	1.7320	0.4502	0.4293
174.4910	176.09338	696.36597	704.37854	1.7309	0.4377	0.4327
174.6434	176.09981	727.75690	711.34131	1.7308	0.4188	0.4285
174.7958	175.76054	769.52484	762.76215	1.7342	0.3961	0.3996
174.9482	171.85686	802.27515	818.76978	1.7736	0.3799	0.3723
175.1006	162.27711	787.94647	859.26501	1.8783	0.3868	0.3547
175.2530	154.06361	725.93103	792.69690	1.9784	0.4199	0.3845
175.4054	148.47752	661.08936	633.88147	2.0528	0.4611	0.4808
175.5578	145.35738	603.25769	491.81757	2.0969	0.5053	0.6197
175.7102	144.82262	517.47760	377.73431	2.1046	0.5890	0.8069
175.8626	138.21657	443.05777	333.20053	2.2052	0.6879	0.9148
176.0150	126.63362	392.81137	286.83997	2.4069	0.7759	1.0626
176.1674	119.83281	337.24500	244.68848	2.5435	0.9038	1.2457
176.3198	124.27695	262.48895	203.19844	2.4526	1.1612	1.5000
176.4722	139.69702	189.08705	168.95815	2.1819	1.6120	1.8040
176.6246	156.65353	152.23325	157.23210	1.9457	2.0022	1.9385
176.7770	164.81497	165.59554	150.03342	1.8493	1.8406	2.0315
176.9294	166.74902	224.20580	157.15839	1.8279	1.3595	1.9394
177.0818	167.99602	298.16034	186.34586	1.8143	1.0223	1.6357
177.2342	168.47891	382.05588	310.35764	1.8091	0.7978	0.9821
177.3866	171.01405	505.83670	439.24286	1.7823	0.6026	0.6939
177.5390	173.16129	614.44470	563.40662	1.7602	0.4961	0.5410
177.6914	173.38637	661.42010	578.83484	1.7579	0.4608	0.5266
177.8438	173.50804	708.38715	591.80609	1.7567	0.4303	0.5150
177.9962	171.97539	726.54504	633.62952	1.7723	0.4195	0.4810
178.1486	169.70425	726.03979	595.06824	1.7961	0.4198	0.5122
178.3010	162.95052	724.83429	556.51886	1.8705	0.4205	0.5477
178.4534	154.43781	652.82019	517.94977	1.9736	0.4669	0.5885
178.6058	147.39761	548.84448	481.89148	2.0679	0.5553	0.6325
178.7582	140.85350	454.81216	453.31555	2.1640	0.6702	0.6724
178.9106	137.95155	401.60800	372.84323	2.2095	0.7589	0.8175
179.0630	136.59038	383.00735	358.51013	2.2315	0.7958	0.8502
179.2154	133.40587	349.08362	345.25800	2.2848	0.8731	0.8828
179.3678	131.01573	317.85941	334.00827	2.3264	0.9589	0.9126
179.5202	130.00795	303.00504	319.14185	2.3445	1.0059	0.9551
179.6726	129.24011	295.44052	308.93793	2.3584	1.0317	0.9866
179.8250	129.02127	291.50729	296.36365	2.3624	1.0456	1.0285
179.9774	128.63573	289.03091	296.36365	2.3695	1.0546	1.0285
180.1298	127.62009	289.15204	296.36365	2.3883	1.0541	1.0285
180.2822	125.95052	288.71838	296.23682	2.4200	1.0557	1.0289
180.4346	125.76552	281.27100	292.32672	2.4236	1.0837	1.0427
180.5870	130.24673	265.27951	259.12650	2.3402	1.1490	1.1763
180.7394	134.33090	252.93600	230.71925	2.2690	1.2050	1.3211
180.8918	136.73419	252.71065	185.48923	2.2291	1.2061	1.6432
181.0442	138.64897	276.09131	246.63535	2.1984	1.1040	1.2358
181.1966	139.73898	321.20886	401.81818	2.1812	0.9489	0.7586
181.3490	138.76717	354.67133	448.18182	2.1965	0.8594	0.6801
181.5014	135.03297	355.22910	363.88574	2.2572	0.8580	0.8376
181.6538	132.25258	337.11282	289.62582	2.3047	0.9041	1.0524
181.8062	131.33569	308.24460	261.78564	2.3208	0.9888	1.1643
181.9586	131.28458	277.33334	259.95941	2.3217	1.0990	1.1725
182.1110	131.35004	258.20908	258.44736	2.3205	1.1804	1.1794
182.2634	130.91766	258.47562	268.43695	2.3282	1.1792	1.1355
182.4158	130.63966	269.62485	276.26599	2.3331	1.1305	1.1033
182.5682	129.85233	274.52478	273.56284	2.3473	1.1103	1.1142
182.7206	129.56041	273.90564	271.89972	2.3526	1.1128	1.1210
182.8730	130.48355	270.70761	273.86038	2.3359	1.1259	1.1130
183.0254	131.06723	270.45236	278.37784	2.3255	1.1270	1.0949
183.1778	131.37805	276.45355	281.81818	2.3200	1.1025	1.0815
183.3302	131.46889	281.30530	281.70370	2.3184	1.0835	1.0820
183.4826	131.03957	286.29517	280.00000	2.3260	1.0646	1.0886
183.6350	130.42702	287.87076	279.15125	2.3369	1.0588	1.0919
183.7874	129.73837	283.23425	266.30588	2.3493	1.0761	1.1445
183.9398	128.19713	255.68428	241.57788	2.3776	1.1921	1.2617
184.0922	127.44472	229.09981	214.22725	2.3916	1.3304	1.4228
184.2446	129.99352	216.78903	171.98164	2.3447	1.4060	1.7723
184.3970	133.26443	206.45059	172.00673	2.2872	1.4764	1.7720
184.5494	138.77339	188.54231	155.37408	2.1964	1.6166	1.9617
184.7018	144.13695	162.02748	147.58563	2.1147	1.8812	2.0652
184.8542	151.02043	153.34511	170.84784	2.0183	1.9877	1.7840
185.0066	157.97182	175.57300	288.63947	1.9295	1.7360	1.0560
185.1590	162.07465	277.30914	406.41302	1.8806	1.0991	0.7500
185.3114	166.03236	423.42419	517.84100	1.8358	0.7198	0.5886
185.4638	168.31924	503.32751	573.74408	1.8108	0.6056	0.5312
185.6162	168.85480	510.25510	577.55634	1.8051	0.5973	0.5277
185.7686	168.31299	503.59958	640.24536	1.8109	0.6052	0.4761
185.9210	168.86456	532.93207	642.07166	1.8050	0.5719	0.4747
186.0734	170.42297	589.71899	648.08215	1.7885	0.5169	0.4703
186.2258	169.99541	639.49335	669.41681	1.7930	0.4766	0.4553
186.3782	169.62814	660.29163	647.65283	1.7969	0.4616	0.4706
186.5306	170.54631	645.06586	685.27551	1.7872	0.4725	0.4448
186.6830	170.64841	595.40924	658.28247	1.7861	0.5119	0.4630
186.8354	169.34665	567.14441	647.62769	1.7999	0.5374	0.4706
186.9878	168.00642	568.40253	636.97400	1.8142	0.5362	0.4785
187.1402	167.95644	546.95508	642.54773	1.8148	0.5573	0.4744
187.2926	168.35379	545.09143	712.94562	1.8105	0.5592	0.4275
187.4450	168.77138	580.91663	719.65564	1.8060	0.5247	0.4235
187.5974	168.00780	601.39087	685.01575	1.8142	0.5068	0.4450
187.7498	167.77747	612.28479	650.08978	1.8167	0.4978	0.4689
187.9022	169.05052	636.54407	590.93762	1.8030	0.4788	0.5158
188.0546	168.94533	651.63586	582.02374	1.8041	0.4677	0.5237
188.2070	168.36639	653.05255	584.73090	1.8103	0.4667	0.5213
188.3594	168.34079	642.83246	561.46790	1.8106	0.4742	0.5429
188.5118	168.45544	613.09711	558.64215	1.8094	0.4971	0.5456
188.6642	168.79427	574.91895	580.37225	1.8057	0.5302	0.5252
188.8166	168.56221	543.02832	549.43268	1.8082	0.5613	0.5548
188.9690	168.56461	529.00568	561.04352	1.8082	0.5762	0.5433
189.1214	169.34540	533.92987	575.18689	1.7999	0.5709	0.5299
189.2738	173.01840	556.73199	605.22833	1.7617	0.5475	0.5036
189.4262	178.04462	590.63782	590.00000	1.7119	0.5161	0.5166
189.5786	173.29219	625.72101	583.47272	1.7589	0.4871	0.5224
189.7310	167.92183	644.70050	566.84442	1.8151	0.4728	0.5377
189.8834	167.82988	640.82855	580.67645	1.8161	0.4756	0.5249
190.0358	167.87888	621.42267	597.57080	1.8156	0.4905	0.5101
190.1882	168.61699	599.80170	605.16931	1.8076	0.5082	0.5037
190.3406	168.60165	576.81494	596.72931	1.8078	0.5284	0.5108
190.4930	168.68665	565.04230	613.99408	1.8069	0.5394	0.4964
190.6454	168.77344	574.43402	623.78412	1.8060	0.5306	0.4886
190.7978	167.93253	598.48468	626.97534	1.8150	0.5093	0.4861
190.9502	167.67831	602.31744	631.88165	1.8178	0.5060	0.4824
191.1026	168.25584	565.39539	613.14838	1.8115	0.5391	0.4971
191.2550	168.46919	562.66516	603.66840	1.8092	0.5417	0.5049
191.4074	168.00587	614.61230	575.55621	1.8142	0.4959	0.5296
191.5598	168.17734	646.41333	592.80371	1.8124	0.4715	0.5142
191.7122	168.82103	648.04736	639.33264	1.8055	0.4703	0.4767
191.8646	168.45450	628.89850	688.20538	1.8094	0.4847	0.4429
192.0170	167.64790	579.56293	694.59851	1.8181	0.5259	0.4388
192.1694	167.77612	551.87579	645.01794	1.8167	0.5523	0.4725
192.3218	167.94118	556.87817	600.13879	1.8149	0.5473	0.5079
192.4742	168.28598	562.20496	589.99799	1.8112	0.5422	0.5166
192.6266	169.00418	561.73999	618.28876	1.8035	0.5426	0.4930
192.7790	169.50638	573.68066	626.14636	1.7982	0.5313	0.4868
192.9314	169.42210	597.12067	610.00000	1.7991	0.5104	0.4997
193.0838	168.34833	609.47552	610.63861	1.8105	0.5001	0.4991
193.2362	168.19060	618.03339	623.13885	1.8122	0.4932	0.4891
193.3886	168.99336	626.92493	654.77032	1.8036	0.4862	0.4655
193.5410	168.62602	617.89014	659.62531	1.8076	0.4933	0.4621
193.6934	168.47833	598.27045	606.44482	1.8091	0.5095	0.5026
193.8458	169.17398	581.55396	547.43207	1.8017	0.5241	0.5568
193.9982	169.14287	576.49438	524.64398	1.8020	0.5287	0.5810
194.1506	169.06732	585.28699	524.25385	1.8028	0.5208	0.5814
194.3030	169.40462	597.52484	552.12067	1.7992	0.5101	0.5521
194.4554	169.30144	605.46881	604.95941	1.8003	0.5034	0.5038
194.6078	169.28317	608.42297	623.49829	1.8005	0.5010	0.4889
194.7602	169.51242	610.81268	616.36365	1.7981	0.4990	0.4945
194.9126	169.33327	611.01312	625.20587	1.8000	0.4988	0.4875
195.0650	169.07059	602.20837	636.31921	1.8028	0.5061	0.4790
195.2174	169.10704	580.63904	631.37640	1.8024	0.5249	0.4828
195.3698	168.88799	563.04626	628.18182	1.8047	0.5413	0.4852
195.5222	168.73260	558.68341	623.17834	1.8064	0.5456	0.4891
195.6746	169.56972	567.34412	615.97491	1.7975	0.5372	0.4948
195.8270	170.10718	591.12982	627.63452	1.7918	0.5156	0.4856
195.9794	169.41203	608.27399	649.99048	1.7992	0.5011	0.4689
196.1318	169.43816	610.47601	640.52740	1.7989	0.4993	0.4759
196.2842	169.42348	610.86896	614.53357	1.7990	0.4990	0.4960
196.4366	168.71393	609.40826	610.00000	1.8066	0.5002	0.4997
196.5890	168.42867	603.48376	616.20233	1.8097	0.5051	0.4946
196.7414	167.98177	600.00000	621.96558	1.8145	0.5080	0.4901
196.8938	168.26334	595.93268	617.04797	1.8114	0.5115	0.4940
197.0462	169.10043	585.43237	618.74646	1.8025	0.5206	0.4926
197.1986	168.84276	576.79156	627.98438	1.8052	0.5284	0.4854
197.3510	168.73706	575.01056	627.04449	1.8064	0.5301	0.4861
197.5034	169.33499	575.68738	615.24683	1.8000	0.5295	0.4954
197.6558	169.51506	576.38397	609.94989	1.7981	0.5288	0.4997
197.8082	169.58057	576.57446	628.77472	1.7974	0.5286	0.4848
197.9606	169.52515	574.68182	638.25751	1.7980	0.5304	0.4776
198.1130	169.28720	575.62262	588.19025	1.8005	0.5295	0.5182
198.2654	169.09908	582.60986	541.31940	1.8025	0.5232	0.5631
198.4178	168.86877	587.54346	540.06433	1.8050	0.5188	0.5644
198.5702	168.77611	595.19177	553.90393	1.8059	0.5121	0.5503
198.7226	168.80751	618.45886	554.22174	1.8056	0.4928	0.5500
198.8750	168.66327	634.37799	559.22766	1.8072	0.4805	0.5450
199.0274	168.21161	624.22272	579.00385	1.8120	0.4883	0.5264
199.1798	168.00781	608.84991	585.45453	1.8142	0.5006	0.5206
199.3322	167.96915	601.78070	574.24921	1.8146	0.5065	0.5308
199.4846	167.64908	591.84332	570.44104	1.8181	0.5150	0.5343
199.6370	167.51416	577.83258	567.03381	1.8195	0.5275	0.5375
199.7894	167.80196	587.59790	549.01044	1.8164	0.5187	0.5552
199.9418	168.45514	625.55695	600.92920	1.8094	0.4872	0.5072
200.0942	168.90958	656.27167	711.42828	1.8045	0.4644	0.4284
200.2466	168.66061	661.51996	740.55255	1.8072	0.4608	0.4116
200.3990	168.18842	651.89355	748.15417	1.8123	0.4676	0.4074
200.5514	168.13214	636.05994	725.41431	1.8129	0.4792	0.4202
200.7038	168.33173	604.00067	620.52997	1.8107	0.5046	0.4912
200.8562	168.39821	574.78522	562.28558	1.8100	0.5303	0.5421
201.0086	168.21481	586.87000	550.41943	1.8120	0.5194	0.5538
201.1610	168.41461	623.80884	586.01068	1.8098	0.4886	0.5201
201.3134	168.00761	646.80072	632.20947	1.8142	0.4712	0.4821
201.4658	166.82104	653.85907	653.43744	1.8271	0.4662	0.4665
201.6182	166.41763	658.76001	663.29138	1.8315	0.4627	0.4595
201.7706	165.53535	653.75800	689.22198	1.8413	0.4662	0.4422
201.9230	162.96664	620.16504	656.09808	1.8703	0.4915	0.4646
202.0754	158.59792	564.20990	599.65039	1.9218	0.5402	0.5083
202.2278	153.79048	513.39062	565.55695	1.9819	0.5937	0.5389
202.3802	151.38535	484.05450	529.50421	2.0134	0.6297	0.5756
202.5326	151.06830	472.93979	496.19907	2.0176	0.6445	0.6143
202.6850	149.57744	460.11618	454.27774	2.0377	0.6624	0.6710
202.8374	149.29225	424.54373	409.61749	2.0416	0.7179	0.7441
202.9898	146.25760	378.12424	382.83624	2.0840	0.8061	0.7962
203.1422	139.76503	347.05487	365.75082	2.1808	0.8782	0.8334
203.2946	136.30798	333.65628	355.84418	2.2361	0.9135	0.8566
203.4470	135.11452	328.41977	352.44107	2.2559	0.9281	0.8648
203.5994	134.08659	325.04211	350.61447	2.2732	0.9377	0.8693
203.7518	133.03294	321.23328	343.33469	2.2912	0.9488	0.8878
203.9042	132.19156	314.50006	329.01849	2.3057	0.9692	0.9264
204.0566	131.94998	305.20804	317.49469	2.3100	0.9987	0.9600
204.2090	133.85933	299.41223	313.92712	2.2770	1.0180	0.9709
204.3614	134.63164	298.18182	315.50354	2.2640	1.0222	0.9661
204.5138	133.10474	299.52258	318.86981	2.2899	1.0176	0.9559
204.6662	135.13892	302.98126	322.52225	2.2555	1.0060	0.9451
204.8186	135.09464	306.39749	328.07889	2.2562	0.9948	0.9290
204.9710	131.38593	306.90234	325.52841	2.3199	0.9931	0.9363
205.1234	130.07198	304.45462	313.99326	2.3433	1.0011	0.9707
205.2758	130.20569	300.92700	305.47171	2.3409	1.0129	0.9978
205.4282	131.38275	296.22952	293.87338	2.3199	1.0289	1.0372
205.5806	133.29475	291.95380	285.41449	2.2867	1.0440	1.0679
205.7330	133.14577	290.23520	288.25131	2.2892	1.0502	1.0574
205.8854	130.87810	290.70963	295.97015	2.3289	1.0485	1.0298
206.0378	129.19705	290.16254	302.18607	2.3592	1.0504	1.0087
206.1902	128.99101	291.86191	302.29330	2.3630	1.0443	1.0083
206.3426	128.57623	296.09705	299.11578	2.3706	1.0294	1.0190
206.4950	128.13055	295.42072	296.14270	2.3788	1.0317	1.0292
206.6474	128.34940	294.38956	292.71924	2.3748	1.0354	1.0413
206.7998	129.94901	298.78629	289.06677	2.3455	1.0201	1.0544
206.9522	132.28493	301.33780	283.33771	2.3041	1.0115	1.0757
207.1046	133.53923	298.91235	281.81818	2.2825	1.0197	1.0815
207.2570	134.32788	297.50668	286.71988	2.2691	1.0245	1.0631
207.4094	134.30595	297.23557	302.26715	2.2694	1.0254	1.0084
207.5618	132.62952	309.05588	312.03027	2.2981	0.9862	0.9768
207.7142	130.93997	333.21179	312.21136	2.3278	0.9147	0.9763
207.8666	128.77733	362.96677	319.08612	2.3669	0.8397	0.9552
208.0190	128.27913	392.05661	296.43134	2.3761	0.7774	1.0282
208.1714	133.03003	411.13159	231.29233	2.2912	0.7414	1.3178
208.3238	139.20242	416.16437	177.73679	2.1896	0.7324	1.7149
208.4762	143.11745	421.27380	201.89720	2.1297	0.7235	1.5097
208.6286	146.44077	441.54324	268.22589	2.0814	0.6903	1.1364
208.7810	151.09033	479.97198	358.90384	2.0173	0.6350	0.8493
208.9334	157.54488	512.58582	447.90900	1.9347	0.5946	0.6805
209.0858	161.28419	532.40558	501.85001	1.8898	0.5725	0.6074
209.2382	161.80630	553.77051	522.05542	1.8837	0.5504	0.5838
209.3906	162.48114	575.98987	498.79099	1.8759	0.5292	0.6111
209.5430	163.38126	598.21143	483.73438	1.8656	0.5095	0.6301
209.6954	164.56342	620.43274	463.44037	1.8522	0.4913	0.6577
209.8478	166.18259	642.65411	502.33710	1.8341	0.4743	0.6068
210.0002	167.13342	652.73694	555.66266	1.8237	0.4670	0.5485
210.1526	167.07501	652.12885	587.75415	1.8243	0.4674	0.5186
210.3050	166.35410	638.01874	593.38251	1.8322	0.4777	0.5137
210.4574	166.63429	613.65430	590.49158	1.8292	0.4967	0.5162
210.6098	167.40746	601.35382	590.00000	1.8207	0.5069	0.5166
210.7622	167.91623	601.69891	623.36591	1.8152	0.5066	0.4890
210.9146	167.83344	597.87677	619.39862	1.8161	0.5098	0.4921
211.0670	167.52612	594.19360	526.67914	1.8194	0.5130	0.5787
211.2194	167.41330	598.27832	473.40381	1.8206	0.5095	0.6438
211.3718	166.64592	604.52460	521.68817	1.8290	0.5042	0.5843
211.5242	165.85403	601.33289	519.21783	1.8378	0.5069	0.5870
211.6766	166.03720	582.49469	563.22406	1.8357	0.5233	0.5412
211.8290	167.30907	561.45422	606.04614	1.8218	0.5429	0.5029
211.9814	168.06006	545.00635	567.81390	1.8136	0.5593	0.5368
212.1338	168.49692	534.77563	542.02515	1.8089	0.5700	0.5623
212.2862	169.24028	534.22772	560.04901	1.8010	0.5705	0.5442
212.4386	169.46640	555.49091	555.94220	1.7986	0.5487	0.5483
212.5910	169.34424	595.29132	574.85785	1.7999	0.5120	0.5302
212.7434	169.57382	637.63232	656.04327	1.7974	0.4780	0.4646
212.8958	169.87982	661.00092	665.22485	1.7942	0.4611	0.4582
213.0482	169.80020	677.22620	679.14850	1.7951	0.4501	0.4488
213.2006	169.94781	677.38068	680.00000	1.7935	0.4500	0.4482
213.3530	169.63998	661.85565	689.50500	1.7967	0.4605	0.4421
213.5054	168.22710	648.23193	775.94531	1.8118	0.4702	0.3928
213.6578	161.90411	566.65851	856.74982	1.8826	0.5379	0.3558
213.8102	153.57076	483.00021	697.87421	1.9848	0.6311	0.4368
213.9626	146.89107	449.94324	488.44931	2.0750	0.6774	0.6240
214.1150	140.53342	408.49286	396.01340	2.1689	0.7462	0.7697
214.2674	136.67590	355.25314	342.98569	2.2301	0.8580	0.8887
214.4198	134.73820	316.77811	328.42865	2.2622	0.9622	0.9281
214.5722	134.59155	299.86908	331.76917	2.2646	1.0164	0.9187
214.7246	135.20294	288.82510	316.50351	2.2544	1.0553	0.9630
214.8770	135.71339	260.40140	260.00000	2.2459	1.1705	1.1723
215.0294	142.57304	200.73227	243.63637	2.1379	1.5184	1.2510
215.1818	150.68614	180.90724	191.81818	2.0227	1.6848	1.5890
215.3342	154.36104	219.33006	180.00000	1.9746	1.3897	1.6933
215.4866	156.37109	312.11227	280.90909	1.9492	0.9766	1.0850
215.6390	159.19926	475.44159	381.81818	1.9146	0.6411	0.7983
215.7914	163.18481	586.84564	588.18182	1.8678	0.5194	0.5182
215.9438	164.23972	615.57458	691.81818	1.8558	0.4951	0.4406
216.0962	163.09427	632.36255	763.63635	1.8689	0.4820	0.3991
216.2486	161.75244	646.30225	791.81818	1.8844	0.4716	0.3849
216.4010	158.62366	651.81818	725.45453	1.9215	0.4676	0.4202
216.5534	153.93037	633.88110	632.12122	1.9801	0.4808	0.4822
216.7058	150.45996	568.73358	538.78790	2.0258	0.5359	0.5657
216.8582	149.11595	456.13004	445.45456	2.0440	0.6682	0.6842
217.0106	149.29073	325.16046	346.36365	2.0417	0.9374	0.8800
217.1630	152.35097	237.94266	216.36363	2.0006	1.2810	1.4087
217.3154	156.13077	222.24156	140.00000	1.9522	1.3715	2.1771
217.4678	160.09529	243.21022	190.00000	1.9039	1.2532	1.6042
217.6202	163.79146	284.96606	236.36363	1.8609	1.0696	1.2895
217.7726	164.75230	356.05475	365.45456	1.8501	0.8560	0.8340
217.9250	165.09119	455.02283	438.18182	1.8463	0.6699	0.6956
218.0774	166.00917	535.93561	521.81818	1.8360	0.5687	0.5841
218.2298	166.15819	567.15082	528.18182	1.8344	0.5374	0.5771
218.3822	166.26355	573.27252	523.63635	1.8332	0.5317	0.5821
218.5346	166.39209	573.09113	535.45453	1.8318	0.5319	0.5692
218.6870	166.17215	569.87903	545.45453	1.8342	0.5349	0.5588
218.8394	166.70027	562.84918	536.36365	1.8284	0.5415	0.5683
218.9918	167.03964	553.81873	595.45453	1.8247	0.5504	0.5119
219.1442	166.82570	550.96954	581.81818	1.8271	0.5532	0.5239
219.2966	167.62622	554.24213	610.00000	1.8183	0.5499	0.4997
219.4490	167.52629	559.27234	641.81818	1.8194	0.5450	0.4749
219.6014	167.46675	561.81818	610.00000	1.8201	0.5425	0.4997
219.7538	167.08200	556.48553	590.00000	1.8243	0.5477	0.5166
219.9062	167.14217	555.21167	580.00000	1.8236	0.5490	0.5255
220.0586	168.09262	563.51447	675.45453	1.8133	0.5409	0.4513
220.2110	168.25458	608.90387	660.00000	1.8115	0.5006	0.4618
220.3634	168.02394	645.03021	598.18182	1.8140	0.4725	0.5095
220.5158	167.38373	671.63300	640.00000	1.8210	0.4538	0.4763
220.6682	166.16660	723.14789	710.00000	1.8343	0.4215	0.4293
220.8206	165.25513	746.24268	744.54547	1.8444	0.4084	0.4094
220.9730	164.28145	736.78888	804.54547	1.8554	0.4137	0.3788
221.1254	159.71431	714.97162	828.18182	1.9084	0.4263	0.3680
221.2778	149.72536	640.25031	733.63635	2.0357	0.4761	0.4155
221.4302	142.37001	526.73492	634.54547	2.1409	0.5787	0.4803
221.5826	139.17395	427.03641	463.63635	2.1901	0.7138	0.6574
221.7350	136.23912	377.21320	390.00000	2.2372	0.8080	0.7815
221.8874	135.27534	312.31042	338.18182	2.2532	0.9760	0.9013
222.0398	135.86975	251.15288	290.00000	2.2433	1.2136	1.0510
222.1922	139.95213	217.09407	198.18182	2.1779	1.4040	1.5380
222.3446	150.49176	206.60463	230.00000	2.0254	1.4753	1.3252
222.4970	160.53354	261.93353	290.00000	1.8987	1.1637	1.0510
222.6494	164.74484	345.20654	336.36365	1.8501	0.8829	0.9062
222.8018	166.12444	426.57019	415.45456	1.8348	0.7145	0.7337
222.9542	166.86145	474.72595	554.54547	1.8267	0.6421	0.5496
223.1066	167.11858	496.72559	595.45453	1.8239	0.6136	0.5119
223.2590	167.13475	542.11688	660.00000	1.8237	0.5622	0.4618
223.4114	167.82812	592.17920	676.36365	1.8161	0.5147	0.4506
223.5638	168.10583	601.75867	666.36365	1.8131	0.5065	0.4574
223.7162	167.48216	591.15198	638.18182	1.8199	0.5156	0.4776
223.8686	167.57515	594.48407	560.00000	1.8189	0.5127	0.5443
224.0210	167.46790	587.39557	558.18182	1.8201	0.5189	0.5461
224.1734	167.05260	568.60706	541.81818	1.8246	0.5360	0.5626
224.3258	167.16405	570.54431	534.54547	1.8234	0.5342	0.5702
224.4782	167.23199	612.11682	570.00000	1.8226	0.4979	0.5347
224.6306	166.64388	654.90741	634.54547	1.8291	0.4654	0.4803
224.7830	165.82672	676.05939	674.54547	1.8381	0.4508	0.4519
224.9354	164.55174	685.51501	694.54547	1.8523	0.4446	0.4388
225.0878	161.89026	682.97015	716.36365	1.8828	0.4463	0.4255
225.2402	157.60445	646.06500	613.03027	1.9340	0.4718	0.4972
225.3926	148.22598	554.31104	509.69629	2.0563	0.5499	0.5980
225.5450	134.88625	435.03867	406.36328	2.2597	0.7006	0.7501
225.6974	127.70615	351.51859	340.00000	2.3867	0.8671	0.8965
225.8498	125.57414	315.09259	304.54544	2.4273	0.9673	1.0008
226.0022	125.16586	295.39499	283.63635	2.4352	1.0318	1.0746
226.1546	125.32896	282.84918	268.18182	2.4320	1.0776	1.1365
226.3070	124.82880	275.75787	261.81818	2.4417	1.1053	1.1642
226.4594	125.60754	268.30371	273.63635	2.4266	1.1360	1.1139
226.6118	126.61654	268.96899	280.00000	2.4073	1.1332	1.0886
226.7642	126.30138	275.09073	290.00000	2.4133	1.1080	1.0510
226.9166	126.52698	276.36365	290.00000	2.4090	1.1029	1.0510
227.0690	126.96124	278.30280	290.00000	2.4007	1.0952	1.0510
227.2214	124.83033	278.06085	283.63635	2.4417	1.0962	1.0746
227.3738	120.75272	266.66794	278.18182	2.5242	1.1430	1.0957
227.5262	120.25256	254.78831	266.36365	2.5347	1.1963	1.1443
227.6786	120.02882	244.54639	248.18182	2.5394	1.2464	1.2281
227.8310	118.85223	226.06218	234.54546	2.5645	1.3483	1.2995
227.9834	121.99059	198.48705	191.81818	2.4986	1.5356	1.5890
228.1358	133.24298	203.02780	180.00000	2.2876	1.5013	1.6933
228.2882	148.42082	270.41772	254.54546	2.0536	1.1271	1.1974
228.4406	155.43214	379.50674	510.00000	1.9610	0.8031	0.5976
228.5930	157.05302	460.60294	554.54547	1.9407	0.6617	0.5496
228.7454	159.49889	517.20752	641.81818	1.9110	0.5893	0.4749
228.8978	161.36766	585.51031	681.81818	1.8889	0.5206	0.4470
229.0502	162.50475	650.17767	690.00000	1.8756	0.4688	0.4417
229.2026	160.31734	667.51654	691.81818	1.9012	0.4566	0.4406
229.3550	156.49869	615.52069	691.81824	1.9476	0.4952	0.4406
229.5074	151.23141	524.85541	623.63635	2.0155	0.5807	0.4887
229.6598	148.63739	444.24680	520.00000	2.0506	0.6861	0.5862
229.8122	149.22697	412.12152	454.54544	2.0425	0.7396	0.6706
229.9646	148.58664	414.36307	395.45456	2.0513	0.7356	0.7708
230.1170	148.14780	421.57532	414.54544	2.0574	0.7230	0.7353
230.2694	148.14780	424.54544	428.18182	2.0574	0.7179	0.7118
230.4218	148.14780	424.54544	428.18182	2.0574	0.7179	0.7118
230.5742	148.14780	424.54544	428.18182	2.0574	0.7179	0.7118
230.7266	148.14780	424.54544	428.18182	2.0574	0.7179	0.7118
230.8790	148.14780	424.54544	428.18182	2.0574	0.7179	0.7118
231.0314	148.14780	424.54544	428.18182	2.0574	0.7179	0.7118
231.1838	148.14780	424.54544	428.18182	2.0574	0.7179	0.7118
231.3362	148.14780	424.54544	428.18182	2.0574	0.7179	0.7118
231.4886	148.14780	424.54544	428.18182	2.0574	0.7179	0.7118
231.6410	148.14780	424.54544	428.18182	2.0574	0.7179	0.7118
