HOLE:	U1353C
EXPEDITION:	317
TOP:	0.0736
BOTTOM:	217.8532
DEPTH_WMSF	HSGR	HCGR	HFK	HTHO	HURA	HBHK
m	gAPI	gAPI	%	ppm	ppm	%
0.0736	0.6285	0.7537	0.0364	0.0282	-0.0488	-999.2500
0.2260	1.7336	1.8902	0.0829	0.1205	-0.0806	-999.2500
0.3784	1.8474	2.5752	0.0942	0.2737	-0.1846	-999.2500
0.5308	1.9094	1.9767	0.0802	0.1640	-0.0958	-999.2500
0.6832	1.6767	1.6388	0.0617	0.1639	-0.0677	-999.2500
0.8356	2.1616	1.4971	0.0704	0.0676	0.0132	-999.2500
0.9880	1.8223	0.3652	0.0115	0.0499	0.1698	-999.2500
1.1404	1.6019	0.4755	0.0165	0.0558	0.1454	-999.2500
1.2928	2.4149	0.9058	0.0284	0.1242	0.1925	-999.2500
1.4452	4.5926	2.2354	0.0741	0.2829	0.2859	-999.2500
1.5976	8.6619	4.4989	0.1512	0.5566	0.5519	-999.2500
1.7500	10.4661	5.9874	0.1975	0.7629	0.6113	-999.2500
1.9024	11.8808	7.3629	0.2156	1.0981	0.5736	-999.2500
2.0548	9.7954	6.4247	0.2034	0.8687	0.4556	-999.2500
2.2072	11.1206	8.3073	0.2607	1.1366	0.3804	-999.2500
2.3596	11.2851	8.6087	0.2592	1.2421	0.3728	-999.2500
2.5120	13.7135	11.0209	0.3277	1.6144	0.4100	-999.2500
2.6644	14.5690	12.3543	0.4020	1.6067	0.2867	-999.2500
2.8168	17.3170	14.5570	0.4531	2.0134	0.2874	-999.2500
2.9692	17.3194	14.3873	0.4431	2.0174	0.3216	-999.2500
3.1216	15.8176	12.7426	0.3863	1.8229	0.3619	-999.2500
3.2740	14.2617	11.1712	0.3349	1.6202	0.3541	-999.2500
3.4264	14.3438	11.1904	0.3186	1.7220	0.3794	-999.2500
3.5788	15.7525	11.9129	0.3318	1.8762	0.5386	-999.2500
3.7312	16.4195	12.9014	0.3170	2.2794	0.4638	-999.2500
3.8836	15.4481	12.0819	0.2388	2.4748	0.4509	-999.2500
4.0360	14.5807	11.6515	0.2273	2.4045	0.3995	-999.2500
4.1884	13.3740	10.1567	0.2046	2.0576	0.4408	-999.2500
4.3408	15.0009	12.3099	0.2452	2.5107	0.3694	-999.2500
4.4932	15.7413	13.5589	0.2629	2.8073	0.3396	-999.2500
4.6456	17.2208	15.9424	0.2754	3.4985	0.2457	-999.2500
4.7980	17.3916	16.2656	0.3154	3.3676	0.2461	-999.2500
4.9504	18.8936	16.9243	0.3221	3.5397	0.3370	-999.2500
5.1028	20.8279	18.1657	0.3508	3.7695	0.4318	-999.2500
5.2552	22.1299	19.5848	0.3905	3.9919	0.3724	-999.2500
5.4076	22.4375	19.5965	0.4002	3.9393	0.4603	-999.2500
5.5600	21.4433	17.9476	0.3859	3.4939	0.5546	-999.2500
5.7124	21.1649	18.0288	0.4060	3.4025	0.4925	-999.2500
5.8648	20.9852	19.1234	0.3963	3.8099	0.3386	-999.2500
6.0172	20.5990	18.3959	0.3637	3.7673	0.4400	-999.2500
6.1696	20.7713	17.8444	0.3863	3.4584	0.4986	-999.2500
6.3220	20.3599	16.9072	0.4351	2.8723	0.5592	-999.2500
6.4744	20.4915	17.2190	0.4190	3.0666	0.5396	-999.2500
6.6268	20.1587	18.2039	0.4286	3.3258	0.4427	-999.2500
6.7792	21.0220	18.8546	0.4651	3.3204	0.4227	-999.2500
6.9316	20.4317	18.3302	0.4432	3.2810	0.4308	-999.2500
7.0840	19.8738	15.5113	0.4092	2.5760	0.6839	-999.2500
7.2364	20.2390	16.1985	0.4493	2.5620	0.6107	-999.2500
7.3888	21.4725	15.5908	0.4653	2.2731	0.8996	-999.2500
7.5412	22.2455	14.8654	0.4583	2.0814	1.0864	-999.2500
7.6936	23.9500	16.6854	0.4992	2.4254	1.0306	-999.2500
7.8460	22.4223	15.6158	0.4614	2.3040	0.9771	-999.2500
7.9984	22.1653	14.9121	0.4468	2.1638	1.0090	-999.2500
8.1508	19.4927	13.1643	0.3533	2.1511	0.8698	-999.2500
8.3032	21.1708	12.4717	0.3689	1.8374	1.1029	-999.2500
8.4556	20.7410	12.1803	0.3496	1.8572	1.0960	-999.2500
8.6080	20.5812	10.6421	0.3262	1.5013	1.2166	-999.2500
8.7604	20.5212	12.3904	0.3137	2.1347	0.9732	-999.2500
8.9128	20.5764	11.3230	0.2729	2.0318	1.1743	-999.2500
9.0652	19.1862	11.4734	0.2628	2.1393	0.9670	-999.2500
9.2176	14.5734	8.2687	0.1831	1.5785	0.7556	-999.2500
9.3700	11.1038	5.6121	0.1410	0.9738	0.7162	-999.2500
9.5224	9.0654	5.5271	0.1235	1.0487	0.4571	-999.2500
9.6748	9.8939	5.9438	0.1134	1.2414	0.5071	-999.2500
9.8272	11.3595	7.7489	0.1897	1.3734	0.4272	-999.2500
9.9796	11.1481	8.2427	0.2127	1.3971	0.3807	-999.2500
10.1320	12.8098	8.9543	0.2637	1.3269	0.5528	-999.2500
10.2844	14.7715	10.9461	0.3405	1.5152	0.5368	-999.2500
10.4368	18.4020	13.6715	0.4282	1.8758	0.6238	-999.2500
10.5892	22.1858	16.8418	0.5105	2.4100	0.6163	-999.2500
10.7416	27.0127	21.2164	0.6315	3.1039	0.6097	-999.2500
10.8940	29.9573	24.5576	0.7180	3.6679	0.5122	-999.2500
11.0464	30.2771	23.8203	0.7219	3.4087	0.6618	-999.2500
11.1988	27.6659	21.4279	0.6544	3.0373	0.6581	-999.2500
11.3512	29.4781	22.6073	0.6637	3.3611	0.7888	-999.2500
11.5036	30.3489	23.3695	0.6979	3.4052	0.8008	-999.2500
11.6560	32.7721	26.2965	0.7612	3.9725	0.5983	-999.2500
11.8084	30.9550	24.5084	0.6771	3.8921	0.6499	-999.2500
11.9608	30.9972	24.5436	0.6966	3.7889	0.6354	-999.2500
12.1132	31.8662	24.3733	0.6960	3.7379	0.7678	-999.2500
12.2656	32.8974	23.6146	0.6711	3.6402	1.0233	-999.2500
12.4180	32.9521	23.2576	0.6755	3.5005	1.0904	-999.2500
12.5704	32.6447	23.6276	0.6688	3.6582	0.9976	-999.2500
12.7228	33.7071	24.9045	0.7012	3.8779	0.9680	-999.2500
12.8752	34.4884	24.8650	0.7599	3.5214	1.0348	-999.2500
13.0276	34.8688	24.8889	0.7483	3.5971	1.1112	-999.2500
13.1800	34.7789	25.5569	0.7103	4.0340	1.0851	-999.2500
13.3324	35.8085	28.5445	0.7680	4.6535	0.8336	-999.2500
13.4848	34.3068	28.9290	0.7205	5.0545	0.6007	-999.2500
13.6372	32.0312	27.0874	0.6789	4.7077	0.6053	-999.2500
13.7896	31.3985	28.6614	0.7063	5.0524	0.3108	-999.2500
13.9420	32.1824	30.0406	0.7335	5.3351	0.2373	-999.2500
14.0944	31.3877	29.8602	0.7143	5.3899	0.1610	-999.2500
14.2468	29.7038	28.2348	0.6615	5.1779	0.1521	-999.2500
14.3992	28.7252	27.8532	0.5946	5.4471	0.0892	-999.2500
14.5516	25.7221	25.5629	0.5228	5.1331	-0.0433	-999.2500
14.7040	18.7430	18.8369	0.3918	3.7443	-0.0810	-999.2500
14.8564	10.1215	9.5577	0.2033	1.8731	0.0386	-999.2500
15.0088	4.2608	3.4517	0.0834	0.6182	0.0996	-999.2500
15.1612	2.5062	2.1895	0.0441	0.4436	0.0450	-999.2500
15.3136	2.7325	2.3993	0.0537	0.4547	0.0609	-999.2500
15.4660	3.3878	2.9071	0.0610	0.5749	0.0885	-999.2500
15.6184	4.2393	3.0178	0.0696	0.5601	0.1819	-999.2500
15.7708	5.0641	3.3626	0.0854	0.5777	0.2400	-999.2500
15.9232	5.8629	4.7660	0.1124	0.8694	0.1729	-999.2500
16.0756	7.2490	6.6828	0.1462	1.2864	0.1475	-999.2500
16.2280	9.9128	8.7153	0.1662	1.8204	0.2827	-999.2500
16.3804	14.5444	12.7138	0.2399	2.6710	0.4250	-999.2500
16.5328	20.1207	17.5492	0.3734	3.4396	0.5919	-999.2500
16.6852	25.1071	21.9019	0.5107	4.0310	0.7313	-999.2500
16.8376	28.0740	24.7306	0.5758	4.5565	0.7623	-999.2500
16.9900	28.8033	25.8213	0.5765	4.9022	0.7102	-999.2500
17.1424	28.9111	26.0248	0.6005	4.8268	0.6589	-999.2500
17.2948	28.8125	26.8163	0.6454	4.8174	0.5523	-999.2500
17.4472	29.1207	27.3058	0.6682	4.8404	0.5832	-999.2500
17.5996	29.8171	27.9829	0.6676	5.0610	0.6483	-999.2500
17.7520	30.3131	30.3061	0.6815	5.7247	0.4336	-999.2500
17.9044	30.7452	30.3180	0.6842	5.7123	0.5055	-999.2500
18.0568	31.1546	29.6692	0.6688	5.5945	0.5954	-999.2500
18.2092	31.9503	30.7906	0.7035	5.7506	0.4886	-999.2500
18.3616	33.8087	33.2363	0.7664	6.1665	0.3971	-999.2500
18.5140	36.8671	36.3644	0.8187	6.8626	0.4352	-999.2500
18.6664	40.2501	39.9127	0.8318	7.9232	0.4603	-999.2500
18.8188	39.0872	38.0576	0.8129	7.4394	0.6013	-999.2500
18.9712	34.1978	32.1009	0.7119	6.1216	0.7028	-999.2500
19.1236	27.4508	24.9810	0.5711	4.6637	0.6639	-999.2500
19.2760	22.2918	19.7008	0.4594	3.6251	0.5886	-999.2500
19.4284	21.7246	18.7902	0.4404	3.4445	0.5848	-999.2500
19.5808	26.6102	23.6050	0.5444	4.3795	0.6249	-999.2500
19.7332	36.4623	30.3684	0.7384	5.4113	1.1239	-999.2500
19.8856	46.5877	38.7590	0.9704	6.7424	1.4083	-999.2500
20.0380	52.0777	43.3297	1.1676	7.0527	1.5702	-999.2500
20.1904	51.0208	41.0449	1.1922	6.1768	1.6445	-999.2500
20.3428	49.8265	38.8864	1.1258	5.8736	1.6841	-999.2500
20.4952	49.7887	38.6690	1.0915	6.0046	1.6944	-999.2500
20.6476	51.2022	41.4056	1.1535	6.5188	1.4544	-999.2500
20.8000	50.4374	41.8272	1.1870	6.4575	1.2506	-999.2500
20.9524	48.0091	39.4400	1.1165	6.1054	1.2254	-999.2500
21.1048	48.4295	39.7879	1.1517	6.0106	1.1768	-999.2500
21.2572	50.7747	41.4634	1.2278	6.1023	1.2378	-999.2500
21.4096	53.4802	41.5510	1.2872	5.7829	1.5715	-999.2500
21.5620	51.9766	40.3201	1.2313	5.7154	1.5259	-999.2500
21.7144	51.2372	39.1959	1.1630	5.7553	1.6515	-999.2500
21.8668	52.2108	41.5453	1.2594	5.9434	1.6012	-999.2500
22.0192	50.3089	40.9340	1.2476	5.8164	1.3501	-999.2500
22.1716	48.1955	37.5689	1.1896	5.0775	1.5158	-999.2500
22.3240	48.7021	37.5915	1.1324	5.4201	1.6077	-999.2500
22.4764	50.1813	38.6803	1.0896	6.0192	1.6751	-999.2500
22.6288	50.6210	38.4047	1.0457	6.1877	1.8193	-999.2500
22.7812	49.3015	37.7232	0.9933	6.2759	1.7382	-999.2500
22.9336	49.7968	39.0200	0.9909	6.7058	1.6429	-999.2500
23.0860	51.5922	40.9255	1.0486	6.9786	1.5797	-999.2500
23.2384	53.4033	42.9192	1.1218	7.1891	1.4836	-999.2500
23.3908	52.3321	41.4088	1.0688	7.0157	1.4913	-999.2500
23.5432	52.0432	40.5316	1.0728	6.7110	1.5452	-999.2500
23.6956	52.3614	40.0767	1.0906	6.4609	1.5789	-999.2500
23.8480	54.7196	42.1042	1.1536	6.7417	1.6492	-999.2500
24.0004	53.8690	42.7512	1.2263	6.5238	1.5971	-999.2500
24.1528	51.8973	41.2269	1.2248	6.0439	1.4166	-999.2500
24.3052	52.7218	42.1087	1.2756	6.0288	1.3873	-999.2500
24.4576	53.0487	42.0191	1.3039	5.8347	1.4248	-999.2500
24.6100	51.5970	40.1765	1.2301	5.6760	1.5037	-999.2500
24.7624	48.8154	37.4644	1.1086	5.5181	1.6094	-999.2500
24.9148	48.1071	35.9736	1.0435	5.4212	1.7317	-999.2500
25.0672	47.7507	35.7221	1.0021	5.5836	1.7640	-999.2500
25.2196	45.5830	35.6257	0.9703	5.7389	1.5421	-999.2500
25.3720	44.2921	35.2715	0.9842	5.5438	1.3716	-999.2500
25.5244	45.4683	34.3142	0.9772	5.2780	1.5818	-999.2500
25.6768	48.7139	36.7395	1.0272	5.7626	1.7508	-999.2500
25.8292	50.3146	35.6730	1.0098	5.5231	2.1473	-999.2500
25.9816	51.9730	37.6556	1.0008	6.2110	2.1613	-999.2500
26.1340	52.9360	39.1392	1.0445	6.4309	2.1593	-999.2500
26.2864	53.9142	39.0808	1.0712	6.2557	2.1438	-999.2500
26.4388	51.1153	37.6369	1.0269	6.0524	1.9471	-999.2500
26.5912	47.6215	35.8495	1.0018	5.6264	1.6942	-999.2500
26.7436	43.6113	33.4592	0.9538	5.1411	1.4278	-999.2500
26.8960	39.6339	30.6249	0.8760	4.6877	1.2348	-999.2500
27.0484	36.6091	27.9237	0.7968	4.2856	1.2456	-999.2500
27.2008	34.0402	26.1499	0.7173	4.1825	1.2623	-999.2500
27.3532	32.4435	25.3137	0.6866	4.0943	1.1644	-999.2500
27.5056	31.5151	24.7463	0.6769	3.9694	1.0794	-999.2500
27.6580	31.0379	24.5694	0.6789	3.9008	1.0195	-999.2500
27.8104	30.8806	25.6937	0.7021	4.1254	0.8815	-999.2500
27.9628	31.6115	25.3340	0.7445	3.7618	0.9784	-999.2500
28.1152	31.6556	24.3009	0.7455	3.4250	1.0923	-999.2500
28.2676	31.5213	24.0951	0.7232	3.4893	1.1230	-999.2500
28.4200	30.5570	23.9410	0.6742	3.7268	1.0664	-999.2500
28.5724	26.9519	20.7893	0.5732	3.3078	1.0143	-999.2500
28.7248	22.9415	17.3467	0.4431	2.9662	0.9461	-999.2500
28.8772	19.3399	14.4638	0.3469	2.6052	0.8624	-999.2500
29.0296	17.4313	12.7811	0.2902	2.3979	0.8182	-999.2500
29.1820	16.8853	12.1581	0.2593	2.3787	0.7731	-999.2500
29.3344	15.7592	11.6736	0.2218	2.4434	0.5915	-999.2500
29.4868	17.8338	13.2824	0.2724	2.6624	0.6400	-999.2500
29.6392	18.8479	13.8086	0.2746	2.8182	0.6734	-999.2500
29.7916	23.3354	17.2800	0.3236	3.6441	0.7879	-999.2500
29.9440	24.5257	18.0904	0.3354	3.8347	0.8378	-999.2500
30.0964	26.2428	21.0348	0.4119	4.3308	0.6438	-999.2500
30.2488	26.1525	21.2640	0.4710	4.0582	0.6061	-999.2500
30.4012	25.3447	21.6808	0.4899	4.0817	0.4556	-999.2500
30.5536	24.1605	21.3316	0.4970	3.9281	0.3065	-999.2500
30.7060	23.8932	20.5629	0.4820	3.7693	0.3406	-999.2500
30.8584	25.5683	21.7026	0.5274	3.8690	0.4135	-999.2500
31.0108	26.5352	21.8150	0.5334	3.8702	0.5267	-999.2500
31.1632	25.6255	21.7554	0.5220	3.9173	0.4744	-999.2500
31.3156	23.5461	20.5684	0.5030	3.6484	0.3816	-999.2500
31.4680	23.8075	20.5441	0.5060	3.6228	0.4320	-999.2500
31.6204	25.9938	21.6551	0.5481	3.7328	0.5625	-999.2500
31.7728	29.2255	24.3712	0.5975	4.3139	0.6760	-999.2500
31.9252	32.0505	27.9774	0.7171	4.7697	0.6261	-999.2500
32.0776	33.0730	28.4226	0.7830	4.5265	0.6606	-999.2500
32.2300	30.4599	25.8270	0.7164	4.0848	0.6782	-999.2500
32.3824	28.3409	23.7751	0.6676	3.7125	0.6732	-999.2500
32.5348	27.9676	22.6451	0.6431	3.4939	0.8659	-999.2500
32.6872	27.2265	22.8000	0.6590	3.4507	0.7854	-999.2500
32.8396	27.7729	23.0623	0.6709	3.4653	0.7609	-999.2500
32.9920	24.7578	20.7479	0.6068	3.0984	0.6791	-999.2500
33.1444	24.1161	21.8774	0.6474	3.2229	0.3411	-999.2500
33.2968	21.4709	19.3497	0.5618	2.9137	0.3300	-999.2500
33.4492	22.0526	19.5739	0.5574	3.0113	0.3670	-999.2500
33.6016	22.9905	19.0300	0.5202	3.0549	0.5710	-999.2500
33.7540	22.3087	17.4112	0.4413	2.9981	0.7086	-999.2500
33.9064	22.0059	16.6277	0.4318	2.8026	0.7745	-999.2500
34.0588	22.0948	16.8921	0.4123	3.0014	0.7211	-999.2500
34.2112	24.0634	19.5375	0.4886	3.4021	0.5470	-999.2500
34.3636	26.4095	20.7138	0.5344	3.5110	0.6919	-999.2500
34.5160	26.8394	19.9875	0.5351	3.2744	0.9079	-999.2500
34.6684	25.5182	18.9697	0.5189	3.0428	0.8409	-999.2500
34.8208	21.9940	16.7202	0.4499	2.7256	0.7634	-999.2500
34.9732	20.3302	15.2771	0.4130	2.4790	0.7328	-999.2500
35.1256	20.9685	15.0275	0.4116	2.4074	0.8672	-999.2500
35.2780	21.6603	15.4043	0.4507	2.2993	0.8136	-999.2500
35.4304	21.8863	17.5164	0.5012	2.6803	0.6392	-999.2500
35.5828	21.9621	18.4788	0.5266	2.8400	0.5346	-999.2500
35.7352	22.7275	18.5733	0.5388	2.7990	0.6017	-999.2500
35.8876	22.3989	18.7465	0.5139	3.0002	0.5366	-999.2500
36.0400	23.4878	21.1924	0.5685	3.4646	0.2993	-999.2500
36.1924	23.8351	22.5153	0.5807	3.8173	0.1520	-999.2500
36.3448	24.6144	23.1655	0.6164	3.8169	0.1706	-999.2500
36.4972	24.3012	21.8055	0.5872	3.5520	0.2841	-999.2500
36.6496	23.1393	19.8406	0.5425	3.1840	0.3858	-999.2500
36.8020	22.8116	20.1249	0.5569	3.1908	0.2937	-999.2500
36.9544	21.9499	19.1437	0.5130	3.1331	0.3435	-999.2500
37.1068	21.5753	17.9225	0.5042	2.7930	0.3815	-999.2500
37.2592	20.6444	17.6171	0.4855	2.8047	0.3070	-999.2500
37.4116	18.0775	15.2351	0.4259	2.3901	0.3330	-999.2500
37.5640	17.7339	14.0027	0.4116	2.0788	0.4888	-999.2500
37.7164	16.4916	11.3065	0.3360	1.6572	0.7197	-999.2500
37.8688	16.9434	10.5412	0.3161	1.5280	0.9108	-999.2500
38.0212	17.3835	9.5187	0.2597	1.5307	1.1787	-999.2500
38.1736	18.7457	10.8415	0.2755	1.8622	1.2246	-999.2500
38.3260	17.7968	11.0410	0.2563	2.0382	1.1235	-999.2500
38.4784	16.5958	10.4206	0.2579	1.8299	1.0606	-999.2500
38.6308	15.0270	10.0536	0.2554	1.7271	0.8952	-999.2500
38.7832	15.2966	10.0767	0.2819	1.5791	0.9066	-999.2500
38.9356	14.9699	9.9728	0.2918	1.4885	0.8634	-999.2500
39.0880	15.1533	10.5058	0.2934	1.6497	0.8452	-999.2500
39.2404	15.0110	11.3150	0.2964	1.8912	0.7028	-999.2500
39.3928	14.2123	11.0769	0.2751	1.9399	0.6067	-999.2500
39.5452	13.9062	11.1876	0.2720	1.9937	0.5614	-999.2500
39.6976	14.3579	11.7053	0.2974	2.0105	0.5196	-999.2500
39.8500	15.1682	11.7626	0.3054	1.9819	0.5899	-999.2500
40.0024	16.2461	12.8237	0.3606	1.9989	0.5699	-999.2500
40.1548	17.2843	12.7941	0.3661	1.9575	0.6746	-999.2500
40.3072	17.7720	12.1693	0.3512	1.8443	0.8134	-999.2500
40.4596	16.8656	11.2731	0.2972	1.8731	0.8267	-999.2500
40.6120	15.6875	10.0881	0.2103	2.0020	0.8686	-999.2500
40.7644	15.8082	9.9455	0.2075	1.9727	0.8825	-999.2500
40.9168	16.2865	9.8922	0.2003	1.9978	0.9424	-999.2500
41.0692	16.8091	10.0658	0.2130	1.9793	1.0010	-999.2500
41.2216	15.5894	8.9537	0.1948	1.7291	0.9515	-999.2500
41.3740	14.9422	9.4751	0.2024	1.8521	0.7975	-999.2500
41.5264	14.1924	9.5202	0.1935	1.9188	0.7363	-999.2500
41.6788	15.2999	10.6143	0.1889	2.2965	0.7674	-999.2500
41.8312	15.8325	12.5208	0.2113	2.7760	0.5922	-999.2500
41.9836	15.3926	12.2979	0.1953	2.7987	0.5605	-999.2500
42.1360	14.5646	11.4827	0.1800	2.6266	0.5366	-999.2500
42.2884	13.9362	11.2557	0.2071	2.3956	0.4348	-999.2500
42.4408	14.5844	12.4617	0.2507	2.5265	0.3465	-999.2500
42.5932	14.6609	13.0221	0.2562	2.6740	0.3126	-999.2500
42.7456	14.7738	13.4591	0.2528	2.8340	0.2651	-999.2500
42.8980	14.8197	14.2585	0.2725	2.9751	0.1363	-999.2500
43.0504	15.3591	14.4571	0.2547	3.1431	0.1502	-999.2500
43.2028	16.4875	14.9842	0.2620	3.2690	0.2002	-999.2500
43.3552	16.7146	14.5337	0.2794	3.0227	0.2732	-999.2500
43.5076	16.1855	13.9777	0.2783	2.8510	0.2842	-999.2500
43.6600	15.1546	14.3271	0.2827	2.9373	0.1344	-999.2500
43.8124	14.6300	14.1048	0.2747	2.9133	0.1314	-999.2500
43.9648	14.7108	13.8572	0.2786	2.8106	0.1905	-999.2500
44.1172	14.8716	13.6115	0.2786	2.7320	0.2654	-999.2500
44.2696	15.5391	13.9076	0.3009	2.6964	0.2949	-999.2500
44.4220	16.4290	15.1315	0.3187	2.9846	0.2587	-999.2500
44.5744	17.0013	14.6087	0.2786	3.0518	0.4416	-999.2500
44.7268	16.4634	12.6868	0.2451	2.6319	0.6466	-999.2500
44.8792	15.3830	11.8691	0.2388	2.4062	0.6057	-999.2500
45.0316	14.8452	12.0637	0.2215	2.5699	0.5108	-999.2500
45.1840	15.3835	11.9046	0.2066	2.6067	0.6330	-999.2500
45.3364	15.9082	10.6282	0.1922	2.2813	0.8400	-999.2500
45.4888	15.7364	10.0929	0.1886	2.1308	0.8605	-999.2500
45.6412	14.7660	9.4674	0.1871	1.9393	0.7946	-999.2500
45.7936	14.7107	9.5938	0.2026	1.8889	0.7385	-999.2500
45.9460	14.3272	9.3793	0.2061	1.7999	0.7217	-999.2500
46.0984	13.9823	8.3053	0.2147	1.4054	0.8030	-999.2500
46.2508	13.8019	8.2547	0.2375	1.2556	0.7688	-999.2500
46.4032	13.8084	8.9663	0.2530	1.3931	0.6921	-999.2500
46.5556	14.1785	9.6843	0.2437	1.6776	0.6681	-999.2500
46.7080	14.6829	9.7629	0.2326	1.7681	0.7374	-999.2500
46.8604	15.4451	9.9033	0.2264	1.8490	0.8173	-999.2500
47.0128	15.8582	10.9105	0.2324	2.1370	0.7495	-999.2500
47.1652	16.4899	11.3418	0.2365	2.2509	0.7763	-999.2500
47.3176	17.5113	11.3070	0.2338	2.2554	0.9216	-999.2500
47.4700	18.0970	10.7860	0.2194	2.1727	1.0952	-999.2500
47.6224	15.9034	9.4135	0.1887	1.9128	0.9850	-999.2500
47.7748	13.2704	9.0548	0.1906	1.7864	0.6710	-999.2500
47.9272	13.0720	9.6057	0.2089	1.8563	0.5967	-999.2500
48.0796	14.6021	10.6338	0.2399	2.0040	0.6778	-999.2500
48.2320	16.2580	10.9647	0.2923	1.8035	0.8100	-999.2500
48.3844	16.6646	11.1157	0.3289	1.6376	0.8194	-999.2500
48.5368	16.8154	11.8841	0.3496	1.7627	0.7310	-999.2500
48.6892	16.1554	11.5610	0.3461	1.6795	0.6816	-999.2500
48.8416	15.1238	10.6614	0.3169	1.5625	0.6590	-999.2500
48.9940	14.5885	9.7208	0.2835	1.4562	0.6858	-999.2500
49.1464	14.8568	9.9188	0.2861	1.5044	0.6751	-999.2500
49.2988	15.7202	10.1823	0.3072	1.4655	0.7225	-999.2500
49.4512	15.8368	9.1475	0.2675	1.3662	0.8587	-999.2500
49.6036	15.4058	8.4571	0.2339	1.3417	0.8730	-999.2500
49.7560	15.1626	8.6261	0.2408	1.3552	0.8114	-999.2500
49.9084	15.3713	9.6270	0.2472	1.6388	0.7654	-999.2500
50.0608	15.7956	10.3012	0.2597	1.7817	0.7558	-999.2500
50.2132	15.1650	9.8447	0.2589	1.6402	0.7269	-999.2500
50.3656	14.4168	9.3393	0.2486	1.5381	0.7083	-999.2500
50.5180	14.7460	9.6418	0.2460	1.6503	0.7444	-999.2500
50.6704	14.8841	10.9494	0.2550	2.0169	0.6293	-999.2500
50.8228	15.0924	11.3550	0.2492	2.1805	0.6232	-999.2500
50.9752	14.7289	11.4047	0.2250	2.3382	0.6007	-999.2500
51.1276	14.8456	11.8567	0.2092	2.5757	0.5525	-999.2500
51.2800	14.3602	11.5325	0.2199	2.4089	0.4980	-999.2500
51.4324	14.3397	11.7166	0.2360	2.3737	0.4619	-999.2500
51.5848	15.2269	13.0654	0.2721	2.5951	0.4070	-999.2500
51.7372	16.4939	14.2369	0.2820	2.9122	0.4270	-999.2500
51.8896	16.9080	14.6238	0.2850	3.0187	0.4350	-999.2500
52.0420	16.2124	13.9713	0.2844	2.8133	0.4100	-999.2500
52.1944	15.2823	13.6151	0.2913	2.6587	0.2758	-999.2500
52.3468	13.8462	11.9114	0.2782	2.1894	0.2541	-999.2500
52.4992	13.0073	10.9921	0.2654	1.9694	0.2778	-999.2500
52.6516	11.5657	8.8828	0.2294	1.5040	0.3318	-999.2500
52.8040	10.9196	7.9666	0.2334	1.1873	0.3536	-999.2500
52.9564	10.4913	7.8639	0.2269	1.1926	0.3380	-999.2500
53.1088	11.3083	8.3776	0.2330	1.3212	0.3763	-999.2500
53.2612	12.3890	8.7001	0.2473	1.3408	0.4625	-999.2500
53.4136	13.5220	8.6114	0.2635	1.2176	0.6232	-999.2500
53.5660	13.8293	8.1545	0.2474	1.1651	0.7283	-999.2500
53.7184	14.3333	8.6227	0.2393	1.3629	0.7105	-999.2500
53.8708	13.4514	8.0546	0.2054	1.3789	0.6952	-999.2500
54.0232	13.3674	8.1942	0.2034	1.4358	0.7079	-999.2500
54.1756	12.3740	8.0344	0.2004	1.4017	0.6058	-999.2500
54.3280	11.3370	8.3494	0.2058	1.4713	0.4472	-999.2500
54.4804	10.4876	8.1785	0.2118	1.3814	0.4035	-999.2500
54.6328	10.0183	6.6050	0.1751	1.0916	0.5693	-999.2500
54.7852	10.5520	5.8284	0.1477	1.0036	0.7598	-999.2500
54.9376	9.9683	4.9247	0.1225	0.8613	0.7768	-999.2500
55.0900	10.1032	5.5451	0.1265	1.0366	0.7184	-999.2500
55.2424	10.2875	6.2928	0.1449	1.1689	0.6566	-999.2500
55.3948	12.0368	7.1091	0.1451	1.4294	0.8324	-999.2500
55.5472	13.0776	7.3342	0.1607	1.4101	0.9780	-999.2500
55.6996	12.9843	7.6021	0.1669	1.4598	0.9457	-999.2500
55.8520	11.8155	6.7959	0.1656	1.2087	0.8616	-999.2500
56.0044	10.5440	5.1278	0.1123	0.9861	0.9095	-999.2500
56.1568	10.5836	5.1769	0.0915	1.1235	0.8860	-999.2500
56.3092	11.6780	7.4731	0.1111	1.7449	0.7064	-999.2500
56.4616	14.6415	10.5727	0.2049	2.1892	0.6669	-999.2500
56.6140	15.1702	10.9094	0.2011	2.3194	0.7402	-999.2500
56.7664	14.7071	10.3369	0.1587	2.3840	0.7166	-999.2500
56.9188	11.8027	8.5643	0.1259	2.0081	0.5148	-999.2500
57.0712	11.7356	8.2229	0.1329	1.8577	0.5479	-999.2500
57.2236	11.9486	8.8240	0.1477	1.9635	0.4698	-999.2500
57.3760	12.2323	8.8730	0.1607	1.9032	0.5225	-999.2500
57.5284	10.8146	8.2255	0.1182	1.9443	0.4355	-999.2500
57.6808	10.1893	7.9271	0.1170	1.8560	0.3762	-999.2500
57.8332	10.3654	7.8431	0.1249	1.7827	0.4100	-999.2500
57.9856	11.0165	7.7707	0.1571	1.5710	0.5339	-999.2500
58.1380	10.9122	8.3078	0.1398	1.8444	0.5447	-999.2500
58.2904	11.2995	9.3274	0.1663	2.0162	0.4567	-999.2500
58.4428	10.9741	9.0851	0.1995	1.7439	0.4691	-999.2500
58.5952	11.7150	9.0293	0.2155	1.6327	0.5942	-999.2500
58.7476	11.5686	9.1055	0.2332	1.5536	0.5767	-999.2500
58.9000	12.1109	9.2153	0.2836	1.2933	0.6674	-999.2500
59.0524	12.3828	8.7472	0.2731	1.2053	0.7612	-999.2500
59.2048	11.7625	8.4245	0.2536	1.2156	0.6578	-999.2500
59.3572	11.4776	8.7443	0.2701	1.2220	0.5413	-999.2500
59.5096	10.6062	7.8133	0.2563	1.0039	0.5566	-999.2500
59.6620	11.1098	8.1739	0.2785	0.9895	0.5947	-999.2500
59.8144	12.0226	8.3070	0.2796	1.0259	0.6541	-999.2500
59.9668	12.7583	8.2597	0.2655	1.0937	0.7692	-999.2500
60.1192	12.8547	7.5963	0.2371	1.0470	0.9151	-999.2500
60.2716	12.9070	7.4452	0.2364	1.0023	0.9438	-999.2500
60.4240	12.7657	7.5548	0.2377	1.0302	0.8820	-999.2500
60.5764	12.5266	7.6950	0.1832	1.3940	0.8104	-999.2500
60.7288	12.4708	8.1024	0.2086	1.3760	0.6907	-999.2500
60.8812	11.1791	6.5012	0.1719	1.0775	0.7372	-999.2500
61.0336	11.2799	7.3456	0.1876	1.2563	0.6670	-999.2500
61.1860	10.9138	7.5980	0.1738	1.4178	0.5835	-999.2500
61.3384	12.4095	8.0243	0.1832	1.4997	0.7425	-999.2500
61.4908	11.6161	7.0421	0.1934	1.1250	0.7597	-999.2500
61.6432	10.6130	7.4095	0.2131	1.1275	0.5538	-999.2500
61.7956	8.8785	6.2324	0.1833	0.9246	0.4044	-999.2500
61.9480	9.7321	7.1321	0.1853	1.2012	0.4223	-999.2500
62.1004	10.4094	7.1486	0.1852	1.2068	0.5448	-999.2500
62.2528	11.2138	7.7967	0.2232	1.1924	0.5820	-999.2500
62.4052	10.0599	7.0178	0.1721	1.2413	0.5651	-999.2500
62.5576	10.6425	7.8282	0.2244	1.1950	0.5406	-999.2500
62.7100	9.9214	7.0426	0.1878	1.1576	0.5156	-999.2500
62.8624	9.0373	7.2838	0.1974	1.1791	0.3146	-999.2500
63.0148	8.4060	6.1174	0.1627	1.0082	0.3698	-999.2500
63.1672	9.7678	7.6288	0.1776	1.4052	0.3846	-999.2500
63.3196	11.5039	8.5034	0.1921	1.6008	0.4982	-999.2500
63.4720	12.8683	10.1481	0.2479	1.8013	0.4925	-999.2500
63.6244	12.7607	9.4460	0.2657	1.4721	0.5171	-999.2500
63.7768	14.2034	11.5627	0.3142	1.8667	0.4233	-999.2500
63.9292	14.9577	11.7778	0.3151	1.9306	0.4851	-999.2500
64.0816	15.7113	12.6310	0.3517	1.9899	0.4824	-999.2500
64.2340	16.1714	13.2759	0.3636	2.1269	0.4695	-999.2500
64.3864	15.4922	12.1289	0.3428	1.8806	0.5332	-999.2500
64.5388	15.5339	11.2264	0.3284	1.6759	0.7028	-999.2500
64.6912	15.8566	11.9543	0.3384	1.8505	0.6267	-999.2500
64.8436	15.5829	11.9138	0.3394	1.8315	0.5648	-999.2500
64.9960	15.6097	12.0503	0.3786	1.6457	0.5249	-999.2500
65.1484	15.3290	11.6068	0.3696	1.5563	0.5133	-999.2500
65.3008	15.5757	12.1239	0.3834	1.6413	0.4719	-999.2500
65.4532	14.8682	11.5678	0.3592	1.6048	0.4387	-999.2500
65.6056	13.8791	10.8266	0.3244	1.5708	0.4169	-999.2500
65.7580	13.7582	10.8945	0.3128	1.6606	0.4007	-999.2500
65.9104	13.5437	10.6357	0.2938	1.6891	0.3919	-999.2500
66.0628	12.6311	10.2760	0.2843	1.6296	0.3165	-999.2500
66.2152	11.7290	10.0574	0.2776	1.5983	0.2233	-999.2500
66.3676	11.9705	10.2811	0.2872	1.6145	0.2441	-999.2500
66.5200	13.1009	11.2056	0.3317	1.6502	0.3102	-999.2500
66.6724	13.3251	11.3105	0.3225	1.7380	0.3474	-999.2500
66.8248	12.3866	10.3559	0.2529	1.8392	0.4053	-999.2500
66.9772	11.4134	9.4405	0.2117	1.7870	0.4391	-999.2500
67.1296	10.6619	8.7117	0.1936	1.6594	0.4621	-999.2500
67.2820	11.3537	9.3712	0.2340	1.6343	0.4966	-0.2509
67.4344	11.8379	9.4288	0.2361	1.6407	0.5475	-0.2509
67.5868	12.4508	10.0399	0.2583	1.7066	0.5525	-0.2509
67.7392	12.3621	9.7142	0.2344	1.7425	0.6100	-0.2509
67.8916	12.4060	9.3097	0.2234	1.6771	0.6559	-0.2509
68.0440	12.0572	9.5918	0.2289	1.7357	0.5524	-0.2509
68.1964	11.1133	8.4479	0.1749	1.6847	0.5212	-0.2509
68.3488	11.0259	8.9538	0.1658	1.9002	0.4756	-0.2509
68.5012	11.9073	9.7886	0.1834	2.0650	0.4947	-0.2509
68.6536	13.1220	11.6418	0.2420	2.3164	0.4233	-0.2509
68.8060	13.3224	11.7261	0.2457	2.3214	0.4339	-0.2509
68.9584	13.2369	11.2836	0.2163	2.3518	0.4559	-0.2509
69.1108	13.1586	11.2310	0.2383	2.2062	0.4445	-0.2509
69.2632	13.4175	10.7814	0.2246	2.1419	0.5528	-0.2509
69.4156	13.2525	10.8206	0.2403	2.0629	0.4882	-0.2509
69.5680	12.7647	10.4680	0.2398	1.9526	0.4899	-0.2509
69.7204	12.4522	9.8547	0.2222	1.8592	0.5308	-0.2509
69.8728	11.9498	9.7530	0.2283	1.7908	0.4759	-0.2509
70.0252	11.8933	9.3451	0.2272	1.6662	0.5050	-0.2509
70.1776	11.9554	9.0374	0.2225	1.5953	0.5603	-0.2509
70.3300	11.9255	8.7010	0.2260	1.4668	0.5876	-0.2509
70.4824	12.2653	8.9455	0.2186	1.5887	0.5859	-0.2509
70.6348	12.6304	9.4177	0.2252	1.7014	0.5531	-0.2509
70.7872	13.3219	9.7987	0.2363	1.7588	0.5763	-0.2509
70.9396	13.5852	9.8481	0.2310	1.8055	0.5761	-0.2509
71.0920	14.4256	10.4651	0.2352	1.9789	0.6046	-0.2509
71.2444	15.0822	10.7656	0.2307	2.1012	0.6512	-0.2509
71.3968	15.0454	10.4302	0.2245	2.0302	0.6642	-0.2509
71.5492	14.8314	10.4529	0.2291	2.0103	0.6306	-0.2509
71.7016	13.9770	10.3446	0.2138	2.0651	0.5320	-0.2509
71.8540	13.9991	10.4429	0.2084	2.1287	0.5036	-0.2509
72.0064	13.5053	10.0635	0.1997	2.0575	0.4743	-0.2509
72.1588	13.0862	9.6762	0.1898	1.9914	0.4888	-0.2509
72.3112	13.0210	9.7204	0.2030	1.9281	0.4659	-0.2509
72.4636	13.4296	9.8157	0.1945	2.0086	0.5114	-0.2509
72.6160	13.6007	10.4385	0.2080	2.1294	0.4669	-0.2509
72.7684	13.7534	10.4860	0.2197	2.0764	0.5014	-0.2509
72.9208	12.4752	9.3346	0.2008	1.8178	0.4561	-0.2509
73.0732	12.4614	9.9813	0.2088	1.9781	0.3643	-0.2509
73.2256	12.3123	9.8706	0.1983	2.0040	0.3742	-0.2509
73.3780	12.9953	8.8276	0.1741	1.8114	0.6240	-0.2509
73.5304	12.3944	8.3377	0.1808	1.6147	0.6028	-0.2509
73.6828	11.7353	8.5802	0.1485	1.8818	0.5135	-0.2509
73.8352	11.7331	8.4003	0.1373	1.8897	0.5055	-0.2509
73.9876	12.4185	8.9478	0.1374	2.0650	0.5295	-0.2509
74.1400	13.6572	10.6104	0.1474	2.5393	0.5014	-0.4397
74.2924	13.9897	10.5300	0.1654	2.4083	0.5293	-0.2370
74.4448	14.0781	10.9086	0.1776	2.4582	0.4982	-0.2076
74.5972	12.9618	9.3087	0.1565	2.0686	0.5219	-0.2076
74.7496	13.0098	9.0674	0.1326	2.1309	0.5601	-0.2076
74.9020	13.9756	9.2544	0.1340	2.1831	0.6692	-0.2076
75.0544	14.8101	10.9677	0.2049	2.3174	0.5354	-0.2076
75.2068	15.1683	12.0724	0.2597	2.3505	0.4686	-0.2076
75.3592	13.8430	10.6254	0.2672	1.8430	0.4549	-0.2076
75.5116	12.7626	10.1011	0.2766	1.6198	0.3598	-0.2076
75.6640	12.8979	10.0128	0.2841	1.5476	0.3839	-0.2076
75.8164	13.3464	9.3857	0.3033	1.2337	0.5347	-0.2076
75.9688	13.8529	9.2348	0.3129	1.1293	0.6630	-0.2076
76.1212	13.2875	8.1343	0.2723	1.0141	0.7703	-0.2076
76.2736	12.6015	7.3487	0.2347	0.9821	0.8174	-0.2076
76.4260	12.6392	7.5408	0.2372	1.0295	0.8185	-0.2076
76.5784	12.8778	7.6598	0.2435	1.0306	0.8355	-0.2076
76.7308	13.4611	7.8189	0.2177	1.2328	0.9091	-0.2076
76.8832	13.6938	7.3127	0.1629	1.3911	1.0101	-0.2076
77.0356	13.2442	6.6641	0.1208	1.4293	1.0228	-0.2076
77.1880	12.4655	5.7620	0.0933	1.3014	1.0469	-0.2076
77.3404	11.8674	5.0514	0.0792	1.1561	1.0551	-0.2076
77.4928	11.9137	5.8644	0.0848	1.3842	0.9557	-0.2076
77.6452	11.7436	6.4951	0.0848	1.5860	0.8004	-0.2076
77.7976	11.9649	6.7515	0.0774	1.7115	0.7976	-0.2076
77.9500	11.9198	7.0272	0.0811	1.7785	0.7381	-0.2076
78.1024	11.3115	6.9019	0.0876	1.7002	0.6893	-0.2076
78.2548	11.2882	6.9848	0.0907	1.7089	0.6718	-0.2076
78.4072	10.5341	6.5405	0.1000	1.5119	0.6082	-0.2076
78.5596	10.1700	5.7701	0.1129	1.1894	0.6497	-0.2076
78.7120	9.6070	4.9872	0.1047	0.9860	0.6588	-0.2076
78.8644	9.4587	5.0415	0.1140	0.9490	0.6208	-0.2076
79.0168	10.7455	6.7687	0.1405	1.3477	0.5953	-0.2076
79.1692	11.4591	5.8338	0.1307	1.1057	0.7867	-0.2076
79.3216	11.9454	5.2293	0.1174	0.9897	0.9982	-0.2076
79.4740	11.6383	5.3385	0.1464	0.8545	0.8976	-0.2076
79.6264	11.3651	5.4417	0.1576	0.8222	0.8270	-0.2076
79.7788	12.2667	5.4872	0.1796	0.7078	0.9176	-0.2076
79.9312	12.4564	4.9326	0.1755	0.5543	1.0187	-0.2076
80.0836	12.7726	5.0525	0.1716	0.6154	1.0688	-0.2076
80.2360	12.3218	5.5897	0.1674	0.8124	0.9454	-0.2076
80.3884	13.1472	6.7033	0.1736	1.1329	0.9190	-0.2076
80.5408	13.2382	6.9068	0.1810	1.1549	0.9161	-0.2076
80.6932	13.6834	6.6446	0.1897	1.0198	1.0135	-0.2076
80.8456	14.1067	6.9085	0.1988	1.0512	1.0377	-0.2076
80.9980	14.7421	7.8213	0.2136	1.2576	0.9952	-0.2076
81.1504	15.1479	8.1226	0.2028	1.4173	1.0090	-0.2076
81.3028	14.6672	7.7704	0.1734	1.4762	1.0068	-0.2076
81.4552	14.6882	7.9565	0.1691	1.5610	0.9869	-0.2076
81.6076	14.2860	8.2109	0.1654	1.6648	0.8988	-0.2076
81.7600	14.2260	8.6746	0.1642	1.8201	0.8357	-0.2076
81.9124	14.0402	8.3403	0.1468	1.8147	0.8497	-0.2076
82.0648	13.6614	7.7770	0.1393	1.6785	0.8809	-0.2076
82.2172	13.1605	7.1025	0.1408	1.4533	0.8932	-0.2076
82.3696	12.8899	6.6466	0.1234	1.4088	0.8977	-0.2076
82.5220	13.0285	6.0652	0.1026	1.3440	0.9684	-0.2076
82.6744	14.1056	6.2883	0.1158	1.3381	1.0677	-0.2076
82.8268	14.5900	6.1502	0.1084	1.3374	1.1319	-0.2076
82.9792	14.3564	5.8453	0.0911	1.3408	1.1664	-0.2076
83.1316	13.9317	5.6792	0.0850	1.3234	1.1178	-0.2076
83.2840	13.7824	6.3083	0.0832	1.5356	1.0104	-0.2076
83.4364	12.7933	5.4478	0.0731	1.3191	1.0040	-0.2076
83.5888	10.6140	4.3108	0.0879	0.8678	0.8176	-0.2076
83.7412	7.8862	3.1908	0.0651	0.6420	0.5891	-0.2076
83.8936	5.9126	2.3361	0.0399	0.5154	0.4276	-0.2076
84.0460	5.2515	2.0680	0.0276	0.5014	0.3651	-0.2076
84.1984	5.1680	2.4643	0.0309	0.6093	0.3057	-0.2076
84.3508	5.8973	3.8233	0.0339	1.0276	0.2569	-0.2076
84.5032	6.5273	4.9449	0.0352	1.3796	0.2336	-0.2076
84.6556	6.4514	5.0395	0.0284	1.4497	0.2263	-0.2076
84.8080	6.5470	5.3235	0.0368	1.4917	0.2215	-0.2076
84.9604	7.1287	6.0525	0.0492	1.6528	0.2337	-0.2076
85.1128	8.3928	7.2529	0.0577	1.9880	0.2531	-0.2076
85.2652	9.6221	8.1852	0.0597	2.2750	0.2993	-0.2076
85.4176	10.2848	8.4829	0.0548	2.3991	0.3705	-0.2076
85.5700	10.8986	9.0757	0.0685	2.5091	0.3901	-0.2076
85.7224	10.9343	9.4912	0.0928	2.5003	0.3495	-0.2076
85.8748	10.7550	9.7967	0.1131	2.4793	0.2996	-0.2076
86.0272	10.9380	9.9275	0.1351	2.3922	0.3101	-0.2076
86.1796	11.0381	8.9708	0.1372	2.0732	0.4310	-0.2076
86.3320	11.3298	7.8410	0.1368	1.7136	0.6034	-0.2076
86.4844	11.0145	7.3737	0.1550	1.4568	0.5591	-0.2076
86.6368	11.4995	7.2466	0.1529	1.4284	0.6269	-0.2076
86.7892	11.9468	6.8237	0.1507	1.3058	0.7698	-0.2076
86.9416	12.1096	7.5752	0.1555	1.5184	0.6528	-0.2076
87.0940	10.6781	6.5488	0.1405	1.2774	0.5476	-0.2076
87.2464	10.2691	6.1872	0.1544	1.0800	0.5175	-0.2076
87.3988	10.5555	5.8786	0.1518	0.9963	0.6337	-0.2076
87.5512	10.9380	5.3126	0.1746	0.6812	0.7390	-0.2076
87.7036	11.5535	5.9603	0.1441	1.0673	0.7746	-0.2076
87.8560	10.9692	5.7477	0.1323	1.0682	0.6893	-0.2076
88.0084	10.5096	6.3588	0.1507	1.1570	0.5330	-0.2076
88.1608	10.0157	6.6671	0.1485	1.2682	0.4609	-0.2076
88.3132	10.4201	7.3883	0.1560	1.4557	0.4468	-0.2076
88.4656	11.7327	8.9628	0.2115	1.6355	0.3778	-0.2076
88.6180	12.6637	9.3502	0.2554	1.5030	0.4232	-0.2076
88.7704	12.6139	9.1772	0.2639	1.3979	0.4787	-0.2076
88.9228	11.8851	8.4661	0.2258	1.3924	0.5041	-0.2076
89.0752	10.8426	8.0100	0.1890	1.4618	0.4120	-0.2076
89.2276	10.0985	7.7871	0.1591	1.5656	0.3242	-0.2076
89.3800	9.7382	6.6238	0.1351	1.3329	0.4070	-0.2076
89.5324	9.9773	6.1236	0.1478	1.0985	0.4944	-0.2076
89.6848	10.4326	6.7869	0.1607	1.2352	0.4594	-0.2076
89.8372	10.1256	6.6835	0.1566	1.2264	0.3963	-0.2076
89.9896	9.9271	6.6850	0.1562	1.2290	0.3753	-0.2076
90.1420	9.2467	6.4452	0.1334	1.2856	0.3344	-0.2076
90.2944	9.2475	6.8788	0.1149	1.5328	0.3042	-0.2076
90.4468	9.7833	7.8192	0.1254	1.7728	0.2548	-0.2076
90.5992	11.8758	10.6707	0.1623	2.4712	0.1922	-0.2076
90.7516	14.2405	12.9216	0.2146	2.8867	0.1968	-0.2076
90.9040	15.3697	12.8842	0.2392	2.7307	0.3848	-0.2076
91.0564	14.9113	13.0314	0.2633	2.6369	0.3153	-0.2076
91.2088	14.6302	13.2392	0.2810	2.6000	0.2387	-0.2076
91.3612	14.5184	11.8794	0.2759	2.1940	0.4215	-0.2076
91.5136	14.2565	11.5344	0.2852	2.0287	0.4834	-0.2076
91.6660	13.6796	10.6136	0.2647	1.8535	0.5448	-0.2076
91.8184	12.7411	8.9194	0.2421	1.4424	0.6225	-0.2076
91.9708	13.1431	8.0922	0.2379	1.2017	0.7869	-0.2076
92.1232	13.7620	6.8399	0.2251	0.8752	1.0361	-0.2076
92.2756	14.3946	5.3774	0.1945	0.5856	1.3015	-0.2076
92.4280	13.5046	4.6514	0.1903	0.3773	1.2873	-0.2076
92.5804	12.2195	3.7510	0.1602	0.2651	1.2624	-0.2076
92.7328	12.5743	3.8325	0.1379	0.4218	1.3382	-0.2076
92.8852	13.2443	3.9693	0.1282	0.5222	1.4410	-0.2076
93.0376	13.6791	4.0286	0.1156	0.6148	1.4943	-0.2076
93.1900	13.0370	3.6390	0.0828	0.6821	1.4515	-0.2076
93.3424	12.6905	3.0405	0.0508	0.6774	1.4876	-0.2076
93.4948	13.2026	3.4681	0.0478	0.8321	1.5146	-0.2076
93.6472	13.6328	3.9364	0.0550	0.9400	1.5155	-0.2076
93.7996	14.1139	3.8648	0.0635	0.8675	1.6053	-0.2076
93.9520	13.6767	4.3576	0.0802	0.9280	1.5191	-0.2076
94.1044	13.3925	4.5528	0.0914	0.9247	1.4342	-0.2076
94.2568	13.3355	5.1505	0.1108	1.0030	1.2916	-0.2076
94.4092	12.3545	6.6811	0.1396	1.3251	0.9093	-0.2076
94.5616	14.1702	9.3069	0.1523	2.0924	0.8476	-0.2076
94.7140	15.5752	11.6308	0.1836	2.6547	0.7082	-0.2076
94.8664	18.0591	13.4848	0.2164	3.0568	0.8230	-0.2076
95.0188	19.3565	15.2139	0.2531	3.3963	0.7440	-0.2076
95.1712	19.5424	16.0805	0.2815	3.5080	0.6429	-0.2076
95.3236	21.3598	16.9187	0.3166	3.5715	0.7606	-0.2076
95.4760	20.1035	17.0393	0.3215	3.5816	0.5873	-0.2076
95.6284	17.9082	16.2417	0.2840	3.5452	0.3809	-0.2076
95.7808	14.9802	13.9759	0.2579	2.9713	0.2235	-0.2076
95.9332	13.5201	12.1909	0.2046	2.7111	0.2628	-0.2076
96.0856	13.9074	11.5646	0.1940	2.5723	0.3804	-0.2076
96.2380	14.8801	9.5928	0.2375	1.6855	0.7257	-0.2076
96.3904	14.9472	7.8050	0.2226	1.1996	1.0048	-0.2076
96.5428	14.2887	7.0998	0.1999	1.1065	1.0095	-0.2076
96.6952	12.6448	5.0423	0.1585	0.6890	1.0586	-0.2076
96.8476	11.2565	3.8508	0.1282	0.4842	0.9819	-0.2076
97.0000	9.6238	3.4937	0.1030	0.5173	0.8461	-0.2076
97.1524	8.9674	2.9243	0.0939	0.3878	0.8193	-0.2076
97.3048	8.8268	2.7506	0.0776	0.4277	0.8256	-0.2076
97.4572	8.9786	2.6250	0.0678	0.4450	0.8951	-0.2076
97.6096	8.5159	2.9111	0.0638	0.5597	0.8141	-0.2076
97.7620	8.4869	3.3193	0.0608	0.7085	0.7468	-0.2076
97.9144	9.0943	4.9050	0.0872	1.0625	0.6164	-0.2076
98.0668	9.6725	6.5859	0.1306	1.3471	0.4736	-0.2076
98.2192	9.4016	8.2311	0.1487	1.7689	0.2319	-0.2076
98.3716	8.0637	9.0639	0.1478	2.0409	-0.0344	-0.2076
98.5240	6.9131	8.0636	0.1322	1.8116	-0.0452	-0.2076
98.6764	6.2681	7.2145	0.1093	1.6735	-0.0289	-0.2076
98.8288	6.0233	7.0197	0.1015	1.6567	-0.0118	-0.2076
98.9812	6.1784	7.0157	0.1064	1.6268	-0.0040	-0.2076
99.1336	6.5631	6.6277	0.1190	1.4282	0.0626	-0.2076
99.2860	6.8427	6.7378	0.1360	1.3641	0.1077	-0.2076
99.4384	6.4567	6.5184	0.1398	1.2714	0.0854	-0.2076
99.5908	6.7759	7.2588	0.1302	1.5652	0.0257	-0.2076
99.7432	7.6102	8.0235	0.1272	1.8281	0.0138	-0.2076
99.8956	9.1083	7.2775	0.1376	1.5278	0.2791	-0.2076
100.0480	10.1038	7.6358	0.1379	1.6410	0.4080	-0.2076
100.2004	10.2224	8.5620	0.1449	1.8971	0.2582	-0.2076
100.3528	9.5797	8.5550	0.1553	1.8339	0.0812	-0.2076
100.5052	8.5142	7.9739	0.1417	1.7272	-0.0004	-0.2076
100.6576	8.3935	8.7051	0.1375	1.9864	-0.0734	-0.2076
100.8100	7.8509	8.6142	0.1234	2.0395	-0.0917	-0.2076
100.9624	9.1808	9.4349	0.1262	2.2863	-0.0642	-0.2076
101.1148	9.7329	11.0736	0.1108	2.9022	-0.1784	-0.2076
101.2672	10.7821	10.4350	0.1139	2.6790	0.0645	-0.2076
101.4196	9.2171	8.7610	0.0907	2.2783	0.0964	-0.2076
101.5720	8.6964	8.7504	0.0962	2.2424	0.0484	-0.2076
101.7244	9.0035	8.5917	0.0992	2.1744	0.0619	-0.2076
101.8768	8.5412	6.8221	0.0893	1.6644	0.2816	-0.2076
102.0292	8.2234	8.1577	0.0810	2.1413	0.1833	-0.2076
102.1816	7.2199	6.8447	0.1040	1.5858	0.1507	-0.2076
102.3340	7.3980	7.6025	0.1069	1.8122	0.0854	-0.2076
102.4864	7.6944	7.9316	0.1063	1.9212	0.0956	-0.2076
102.6388	7.8273	8.3811	0.1389	1.8740	0.0565	-0.2076
102.7912	8.3790	7.5791	0.1396	1.6131	0.2319	-0.2076
102.9436	8.9867	8.1325	0.1368	1.8069	0.2866	-0.2076
103.0960	9.6662	9.0639	0.1565	1.9903	0.2788	-0.2076
103.2484	9.6784	9.4383	0.1616	2.0801	0.2149	-0.2076
103.4008	9.2977	9.7096	0.1660	2.1414	0.0936	-0.2076
103.5532	9.0516	9.9198	0.1712	2.1785	0.0029	-0.2076
103.7056	9.5164	8.5591	0.1608	1.8031	0.2004	-0.2076
103.8580	9.6131	7.7034	0.1325	1.6946	0.3418	-0.2076
104.0104	10.0668	7.1004	0.1460	1.4219	0.4557	-0.2076
104.1628	10.0821	7.2000	0.1389	1.4957	0.4189	-0.2076
104.3152	10.1969	7.8994	0.1262	1.7938	0.3523	-0.2076
104.4676	9.8216	8.7367	0.1473	1.9392	0.2046	-0.2076
104.6200	9.5823	9.2309	0.1683	1.9749	0.0649	-0.2076
104.7724	8.8147	9.2284	0.1605	2.0194	-0.0549	-0.2076
104.9248	8.0651	8.8115	0.1422	1.9929	-0.0980	-0.2076
105.0772	7.9958	7.6877	0.1358	1.6698	0.0187	-0.2076
105.2296	8.4510	7.6754	0.1329	1.6830	0.0650	-0.2076
105.3820	8.8215	8.7108	0.1323	2.0183	-0.0299	-0.2076
105.5344	8.8860	9.6579	0.1425	2.2624	-0.1416	-0.2076
105.6868	9.7898	11.0835	0.1673	2.5748	-0.1994	-0.2076
105.8392	11.4541	12.3649	0.1862	2.8747	-0.1216	-0.2076
105.9916	12.5858	12.5586	0.1863	2.9364	-0.0091	-0.2076
106.1440	13.3315	12.3618	0.1854	2.8785	0.0778	-0.2076
106.2964	13.2329	11.6260	0.1611	2.7849	0.1662	-0.2076
106.4488	13.6053	10.6859	0.1536	2.5268	0.3382	-0.2076
106.6012	13.1125	9.2693	0.1579	2.0476	0.4458	-0.2076
106.7536	12.4124	9.1028	0.1722	1.9101	0.3958	-0.2076
106.9060	11.1050	8.0094	0.1464	1.7109	0.3742	-0.2076
107.0584	11.3920	7.9869	0.1596	1.6263	0.4307	-0.3025
107.2108	19.6785	13.6039	0.2920	2.6513	0.7314	-0.3277
107.3632	30.5145	20.5809	0.4639	3.8815	1.1912	-0.3277
107.5156	40.6035	27.9622	0.6624	5.0853	1.4982	-0.3277
107.6680	40.8301	29.1695	0.6531	5.5266	1.3026	-0.3277
107.8204	42.9565	32.9564	0.7627	6.0988	0.9258	-0.3277
107.9728	46.5755	35.1210	0.8444	6.3143	1.1090	-0.3277
108.1252	52.8743	41.6591	1.0587	7.1553	1.1160	-0.3277
108.2776	56.7732	43.7504	1.0811	7.6948	1.3826	-0.3277
108.4300	59.1694	45.5077	1.1241	8.0065	1.4601	-0.3277
108.5824	60.7112	45.5044	1.1892	7.6238	1.7636	-0.3277
108.7348	61.8993	45.3890	1.2379	7.3020	1.8953	-0.3277
108.8872	59.8053	42.9828	1.2257	6.6019	2.0053	-0.3277
109.0396	60.5618	44.4520	1.2607	6.8684	1.9706	-0.3277
109.1920	62.1394	46.2321	1.2183	7.6865	2.0248	-0.3277
109.3444	63.2192	45.5564	1.3033	6.9728	2.3328	-0.3277
109.4968	60.8798	42.5967	1.2437	6.3730	2.5475	-0.3277
109.6492	56.5457	41.8858	1.1908	6.4547	1.9701	-0.3277
109.8016	55.2215	39.8774	1.1120	6.2721	1.9871	-0.3277
109.9540	56.6392	42.0426	1.1634	6.6652	1.9554	-0.3277
110.1064	56.5365	41.5341	1.1872	6.3633	2.0462	-0.3277
110.2588	59.0796	44.1004	1.2654	6.7280	2.0540	-0.3277
110.4112	58.7036	45.0070	1.2598	7.0514	1.8670	-0.3277
110.5636	58.8446	45.1938	1.2541	7.1446	1.7997	-0.3277
110.7160	55.9882	42.2411	1.2475	6.2365	1.7067	-0.3277
110.8684	55.8151	41.5584	1.3130	5.6341	1.7478	-0.3277
111.0208	57.0590	42.8005	1.2623	6.3296	1.8371	-0.3277
111.1732	59.2586	42.4655	1.2239	6.4468	2.2496	-0.3277
111.3256	60.3222	41.7231	1.2347	6.1452	2.5676	-0.3277
111.4780	61.3435	42.2350	1.2952	5.9553	2.6353	-0.3277
111.6304	61.4988	43.2431	1.3056	6.2175	2.4464	-0.3277
111.7828	62.3790	45.3886	1.2728	7.0971	2.1941	-0.3277
111.9352	63.1741	45.7462	1.2702	7.2271	2.2159	-0.3277
112.0876	65.2831	46.7679	1.3369	7.1641	2.3579	-0.3277
112.2400	64.1588	46.5252	1.3092	7.2485	2.2398	-0.3277
112.3924	61.8884	45.3843	1.2120	7.4518	2.1474	-0.3277
112.5448	60.3340	43.7708	1.1628	7.2224	2.1590	-0.3277
112.6972	60.9914	45.1085	1.2557	7.1074	1.9575	-0.3277
112.8496	63.2285	47.0539	1.3199	7.3551	1.9035	-0.3277
113.0020	59.9162	45.6011	1.2326	7.4007	1.6353	-0.3277
113.1544	56.7896	44.4099	1.1655	7.4118	1.4096	-0.3277
113.3068	52.5369	39.7576	1.1145	6.2193	1.5511	-0.3277
113.4592	52.0128	39.1934	1.2035	5.5174	1.5665	-0.3277
113.6116	51.7306	39.2554	1.1891	5.6217	1.5878	-0.3277
113.7640	55.9759	41.3106	1.2093	6.1617	1.8344	-0.3277
113.9164	59.6303	44.9643	1.2301	7.2113	1.8623	-0.3277
114.0688	61.7475	46.0049	1.2549	7.3994	2.0118	-0.3277
114.2212	59.8011	43.5995	1.2145	6.8654	2.0623	-0.3277
114.3736	57.3885	41.3573	1.1089	6.7646	2.1689	-0.3277
114.5260	54.8629	40.4739	1.1170	6.4341	2.0192	-0.3277
114.6784	49.8684	34.2720	0.9748	5.2786	2.1682	-0.3277
114.8308	42.6805	29.6117	0.8258	4.6571	1.8317	-0.3277
114.9832	42.6714	30.0591	0.7695	5.1300	1.7581	-0.3277
115.1356	43.8297	30.3637	0.7430	5.3830	1.9192	-0.3277
115.2880	51.0659	35.7082	0.9593	5.8294	2.1245	-0.3277
115.4404	52.1930	38.6565	1.0373	6.3179	1.8883	-0.3277
115.5928	53.1665	37.1457	1.1069	5.4264	2.1819	-0.3277
115.7452	53.4022	40.2080	1.0507	6.7375	1.8879	-0.3277
115.8976	57.4129	43.3094	1.1226	7.3104	1.9871	-0.3277
116.0500	61.0261	45.4434	1.2182	7.4346	2.1159	-0.3277
116.2024	62.7468	48.2858	1.2599	8.1019	1.9347	-0.3277
116.3548	61.2357	49.4837	1.2977	8.2645	1.6222	-0.3277
116.5072	60.5260	47.1119	1.2275	7.9150	1.7565	-0.3277
116.6596	65.2047	52.7129	1.4203	8.5815	1.6355	-0.3277
116.8120	66.0465	55.0927	1.5842	8.3852	1.4353	-0.3277
116.9644	67.8856	56.3241	1.6226	8.5549	1.6007	-0.3277
117.1168	62.8766	51.9243	1.5532	7.5509	1.5686	-0.3277
117.2692	61.3084	51.1055	1.5690	7.1960	1.4638	-0.3277
117.4216	59.8617	47.8986	1.6389	5.7590	1.5245	-0.3277
117.5740	62.0122	50.2172	1.7194	6.0306	1.5790	-0.3277
117.7264	64.0230	55.6568	1.8733	6.8730	1.2131	-0.3277
117.8788	65.1482	54.9156	1.9268	6.3226	1.4580	-0.3277
118.0312	65.9493	54.0994	1.9371	6.0007	1.7540	-0.3277
118.1836	65.1565	54.7854	1.9479	6.1575	1.5189	-0.3277
118.3360	63.2466	51.7553	1.8705	5.6391	1.7791	-0.3277
118.4884	62.4305	50.2996	1.7464	5.8988	1.8093	-0.3277
118.6408	64.2823	51.6894	1.7410	6.3759	1.9126	-0.3277
118.7932	66.2076	51.1670	1.6327	6.8425	2.3080	-0.3277
118.9456	65.2646	50.9499	1.5359	7.3397	2.2320	-0.3277
119.0980	64.2664	52.0879	1.5554	7.5899	1.9783	-0.3277
119.2504	63.9662	51.8613	1.5556	7.5160	1.8871	-0.3277
119.4028	65.2461	50.8222	1.5457	7.2412	2.0639	-0.3277
119.5552	70.0157	53.8069	1.6073	7.8373	2.3129	-0.3277
119.7076	72.3382	56.8907	1.6742	8.4339	2.1215	-0.3277
119.8600	71.4352	56.0932	1.6483	8.3299	2.1800	-0.3277
120.0124	64.7181	50.7547	1.4548	7.7515	1.8437	-0.3277
120.1648	57.1444	44.7034	1.2370	7.0872	1.6385	-0.3277
120.3172	49.1366	38.5638	1.0262	6.3533	1.3389	-0.3277
120.4696	44.3177	37.6939	1.0054	6.1962	0.8267	-0.3277
120.6220	46.0155	39.1364	1.0840	6.1984	0.8307	-0.3277
120.7744	50.5778	42.0093	1.1551	6.7036	0.9591	-0.3277
120.9268	56.6733	47.7930	1.3427	7.4591	0.9446	-0.3277
121.0792	58.4922	48.1295	1.3449	7.5542	1.1695	-0.3277
121.2316	61.8639	50.3409	1.3650	8.1451	1.3049	-0.3277
121.3840	64.8257	53.6236	1.4091	8.9391	1.3344	-0.3277
121.5364	69.4420	57.8902	1.5335	9.5785	1.3911	-0.3277
121.6888	70.7402	59.1389	1.5532	9.8631	1.3680	-0.3277
121.8412	68.7009	59.2245	1.4874	10.2759	1.1610	-0.3277
121.9936	66.1967	58.6412	1.4447	10.3388	0.8785	-0.3277
122.1460	65.0617	56.0846	1.4165	9.6847	0.9852	-0.3277
122.2984	65.8898	55.4779	1.4705	9.1743	1.2005	-0.3277
122.4508	66.3124	57.3903	1.5028	9.5977	1.0916	-0.3277
122.6032	65.5984	58.1885	1.4532	10.1442	0.9210	-0.3277
122.7556	65.5806	59.8501	1.4727	10.5624	0.6546	-0.3277
122.9080	65.9509	62.1890	1.5804	10.6818	0.4081	-0.3277
123.0604	66.6579	64.0950	1.6726	10.7531	0.2798	-0.3277
123.2128	67.0253	65.3329	1.7035	10.9690	0.1414	-0.3277
123.3652	67.2117	65.7414	1.7246	10.9760	0.1457	-0.3277
123.5176	68.3911	66.0726	1.7781	10.7692	0.2888	-0.3277
123.6700	67.1155	63.1164	1.7836	9.7895	0.5244	-0.3277
123.8224	66.8012	64.0347	1.8685	9.5868	0.4472	-0.3277
123.9748	65.3661	64.9653	1.9171	9.6005	0.1581	-0.3277
124.1272	67.4803	66.5461	1.8810	10.3185	0.1880	-0.3277
124.2796	69.8350	65.8092	1.9168	9.8727	0.6472	-0.3277
124.4320	71.6409	66.4788	1.9686	9.7841	0.8473	-0.3277
124.5844	71.8774	65.2030	1.8773	9.9095	1.0661	-0.3277
124.7368	69.7381	63.5394	1.8072	9.7866	0.8477	-0.3277
124.8892	67.5104	60.8376	1.6587	9.7901	0.8494	-0.3277
125.0416	67.0899	60.4314	1.6162	9.9087	0.8691	-0.3277
125.1940	66.6655	59.3485	1.6091	9.6031	0.9315	-0.3277
125.3464	68.4709	60.3275	1.5937	10.0072	1.0502	-0.3277
125.4988	69.7929	61.2250	1.5342	10.6434	1.1177	-0.3277
125.6512	71.1160	61.0825	1.4164	11.2875	1.2813	-0.3277
125.8036	69.9302	59.2250	1.4047	10.7601	1.4158	-0.3277
125.9560	70.6550	61.0137	1.4620	10.9980	1.2280	-0.3277
126.1084	71.5028	62.2287	1.4845	11.2559	1.1647	-0.3277
126.2608	72.3793	62.3655	1.5251	11.0621	1.3320	-0.3277
126.4132	72.7894	63.4046	1.5116	11.4746	1.3204	-0.3277
126.5656	71.7173	62.3646	1.5367	10.9939	1.3953	-0.3277
126.7180	71.8856	62.4154	1.5952	10.6679	1.3988	-0.3277
126.8704	71.9175	63.3459	1.6123	10.8656	1.2753	-0.3277
127.0228	72.2531	64.6213	1.6693	10.9411	1.1436	-0.3277
127.1752	72.5126	64.4425	1.7507	10.4072	1.1032	-0.3277
127.3276	72.0234	63.2534	1.7872	9.8124	1.1688	-0.3277
127.4800	71.9757	63.2520	1.7848	9.8262	1.2326	-0.3277
127.6324	72.1406	63.0773	1.7564	9.9361	1.3068	-0.3277
127.7848	72.3035	63.1531	1.7515	9.9893	1.3450	-0.3277
127.9372	71.9430	63.7122	1.7653	10.0873	1.2218	-0.3277
128.0896	71.2218	62.6933	1.7484	9.8598	1.2379	-0.3277
128.2420	70.2929	59.9118	1.6841	9.3449	1.4671	-0.3277
128.3944	67.7585	55.6220	1.5591	8.7013	1.6391	-0.3277
128.5468	64.8861	51.7881	1.4642	8.0285	1.8504	-0.3277
128.6992	60.1806	46.7881	1.3270	7.2287	1.8652	-0.3277
128.8516	57.1472	44.4566	1.2435	6.9704	1.7393	-0.3277
129.0040	56.4742	43.0471	1.1546	7.0392	1.8615	-0.3277
129.1564	59.0502	44.2415	1.1616	7.3808	1.9977	-0.3277
129.3088	61.0183	44.8699	1.1843	7.4494	2.0958	-0.3277
129.4612	62.2887	45.0333	1.2236	7.2720	2.2156	-0.3277
129.6136	62.1634	42.7520	1.1793	6.8000	2.5044	-0.3277
129.7660	66.6917	47.3529	1.3006	7.5649	2.5035	-0.3277
129.9184	72.2163	51.9144	1.4643	8.0685	2.6232	-0.3277
130.0708	73.2755	54.8802	1.5964	8.2457	2.3878	-0.3277
130.2232	70.8552	53.7618	1.5740	8.0185	2.1489	-0.3277
130.3756	67.8801	52.3237	1.5331	7.7971	1.9629	-0.3277
130.5280	68.6290	52.6200	1.5316	7.9004	2.0591	-0.3277
130.6804	70.3863	55.2080	1.5838	8.4247	1.9929	-0.3277
130.8328	68.9009	55.9662	1.6258	8.4217	1.6217	-0.3277
130.9852	69.1918	58.5779	1.7326	8.6335	1.3161	-0.3277
131.1376	68.2517	59.5998	1.7184	9.0442	1.1162	-0.3277
131.2900	69.2605	61.1133	1.7792	9.1736	1.0144	-0.3277
131.4424	70.0226	62.2289	1.7778	9.5391	0.9843	-0.3277
131.5948	70.8076	62.3437	1.7874	9.5200	1.1157	-0.3277
131.7472	72.6032	62.4602	1.7838	9.5780	1.2967	-0.3277
131.8996	75.3481	63.7823	1.8440	9.6495	1.5008	-0.3277
132.0520	76.3677	66.2647	1.9095	10.0617	1.3022	-0.3277
132.2044	76.8901	66.6394	1.9663	9.8492	1.2618	-0.3277
132.3568	72.8576	63.1155	1.9128	9.0327	1.1267	-0.3277
132.5092	71.8716	61.9296	1.8558	8.9863	1.2888	-0.3277
132.6616	69.4675	57.9992	1.7192	8.5261	1.4768	-0.3277
132.8140	69.6341	55.3854	1.6849	7.8892	1.8358	-0.3277
132.9664	67.5774	53.3798	1.6309	7.5625	1.8027	-0.3277
133.1188	67.3971	51.5633	1.6011	7.1547	2.0022	-0.3277
133.2712	70.3195	54.0451	1.6824	7.4740	1.9834	-0.3277
133.4236	72.3597	55.9950	1.7419	7.7508	2.0217	-0.3277
133.5760	72.1955	55.5738	1.7349	7.6571	1.9990	-0.3277
133.7284	70.6976	54.9868	1.6462	7.9881	1.7917	-0.3277
133.8808	69.7861	55.6958	1.6148	8.3989	1.6127	-0.3277
134.0332	70.2752	54.3738	1.5763	8.2007	1.9355	-0.3277
134.1856	70.6228	53.3151	1.5843	7.8147	2.0090	-0.3277
134.3380	72.7018	55.1971	1.6208	8.2043	2.0907	-0.3277
134.4904	73.0924	56.4326	1.6421	8.4758	1.9254	-0.3277
134.6428	73.9541	58.3609	1.6041	9.3163	1.8517	-0.3277
134.7952	71.5776	56.6838	1.5327	9.1963	1.8242	-0.3277
134.9476	72.2806	56.4087	1.4990	9.3055	2.0389	-0.3277
135.1000	72.2284	56.6253	1.5024	9.3553	2.0426	-0.3277
135.2524	74.2901	59.5628	1.5390	10.0823	1.9854	-0.3277
135.4048	72.9853	56.2141	1.5255	9.0884	2.3081	-0.3277
135.5572	71.1269	52.8090	1.4469	8.4567	2.5218	-0.3277
135.7096	69.0024	52.4993	1.4100	8.5738	2.3117	-0.3277
135.8620	68.9232	53.2714	1.3933	8.9188	2.2547	-0.3277
136.0144	70.4510	54.6704	1.4172	9.2274	2.2557	-0.3277
136.1668	69.5268	54.0179	1.3492	9.4160	2.3408	-0.3277
136.3192	69.4965	51.7378	1.3542	8.6563	2.6432	-0.3277
136.4716	66.1988	49.3064	1.3272	8.0351	2.5187	-0.3277
136.6240	66.3898	49.8582	1.3527	8.0625	2.4640	-0.3277
136.7764	64.2710	47.6182	1.2417	7.9944	2.3807	-0.3277
136.9288	65.2149	48.4209	1.2767	8.0462	2.3613	-0.3277
137.0812	67.9325	49.9872	1.3326	8.2210	2.5542	-0.3277
137.2336	70.8874	53.2664	1.3726	9.0380	2.5435	-0.3277
137.3860	72.7254	54.3659	1.4145	9.1450	2.5456	-0.3277
137.5384	71.6863	55.2839	1.5023	8.9256	2.2203	-0.3277
137.6908	69.3922	53.6411	1.5349	8.2082	2.0748	-0.3277
137.8432	67.5850	51.7210	1.5409	7.5577	1.9656	-0.3277
137.9956	67.6624	53.5183	1.5806	7.9010	1.6800	-0.3277
138.1480	67.1368	52.8639	1.5521	7.8585	1.5997	-0.3277
138.3004	66.3066	52.2200	1.5560	7.6290	1.4892	-0.3277
138.4528	66.4382	53.0541	1.5889	7.7039	1.4938	-0.3277
138.6052	67.5068	54.8152	1.6102	8.1440	1.3416	-0.3277
138.7576	68.8645	57.3842	1.6855	8.5261	1.0505	-0.3277
138.9100	66.0613	56.1011	1.6878	8.1013	0.8256	-0.3277
139.0624	65.8899	57.0457	1.6896	8.3938	0.6745	-0.3277
139.2148	66.5068	57.5922	1.6188	8.9837	0.7286	-0.3277
139.3672	67.2350	58.7328	1.5213	9.9197	0.6922	-0.3277
139.5196	66.1157	58.0345	1.5043	9.7953	0.6962	-0.3277
139.6720	62.0922	53.1433	1.3822	8.9426	0.7985	-0.3277
139.8244	59.4028	51.6075	1.2977	8.9449	0.6702	-0.3277
139.9768	57.3125	49.4686	1.2270	8.6727	0.7557	-0.3277
140.1292	57.9270	50.9067	1.2502	8.9978	0.6816	-0.3277
140.2816	58.0598	51.1755	1.2433	9.1245	0.7934	-0.3277
140.4340	58.7442	51.2453	1.2416	9.1568	0.9237	-0.3277
140.5864	59.4480	51.1639	1.2271	9.2159	1.0493	-0.3277
140.7388	61.7043	52.5054	1.3119	9.1497	1.2633	-0.3277
140.8912	61.3116	50.0873	1.3115	8.3770	1.5087	-0.3277
141.0436	60.3073	49.4503	1.4008	7.6498	1.4957	-0.3277
141.1960	61.0685	51.3903	1.4702	7.8653	1.2748	-0.3277
141.3484	63.2971	54.8664	1.5748	8.3675	1.1578	-0.3277
141.5008	63.5589	55.1753	1.6137	8.2385	1.1809	-0.3277
141.6532	63.3555	53.4581	1.6038	7.7461	1.3401	-0.3277
141.8056	61.5476	49.9431	1.5196	7.1120	1.5935	-0.3277
141.9580	61.1646	49.1777	1.5251	6.8346	1.6025	-0.3277
142.1104	60.8118	49.0692	1.4999	6.9476	1.6908	-0.3277
142.2628	59.8860	48.1753	1.4836	6.7563	1.7583	-0.3277
142.4152	61.1845	49.9925	1.5017	7.2329	1.6891	-0.3277
142.5676	60.2215	49.7386	1.4844	7.2526	1.6224	-0.3277
142.7200	62.2220	50.7927	1.4920	7.5460	1.7851	-0.3277
142.8724	62.5690	50.7500	1.4489	7.7845	1.8697	-0.3277
143.0248	62.5242	50.0908	1.4132	7.7824	1.9061	-0.3277
143.1772	62.5455	48.9761	1.4196	7.3878	2.0763	-0.3277
143.3296	61.7548	51.7970	1.4444	8.1471	1.6135	-0.3277
143.4820	60.7266	52.2303	1.4946	7.9917	1.3311	-0.3277
143.6344	59.8721	50.4549	1.4550	7.6548	1.4939	-0.3277
143.7868	59.7886	50.4727	1.4096	7.9264	1.4562	-0.3277
143.9392	59.4372	51.3626	1.4113	8.2011	1.2459	-0.3277
144.0916	58.1596	48.5292	1.3441	7.6864	1.3836	-0.3277
144.2440	57.8647	47.8506	1.3155	7.6364	1.4616	-0.3277
144.3964	57.9471	47.9168	1.3080	7.7018	1.4447	-0.3277
144.5488	58.0583	46.7972	1.2936	7.4270	1.5843	-0.3277
144.7012	56.4109	44.0723	1.2428	6.8510	1.7634	-0.3277
144.8536	56.0054	43.9028	1.2324	6.8577	1.7347	-0.3277
145.0060	56.4760	42.8534	1.2110	6.6464	1.9357	-0.3277
145.1584	57.6933	42.8142	1.1837	6.7940	2.1508	-0.3277
145.3108	60.6847	44.0682	1.2344	6.8993	2.3567	-0.3277
145.4632	64.9112	45.6326	1.3362	6.8043	2.6775	-0.3277
145.6156	67.4661	44.4470	1.3032	6.6178	3.1877	-0.3277
145.7680	69.5914	44.9911	1.3193	6.6981	3.3704	-0.3277
145.9204	71.2053	44.9720	1.3305	6.6265	3.4886	-0.3277
146.0728	74.4230	47.0150	1.3785	7.0001	3.6212	-0.3277
146.2252	77.3496	48.5321	1.4649	6.9807	3.8969	-0.3277
146.3776	77.4037	49.6920	1.5051	7.1166	3.7639	-0.3277
146.5300	75.0921	47.9501	1.4218	7.0460	3.6651	-0.3277
146.6824	73.1875	48.2332	1.4138	7.1837	3.4034	-0.3277
146.8348	72.3337	48.8814	1.4197	7.3573	3.1083	-0.3277
146.9872	73.8817	51.1864	1.4610	7.8538	2.9499	-0.3277
147.1396	73.8166	53.3155	1.5085	8.2585	2.6415	-0.3277
147.2920	75.3264	55.8152	1.6253	8.3762	2.5653	-0.3277
147.4444	74.5934	58.9147	1.7060	8.8977	2.1550	-0.3277
147.5968	73.9254	61.3360	1.7607	9.3542	1.7992	-0.3277
147.7492	71.7582	59.1412	1.7270	8.8486	1.8284	-0.3277
147.9016	69.2505	57.2999	1.6381	8.7794	1.7579	-0.3277
148.0540	67.3077	56.1202	1.5678	8.8133	1.6596	-0.2790
148.2064	66.0581	55.9536	1.5807	8.6848	1.4885	-0.1810
148.3588	67.4211	56.0452	1.6227	8.4687	1.6167	-0.1810
148.5112	67.3836	54.8596	1.6601	7.8702	1.7884	-0.1810
148.6636	64.1895	53.3573	1.6433	7.4877	1.5921	-0.1810
148.8160	60.7415	49.1295	1.5408	6.7324	1.6763	-0.1810
148.9684	57.9944	47.8116	1.4813	6.6588	1.3595	-0.1810
149.1208	56.4933	46.5823	1.4400	6.5062	1.3227	-0.1810
149.2732	56.0408	45.1505	1.4322	6.0926	1.4687	-0.1810
149.4256	55.1816	45.5773	1.4586	6.0748	1.3015	-0.1810
149.5780	57.5226	48.6848	1.5155	6.7383	1.2226	-0.1810
149.7304	59.7888	50.8227	1.5725	7.0903	1.3051	-0.1810
149.8828	60.3729	50.7161	1.6167	6.7974	1.3888	-0.1810
150.0352	58.9489	49.6616	1.5738	6.7104	1.3874	-0.1810
150.1876	57.0432	49.1042	1.5147	6.8775	1.2684	-0.1810
150.3400	59.1677	50.7437	1.5273	7.3295	1.3777	-0.1810
150.4924	61.9529	53.3197	1.6051	7.6999	1.4764	-0.1810
150.6448	63.3991	53.7765	1.6254	7.7276	1.6295	-0.1810
150.7972	63.4452	54.2716	1.5661	8.2333	1.5635	-0.1810
150.9496	64.5278	56.0752	1.5433	8.9455	1.5322	-0.1810
151.1020	66.0893	57.7958	1.5415	9.5077	1.4979	-0.1810
151.2544	65.6637	58.5098	1.5780	9.5230	1.2374	-0.1810
151.4068	64.8994	58.8086	1.5957	9.5149	1.0526	-0.1810
151.5592	62.7256	57.5824	1.5126	9.6081	0.9586	-0.1810
151.7116	60.3772	54.6195	1.4327	9.1263	1.0014	-0.1810
151.8640	54.9373	49.1275	1.2698	8.3189	0.9296	-0.1810
152.0164	49.2396	44.6331	1.1272	7.7122	0.7376	-0.1810
152.1688	46.7205	43.7161	1.0429	7.9117	0.4884	-0.1810
152.3212	47.6115	43.8601	1.0475	7.9313	0.5556	-0.1810
152.4736	48.1031	42.2547	1.0739	7.2620	0.7412	-0.1810
152.6260	46.4737	39.2997	1.0239	6.6070	0.8404	-0.1810
152.7784	44.3350	36.2394	0.9553	6.0276	0.9688	-0.1810
152.9308	44.7678	35.3785	0.9625	5.7094	1.1653	-0.1810
153.0832	47.5260	36.2014	1.0150	5.6659	1.4126	-0.1810
153.2356	50.8413	37.2217	1.0400	5.8462	1.6936	-0.1810
153.3880	58.0296	42.3455	1.1913	6.6035	1.9715	-0.1810
153.5404	66.6721	48.3549	1.3862	7.3893	2.3602	-0.1810
153.6928	73.5163	52.6095	1.5563	7.7581	2.6810	-0.1810
153.8452	75.5458	53.7424	1.6460	7.5960	2.8170	-0.1810
153.9976	75.6013	53.9430	1.6407	7.6912	2.9133	-0.1810
154.1500	75.9219	53.0181	1.6047	7.6055	3.1148	-0.1810
154.3024	74.2494	51.9834	1.5564	7.5565	2.9689	-0.1810
154.4548	72.8162	51.1075	1.5383	7.3817	2.8826	-0.1810
154.6072	72.4651	50.9379	1.5612	7.1929	2.8571	-0.1810
154.7596	73.6628	53.3726	1.6217	7.6196	2.6550	-0.1810
154.9120	72.1327	54.1701	1.6475	7.7244	2.3648	-0.1810
155.0644	70.4314	54.9793	1.6405	8.0249	1.9881	-0.1810
155.2168	70.9462	56.9260	1.6718	8.4661	1.7431	-0.1810
155.3692	71.5204	56.4607	1.6865	8.2306	1.8347	-0.1810
155.5216	69.8170	53.8227	1.6349	7.6865	1.8369	-0.1810
155.6740	67.1558	52.5442	1.6209	7.3588	1.5360	-0.1810
155.8264	68.0277	55.4267	1.7295	7.6474	1.2688	-0.1810
155.9788	70.5639	58.2450	1.8647	7.7595	1.2543	-0.1810
156.1312	72.0673	60.0222	1.9234	7.9856	1.1643	-0.1810
156.2836	72.5867	60.6083	1.9006	8.3070	1.0823	-0.1810
156.4360	74.0371	60.3160	1.9211	8.0935	1.2729	-0.1810
156.5884	76.1212	61.1874	1.9466	8.2236	1.4454	-0.1810
156.7408	78.1874	63.3662	1.9860	8.6916	1.4876	-0.1810
156.8932	79.1631	65.4803	2.0373	9.0688	1.3836	-0.1810
157.0456	77.4265	65.5609	1.9721	9.4764	1.2170	-0.1810
157.1980	74.4476	64.3444	1.8737	9.6628	1.1298	-0.1810
157.3504	72.1446	62.4056	1.7776	9.6036	1.1723	-0.1810
157.5028	72.2988	61.5120	1.7326	9.5802	1.3373	-0.1810
157.6552	73.0831	61.4500	1.7167	9.6533	1.5343	-0.1810
157.8076	73.8936	61.7676	1.7177	9.7495	1.7150	-0.1810
157.9600	74.3776	62.4113	1.7352	9.8535	1.8418	-0.1810
158.1124	73.7909	63.6463	1.7397	10.2232	1.7216	-0.1810
158.2648	73.7924	64.2429	1.7746	10.2100	1.6481	-0.1810
158.4172	73.9085	62.0561	1.7269	9.7879	1.9041	-0.1810
158.5696	70.8461	56.6870	1.5655	9.0117	2.1602	-0.1810
158.7220	63.5013	49.5053	1.4018	7.6673	2.1910	-0.1810
158.8744	56.0141	43.5519	1.2302	6.7625	2.0365	-0.1810
159.0268	52.8491	40.5926	1.1367	6.3612	2.0361	-0.1810
159.1792	53.3860	39.8492	1.1210	6.2146	2.1968	-0.1810
159.3316	54.4058	39.7798	1.1308	6.1349	2.2780	-0.1810
159.4840	55.4976	40.0715	1.1231	6.2738	2.3764	-0.1810
159.6364	56.2170	39.8806	1.0531	6.6223	2.5129	-0.1810
159.7888	58.1807	40.7481	1.0542	6.8941	2.6245	-0.1810
159.9412	61.4045	42.6476	1.0976	7.2491	2.7686	-0.1810
160.0936	65.3225	45.5709	1.2124	7.5145	2.8584	-0.1810
160.2460	67.8754	47.8358	1.3565	7.3968	2.8668	-0.1810
160.3984	71.1706	51.2815	1.4825	7.7642	2.7299	-0.1810
160.5508	74.1600	54.3219	1.5715	8.2181	2.5584	-0.1810
160.7032	76.8081	56.6434	1.6799	8.3275	2.5534	-0.1810
160.8556	76.9759	55.9763	1.7066	7.9574	2.6974	-0.1810
161.0080	76.2627	55.2679	1.6928	7.8115	2.7438	-0.1810
161.1604	75.6085	55.8799	1.7280	7.8013	2.5090	-0.1810
161.3128	75.3604	57.0278	1.8030	7.7305	2.2440	-0.1810
161.4652	74.3417	56.8729	1.8051	7.6684	2.0900	-0.1810
161.6176	74.1659	56.9785	1.7920	7.7790	2.0504	-0.1810
161.7700	72.0699	55.2893	1.7193	7.6629	2.0978	-0.1810
161.9224	70.0621	56.2600	1.6304	8.4948	1.8275	-0.1810
162.0748	65.9314	53.5876	1.4958	8.4255	1.6823	-0.1810
162.2272	62.1614	50.0208	1.4491	7.5553	1.7226	-0.1810
162.3796	57.2949	48.4540	1.3732	7.4975	1.3024	-0.1810
162.5320	52.1869	46.8723	1.2871	7.4943	0.7941	-0.1810
162.6844	46.7914	43.1198	1.1969	6.8189	0.5315	-0.1810
162.8368	43.6676	39.9863	1.1406	6.1440	0.4834	-0.1810
162.9892	45.1717	40.2121	1.1691	6.0494	0.6251	-0.1810
163.1416	51.2502	44.1959	1.2850	6.6486	0.9629	-0.1810
163.2940	58.9903	51.8769	1.5598	7.5022	0.9674	-0.1810
163.4464	62.3597	56.2905	1.7156	8.0059	0.8260	-0.1810
163.5988	64.4283	55.8777	1.7856	7.4635	1.0831	-0.1810
163.7512	67.2878	56.9939	1.8809	7.2633	1.1659	-0.1810
163.9036	71.1136	61.7727	2.0054	8.0669	0.9919	-0.1810
164.0560	70.9080	60.5672	2.0043	7.6865	1.1187	-0.1810
164.2084	70.0471	60.6058	1.9583	7.9685	1.0509	-0.1810
164.3608	72.1750	63.5069	1.9681	8.8410	0.9426	-0.1810
164.5132	75.6951	67.4128	2.0678	9.5101	0.9676	-0.1810
164.6656	78.4529	70.8773	2.1696	10.0252	0.8084	-0.1810
164.8180	78.1484	70.4475	2.1839	9.8031	0.7757	-0.1810
164.9704	77.7158	69.8955	2.1534	9.8047	0.8621	-0.1810
165.1228	77.3825	70.5781	2.1160	10.2426	0.7392	-0.1810
165.2752	78.6409	72.1132	2.1181	10.7230	0.7071	-0.1810
165.4276	80.4022	74.6745	2.1661	11.2631	0.7350	-0.1810
165.5800	79.7361	73.0853	2.1237	11.0015	0.8251	-0.1810
165.7324	79.5604	72.3351	2.0895	10.9616	0.8253	-0.1810
165.8848	78.5726	72.5201	2.0402	11.3094	0.6412	-0.1810
166.0372	77.3646	72.1359	1.9825	11.5241	0.5266	-0.1810
166.1896	76.4176	71.2756	1.9044	11.7055	0.5210	-0.1810
166.3420	75.2009	69.9497	1.8528	11.5821	0.5988	-0.1810
166.4944	73.7308	69.2320	1.8306	11.4822	0.3659	-0.1810
166.6468	73.8118	67.7207	1.7832	11.2752	0.5013	-0.1810
166.7992	75.1391	67.2676	1.8061	10.9959	0.7015	-0.1810
166.9516	75.8986	66.9734	1.8491	10.6493	0.7693	-0.1810
167.1040	74.5577	64.1217	1.7799	10.1403	0.8334	-0.1810
167.2564	73.2036	61.3497	1.7014	9.7110	0.9895	-0.1810
167.4088	75.0772	62.3931	1.7577	9.7159	1.1193	-0.1810
167.5612	75.3418	59.5944	1.7816	8.6784	1.4870	-0.1810
167.7136	77.9075	59.3048	1.9039	7.8700	1.8316	-0.1810
167.8660	78.7300	60.7616	2.0096	7.7182	1.7068	-0.1810
168.0184	80.2421	64.4556	2.1123	8.3013	1.3773	-0.1810
168.1708	82.0386	66.9600	2.1749	8.7379	1.3716	-0.1810
168.3232	84.2679	70.4038	2.2739	9.2624	1.2347	-0.1810
168.4756	84.5725	70.0819	2.2334	9.3964	1.2839	-0.1810
168.6280	82.3250	68.4592	2.0933	9.6964	1.3522	-0.1810
168.7804	79.1268	66.6100	1.9934	9.6884	1.3432	-0.1810
168.9328	77.9211	66.3148	1.9581	9.8002	1.2882	-0.1810
169.0852	76.8170	64.8491	1.8975	9.6849	1.3671	-0.1810
169.2376	76.0879	63.9612	1.8876	9.4585	1.3638	-0.1810
169.3900	75.5480	63.3498	1.8004	9.7726	1.3641	-0.1810
169.5424	75.1875	61.8701	1.7300	9.7106	1.5219	-0.1810
169.6948	74.6991	57.1370	1.6489	8.6677	2.1368	-0.1810
169.8472	74.0372	55.0124	1.6266	8.1168	2.3104	-0.1810
169.9996	73.3076	54.3062	1.6050	8.0169	2.2298	-0.1810
170.1520	74.8331	54.8315	1.6304	8.0368	2.4423	-0.1810
170.3044	77.0882	56.5889	1.7409	7.9531	2.4280	-0.1810
170.4568	77.2681	56.1589	1.7464	7.7828	2.5073	-0.1810
170.6092	76.6242	56.0805	1.7076	7.9853	2.4799	-0.1810
170.7616	75.3612	54.8349	1.6640	7.8412	2.4040	-0.1810
170.9140	73.9420	53.6288	1.6703	7.4171	2.3850	-0.1810
171.0664	73.2310	54.7259	1.6774	7.7273	2.2128	-0.1810
171.2188	73.3164	55.2717	1.6456	8.0886	2.1871	-0.1810
171.3712	73.8746	57.7167	1.6667	8.7493	1.9115	-0.1810
171.5236	73.0882	58.8085	1.6888	8.9701	1.7056	-0.1810
171.6760	71.0005	55.8622	1.6117	8.4766	1.8384	-0.1810
171.8284	71.5838	58.4233	1.6641	8.9911	1.5512	-0.1810
171.9808	75.4899	62.2931	1.7633	9.6510	1.4697	-0.1810
172.1332	78.6202	68.4069	1.9386	10.5852	1.1008	-0.1810
172.2856	81.0365	72.3792	2.0323	11.3106	0.9764	-0.1810
172.4380	77.3377	71.0393	1.9576	11.3183	0.8490	-0.1810
172.5904	75.6878	72.2369	1.8968	12.0579	0.4738	-0.1810
172.7428	73.6356	69.3029	1.8354	11.4764	0.5663	-0.1810
172.8952	73.1409	68.8292	1.8961	10.9693	0.6060	-0.1810
173.0476	71.7381	66.1289	1.8259	10.5143	0.8275	-0.1810
173.2000	71.2247	63.1640	1.7323	10.1118	1.1391	-0.1810
173.3524	73.7058	65.9784	1.8139	10.5368	1.1279	-0.1810
173.5048	73.9778	64.2921	1.8013	10.0696	1.4493	-0.1810
173.6572	74.9667	64.7561	1.8569	9.8930	1.5595	-0.1810
173.8096	73.6623	60.2291	1.7493	9.0713	1.8125	-0.1810
173.9620	75.8374	59.2738	1.7602	8.7009	2.1267	-0.1810
174.1144	76.3481	59.0011	1.7354	8.7589	2.1656	-0.1810
174.2668	78.0618	58.1005	1.7305	8.4989	2.5817	-0.1810
174.4192	79.5764	57.0249	1.7307	8.1530	2.9359	-0.1810
174.5716	83.7585	59.6740	1.7628	8.8144	3.1025	-0.1810
174.7240	84.0210	61.2345	1.8130	9.0205	2.9850	-0.1810
174.8764	85.6268	63.2208	1.8257	9.5832	3.0140	-0.1810
175.0288	84.5102	63.6048	1.8090	9.8043	2.8268	-0.1810
175.1812	86.9955	67.5807	1.8977	10.5598	2.5853	-0.1810
175.3336	85.4521	65.2227	1.7904	10.4318	2.7754	-0.1810
175.4860	83.6381	64.1602	1.7648	10.2411	2.7669	-0.1810
175.6384	81.2459	61.8664	1.7467	9.6116	2.7913	-0.1810
175.7908	79.9749	59.7813	1.7667	8.8255	2.8800	-0.1810
175.9432	77.9791	59.2976	1.7427	8.8111	2.7693	-0.1810
176.0956	76.8439	60.8911	1.7679	9.1747	2.4194	-0.1810
176.2480	71.5186	55.0464	1.6040	8.2599	2.5024	-0.1810
176.4004	67.5350	51.4993	1.5136	7.6517	2.4186	-0.1810
176.5528	62.6018	48.9925	1.4451	7.2492	2.0108	-0.1810
176.7052	62.1340	47.1097	1.4175	6.8071	2.2187	-0.1810
176.8576	58.7875	43.8694	1.3389	6.2279	2.2423	-0.1810
177.0100	55.4993	42.4007	1.3309	5.8043	1.9952	-0.1810
177.1624	47.9281	37.1166	1.1367	5.2469	1.6722	-0.1810
177.3148	44.0496	35.0582	1.0702	4.9761	1.3784	-0.1810
177.4672	42.8097	34.7222	1.0268	5.1222	1.3249	-0.1810
177.6196	49.0285	40.2425	1.1773	6.0114	1.3240	-0.1810
177.7720	55.7142	47.3675	1.3718	7.1572	1.2385	-0.1810
177.9244	64.6849	57.0651	1.7170	8.2460	1.1238	-0.1810
178.0768	71.7000	65.1121	1.8928	9.7967	0.9993	-0.1810
178.2292	77.1363	69.9708	2.0574	10.3910	1.0826	-0.1810
178.3816	76.1995	70.2570	2.0034	10.7990	0.8837	-0.1810
178.5340	76.7659	70.9649	1.9770	11.1807	0.7848	-0.1810
178.6864	79.3573	74.9741	2.0335	12.1355	0.5857	-0.1810
178.8388	83.4295	78.8490	2.1114	12.9219	0.6612	-0.1810
178.9912	83.3109	79.3739	2.0994	13.1602	0.5872	-0.1810
179.1436	80.4149	76.8886	2.0787	12.4848	0.3702	-0.1810
179.2960	77.5335	74.0351	2.0440	11.7730	0.4781	-0.1810
179.4484	74.1649	69.1644	1.9417	10.8100	0.7101	-0.1810
179.6008	71.6952	65.0156	1.7650	10.5140	0.8620	-0.1810
179.7532	73.4964	64.7796	1.7651	10.4379	1.0054	-0.1810
179.9056	72.2767	61.7225	1.6730	9.9967	1.2815	-0.1810
180.0580	70.6441	58.2122	1.6377	9.0776	1.5058	-0.1810
180.2104	63.0891	51.4979	1.4917	7.7794	1.4800	-0.1810
180.3628	59.3743	46.3032	1.3367	7.0217	1.6394	-0.1810
180.5152	55.3193	42.8302	1.2518	6.4049	1.4802	-0.1810
180.6676	53.6815	40.6466	1.1992	6.0128	1.5099	-0.1810
180.8200	50.4785	38.8238	1.0491	6.3071	1.3395	-0.1810
180.9724	49.2520	36.7494	0.9956	5.9550	1.3883	-0.1810
181.1248	45.7706	35.6669	0.9079	6.1211	1.1029	-0.1810
181.2772	46.5818	35.7194	0.9319	5.9975	1.3063	-0.1810
181.4296	48.2160	37.3516	0.9876	6.1949	1.3638	-0.1810
181.5820	49.7577	39.9501	0.9940	6.9908	1.2281	-0.1810
181.7344	52.4453	42.0924	1.0610	7.2853	1.3229	-0.1810
181.8868	55.9847	43.0530	1.1134	7.2865	1.4396	-0.1810
182.0392	61.4507	47.5695	1.2648	7.8486	1.6150	-0.1810
182.1916	62.4228	46.6405	1.2790	7.4675	1.9315	-0.1810
182.3440	61.3454	47.5619	1.2623	7.8606	1.6936	-0.1810
182.4964	52.6034	40.5195	1.1516	6.2508	1.4872	-0.1810
182.6488	45.2031	35.1022	1.0469	5.1262	1.3031	-0.1810
182.8012	37.2221	27.3630	0.8754	3.6489	1.2424	-0.1810
182.9536	36.0688	27.2639	0.8053	4.0276	1.0956	-0.1810
183.1060	35.5867	27.8011	0.8036	4.2099	1.0142	-0.1810
183.2584	37.9830	29.4200	0.9459	3.8960	1.0838	-0.1810
183.4108	39.5762	32.0175	0.9723	4.5742	0.9462	-0.1810
183.5632	42.8974	35.6801	1.0908	5.0548	1.0297	-0.1810
183.7156	41.2321	33.5936	1.0403	4.6816	1.0200	-0.1810
183.8680	39.2161	32.7190	1.0220	4.5079	0.8483	-0.1810
184.0204	37.5702	28.9818	0.9799	3.5565	1.1141	-0.1810
184.1728	36.3101	26.7858	0.9343	3.1188	1.2447	-0.1810
184.3252	37.6112	27.4005	0.9005	3.5139	1.2858	-0.1810
184.4776	36.7515	26.7788	0.8876	3.3900	1.2482	-0.1810
184.6300	36.7955	27.4603	0.9533	3.2239	1.1441	-0.1810
184.7824	38.1163	28.2245	1.0128	3.1205	1.2040	-0.1810
184.9348	39.1054	29.8345	0.9710	3.8815	1.1814	-0.1810
185.0872	40.5772	32.4741	1.0213	4.4337	1.1209	-0.1810
185.2396	43.7768	34.9523	1.0590	5.0076	1.2325	-0.1810
185.3920	46.0131	36.8968	1.0479	5.6962	1.2726	-0.1810
185.5444	54.4981	44.6660	1.2587	6.9531	1.5007	-0.1810
185.6968	58.1139	46.4126	1.3277	7.1091	1.7560	-0.1810
185.8492	68.1474	55.3908	1.5160	8.8858	2.0463	-0.1810
186.0016	73.8796	61.5926	1.6429	10.1315	1.9863	-0.1810
186.1540	79.6231	65.3851	1.7890	10.4923	2.2110	-0.1810
186.3064	83.4267	69.2741	1.8264	11.5204	2.1147	-0.1810
186.4588	82.9320	67.3422	1.7530	11.3305	2.3794	-0.1810
186.6112	84.5702	67.7780	1.7288	11.6121	2.6496	-0.1810
186.7636	83.5150	65.7077	1.8247	10.3866	2.6696	-0.1810
186.9160	84.7409	66.3324	1.8990	10.1520	2.6852	-0.1810
187.0684	83.4465	67.4579	1.9889	9.9865	2.3030	-0.1810
187.2208	82.5507	65.3161	1.8982	9.8309	2.3639	-0.1810
187.3732	82.7231	66.7767	1.9108	10.2254	2.2870	-0.1810
187.5256	81.6351	66.6832	1.9445	9.9977	2.1345	-0.1810
187.6780	82.7325	67.3209	1.9880	9.9478	2.1912	-0.1810
187.8304	82.2265	70.3683	2.0497	10.5634	1.8026	-0.1810
187.9828	83.3307	72.3304	2.1723	10.4749	1.6911	-0.1810
188.1352	81.7341	70.2540	2.1473	9.9559	1.7318	-0.1810
188.2876	80.3139	69.6464	2.1548	9.7167	1.5171	-0.1810
188.4400	80.2741	71.7983	2.0681	10.9144	1.2449	-0.1810
188.5924	81.7324	72.4360	2.0290	11.3480	1.4170	-0.1810
188.7448	83.0082	73.1979	2.0280	11.5982	1.6387	-0.1810
188.8972	85.9848	76.7419	2.1499	12.0208	1.6292	-0.1810
189.0496	84.6558	74.5819	2.0985	11.6289	1.6349	-0.1810
189.2020	81.6409	70.5610	1.9483	11.2193	1.6853	-0.1810
189.3544	80.4279	68.6986	1.9201	10.7868	1.7103	-0.1810
189.5068	80.2453	65.2007	1.7805	10.4828	2.1518	-0.1810
189.6592	82.6112	67.3267	1.7710	11.2199	2.3128	-0.1810
189.8116	81.7346	68.1157	1.7068	11.8492	2.0617	-0.1810
189.9640	81.4480	67.1025	1.7396	11.3317	2.1347	-0.1810
190.1164	80.7728	62.2914	1.6858	10.1045	2.6656	-0.1810
190.2688	80.8385	62.5636	1.7156	10.0169	2.5773	-0.1810
190.4212	81.6427	61.0902	1.6967	9.6555	2.8072	-0.1810
190.5736	82.9187	60.4518	1.6821	9.5360	3.0169	-0.1810
190.7260	81.7133	60.0605	1.6277	9.7288	2.8942	-0.1810
190.8784	80.5130	59.9194	1.5932	9.8859	2.8150	-0.1810
191.0308	81.4505	59.5586	1.5467	10.0427	3.1015	-0.1810
191.1832	80.5576	59.4069	1.5410	10.0273	3.0710	-0.1810
191.3356	80.3226	58.5255	1.5753	9.5436	3.1086	-0.1810
191.4880	77.4743	55.8898	1.5702	8.7284	3.0250	-0.1810
191.6404	79.4548	57.1499	1.6271	8.7991	3.0156	-0.1810
191.7928	81.3738	60.5310	1.7037	9.4349	2.8553	-0.1810
191.9452	83.3576	62.0566	1.7056	9.9132	3.0289	-0.1810
192.0976	83.4806	62.1555	1.6943	10.0111	3.0317	-0.1810
192.2500	81.9875	62.0974	1.7314	9.7748	2.7604	-0.1810
192.4024	83.0481	61.7377	1.7832	9.3567	2.8891	-0.1810
192.5548	84.9515	62.2391	1.8304	9.2408	3.0569	-0.1810
192.7072	85.1426	63.6954	1.8847	9.3899	2.8667	-0.1810
192.8596	82.3354	63.5243	1.8643	9.4547	2.4236	-0.1810
193.0120	78.7900	60.2338	1.7854	8.8614	2.3295	-0.1810
193.1644	78.0441	59.7688	1.7931	8.6672	2.2996	-0.1810
193.3168	78.6416	62.0108	1.8089	9.2936	2.1402	-0.1810
193.4692	79.0211	63.1272	1.8001	9.7029	2.0682	-0.1810
193.6216	80.2870	65.2264	1.8926	9.8348	1.8843	-0.1810
193.7740	82.0415	68.1441	2.0008	10.1369	1.6704	-0.1810
193.9264	83.5080	69.8772	2.0215	10.5711	1.6295	-0.1810
194.0788	83.5348	71.7581	2.0428	11.0496	1.4385	-0.1810
194.2312	82.9585	72.7289	2.0779	11.1554	1.2130	-0.1810
194.3836	82.7138	71.8073	2.0958	10.7550	1.2306	-0.1810
194.5360	81.4030	69.7098	2.0894	10.1198	1.3933	-0.1810
194.6884	79.6820	67.6913	2.0392	9.7665	1.4861	-0.1810
194.8408	80.3591	67.6642	2.0201	9.8699	1.5648	-0.1810
194.9932	83.1763	69.4782	2.0738	10.1370	1.7239	-0.1810
195.1456	83.9496	70.7521	2.1031	10.3744	1.6402	-0.1810
195.2980	82.2799	70.2364	2.0513	10.5122	1.4656	-0.1810
195.4504	81.5332	70.1552	1.9985	10.7953	1.4395	-0.1810
195.6028	82.8307	71.5614	1.9918	11.2850	1.4965	-0.1810
195.7552	84.0139	72.5403	1.9916	11.6005	1.5819	-0.1810
195.9076	83.2631	71.8003	1.9679	11.5017	1.5739	-0.1810
196.0600	82.0819	71.2252	1.9186	11.6058	1.5083	-0.1810
196.2124	81.7016	70.7749	1.8966	11.5907	1.4786	-0.1810
196.3648	82.3242	70.9781	1.9083	11.5868	1.4880	-0.1810
196.5172	82.4490	71.4465	1.9260	11.6336	1.4671	-0.1810
196.6696	81.6984	70.2262	1.9245	11.2511	1.5434	-0.1810
196.8220	80.2893	67.8438	1.9002	10.6292	1.6610	-0.1810
196.9744	79.5435	65.4732	1.8944	9.9034	1.8724	-0.1810
197.1268	80.8913	65.1221	1.9228	9.6241	2.0958	-0.1810
197.2792	81.8781	65.2934	1.9381	9.5897	2.2263	-0.1810
197.4316	82.5099	65.7758	1.9647	9.5885	2.2729	-0.1810
197.5840	81.1686	64.7142	1.9244	9.4842	2.2998	-0.1810
197.7364	80.7067	64.1254	1.9254	9.2894	2.3486	-0.1810
197.8888	81.5562	64.6073	1.9233	9.4566	2.3951	-0.1810
198.0412	82.1717	66.3324	1.9258	9.9950	2.2771	-0.1810
198.1936	82.6184	67.7784	1.9238	10.4706	2.1572	-0.1810
198.3460	81.8110	66.6993	1.8646	10.4711	2.1255	-0.1810
198.4984	81.2084	65.5061	1.8324	10.2768	2.1962	-0.1810
198.6508	80.7736	65.3894	1.8240	10.2885	2.1610	-0.1810
198.8032	80.6789	66.1301	1.8454	10.4009	2.0308	-0.1810
198.9556	81.9915	67.2177	1.9106	10.3676	2.0160	-0.1810
199.1080	81.4483	66.4902	1.8853	10.2824	1.9719	-0.1810
199.2604	82.1111	66.8704	1.8976	10.3328	1.8801	-0.1810
199.4128	81.3915	66.7262	1.8973	10.2881	1.7637	-0.1810
199.5652	82.4996	68.0813	1.9218	10.5793	1.7462	-0.1810
199.7176	82.1429	66.5139	1.8991	10.2093	1.8551	-0.1810
199.8700	82.2447	65.0190	1.8762	9.8641	2.0293	-0.1810
200.0224	81.9155	65.3868	1.9134	9.7643	1.9686	-0.1810
200.1748	81.6537	66.3774	1.9266	10.0050	1.8355	-0.1810
200.3272	80.4060	65.1022	1.8840	9.8449	1.8732	-0.1810
200.4796	78.5232	63.3423	1.8194	9.6593	1.8655	-0.1810
200.6320	79.0154	64.3821	1.8356	9.8976	1.8044	-0.1810
200.7844	78.3754	64.6635	1.8716	9.7770	1.6981	-0.1810
200.9368	78.8331	64.7775	1.8787	9.7723	1.8233	-0.1810
201.0892	77.1141	64.7702	1.7974	10.2459	1.6310	-0.1810
201.2416	77.7765	66.0423	1.8019	10.6271	1.5423	-0.1810
201.3940	77.7474	67.1592	1.8167	10.8988	1.3824	-0.1810
201.5464	79.1446	71.2379	1.8748	11.8667	1.0606	-0.1810
201.6988	78.7127	70.5509	1.8559	11.7567	1.1310	-0.1810
201.8512	79.8528	71.0428	1.8818	11.7631	1.1944	-0.1810
202.0036	79.5755	70.9721	1.8433	11.9660	1.2150	-0.1810
202.1560	81.5196	72.9843	1.8887	12.3452	1.2537	-0.1810
202.3084	80.8194	72.9432	1.9072	12.2235	1.2094	-0.1810
202.4608	81.4073	72.9254	1.8839	12.3544	1.3090	-0.1810
202.6132	80.1191	72.6625	1.8804	12.2907	1.1671	-0.1810
202.7656	78.5329	68.0324	1.8116	11.2087	1.4800	-0.1810
202.9180	75.5803	64.5075	1.7381	10.5087	1.5545	-0.1810
203.0704	72.6114	61.6646	1.6761	9.9600	1.6063	-0.1810
203.2228	70.4033	57.2779	1.6179	8.8940	1.8771	-0.1810
203.3752	67.7237	55.3374	1.5438	8.7058	1.7123	-0.1810
203.5276	66.0698	52.4835	1.4747	8.1954	1.8218	-0.1810
203.6800	62.1821	49.1505	1.4037	7.5425	1.6359	-0.1810
203.8324	58.6974	45.1780	1.3183	6.7682	1.5978	-0.1810
203.9848	53.4114	42.2557	1.1911	6.5760	1.2377	-0.1810
204.1372	50.7947	38.4095	1.0714	6.0435	1.4179	-0.1810
204.2896	48.9001	37.6353	1.0580	5.8739	1.2705	-0.1810
204.4420	50.7459	40.6083	1.1295	6.4082	1.1535	-0.1810
204.5944	52.5204	41.9488	1.1674	6.6166	1.2465	-0.1810
204.7468	50.5970	41.0897	1.1232	6.5997	1.1020	-0.1810
204.8992	47.4432	39.8889	1.0983	6.3604	0.8891	-0.1810
205.0516	42.2463	35.5401	0.9817	5.6486	0.8128	-0.1810
205.2040	41.0805	36.4690	0.9736	5.9936	0.6397	-0.1810
205.3564	39.8095	35.1142	0.9667	5.5998	0.6765	-0.1810
205.5088	40.8483	36.4772	1.0172	5.7414	0.7183	-0.1810
205.6612	41.7660	35.5547	1.0120	5.4757	1.0212	-0.1810
205.8136	43.0040	37.9734	1.1291	5.5659	0.8256	-0.1810
205.9660	45.9233	41.0830	1.1476	6.4549	0.8072	-0.1810
206.1184	48.4241	43.9040	1.2602	6.6998	0.8084	-0.1810
206.2708	47.3059	43.1953	1.2078	6.7796	0.7085	-0.1810
206.4232	44.3305	41.0459	1.1660	6.3348	0.6021	-0.1810
206.5756	39.3192	35.2402	1.0439	5.1885	0.6756	-0.1810
206.7280	36.9786	34.3516	1.0087	5.1091	0.4774	-0.1810
206.8804	35.7831	33.8974	1.0017	5.0048	0.3403	-0.1810
207.0328	38.3248	37.6545	1.1122	5.5628	0.1652	-0.1810
207.1852	38.1765	36.9047	1.0851	5.4808	0.2603	-0.1810
207.3376	36.7896	35.3999	1.0240	5.3562	0.2605	-0.1810
207.4900	34.7672	33.1175	0.9451	5.0863	0.3080	-0.1810
207.6424	36.6892	33.5840	1.0112	4.8488	0.4976	-0.1810
207.7948	39.0338	34.1748	1.0176	5.0004	0.7326	-0.1810
207.9472	40.1894	35.3876	1.1420	4.6611	0.6646	-0.1810
208.0996	39.8086	33.5261	1.0808	4.4228	0.8432	-0.1810
208.2520	38.2975	32.8178	1.0066	4.6298	0.6907	-0.1810
208.4044	36.7980	30.8703	0.9678	4.2326	0.7723	-0.1810
208.5568	37.4406	29.1728	0.9453	3.8203	1.1383	-0.1810
208.7092	38.9003	29.9486	0.9664	3.9450	1.2256	-0.1810
208.8616	40.9696	32.3287	0.9759	4.6527	1.1489	-0.1810
209.0140	41.3334	32.2327	1.0145	4.3958	1.2340	-0.1810
209.1664	40.8857	31.3581	0.9739	4.3531	1.2879	-0.1810
209.3188	42.0080	32.9487	1.0194	4.5970	1.2944	-0.1810
209.4712	46.7061	38.2871	1.1927	5.2941	1.2519	-0.1810
209.6236	56.2714	46.3990	1.3718	6.8465	1.5414	-0.1810
209.7760	66.1223	53.9268	1.5756	8.0672	1.8683	-0.1810
209.9284	73.2082	58.8944	1.7853	8.4327	2.1875	-0.1810
210.0808	78.8018	64.8055	1.8795	9.7764	2.1302	-0.1810
210.2332	80.7026	66.3532	1.8753	10.2971	2.0775	-0.1810
210.3856	81.8438	66.5109	1.8625	10.4225	2.3024	-0.1810
210.5380	77.1454	65.2130	1.8210	10.2494	1.7419	-0.1810
210.6904	73.5197	64.5584	1.6706	10.9201	1.3276	-0.1810
210.8428	71.9276	65.0361	1.6412	11.2454	1.1090	-0.1810
210.9952	73.8296	65.6683	1.6404	11.4527	1.2410	-0.1810
211.1476	75.7123	67.1352	1.6068	12.1203	1.3217	-0.1810
211.3000	75.0514	64.8176	1.5833	11.5144	1.4982	-0.1810
211.4524	75.2174	66.7696	1.5908	12.0962	1.3422	-0.1810
211.6048	73.6553	67.2031	1.5236	12.6286	1.0783	-0.1810
211.7572	73.2335	64.4368	1.5591	11.5339	1.3462	-0.1810
211.9096	71.8520	64.3904	1.6034	11.2600	1.2103	-0.1810
212.0620	73.9214	66.5144	1.6750	11.5218	1.1836	-0.1810
212.2144	76.2897	67.0035	1.6969	11.5500	1.5448	-0.1810
212.3668	76.8605	64.7572	1.7380	10.5894	1.9199	-0.1810
212.5192	78.4403	65.2868	1.8354	10.1887	2.0022	-0.1810
212.6716	79.5240	67.5695	1.9155	10.4518	1.7807	-0.1810
212.8240	81.4053	68.6095	1.9287	10.7080	1.7519	-0.1810
212.9764	78.0153	67.1949	1.8564	10.6780	1.5103	-0.1810
213.1288	73.8578	62.2405	1.7732	9.5763	1.5308	-0.1810
213.2812	72.5481	60.2887	1.7437	9.1229	1.6359	-0.1810
213.4336	73.9636	61.0017	1.7620	9.2448	1.7807	-0.1810
213.5860	78.1053	63.7486	1.8461	9.6332	1.9081	-0.1810
213.7384	81.0248	67.6561	1.9038	10.5484	1.6659	-0.1810
213.8908	79.8445	66.3409	1.8944	10.1815	1.6978	-0.1810
214.0432	76.7354	64.2990	1.8283	9.9136	1.5168	-0.1810
214.1956	75.5810	63.2032	1.7670	9.9211	1.5072	-0.1810
214.3480	78.8946	65.3729	1.8045	10.3974	1.6686	-0.1810
214.5004	79.6654	65.2741	1.8640	10.0172	1.8279	-0.1810
214.6528	78.3254	64.1658	1.8407	9.7986	1.7319	-0.1810
214.8052	76.5745	61.7497	1.7968	9.2807	1.8266	-0.2640
214.9576	74.8645	58.8926	1.7311	8.7493	1.9207	-0.2640
215.1100	71.8535	57.4699	1.6478	8.7805	1.6965	-0.2640
215.2624	67.4416	54.3054	1.5494	8.3419	1.5458	-0.2640
215.4148	62.1358	48.3523	1.4304	7.1299	1.7096	-0.2640
215.5672	57.2535	44.0519	1.3046	6.4873	1.5873	-0.1074
215.7196	52.1166	40.1880	1.1930	5.9019	1.4221	-0.1074
215.8720	50.9001	38.7270	1.1603	5.6246	1.4332	-0.1074
216.0244	50.6041	38.3925	1.1489	5.5844	1.4573	-0.1074
216.1768	51.1668	39.2489	1.1691	5.7405	1.4482	-0.1074
216.3292	50.9645	38.9676	1.1696	5.6474	1.4855	-0.1074
216.4816	51.4796	40.8981	1.2169	5.9895	1.3059	-0.1074
216.6340	55.9927	45.3639	1.3507	6.6381	1.3355	-0.1074
216.7864	61.4363	50.1443	1.4626	7.5162	1.4366	-0.1074
216.9388	67.3221	54.9724	1.5890	8.3241	1.5921	-0.1074
217.0912	70.1998	56.9503	1.6472	8.6176	1.7154	-0.1074
217.2436	71.9948	59.0802	1.7020	8.9798	1.6413	-0.1074
217.3960	73.2311	61.6150	1.7239	9.6644	1.4599	-0.1074
217.5484	73.2987	61.6617	1.7177	9.7159	1.5283	-0.1074
217.7008	73.2987	61.6617	1.7177	9.7159	1.5283	-0.1074
217.8532	73.2987	61.6617	1.7177	9.7159	1.5283	-0.1074
