HOLE:	U1353C
EXPEDITION:	317
TOP:	133.1188
BOTTOM:	211.4524
DEPTH_WMSF	FX	FY	FZ	FNOR	FINC	RB	P1AZ	HAZI	AX	AY	AZ	DEVI
m	oer	oer	oer	oer	deg	deg	deg	deg	m/s2	m/s2	m/s2	deg
133.1188	0.170533	-0.099600	-0.494112	0.532226	-67.9409	266.7136	55.9157	149.2026	0.0056	-0.0681	9.8695	0.4942
133.2712	0.170656	-0.099674	-0.494185	0.532228	-67.9393	266.5354	55.9161	149.3816	0.0350	-0.0967	9.7984	0.4954
133.4236	0.170100	-0.100082	-0.494295	0.532221	-67.9383	266.5030	55.9190	149.4161	0.0008	-0.1037	9.8356	0.4971
133.5760	0.168954	-0.101974	-0.494309	0.532219	-67.9357	266.2957	55.9199	149.6231	0.0115	-0.0768	9.8331	0.4988
133.7284	0.168904	-0.101827	-0.494163	0.532214	-67.9316	266.0479	55.9255	149.8773	0.0180	-0.1197	9.8338	0.5032
133.8808	0.169472	-0.101454	-0.494186	0.532207	-67.9331	266.0323	55.9273	149.8941	0.0020	-0.0904	9.8728	0.5041
134.0332	0.169867	-0.101058	-0.494186	0.532217	-67.9311	265.6694	55.9326	150.2622	0.0011	-0.0776	9.8065	0.5061
134.1856	0.169473	-0.101451	-0.494381	0.532230	-67.9303	265.6621	56.1287	150.4653	0.0279	-0.0992	9.8635	0.5062
134.3380	0.168683	-0.102045	-0.494382	0.532241	-67.9271	265.6375	56.4375	150.7987	-0.0153	-0.0967	9.7681	0.5079
134.4904	0.168091	-0.103629	-0.494188	0.532249	-67.9276	265.9229	56.9246	151.0016	0.0112	-0.0836	9.8723	0.5064
134.6428	0.167697	-0.104422	-0.494188	0.532259	-67.9258	265.9149	57.1215	151.2077	0.0065	-0.0839	9.7293	0.5073
134.7952	0.167104	-0.105017	-0.494189	0.532269	-67.9241	266.0167	57.5216	151.5055	0.0229	-0.0848	9.7792	0.5087
134.9476	0.165784	-0.106937	-0.494130	0.532272	-67.9250	266.3160	57.9587	151.6419	0.0053	-0.1083	9.7104	0.5099
135.1000	0.165981	-0.106540	-0.494325	0.532282	-67.9226	265.7592	57.7902	152.0299	-0.0057	-0.0855	9.8515	0.5113
135.2524	0.165958	-0.106760	-0.494349	0.532295	-67.9212	264.7531	57.1572	152.4032	0.0296	-0.0834	9.7942	0.5117
135.4048	0.169275	-0.101255	-0.494576	0.532304	-67.9186	263.0659	55.7362	152.6701	-0.0007	-0.0673	9.8926	0.5149
135.5572	0.170460	-0.100067	-0.494379	0.532319	-67.9205	262.4774	55.2816	152.8036	0.0333	-0.0969	9.8566	0.5132
135.7096	0.171248	-0.098287	-0.494184	0.532335	-67.9194	261.3604	54.7004	153.3404	0.0001	-0.0594	9.9291	0.5112
135.8620	0.172630	-0.096306	-0.494377	0.532348	-67.9209	260.8301	54.2540	153.4233	0.0093	-0.0990	9.8729	0.5124
136.0144	0.172469	-0.095872	-0.494536	0.532368	-67.9204	260.0957	53.9619	153.8651	0.0178	-0.0830	9.8758	0.5114
136.1668	0.173022	-0.094528	-0.494183	0.532391	-67.9217	259.5518	53.5230	153.9708	0.0078	-0.0851	9.7794	0.5126
136.3192	0.174207	-0.093140	-0.494570	0.532412	-67.9222	258.7432	52.9743	154.2315	0.0279	-0.0803	9.8020	0.5127
136.4716	0.174996	-0.091360	-0.494570	0.532432	-67.9193	257.5968	52.2647	154.6680	0.0061	-0.0847	9.7162	0.5157
136.6240	0.176179	-0.088392	-0.494375	0.532439	-67.9206	256.7666	51.4359	154.6681	0.0197	-0.0875	9.7478	0.5185
136.7764	0.177202	-0.086375	-0.494532	0.532439	-67.9208	255.7161	50.5963	154.8803	0.0151	-0.0674	9.8248	0.5242
136.9288	0.178791	-0.082801	-0.494713	0.532442	-67.9241	254.6563	49.5729	154.9154	0.0271	-0.0884	9.8196	0.5282
137.0812	0.179925	-0.080079	-0.494762	0.532443	-67.9215	253.2413	48.4249	155.1833	0.0128	-0.1017	9.9297	0.5362
137.2336	0.182291	-0.075333	-0.494177	0.532447	-67.9235	251.6279	46.8098	155.1817	0.0443	-0.0497	9.8267	0.5406
137.3860	0.184078	-0.070766	-0.494747	0.532465	-67.9212	250.5164	45.7713	155.2531	0.0263	-0.0999	9.9559	0.5422
137.5384	0.184939	-0.068517	-0.494674	0.532485	-67.9183	249.9738	45.1409	155.1668	0.0367	-0.0840	9.7892	0.5439
137.6908	0.185369	-0.066305	-0.494639	0.532499	-67.9197	249.5970	44.5787	154.9811	0.0349	-0.0834	9.8896	0.5448
137.8432	0.186071	-0.064214	-0.494724	0.532513	-67.9180	248.9364	43.8496	154.9115	0.0310	-0.0947	9.7473	0.5479
137.9956	0.186660	-0.062039	-0.494724	0.532532	-67.9209	248.1200	43.1115	154.9906	0.0322	-0.0890	9.8120	0.5449
138.1480	0.187807	-0.059105	-0.494955	0.532540	-67.9202	247.3690	42.1261	154.7560	0.0379	-0.0940	9.7014	0.5503
138.3004	0.188630	-0.055705	-0.494725	0.532559	-67.9163	246.2581	40.9916	154.7322	0.0678	-0.1058	9.8386	0.5532
138.4528	0.189811	-0.051553	-0.494726	0.532568	-67.9154	245.4354	40.0988	154.6621	0.0287	-0.0889	9.7480	0.5555
138.6052	0.190761	-0.050104	-0.494761	0.532567	-67.9145	245.4315	40.0277	154.5942	0.0581	-0.0741	9.8941	0.5616
138.7576	0.190663	-0.051886	-0.494662	0.532559	-67.9141	245.7792	40.5157	154.7360	0.0208	-0.0948	9.8484	0.5646
138.9100	0.190404	-0.052544	-0.494529	0.532553	-67.9164	246.1857	40.9318	154.7451	0.0234	-0.0611	9.8666	0.5679
139.0624	0.189973	-0.052182	-0.494761	0.532549	-67.9163	245.5447	40.3428	154.7970	0.0643	-0.0753	9.8998	0.5714
139.2148	0.190798	-0.050660	-0.494724	0.532547	-67.9168	244.8624	39.5866	154.7242	0.0141	-0.0579	9.7748	0.5724
139.3672	0.191411	-0.046779	-0.494702	0.532545	-67.9168	244.3633	38.5412	154.1764	0.0505	-0.1025	9.8767	0.5783
139.5196	0.192569	-0.045321	-0.494724	0.532550	-67.9171	244.5905	38.9763	154.3851	0.0189	-0.0561	9.7637	0.5734
139.6720	0.191351	-0.048622	-0.494761	0.532564	-67.9097	244.2073	39.0553	154.8475	0.0298	-0.1216	9.9731	0.5698
139.8244	0.191422	-0.045776	-0.494691	0.532568	-67.9088	243.9462	38.2174	154.2699	0.0495	-0.0775	9.7630	0.5684
139.9768	0.192160	-0.043055	-0.494740	0.532565	-67.9117	243.9827	37.4966	153.5130	0.0484	-0.0809	9.8973	0.5733
140.1292	0.192527	-0.040708	-0.494765	0.532565	-67.9100	243.2500	36.9087	153.6568	0.0513	-0.0966	9.7485	0.5731
140.2816	0.192525	-0.039126	-0.494767	0.532558	-67.9073	242.8273	36.7219	153.8935	0.0511	-0.0871	9.7656	0.5708
140.4340	0.192630	-0.039336	-0.494766	0.532551	-67.9100	243.1856	36.8688	153.6818	0.0542	-0.0992	9.7403	0.5696
140.5864	0.192921	-0.039568	-0.494765	0.532546	-67.9090	243.0036	36.6514	153.6458	0.0284	-0.0576	9.7723	0.5727
140.7388	0.192365	-0.039521	-0.494765	0.532541	-67.9102	242.8061	36.6750	153.8685	0.0395	-0.1668	9.8358	0.5683
140.8912	0.193186	-0.039059	-0.494733	0.532536	-67.9122	243.0388	36.7633	153.7227	0.0358	-0.0624	9.7527	0.5679
141.0436	0.193435	-0.040302	-0.494498	0.532533	-67.9120	244.9628	38.7474	153.7829	0.0756	-0.0496	9.9243	0.5686
141.1960	0.191340	-0.049962	-0.494439	0.532538	-67.9133	246.9944	40.5776	153.5815	0.0437	-0.0649	9.8401	0.5649
141.3484	0.190164	-0.054194	-0.494572	0.532549	-67.9134	247.7899	41.2758	153.4848	0.0001	-0.1151	9.8956	0.5609
141.5008	0.190058	-0.054998	-0.494609	0.532554	-67.9118	248.3676	41.5917	153.2231	0.0289	-0.0698	9.8677	0.5566
141.6532	0.189647	-0.055993	-0.494304	0.532557	-67.9124	249.3956	42.0402	152.6435	0.0303	-0.0852	9.8811	0.5515
141.8056	0.188551	-0.057849	-0.494723	0.532569	-67.9135	249.8910	42.3225	152.4299	0.0355	-0.0863	9.8701	0.5468
141.9580	0.188400	-0.058152	-0.494758	0.532578	-67.9123	249.4992	42.2550	152.7542	0.0316	-0.0807	9.8543	0.5385
142.1104	0.188423	-0.057499	-0.494735	0.532588	-67.9117	249.3080	42.1463	152.8376	0.0377	-0.0792	9.8059	0.5339
142.2628	0.188714	-0.057625	-0.494723	0.532590	-67.9132	250.0150	42.2327	152.2173	0.0402	-0.0835	9.7791	0.5349
142.4152	0.188614	-0.058216	-0.494752	0.532594	-67.9202	250.6035	42.3851	151.7807	0.0399	-0.0908	9.8386	0.5334
142.5676	0.188435	-0.058584	-0.494723	0.532594	-67.9203	250.2890	42.5691	152.2799	0.0156	-0.0816	9.6797	0.5298
142.7200	0.188411	-0.059095	-0.494746	0.532572	-67.9197	250.4568	43.2022	152.7446	0.0410	-0.0868	9.8261	0.5237
142.8724	0.187430	-0.062270	-0.494194	0.532558	-67.9216	251.7466	44.5563	152.8080	0.0228	-0.0967	9.7686	0.5213
143.0248	0.185549	-0.067617	-0.494369	0.532557	-67.9271	253.3241	45.8163	152.4913	0.0199	-0.0805	9.8351	0.5223
143.1772	0.184286	-0.071071	-0.494621	0.532556	-67.9260	254.1864	46.8254	152.6391	0.0179	-0.0814	9.8068	0.5258
143.3296	0.182894	-0.073597	-0.494748	0.532549	-67.9276	254.9207	47.4913	152.5708	0.0384	-0.0930	9.9384	0.5264
143.4820	0.182326	-0.075367	-0.494760	0.532547	-67.9292	255.7894	47.8030	152.0121	0.0355	-0.0752	9.7699	0.5309
143.6344	0.181971	-0.076131	-0.494687	0.532541	-67.9307	256.1414	48.1449	152.0038	0.0209	-0.0893	9.9429	0.5280
143.7868	0.181561	-0.077857	-0.494759	0.532535	-67.9323	257.3235	49.1253	151.8012	0.0228	-0.0917	9.7650	0.5236
143.9392	0.179926	-0.080987	-0.494715	0.532531	-67.9326	258.1163	49.7200	151.6036	0.0111	-0.0742	9.8806	0.5183
144.0916	0.179531	-0.082458	-0.494200	0.532530	-67.9312	258.4773	49.7442	151.2661	0.0195	-0.0869	9.7726	0.5135
144.2440	0.179531	-0.082200	-0.494429	0.532536	-67.9301	258.1668	49.1536	150.9870	0.0032	-0.0786	9.8911	0.5074
144.3964	0.180540	-0.079329	-0.494761	0.532541	-67.9301	257.7489	48.7415	150.9921	0.0337	-0.0825	9.7789	0.5005
144.5488	0.180721	-0.078851	-0.494754	0.532531	-67.9301	257.8817	48.5636	150.6808	0.0301	-0.0955	9.8673	0.4965
144.7012	0.180552	-0.078076	-0.494737	0.532522	-67.9304	258.1681	48.4838	150.3157	0.0286	-0.1016	9.7852	0.4936
144.8536	0.180714	-0.078158	-0.494761	0.532521	-67.9287	258.5114	48.7017	150.1908	0.0105	-0.0961	9.8055	0.4887
145.0060	0.180819	-0.079066	-0.494669	0.532514	-67.9264	258.9747	49.0435	150.0682	0.0257	-0.0875	9.7989	0.4829
145.1584	0.180275	-0.080963	-0.494714	0.532497	-67.9248	259.0108	48.9867	149.9747	0.0185	-0.0904	9.8739	0.4783
145.3108	0.181344	-0.078856	-0.494528	0.532491	-67.9217	258.6547	48.6137	149.9586	-0.0082	-0.0774	9.8342	0.4735
145.4632	0.181930	-0.079765	-0.494338	0.532504	-67.9248	258.3448	48.2911	149.9454	0.0307	-0.0802	9.8486	0.4667
145.6156	0.182946	-0.077844	-0.494172	0.532516	-67.9239	257.4813	47.8169	150.3347	0.0140	-0.0696	9.7771	0.4593
145.7680	0.182688	-0.076431	-0.494282	0.532523	-67.9197	256.4674	47.1556	150.6879	0.0112	-0.0773	9.8946	0.4491
145.9204	0.183629	-0.073838	-0.494217	0.532522	-67.9194	254.9026	45.7825	150.8796	0.0023	-0.0701	9.5559	0.4382
146.0728	0.186031	-0.068474	-0.494223	0.532544	-67.9151	252.5728	44.0113	151.4384	0.0179	-0.0768	9.9857	0.4277
146.2252	0.187822	-0.063121	-0.494162	0.532561	-67.9123	250.4834	42.5765	152.0928	0.0022	-0.0668	9.6479	0.4181
146.3776	0.189290	-0.058613	-0.494087	0.532577	-67.9091	248.5381	41.3153	152.7763	0.0383	-0.0451	10.0631	0.4109
146.5300	0.190356	-0.054771	-0.494259	0.532575	-67.9056	246.4598	40.1217	153.6612	0.0142	-0.0807	9.8431	0.4071
146.6824	0.191353	-0.050470	-0.494240	0.532575	-67.9027	245.0924	39.5784	154.4849	-0.0030	-0.0797	10.0314	0.4037
146.8348	0.191353	-0.049963	-0.494439	0.532576	-67.9032	243.7895	39.2686	155.4775	0.0421	-0.0417	9.8997	0.4013
146.9872	0.191890	-0.049091	-0.494406	0.532588	-67.8989	242.3337	38.8468	156.5129	0.0376	-0.0480	9.8017	0.3987
147.1396	0.192436	-0.047501	-0.494359	0.532599	-67.8942	240.1544	37.7914	157.6358	0.0327	-0.0598	9.7457	0.3950
147.2920	0.193320	-0.042805	-0.494545	0.532602	-67.8921	237.0759	35.6934	158.6176	0.0445	-0.0716	9.8512	0.3898
147.4444	0.194792	-0.035120	-0.494849	0.532601	-67.8900	233.9637	33.5821	159.6176	0.0336	-0.0922	9.7116	0.3863
147.5968	0.196108	-0.028800	-0.494666	0.532609	-67.8880	231.8911	31.8384	159.9464	0.0371	-0.0553	9.8403	0.3862
147.7492	0.196568	-0.022917	-0.494328	0.532628	-67.8864	229.4547	30.6975	161.2409	0.0479	-0.0474	9.9243	0.3824
147.9016	0.197324	-0.019827	-0.494279	0.532651	-67.8808	227.6129	29.9098	162.2961	0.0499	-0.0545	9.8661	0.3820
148.0540	0.197582	-0.016828	-0.494406	0.532676	-67.8759	226.6354	29.1697	162.5344	0.0429	-0.0499	9.8243	0.3810
148.2064	0.197790	-0.014771	-0.494562	0.532695	-67.8726	226.0951	29.2344	163.1395	0.0512	-0.0443	9.7407	0.3810
148.3588	0.197449	-0.016495	-0.494303	0.532717	-67.8691	226.0231	29.7635	163.7404	0.0412	-0.0338	9.8213	0.3796
148.5112	0.197276	-0.017598	-0.494307	0.532718	-67.8667	225.4934	29.6205	164.1264	0.0423	-0.0546	9.7352	0.3767
148.6636	0.197501	-0.016239	-0.494264	0.532706	-67.8623	224.6110	28.9030	164.2923	0.0348	-0.0634	9.8377	0.3760
148.8160	0.197866	-0.014040	-0.494275	0.532695	-67.8584	223.6030	27.8392	164.2361	0.0386	-0.0411	9.8018	0.3747
148.9684	0.197766	-0.009669	-0.494298	0.532706	-67.8553	222.2419	26.5280	164.2863	0.0710	-0.0538	9.8474	0.3736
149.1208	0.198432	-0.006143	-0.494559	0.532723	-67.8521	221.5600	25.9619	164.4017	0.0457	-0.0470	9.7944	0.3722
149.2732	0.198348	-0.003049	-0.494568	0.532746	-67.8476	221.4372	25.7496	164.3120	0.0584	-0.0272	9.9234	0.3710
149.4256	0.198335	-0.004189	-0.494712	0.532757	-67.8446	221.2217	25.2389	164.0170	0.0533	-0.0227	9.7739	0.3703
149.5780	0.198377	-0.000683	-0.494670	0.532773	-67.8396	220.5670	24.1385	163.5713	0.0546	-0.0383	9.7833	0.3700
149.7304	0.198344	0.002513	-0.494449	0.532797	-67.8345	219.6198	22.6781	163.0567	0.0474	-0.0430	9.8562	0.3695
149.8828	0.198222	0.008680	-0.494298	0.532814	-67.8295	218.5556	21.1525	162.5954	0.0508	-0.0345	9.8862	0.3694
150.0352	0.198292	0.013563	-0.494127	0.532836	-67.8261	217.3057	19.9769	162.6703	0.0472	-0.0392	9.8213	0.3676
150.1876	0.197835	0.017375	-0.494324	0.532849	-67.8215	216.9428	18.9293	161.9855	0.0544	-0.0313	9.8220	0.3681
150.3400	0.197836	0.020983	-0.494300	0.532850	-67.8190	216.1423	17.6917	161.5490	0.0504	-0.0399	9.8796	0.3690
150.4924	0.197661	0.025631	-0.494443	0.532851	-67.8152	214.0137	15.1524	161.1388	0.0490	-0.0357	9.8341	0.3719
150.6448	0.195751	0.036325	-0.494282	0.532846	-67.8109	212.9070	13.4628	160.5545	0.0503	-0.0375	9.8465	0.3745
150.7972	0.195390	0.039737	-0.494231	0.532844	-67.8059	213.1692	13.2838	160.1147	0.0512	-0.0368	9.8312	0.3782
150.9496	0.195454	0.039838	-0.494500	0.532854	-67.8006	213.2413	13.2014	159.9604	0.0505	-0.0362	9.8190	0.3817
151.1020	0.195022	0.040303	-0.494132	0.532874	-67.7957	213.2628	13.0999	159.8361	0.0497	-0.0377	9.7837	0.3848
151.2544	0.194873	0.040533	-0.494340	0.532891	-67.7919	212.8934	12.6623	159.7673	0.0533	-0.0367	9.7898	0.3874
151.4068	0.194687	0.041893	-0.494258	0.532904	-67.7884	211.9578	11.6014	159.6440	0.0537	-0.0364	9.8009	0.3902
151.5592	0.193574	0.046181	-0.494317	0.532911	-67.7857	211.2613	10.6608	159.3985	0.0567	-0.0401	9.8875	0.3924
151.7116	0.192852	0.049106	-0.494294	0.532913	-67.7836	210.5872	9.7536	159.1650	0.0592	-0.0349	9.8479	0.3939
151.8640	0.191931	0.052565	-0.494307	0.532919	-67.7815	209.6775	8.7788	159.1006	0.0632	-0.0376	9.8234	0.3945
152.0164	0.191163	0.055242	-0.494304	0.532927	-67.7799	208.5353	7.6626	159.1267	0.0643	-0.0327	9.8031	0.3954
152.1688	0.189784	0.059804	-0.494508	0.532933	-67.7785	207.6981	6.8465	159.1470	0.0638	-0.0313	9.8081	0.3959
152.3212	0.189034	0.062065	-0.494409	0.532945	-67.7768	207.4205	6.6319	159.2100	0.0650	-0.0291	9.9010	0.3947
152.4736	0.189257	0.061881	-0.494276	0.532962	-67.7741	207.2068	6.4894	159.2811	0.0633	-0.0289	9.8332	0.3925
152.6260	0.188775	0.062939	-0.494418	0.532985	-67.7712	207.0246	6.4333	159.4070	0.0638	-0.0302	9.8427	0.3896
152.7784	0.188968	0.062777	-0.494261	0.533001	-67.7685	207.1655	6.6916	159.5252	0.0629	-0.0308	9.8113	0.3868
152.9308	0.189313	0.062323	-0.494329	0.533012	-67.7672	207.6777	7.1918	159.5143	0.0602	-0.0341	9.7770	0.3837
153.0832	0.190419	0.059476	-0.494274	0.533024	-67.7651	208.1076	7.5896	159.4823	0.0555	-0.0328	9.8958	0.3790
153.2356	0.190486	0.059433	-0.494283	0.533045	-67.7637	208.4800	8.0169	159.5376	0.0548	-0.0325	9.8828	0.3726
153.3880	0.191087	0.057350	-0.494357	0.533065	-67.7624	208.6824	8.2265	159.5443	0.0564	-0.0327	9.7286	0.3661
153.5404	0.191621	0.055708	-0.494306	0.533079	-67.7618	207.5708	6.8891	159.3167	0.0543	-0.0332	9.7885	0.3594
153.6928	0.189760	0.061948	-0.494224	0.533093	-67.7616	204.8593	3.9126	159.0540	0.0549	-0.0304	9.8219	0.3538
153.8452	0.186469	0.071730	-0.494310	0.533108	-67.7618	203.4507	2.3521	158.8999	0.0527	-0.0235	9.8533	0.3485
153.9976	0.184654	0.076558	-0.494387	0.533121	-67.7614	203.9141	2.6601	158.7466	0.0530	-0.0237	9.8516	0.3443
154.1500	0.185228	0.075126	-0.494296	0.533136	-67.7600	204.2960	2.9790	158.6822	0.0537	-0.0222	9.9607	0.3398
154.3024	0.185357	0.074108	-0.494358	0.533149	-67.7596	204.1765	2.8225	158.6444	0.0543	-0.0238	9.8265	0.3362
154.4548	0.185698	0.073667	-0.494253	0.533160	-67.7587	203.9442	2.3608	158.4159	0.0571	-0.0225	9.7331	0.3336
154.6072	0.184550	0.077231	-0.494287	0.533168	-67.7584	204.9627	2.9342	157.9713	0.0492	-0.0166	9.8275	0.3309
154.7596	0.185861	0.074082	-0.494314	0.533173	-67.7605	205.9556	3.4560	157.5005	0.0479	-0.0173	9.8140	0.3280
154.9120	0.186440	0.072307	-0.494311	0.533182	-67.7620	206.6489	3.6238	156.9740	0.0471	-0.0207	9.8697	0.3267
155.0644	0.186440	0.072236	-0.494381	0.533191	-67.7613	207.7053	3.9748	156.2684	0.0447	-0.0249	9.9086	0.3275
155.2168	0.186941	0.070414	-0.494214	0.533192	-67.7625	208.8968	4.2988	155.4008	0.0468	-0.0214	9.8783	0.3297
155.3692	0.187357	0.069916	-0.494276	0.533192	-67.7630	210.3672	4.6956	154.3284	0.0516	-0.0249	9.8008	0.3313
155.5216	0.187668	0.069007	-0.494316	0.533191	-67.7634	212.0909	5.2254	153.1351	0.0499	-0.0245	9.7533	0.3324
155.6740	0.188472	0.066421	-0.494354	0.533181	-67.7624	213.8456	5.6924	151.8470	0.0494	-0.0264	9.8276	0.3342
155.8264	0.189278	0.065357	-0.494233	0.533162	-67.7632	215.8467	6.1523	150.3040	0.0469	-0.0308	9.8917	0.3396
155.9788	0.189435	0.063548	-0.494277	0.533137	-67.7628	217.5081	6.2888	148.7803	0.0450	-0.0343	9.8742	0.3467
156.1312	0.189507	0.063521	-0.494303	0.533106	-67.7627	219.0144	6.4347	147.4202	0.0443	-0.0337	9.8295	0.3558
156.2836	0.189728	0.063056	-0.494252	0.533076	-67.7623	220.4652	6.5303	146.0661	0.0476	-0.0368	9.7718	0.3657
156.4360	0.189742	0.062970	-0.494292	0.533045	-67.7612	221.8517	6.6299	144.7787	0.0483	-0.0385	9.7141	0.3755
156.5884	0.189984	0.062996	-0.494230	0.533019	-67.7615	223.0778	6.7327	143.6534	0.0489	-0.0421	9.8057	0.3856
156.7408	0.190142	0.062768	-0.494140	0.532995	-67.7642	224.9495	7.4699	142.5187	0.0466	-0.0447	9.8762	0.3956
156.8932	0.191218	0.060110	-0.493880	0.532969	-67.7663	226.6331	8.1976	141.5652	0.0447	-0.0459	9.8898	0.4031
157.0456	0.191792	0.057711	-0.493937	0.532939	-67.7678	228.0046	8.6682	140.6624	0.0441	-0.0519	9.8518	0.4076
157.1980	0.192177	0.056438	-0.493727	0.532913	-67.7687	229.0793	8.6632	139.5845	0.0444	-0.0543	9.8202	0.4123
157.3504	0.191988	0.056464	-0.493775	0.532886	-67.7689	230.1842	8.5314	138.3451	0.0464	-0.0557	9.7971	0.4185
157.5028	0.191711	0.057234	-0.493703	0.532860	-67.7711	232.0820	9.0659	136.9832	0.0497	-0.0615	9.8518	0.4234
157.6552	0.192255	0.055932	-0.493658	0.532836	-67.7730	235.2754	10.8930	135.6170	0.0474	-0.0637	9.8104	0.4275
157.8076	0.193867	0.049132	-0.493717	0.532813	-67.7754	238.8239	13.0963	134.2719	0.0487	-0.0647	9.8311	0.4302
157.9600	0.195325	0.040339	-0.494102	0.532795	-67.7782	240.8654	14.1344	133.2679	0.0501	-0.0699	9.8785	0.4322
158.1124	0.195974	0.038457	-0.494079	0.532786	-67.7810	242.2133	14.8990	132.6850	0.0435	-0.0634	9.7815	0.4341
158.2648	0.196587	0.035625	-0.493671	0.532781	-67.7824	243.1001	15.5389	132.4367	0.0365	-0.0622	9.7995	0.4359
158.4172	0.197584	0.032638	-0.493651	0.532779	-67.7849	243.4556	15.7954	132.3388	0.0330	-0.0611	9.8630	0.4375
158.5696	0.197828	0.032674	-0.493593	0.532782	-67.7871	243.8255	16.0810	132.2556	0.0281	-0.0649	9.8020	0.4380
158.7220	0.197766	0.031841	-0.493564	0.532792	-67.7886	244.3835	16.6032	132.2191	0.0267	-0.0720	9.8280	0.4367
158.8744	0.198326	0.030046	-0.493538	0.532801	-67.7901	245.2135	17.4398	132.2254	0.0243	-0.0725	9.8427	0.4337
159.0268	0.198996	0.027136	-0.493584	0.532810	-67.7894	245.7224	17.8342	132.1112	0.0187	-0.0731	9.8010	0.4289
159.1792	0.199480	0.024005	-0.493599	0.532814	-67.7881	244.6889	16.6669	131.9778	0.0165	-0.0725	9.7964	0.4240
159.3316	0.198674	0.028750	-0.493636	0.532815	-67.7854	242.8708	14.7475	131.8763	0.0240	-0.0630	9.8336	0.4209
159.4840	0.197235	0.036368	-0.493593	0.532827	-67.7848	241.5228	13.3854	131.8615	0.0348	-0.0642	9.8575	0.4208
159.6364	0.196047	0.040703	-0.493679	0.532834	-67.7820	240.2063	12.5182	132.3101	0.0362	-0.0634	9.8248	0.4231
159.7888	0.195292	0.043427	-0.493840	0.532853	-67.7783	238.1055	11.3998	133.2937	0.0439	-0.0630	9.8206	0.4273
159.9412	0.194668	0.046791	-0.493788	0.532856	-67.7800	235.5880	10.2131	134.6254	0.0442	-0.0626	9.8132	0.4318
160.0936	0.193047	0.051899	-0.494090	0.532873	-67.7752	233.7685	9.5942	135.8244	0.0457	-0.0616	9.8554	0.4356
160.2460	0.193050	0.053410	-0.493631	0.532888	-67.7731	231.9094	9.1603	137.2509	0.0449	-0.0549	9.8411	0.4419
160.3984	0.192516	0.054987	-0.493740	0.532895	-67.7679	229.6498	8.7462	139.0969	0.0435	-0.0541	9.8161	0.4536
160.5508	0.192309	0.056391	-0.493695	0.532895	-67.7604	226.9949	8.1097	141.1143	0.0431	-0.0529	9.8171	0.4698
160.7032	0.191723	0.058097	-0.493917	0.532898	-67.7685	223.9265	6.8136	142.8868	0.0436	-0.0537	9.8082	0.4837
160.8556	0.190341	0.062586	-0.493772	0.532910	-67.7680	221.3503	5.3431	143.9931	0.0437	-0.0533	9.8042	0.4886
161.0080	0.188594	0.068921	-0.493864	0.532925	-67.7635	220.3933	4.8890	144.4953	0.0585	-0.0549	9.9309	0.4860
161.1604	0.186444	0.069637	-0.494308	0.532942	-67.7579	220.8687	5.4755	144.6048	0.0616	-0.0592	9.8700	0.4803
161.3128	0.187554	0.066690	-0.494381	0.532966	-67.7503	221.0954	5.6124	144.5167	0.0668	-0.0603	9.7168	0.4733
161.4652	0.189018	0.066376	-0.494103	0.533001	-67.7444	220.7301	5.0858	144.3556	0.0620	-0.0576	9.8032	0.4675
161.6176	0.187508	0.068032	-0.494231	0.533036	-67.7403	219.9049	4.0949	144.1903	0.0642	-0.0591	9.7170	0.4628
161.7700	0.187454	0.070650	-0.493796	0.533070	-67.7343	218.1105	2.1834	144.0722	0.0845	-0.0563	9.9022	0.4579
161.9224	0.181218	0.075920	-0.495377	0.533103	-67.7286	216.5454	0.5638	144.0180	0.0964	-0.0566	9.8870	0.4531
162.0748	0.179310	0.081404	-0.495410	0.533140	-67.7221	214.9219	358.9335	144.0104	0.1143	-0.0489	9.8449	0.4482
162.2272	0.179454	0.086539	-0.494277	0.533169	-67.7166	212.8525	356.7386	143.8849	0.0830	-0.0383	9.8252	0.4408
162.3796	0.176978	0.094211	-0.493812	0.533185	-67.7126	211.3029	354.7581	143.4540	0.0578	-0.0336	9.8352	0.4300
162.5320	0.174163	0.101388	-0.493766	0.533218	-67.7037	210.1390	352.9745	142.8356	0.0454	-0.0358	9.8121	0.4198
162.6844	0.171795	0.106243	-0.493766	0.533233	-67.6999	208.7167	351.0663	142.3493	0.0392	-0.0368	9.7862	0.4113
162.8368	0.167569	0.112558	-0.493820	0.533249	-67.6955	208.1483	349.8416	141.6938	0.0434	-0.0358	9.8566	0.4013
162.9892	0.164843	0.116006	-0.493813	0.533275	-67.6917	208.8187	349.3048	140.4852	0.0453	-0.0329	9.8330	0.3874
163.1416	0.164209	0.117506	-0.493798	0.533303	-67.6907	210.6293	349.0234	138.3925	0.0430	-0.0334	9.8766	0.3709
163.2940	0.163250	0.118665	-0.493745	0.533329	-67.6755	213.1597	349.1925	136.0329	0.0435	-0.0305	9.8257	0.3569
163.4464	0.163715	0.118438	-0.493758	0.533356	-67.6680	215.0776	349.4478	134.3686	0.0459	-0.0347	9.7496	0.3512
163.5988	0.164022	0.117381	-0.493579	0.533378	-67.6651	216.5643	350.0985	133.5336	0.0421	-0.0298	9.7890	0.3510
163.7512	0.165402	0.115600	-0.493793	0.533396	-67.6639	217.1087	350.4443	133.3354	0.0463	-0.0347	9.8635	0.3533
163.9036	0.166214	0.113960	-0.493823	0.533401	-67.6643	216.9488	350.3401	133.3903	0.0505	-0.0348	9.8514	0.3572
164.0560	0.165902	0.114420	-0.493728	0.533394	-67.6645	216.8869	350.3685	133.4809	0.0509	-0.0388	9.8064	0.3609
164.2084	0.165785	0.114657	-0.493850	0.533389	-67.6650	217.3320	350.8673	133.5341	0.0532	-0.0368	9.7883	0.3640
164.3608	0.166486	0.113572	-0.493799	0.533389	-67.6664	218.0265	351.5368	133.5092	0.0499	-0.0409	9.8213	0.3675
164.5132	0.168121	0.111131	-0.493803	0.533385	-67.6675	218.4227	351.8410	133.4183	0.0502	-0.0385	9.8210	0.3710
164.6656	0.168840	0.110293	-0.493755	0.533380	-67.6685	218.5335	351.8643	133.3308	0.0506	-0.0407	9.7898	0.3742
164.8180	0.169045	0.110331	-0.493777	0.533373	-67.6697	218.6584	351.9142	133.2550	0.0525	-0.0420	9.8433	0.3775
164.9704	0.169054	0.110145	-0.493839	0.533368	-67.6712	218.9057	352.0924	133.1861	0.0507	-0.0433	9.8356	0.3808
165.1228	0.169066	0.109908	-0.493871	0.533367	-67.6719	219.3851	352.4750	133.0899	0.0514	-0.0420	9.8000	0.3831
165.2752	0.169771	0.108683	-0.493892	0.533367	-67.6724	219.7280	352.6515	132.9234	0.0519	-0.0428	9.8451	0.3839
165.4276	0.170806	0.106834	-0.493769	0.533368	-67.6734	219.4291	352.2274	132.7979	0.0549	-0.0431	9.8525	0.3845
165.5800	0.169850	0.108490	-0.493895	0.533366	-67.6753	219.1643	351.8098	132.6450	0.0530	-0.0401	9.8299	0.3847
165.7324	0.168148	0.110739	-0.493875	0.533362	-67.6775	219.4882	352.0306	132.5420	0.0507	-0.0423	9.8307	0.3853
165.8848	0.168895	0.109996	-0.493800	0.533359	-67.6785	219.8705	352.4076	132.5358	0.0518	-0.0436	9.8175	0.3856
166.0372	0.169722	0.109067	-0.493810	0.533352	-67.6803	220.3497	352.8450	132.4959	0.0499	-0.0414	9.8781	0.3859
166.1896	0.170450	0.107613	-0.493648	0.533339	-67.6837	220.5259	353.1264	132.5985	0.0509	-0.0423	9.8815	0.3866
166.3420	0.170919	0.106741	-0.493769	0.533327	-67.6856	220.8970	353.5134	132.6161	0.0516	-0.0433	9.8419	0.3878
166.4944	0.171398	0.105590	-0.493856	0.533316	-67.6870	221.2796	353.8111	132.5317	0.0511	-0.0447	9.8116	0.3887
166.6468	0.172057	0.105018	-0.493778	0.533307	-67.6886	221.7268	354.3950	132.6687	0.0475	-0.0453	9.8159	0.3900
166.7992	0.173193	0.103108	-0.493846	0.533302	-67.6898	222.4960	355.3429	132.8455	0.0449	-0.0440	9.8090	0.3911
166.9516	0.174231	0.100701	-0.493958	0.533298	-67.6946	223.0569	356.2226	133.1630	0.0462	-0.0420	9.8442	0.3936
167.1040	0.176379	0.097266	-0.493773	0.533279	-67.6960	222.8599	356.2255	133.3631	0.0470	-0.0450	9.8571	0.3959
167.2564	0.176790	0.096762	-0.493754	0.533268	-67.6971	222.8524	356.4384	133.5836	0.0474	-0.0483	9.8319	0.3984
167.4088	0.176456	0.096754	-0.493743	0.533255	-67.6991	223.0011	356.7627	133.7609	0.0467	-0.0439	9.8630	0.4013
167.5612	0.177276	0.095414	-0.493710	0.533243	-67.7018	223.1431	356.9142	133.7702	0.0524	-0.0463	9.8530	0.4053
167.7136	0.177427	0.094942	-0.493772	0.533229	-67.7028	223.4227	357.0912	133.6698	0.0491	-0.0478	9.8035	0.4095
167.8660	0.177626	0.094723	-0.493754	0.533207	-67.7058	224.1118	357.7198	133.6074	0.0453	-0.0461	9.7368	0.4160
168.0184	0.178430	0.092978	-0.493793	0.533189	-67.7072	224.4411	358.0356	133.5926	0.0500	-0.0415	9.8372	0.4232
168.1708	0.178634	0.091237	-0.494153	0.533175	-67.7086	224.7639	358.3990	133.6352	0.0493	-0.0458	9.8899	0.4311
168.3232	0.179098	0.090327	-0.493827	0.533161	-67.7088	225.0540	358.6122	133.5571	0.0589	-0.0478	9.8906	0.4380
168.4756	0.179837	0.090007	-0.493810	0.533147	-67.7111	225.0759	358.6094	133.5329	0.0539	-0.0496	9.8271	0.4439
168.6280	0.179827	0.089632	-0.493877	0.533132	-67.7146	225.7551	359.4030	133.6457	0.0538	-0.0491	9.7827	0.4501
168.7804	0.180439	0.088260	-0.493795	0.533125	-67.7153	226.5034	0.0751	133.5701	0.0528	-0.0544	9.7454	0.4557
168.9328	0.181919	0.085399	-0.493671	0.533117	-67.7184	226.5670	0.1697	133.6010	0.0529	-0.0567	9.8004	0.4623
169.0852	0.182126	0.084565	-0.493698	0.533114	-67.7222	226.1356	359.9370	133.8000	0.0519	-0.0606	9.8347	0.4709
169.2376	0.181723	0.085969	-0.493673	0.533110	-67.7253	225.7713	0.0694	134.2979	0.0568	-0.0620	9.7574	0.4821
169.3900	0.181726	0.085440	-0.494032	0.533102	-67.7295	225.4738	0.2986	134.8251	0.0570	-0.0631	9.8076	0.4962
169.5424	0.181771	0.084885	-0.493667	0.533094	-67.7313	225.1975	0.4927	135.2941	0.0560	-0.0642	9.8801	0.5075
169.6948	0.182325	0.084320	-0.493696	0.533093	-67.7348	224.9198	0.6684	135.7470	0.0571	-0.0655	9.8474	0.5183
169.8472	0.182176	0.084162	-0.493836	0.533083	-67.7393	225.1114	1.3002	136.1879	0.0580	-0.0629	9.7724	0.5286
169.9996	0.182935	0.083007	-0.493856	0.533078	-67.7432	225.8058	2.4881	136.6803	0.0574	-0.0625	9.7831	0.5384
170.1520	0.184173	0.079530	-0.493885	0.533073	-67.7475	226.3967	3.6673	137.2695	0.0509	-0.0633	9.8270	0.5469
170.3044	0.185882	0.074913	-0.494069	0.533073	-67.7523	226.5125	4.3610	137.8475	0.0555	-0.0677	9.8369	0.5537
170.4568	0.186926	0.072252	-0.494150	0.533070	-67.7562	226.5669	4.8574	138.2894	0.0544	-0.0703	9.7892	0.5582
170.6092	0.186205	0.070786	-0.494310	0.533063	-67.7608	226.7655	5.4468	138.6801	0.0590	-0.0720	9.8290	0.5618
170.7616	0.186708	0.068378	-0.494631	0.533058	-67.7655	226.7093	5.7852	139.0738	0.0835	-0.0743	9.8559	0.5654
170.9140	0.187590	0.067069	-0.494583	0.533055	-67.7707	226.5686	6.0583	139.4880	0.0788	-0.0721	9.8283	0.5704
171.0664	0.187729	0.066532	-0.494305	0.533052	-67.7749	226.7073	6.5774	139.8686	0.0764	-0.0731	9.8082	0.5741
171.2188	0.188109	0.065212	-0.494469	0.533046	-67.7794	227.1865	7.3051	140.1169	0.0714	-0.0690	9.7924	0.5764
171.3712	0.188843	0.062751	-0.494278	0.533042	-67.7839	227.4950	7.8712	140.3741	0.0719	-0.0734	9.7879	0.5770
171.5236	0.189762	0.060114	-0.494489	0.533042	-67.7862	227.4935	8.0908	140.5957	0.0692	-0.0717	9.8636	0.5738
171.6760	0.190052	0.059393	-0.494263	0.533041	-67.7884	227.5424	8.1607	140.6163	0.0714	-0.0731	9.9046	0.5677
171.8284	0.190449	0.059193	-0.494253	0.533042	-67.7903	228.0304	8.3009	140.2685	0.0644	-0.0735	9.8285	0.5584
171.9808	0.190608	0.058765	-0.494289	0.533045	-67.7912	228.7964	8.6134	139.8150	0.0626	-0.0722	9.8097	0.5482
172.1332	0.190643	0.057974	-0.494295	0.533052	-67.7922	229.5793	8.9383	139.3579	0.0600	-0.0690	9.7709	0.5395
172.2856	0.191084	0.056541	-0.494332	0.533066	-67.7934	230.2674	9.2105	138.9425	0.0646	-0.0754	9.7180	0.5318
172.4380	0.191104	0.055695	-0.494384	0.533076	-67.7946	231.1342	9.6883	138.5536	0.0682	-0.0667	9.8503	0.5232
172.5904	0.191780	0.054637	-0.494346	0.533091	-67.7959	231.8358	10.0728	138.2360	0.0590	-0.0763	9.8321	0.5143
172.7428	0.192602	0.052964	-0.494329	0.533106	-67.7958	232.1568	10.1352	137.9771	0.0564	-0.0679	9.8954	0.5067
172.8952	0.193030	0.051767	-0.494236	0.533121	-67.7953	232.2453	10.0696	137.8230	0.0377	-0.0796	9.8659	0.5004
173.0476	0.193052	0.052300	-0.494214	0.533137	-67.7949	232.1768	9.9756	137.7985	0.0497	-0.0595	9.8697	0.4940
173.2000	0.192992	0.052684	-0.494273	0.533151	-67.7942	232.1309	9.9274	137.7953	0.0491	-0.0649	9.8524	0.4879
173.3524	0.192963	0.052805	-0.494250	0.533164	-67.7925	231.9364	9.8155	137.8788	0.0469	-0.0643	9.8360	0.4807
173.5048	0.192998	0.052912	-0.494301	0.533177	-67.7904	231.7372	9.6393	137.9008	0.0484	-0.0653	9.8067	0.4729
173.6572	0.192996	0.053406	-0.494243	0.533199	-67.7877	231.0677	9.1553	138.0863	0.0469	-0.0676	9.7783	0.4666
173.8096	0.192428	0.054190	-0.494245	0.533223	-67.7838	229.4304	7.7211	138.2901	0.0476	-0.0686	9.8300	0.4615
173.9620	0.191938	0.056357	-0.494294	0.533241	-67.7810	228.0759	6.6800	138.6033	0.0451	-0.0566	9.8714	0.4583
174.1144	0.189877	0.063103	-0.494289	0.533257	-67.7780	227.6440	6.4296	138.7856	0.0537	-0.0593	9.8022	0.4575
174.2668	0.189429	0.064107	-0.494280	0.533272	-67.7749	226.2941	5.4542	139.1589	0.0542	-0.0594	9.8366	0.4561
174.4192	0.189358	0.064814	-0.494323	0.533289	-67.7706	224.5891	4.1625	139.5720	0.0541	-0.0595	9.8233	0.4553
174.5716	0.186987	0.070985	-0.494335	0.533305	-67.7658	223.0898	3.1030	140.0123	0.0543	-0.0523	9.8732	0.4538
174.7240	0.186377	0.072838	-0.494309	0.533318	-67.7614	220.6564	1.1518	140.4933	0.0567	-0.0547	9.8082	0.4520
174.8764	0.184139	0.078587	-0.494310	0.533330	-67.7569	219.0027	359.9941	140.9899	0.0576	-0.0506	9.7896	0.4497
175.0288	0.181697	0.084042	-0.494444	0.533346	-67.7517	217.7984	359.2183	141.4184	0.0594	-0.0461	9.8456	0.4488
175.1812	0.180844	0.085968	-0.494340	0.533358	-67.7459	215.9727	357.7065	141.7326	0.0608	-0.0458	9.8182	0.4475
175.3336	0.178833	0.090154	-0.494376	0.533368	-67.7415	214.6289	356.6792	142.0513	0.0599	-0.0441	9.8030	0.4449
175.4860	0.176744	0.094318	-0.494336	0.533381	-67.7368	213.3662	355.8133	142.4465	0.0638	-0.0440	9.8182	0.4415
175.6384	0.175328	0.096914	-0.494360	0.533397	-67.7321	212.7098	355.4438	142.7337	0.0639	-0.0422	9.8456	0.4384
175.7908	0.174549	0.098557	-0.494361	0.533406	-67.7285	211.9216	354.9063	142.9827	0.0657	-0.0429	9.8038	0.4343
175.9432	0.173589	0.100098	-0.494407	0.533417	-67.7254	211.6072	354.7852	143.1769	0.0654	-0.0414	9.8275	0.4298
176.0956	0.173326	0.100882	-0.494376	0.533423	-67.7218	211.4140	354.6073	143.1935	0.0644	-0.0419	9.8085	0.4256
176.2480	0.173166	0.100915	-0.494344	0.533419	-67.7187	211.2788	354.4449	143.1645	0.0646	-0.0394	9.8196	0.4205
176.4004	0.172554	0.102153	-0.494382	0.533413	-67.7159	211.5571	354.4971	142.9391	0.0635	-0.0371	9.8440	0.4141
176.5528	0.172639	0.101881	-0.494317	0.533408	-67.7132	211.7867	354.4793	142.6932	0.0643	-0.0389	9.8065	0.4075
176.7052	0.172759	0.101623	-0.494344	0.533402	-67.7107	211.8862	354.3713	142.4836	0.0623	-0.0389	9.8491	0.4010
176.8576	0.172779	0.102048	-0.494355	0.533393	-67.7087	211.9370	354.1950	142.2586	0.0627	-0.0360	9.8346	0.3949
177.0100	0.172173	0.102696	-0.494265	0.533383	-67.7073	212.1563	354.1295	141.9736	0.0619	-0.0340	9.8202	0.3882
177.1624	0.172391	0.102550	-0.494348	0.533377	-67.7050	212.3561	353.9979	141.6404	0.0572	-0.0330	9.8215	0.3823
177.3148	0.172145	0.103196	-0.494149	0.533355	-67.7073	212.3561	353.9979	141.6404	0.0569	-0.0312	9.8182	0.3823
177.4672	0.172110	0.103317	-0.494061	0.533355	-67.7073	212.3561	353.9979	141.6404	0.0546	-0.0325	9.8259	0.3823
177.6196	0.172691	0.102553	-0.493919	0.533355	-67.7073	212.3561	353.9979	141.6404	0.0532	-0.0338	9.8196	0.3823
177.7720	0.172786	0.102647	-0.493861	0.533355	-67.7073	212.3561	353.9979	141.6404	0.0476	-0.0335	9.8151	0.3823
177.9244	0.172289	0.104294	-0.493799	0.533355	-67.7073	212.3561	353.9979	141.6404	0.0453	-0.0331	9.8264	0.3823
178.0768	0.172085	0.104566	-0.493870	0.533355	-67.7073	212.3561	353.9979	141.6404	0.0457	-0.0352	9.8355	0.3823
178.2292	0.172199	0.103840	-0.493895	0.533355	-67.7073	212.3561	353.9979	141.6404	0.0496	-0.0327	9.8389	0.3823
178.3816	0.172310	0.103886	-0.493941	0.533355	-67.7073	212.3561	353.9979	141.6404	0.0470	-0.0350	9.8187	0.3823
178.5340	0.172736	0.103236	-0.493799	0.533355	-67.7073	212.3561	353.9979	141.6404	0.0453	-0.0339	9.8354	0.3823
178.6864	0.162573	0.119878	-0.493805	0.533355	-67.7073	212.3561	353.9979	141.6404	0.0439	-0.0331	9.8373	0.3823
178.8388	0.162573	0.119878	-0.493805	0.533355	-67.7073	212.3561	353.9979	141.6404	0.0439	-0.0331	9.8373	0.3823
178.9912	0.162573	0.119878	-0.493805	0.533355	-67.7073	212.3561	353.9979	141.6404	0.0439	-0.0331	9.8373	0.3823
179.1436	0.162573	0.119878	-0.493805	0.533355	-67.7073	212.3561	353.9979	141.6404	0.0439	-0.0331	9.8373	0.3823
179.2960	0.162573	0.119878	-0.493805	0.533355	-67.7073	212.3561	353.9979	141.6404	0.0439	-0.0331	9.8373	0.3823
179.4484	0.162573	0.119878	-0.493805	0.533355	-67.7073	212.3561	353.9979	141.6404	0.0439	-0.0331	9.8373	0.3823
179.6008	0.162573	0.119878	-0.493805	0.533355	-67.7073	212.3561	353.9979	141.6404	0.0439	-0.0331	9.8373	0.3823
179.7532	0.162573	0.119878	-0.493805	0.533355	-67.7073	212.3561	353.9979	141.6404	0.0439	-0.0331	9.8373	0.3823
179.9056	0.162573	0.119878	-0.493805	0.533355	-67.7073	212.3561	353.9979	141.6404	0.0439	-0.0331	9.8373	0.3823
180.0580	0.162573	0.119878	-0.493805	0.533355	-67.7073	212.3561	353.9979	141.6404	0.0439	-0.0331	9.8373	0.3823
180.2104	0.162573	0.119878	-0.493805	0.533355	-67.7073	212.3561	353.9979	141.6404	0.0439	-0.0331	9.8373	0.3823
180.3628	0.162573	0.119878	-0.493805	0.533355	-67.7073	212.3561	353.9979	141.6404	0.0439	-0.0331	9.8373	0.3823
180.5152	0.162573	0.119878	-0.493805	0.533355	-67.7073	212.3561	353.9979	141.6404	0.0439	-0.0331	9.8373	0.3823
180.6676	0.162573	0.119878	-0.493805	0.533355	-67.7073	212.3561	353.9979	141.6404	0.0439	-0.0331	9.8373	0.3823
180.8200	0.162573	0.119878	-0.493805	0.533355	-67.7073	212.3561	353.9979	141.6404	0.0439	-0.0331	9.8373	0.3823
180.9724	0.162573	0.119878	-0.493805	0.533355	-67.7073	212.3561	353.9979	141.6404	0.0439	-0.0331	9.8373	0.3823
181.1248	0.162573	0.119878	-0.493805	0.533355	-67.7073	212.3561	353.9979	141.6404	0.0439	-0.0331	9.8373	0.3823
181.2772	0.162573	0.119878	-0.493805	0.533355	-67.7073	212.3561	353.9979	141.6404	0.0439	-0.0331	9.8373	0.3823
181.4296	0.162573	0.119878	-0.493805	0.533355	-67.7073	212.3561	353.9979	141.6404	0.0439	-0.0331	9.8373	0.3823
181.5820	0.162573	0.119878	-0.493805	0.533355	-67.7073	212.3561	353.9979	141.6404	0.0439	-0.0331	9.8373	0.3823
181.7344	0.162573	0.119878	-0.493805	0.533355	-67.7073	212.3561	353.9979	141.6404	0.0439	-0.0331	9.8373	0.3823
181.8868	0.162573	0.119878	-0.493805	0.533355	-67.7073	212.3561	353.9979	141.6404	0.0439	-0.0331	9.8373	0.3823
182.0392	0.162573	0.119878	-0.493805	0.533355	-67.7073	212.3561	353.9979	141.6404	0.0439	-0.0331	9.8373	0.3823
182.1916	0.162573	0.119878	-0.493805	0.533355	-67.7073	212.3561	353.9979	141.6404	0.0439	-0.0331	9.8373	0.3823
182.3440	0.162573	0.119878	-0.493805	0.533355	-67.7073	212.3561	353.9979	141.6404	0.0439	-0.0331	9.8373	0.3823
182.4964	0.162573	0.119878	-0.493805	0.533355	-67.7073	212.3561	353.9979	141.6404	0.0439	-0.0331	9.8373	0.3823
182.6488	0.162573	0.119878	-0.493805	0.533355	-67.7073	212.3561	353.9979	141.6404	0.0439	-0.0331	9.8373	0.3823
182.8012	0.162573	0.119878	-0.493805	0.533355	-67.7073	212.3561	353.9979	141.6404	0.0439	-0.0331	9.8373	0.3823
182.9536	0.162573	0.119878	-0.493805	0.533355	-67.7073	212.3561	353.9979	141.6404	0.0439	-0.0331	9.8373	0.3823
183.1060	0.162573	0.119878	-0.493805	0.533355	-67.7073	212.3561	353.9979	141.6404	0.0439	-0.0331	9.8373	0.3823
183.2584	0.162573	0.119878	-0.493805	0.533355	-67.7073	212.3561	353.9979	141.6404	0.0439	-0.0331	9.8373	0.3823
183.4108	0.162573	0.119878	-0.493805	0.533355	-67.7073	212.3561	353.9979	141.6404	0.0439	-0.0331	9.8373	0.3823
183.5632	0.162573	0.119878	-0.493805	0.533355	-67.7073	212.3561	353.9979	141.6404	0.0439	-0.0331	9.8373	0.3823
183.7156	0.162573	0.119878	-0.493805	0.533355	-67.7073	212.3561	353.9979	141.6404	0.0439	-0.0331	9.8373	0.3823
183.8680	0.162573	0.119878	-0.493805	0.533355	-67.7073	212.3561	353.9979	141.6404	0.0439	-0.0331	9.8373	0.3823
184.0204	0.162573	0.119878	-0.493805	0.533355	-67.7073	212.3561	353.9979	141.6404	0.0439	-0.0331	9.8373	0.3823
184.1728	0.162573	0.119878	-0.493805	0.533355	-67.7073	212.3561	353.9979	141.6404	0.0439	-0.0331	9.8373	0.3823
184.3252	0.162573	0.119878	-0.493805	0.533355	-67.7073	212.3561	353.9979	141.6404	0.0439	-0.0331	9.8373	0.3823
184.4776	0.162573	0.119878	-0.493805	0.533355	-67.7073	212.3561	353.9979	141.6404	0.0439	-0.0331	9.8373	0.3823
184.6300	0.162573	0.119878	-0.493805	0.533355	-67.7073	212.3561	353.9979	141.6404	0.0439	-0.0331	9.8373	0.3823
184.7824	0.162573	0.119878	-0.493805	0.533355	-67.7073	212.3561	353.9979	141.6404	0.0439	-0.0331	9.8373	0.3823
184.9348	0.162573	0.119878	-0.493805	0.533355	-67.7073	212.3561	353.9979	141.6404	0.0439	-0.0331	9.8373	0.3823
185.0872	0.162573	0.119878	-0.493805	0.533355	-67.7073	212.3561	353.9979	141.6404	0.0439	-0.0331	9.8373	0.3823
185.2396	0.162573	0.119878	-0.493805	0.533355	-67.7073	212.3561	353.9979	141.6404	0.0439	-0.0331	9.8373	0.3823
185.3920	0.162573	0.119878	-0.493805	0.533355	-67.7073	212.3561	353.9979	141.6404	0.0439	-0.0331	9.8373	0.3823
185.5444	0.162573	0.119878	-0.493805	0.533355	-67.7073	212.3561	353.9979	141.6404	0.0439	-0.0331	9.8373	0.3823
185.6968	0.162573	0.119878	-0.493805	0.533355	-67.7073	212.3561	353.9979	141.6404	0.0439	-0.0331	9.8373	0.3823
185.8492	0.162573	0.119878	-0.493805	0.533355	-67.7073	212.3561	353.9979	141.6404	0.0439	-0.0331	9.8373	0.3823
186.0016	0.162573	0.119878	-0.493805	0.533355	-67.7073	212.3561	353.9979	141.6404	0.0439	-0.0331	9.8373	0.3823
186.1540	0.162573	0.119878	-0.493805	0.533355	-67.7073	212.3561	353.9979	141.6404	0.0439	-0.0331	9.8373	0.3823
186.3064	0.162573	0.119878	-0.493805	0.533355	-67.7073	212.3561	353.9979	141.6404	0.0439	-0.0331	9.8373	0.3823
186.4588	0.162573	0.119878	-0.493805	0.533355	-67.7073	212.3561	353.9979	141.6404	0.0439	-0.0331	9.8373	0.3823
186.6112	0.162573	0.119878	-0.493805	0.533355	-67.7073	212.3561	353.9979	141.6404	0.0439	-0.0331	9.8373	0.3823
186.7636	0.162573	0.119878	-0.493805	0.533355	-67.7073	212.3561	353.9979	141.6404	0.0439	-0.0331	9.8373	0.3823
186.9160	0.162573	0.119878	-0.493805	0.533355	-67.7073	212.3561	353.9979	141.6404	0.0439	-0.0331	9.8373	0.3823
187.0684	0.162573	0.119878	-0.493805	0.533355	-67.7073	212.3561	353.9979	141.6404	0.0439	-0.0331	9.8373	0.3823
187.2208	0.162573	0.119878	-0.493805	0.533355	-67.7073	212.3561	353.9979	141.6404	0.0439	-0.0331	9.8373	0.3823
187.3732	0.162573	0.119878	-0.493805	0.533355	-67.7073	212.3561	353.9979	141.6404	0.0439	-0.0331	9.8373	0.3823
187.5256	0.162573	0.119878	-0.493805	0.533355	-67.7073	212.3561	353.9979	141.6404	0.0439	-0.0331	9.8373	0.3823
187.6780	0.162573	0.119878	-0.493805	0.533355	-67.7073	212.3561	353.9979	141.6404	0.0439	-0.0331	9.8373	0.3823
187.8304	0.162573	0.119878	-0.493805	0.533355	-67.7073	212.3561	353.9979	141.6404	0.0439	-0.0331	9.8373	0.3823
187.9828	0.162573	0.119878	-0.493805	0.533355	-67.7073	212.3561	353.9979	141.6404	0.0439	-0.0331	9.8373	0.3823
188.1352	0.162573	0.119878	-0.493805	0.533355	-67.7073	212.3561	353.9979	141.6404	0.0439	-0.0331	9.8373	0.3823
188.2876	0.162573	0.119878	-0.493805	0.533355	-67.7073	212.3561	353.9979	141.6404	0.0439	-0.0331	9.8373	0.3823
188.4400	0.162573	0.119878	-0.493805	0.533355	-67.7073	212.3561	353.9979	141.6404	0.0439	-0.0331	9.8373	0.3823
188.5924	0.162573	0.119878	-0.493805	0.533355	-67.7073	212.3561	353.9979	141.6404	0.0439	-0.0331	9.8373	0.3823
188.7448	0.162573	0.119878	-0.493805	0.533355	-67.7073	212.3561	353.9979	141.6404	0.0439	-0.0331	9.8373	0.3823
188.8972	0.162573	0.119878	-0.493805	0.533355	-67.7073	212.3561	353.9979	141.6404	0.0439	-0.0331	9.8373	0.3823
189.0496	0.162573	0.119878	-0.493805	0.533355	-67.7073	212.3561	353.9979	141.6404	0.0439	-0.0331	9.8373	0.3823
189.2020	0.162573	0.119878	-0.493805	0.533355	-67.7073	212.3561	353.9979	141.6404	0.0439	-0.0331	9.8373	0.3823
189.3544	0.162573	0.119878	-0.493805	0.533355	-67.7073	212.3561	353.9979	141.6404	0.0439	-0.0331	9.8373	0.3823
189.5068	0.162573	0.119878	-0.493805	0.533355	-67.7073	212.3561	353.9979	141.6404	0.0439	-0.0331	9.8373	0.3823
189.6592	0.162573	0.119878	-0.493805	0.533355	-67.7073	212.3561	353.9979	141.6404	0.0439	-0.0331	9.8373	0.3823
189.8116	0.162573	0.119878	-0.493805	0.533355	-67.7073	212.3561	353.9979	141.6404	0.0439	-0.0331	9.8373	0.3823
189.9640	0.162573	0.119878	-0.493805	0.533355	-67.7073	212.3561	353.9979	141.6404	0.0439	-0.0331	9.8373	0.3823
190.1164	0.162573	0.119878	-0.493805	0.533355	-67.7073	212.3561	353.9979	141.6404	0.0439	-0.0331	9.8373	0.3823
190.2688	0.162573	0.119878	-0.493805	0.533355	-67.7073	212.3561	353.9979	141.6404	0.0439	-0.0331	9.8373	0.3823
190.4212	0.162573	0.119878	-0.493805	0.533355	-67.7073	212.3561	353.9979	141.6404	0.0439	-0.0331	9.8373	0.3823
190.5736	0.162573	0.119878	-0.493805	0.533355	-67.7073	212.3561	353.9979	141.6404	0.0439	-0.0331	9.8373	0.3823
190.7260	0.162573	0.119878	-0.493805	0.533355	-67.7073	212.3561	353.9979	141.6404	0.0439	-0.0331	9.8373	0.3823
190.8784	0.162573	0.119878	-0.493805	0.533355	-67.7073	212.3561	353.9979	141.6404	0.0439	-0.0331	9.8373	0.3823
191.0308	0.162573	0.119878	-0.493805	0.533355	-67.7073	212.3561	353.9979	141.6404	0.0439	-0.0331	9.8373	0.3823
191.1832	0.162573	0.119878	-0.493805	0.533355	-67.7073	212.3561	353.9979	141.6404	0.0439	-0.0331	9.8373	0.3823
191.3356	0.162573	0.119878	-0.493805	0.533355	-67.7073	212.3561	353.9979	141.6404	0.0439	-0.0331	9.8373	0.3823
191.4880	0.162573	0.119878	-0.493805	0.533355	-67.7073	212.3561	353.9979	141.6404	0.0439	-0.0331	9.8373	0.3823
191.6404	0.162573	0.119878	-0.493805	0.533355	-67.7073	212.3561	353.9979	141.6404	0.0439	-0.0331	9.8373	0.3823
191.7928	0.162573	0.119878	-0.493805	0.533355	-67.7073	212.3561	353.9979	141.6404	0.0439	-0.0331	9.8373	0.3823
191.9452	0.162573	0.119878	-0.493805	0.533355	-67.7073	212.3561	353.9979	141.6404	0.0439	-0.0331	9.8373	0.3823
192.0976	0.162573	0.119878	-0.493805	0.533355	-67.7073	212.3561	353.9979	141.6404	0.0439	-0.0331	9.8373	0.3823
192.2500	0.162573	0.119878	-0.493805	0.533355	-67.7073	212.3561	353.9979	141.6404	0.0439	-0.0331	9.8373	0.3823
192.4024	0.162573	0.119878	-0.493805	0.533355	-67.7073	212.3561	353.9979	141.6404	0.0439	-0.0331	9.8373	0.3823
192.5548	0.162573	0.119878	-0.493805	0.533355	-67.7073	212.3561	353.9979	141.6404	0.0439	-0.0331	9.8373	0.3823
192.7072	0.162573	0.119878	-0.493805	0.533355	-67.7073	212.3561	353.9979	141.6404	0.0439	-0.0331	9.8373	0.3823
192.8596	0.162573	0.119878	-0.493805	0.533355	-67.7073	212.3561	353.9979	141.6404	0.0439	-0.0331	9.8373	0.3823
193.0120	0.162573	0.119878	-0.493805	0.533355	-67.7073	212.3561	353.9979	141.6404	0.0439	-0.0331	9.8373	0.3823
193.1644	0.162573	0.119878	-0.493805	0.533355	-67.7073	212.3561	353.9979	141.6404	0.0439	-0.0331	9.8373	0.3823
193.3168	0.162573	0.119878	-0.493805	0.533355	-67.7073	212.3561	353.9979	141.6404	0.0439	-0.0331	9.8373	0.3823
193.4692	0.162573	0.119878	-0.493805	0.533355	-67.7073	212.3561	353.9979	141.6404	0.0439	-0.0331	9.8373	0.3823
193.6216	0.162573	0.119878	-0.493805	0.533355	-67.7073	212.3561	353.9979	141.6404	0.0439	-0.0331	9.8373	0.3823
193.7740	0.162573	0.119878	-0.493805	0.533355	-67.7073	212.3561	353.9979	141.6404	0.0439	-0.0331	9.8373	0.3823
193.9264	0.162573	0.119878	-0.493805	0.533355	-67.7073	212.3561	353.9979	141.6404	0.0439	-0.0331	9.8373	0.3823
194.0788	0.162573	0.119878	-0.493805	0.533355	-67.7073	212.3561	353.9979	141.6404	0.0439	-0.0331	9.8373	0.3823
194.2312	0.162573	0.119878	-0.493805	0.533355	-67.7073	212.3561	353.9979	141.6404	0.0439	-0.0331	9.8373	0.3823
194.3836	0.162573	0.119878	-0.493805	0.533355	-67.7073	212.3561	353.9979	141.6404	0.0439	-0.0331	9.8373	0.3823
194.5360	0.162573	0.119878	-0.493805	0.533355	-67.7073	212.3561	353.9979	141.6404	0.0439	-0.0331	9.8373	0.3823
194.6884	0.162573	0.119878	-0.493805	0.533355	-67.7073	212.3561	353.9979	141.6404	0.0439	-0.0331	9.8373	0.3823
194.8408	0.162573	0.119878	-0.493805	0.533355	-67.7073	212.3561	353.9979	141.6404	0.0439	-0.0331	9.8373	0.3823
194.9932	0.162573	0.119878	-0.493805	0.533355	-67.7073	212.3561	353.9979	141.6404	0.0439	-0.0331	9.8373	0.3823
195.1456	0.162573	0.119878	-0.493805	0.533355	-67.7073	212.3561	353.9979	141.6404	0.0439	-0.0331	9.8373	0.3823
195.2980	0.162573	0.119878	-0.493805	0.533355	-67.7073	212.3561	353.9979	141.6404	0.0439	-0.0331	9.8373	0.3823
195.4504	0.162573	0.119878	-0.493805	0.533355	-67.7073	212.3561	353.9979	141.6404	0.0439	-0.0331	9.8373	0.3823
195.6028	0.162573	0.119878	-0.493805	0.533355	-67.7073	212.3561	353.9979	141.6404	0.0439	-0.0331	9.8373	0.3823
195.7552	0.162573	0.119878	-0.493805	0.533355	-67.7073	212.3561	353.9979	141.6404	0.0439	-0.0331	9.8373	0.3823
195.9076	0.162573	0.119878	-0.493805	0.533355	-67.7073	212.3561	353.9979	141.6404	0.0439	-0.0331	9.8373	0.3823
196.0600	0.162573	0.119878	-0.493805	0.533355	-67.7073	212.3561	353.9979	141.6404	0.0439	-0.0331	9.8373	0.3823
196.2124	0.162573	0.119878	-0.493805	0.533355	-67.7073	212.3561	353.9979	141.6404	0.0439	-0.0331	9.8373	0.3823
196.3648	0.162573	0.119878	-0.493805	0.533355	-67.7073	212.3561	353.9979	141.6404	0.0439	-0.0331	9.8373	0.3823
196.5172	0.162573	0.119878	-0.493805	0.533355	-67.7073	212.3561	353.9979	141.6404	0.0439	-0.0331	9.8373	0.3823
196.6696	0.162573	0.119878	-0.493805	0.533355	-67.7073	212.3561	353.9979	141.6404	0.0439	-0.0331	9.8373	0.3823
196.8220	0.162573	0.119878	-0.493805	0.533355	-67.7073	212.3561	353.9979	141.6404	0.0439	-0.0331	9.8373	0.3823
196.9744	0.162573	0.119878	-0.493805	0.533355	-67.7073	212.3561	353.9979	141.6404	0.0439	-0.0331	9.8373	0.3823
197.1268	0.162573	0.119878	-0.493805	0.533355	-67.7073	212.3561	353.9979	141.6404	0.0439	-0.0331	9.8373	0.3823
197.2792	0.162573	0.119878	-0.493805	0.533355	-67.7073	212.3561	353.9979	141.6404	0.0439	-0.0331	9.8373	0.3823
197.4316	0.162573	0.119878	-0.493805	0.533355	-67.7073	212.3561	353.9979	141.6404	0.0439	-0.0331	9.8373	0.3823
197.5840	0.162573	0.119878	-0.493805	0.533355	-67.7073	212.3561	353.9979	141.6404	0.0439	-0.0331	9.8373	0.3823
197.7364	0.162573	0.119878	-0.493805	0.533355	-67.7073	212.3561	353.9979	141.6404	0.0439	-0.0331	9.8373	0.3823
197.8888	0.162573	0.119878	-0.493805	0.533355	-67.7073	212.3561	353.9979	141.6404	0.0439	-0.0331	9.8373	0.3823
198.0412	0.162573	0.119878	-0.493805	0.533355	-67.7073	212.3561	353.9979	141.6404	0.0439	-0.0331	9.8373	0.3823
198.1936	0.162573	0.119878	-0.493805	0.533355	-67.7073	212.3561	353.9979	141.6404	0.0439	-0.0331	9.8373	0.3823
198.3460	0.162573	0.119878	-0.493805	0.533355	-67.7073	212.3561	353.9979	141.6404	0.0439	-0.0331	9.8373	0.3823
198.4984	0.162573	0.119878	-0.493805	0.533355	-67.7073	212.3561	353.9979	141.6404	0.0439	-0.0331	9.8373	0.3823
198.6508	0.162573	0.119878	-0.493805	0.533355	-67.7073	212.3561	353.9979	141.6404	0.0439	-0.0331	9.8373	0.3823
198.8032	0.162573	0.119878	-0.493805	0.533355	-67.7073	212.3561	353.9979	141.6404	0.0439	-0.0331	9.8373	0.3823
198.9556	0.162573	0.119878	-0.493805	0.533355	-67.7073	212.3561	353.9979	141.6404	0.0439	-0.0331	9.8373	0.3823
199.1080	0.162573	0.119878	-0.493805	0.533355	-67.7073	212.3561	353.9979	141.6404	0.0439	-0.0331	9.8373	0.3823
199.2604	0.162573	0.119878	-0.493805	0.533355	-67.7073	212.3561	353.9979	141.6404	0.0439	-0.0331	9.8373	0.3823
199.4128	0.162573	0.119878	-0.493805	0.533355	-67.7073	212.3561	353.9979	141.6404	0.0439	-0.0331	9.8373	0.3823
199.5652	0.162573	0.119878	-0.493805	0.533355	-67.7073	212.3561	353.9979	141.6404	0.0439	-0.0331	9.8373	0.3823
199.7176	0.162573	0.119878	-0.493805	0.533355	-67.7073	212.3561	353.9979	141.6404	0.0439	-0.0331	9.8373	0.3823
199.8700	0.162573	0.119878	-0.493805	0.533355	-67.7073	212.3561	353.9979	141.6404	0.0439	-0.0331	9.8373	0.3823
200.0224	0.162573	0.119878	-0.493805	0.533355	-67.7073	212.3561	353.9979	141.6404	0.0439	-0.0331	9.8373	0.3823
200.1748	0.162573	0.119878	-0.493805	0.533355	-67.7073	212.3561	353.9979	141.6404	0.0439	-0.0331	9.8373	0.3823
200.3272	0.162573	0.119878	-0.493805	0.533355	-67.7073	212.3561	353.9979	141.6404	0.0439	-0.0331	9.8373	0.3823
200.4796	0.162573	0.119878	-0.493805	0.533355	-67.7073	212.3561	353.9979	141.6404	0.0439	-0.0331	9.8373	0.3823
200.6320	0.162573	0.119878	-0.493805	0.533355	-67.7073	212.3561	353.9979	141.6404	0.0439	-0.0331	9.8373	0.3823
200.7844	0.162573	0.119878	-0.493805	0.533355	-67.7073	212.3561	353.9979	141.6404	0.0439	-0.0331	9.8373	0.3823
200.9368	0.162573	0.119878	-0.493805	0.533355	-67.7073	212.3561	353.9979	141.6404	0.0439	-0.0331	9.8373	0.3823
201.0892	0.162573	0.119878	-0.493805	0.533355	-67.7073	212.3561	353.9979	141.6404	0.0439	-0.0331	9.8373	0.3823
201.2416	0.162573	0.119878	-0.493805	0.533355	-67.7073	212.3561	353.9979	141.6404	0.0439	-0.0331	9.8373	0.3823
201.3940	0.162573	0.119878	-0.493805	0.533355	-67.7073	212.3561	353.9979	141.6404	0.0439	-0.0331	9.8373	0.3823
201.5464	0.162573	0.119878	-0.493805	0.533355	-67.7073	212.3561	353.9979	141.6404	0.0439	-0.0331	9.8373	0.3823
201.6988	0.162573	0.119878	-0.493805	0.533355	-67.7073	212.3561	353.9979	141.6404	0.0439	-0.0331	9.8373	0.3823
201.8512	0.162573	0.119878	-0.493805	0.533355	-67.7073	212.3561	353.9979	141.6404	0.0439	-0.0331	9.8373	0.3823
202.0036	0.162573	0.119878	-0.493805	0.533355	-67.7073	212.3561	353.9979	141.6404	0.0439	-0.0331	9.8373	0.3823
202.1560	0.162573	0.119878	-0.493805	0.533355	-67.7073	212.3561	353.9979	141.6404	0.0439	-0.0331	9.8373	0.3823
202.3084	0.162573	0.119878	-0.493805	0.533355	-67.7073	212.3561	353.9979	141.6404	0.0439	-0.0331	9.8373	0.3823
202.4608	0.162573	0.119878	-0.493805	0.533355	-67.7073	212.3561	353.9979	141.6404	0.0439	-0.0331	9.8373	0.3823
202.6132	0.162573	0.119878	-0.493805	0.533355	-67.7073	212.3561	353.9979	141.6404	0.0439	-0.0331	9.8373	0.3823
202.7656	0.162573	0.119878	-0.493805	0.533355	-67.7073	212.3561	353.9979	141.6404	0.0439	-0.0331	9.8373	0.3823
202.9180	0.162573	0.119878	-0.493805	0.533355	-67.7073	212.3561	353.9979	141.6404	0.0439	-0.0331	9.8373	0.3823
203.0704	0.162573	0.119878	-0.493805	0.533355	-67.7073	212.3561	353.9979	141.6404	0.0439	-0.0331	9.8373	0.3823
203.2228	0.162573	0.119878	-0.493805	0.533355	-67.7073	212.3561	353.9979	141.6404	0.0439	-0.0331	9.8373	0.3823
203.3752	0.162573	0.119878	-0.493805	0.533355	-67.7073	212.3561	353.9979	141.6404	0.0439	-0.0331	9.8373	0.3823
203.5276	0.162573	0.119878	-0.493805	0.533355	-67.7073	212.3561	353.9979	141.6404	0.0439	-0.0331	9.8373	0.3823
203.6800	0.162573	0.119878	-0.493805	0.533355	-67.7073	212.3561	353.9979	141.6404	0.0439	-0.0331	9.8373	0.3823
203.8324	0.162573	0.119878	-0.493805	0.533355	-67.7073	212.3561	353.9979	141.6404	0.0439	-0.0331	9.8373	0.3823
203.9848	0.162573	0.119878	-0.493805	0.533355	-67.7073	212.3561	353.9979	141.6404	0.0439	-0.0331	9.8373	0.3823
204.1372	0.162573	0.119878	-0.493805	0.533355	-67.7073	212.3561	353.9979	141.6404	0.0439	-0.0331	9.8373	0.3823
204.2896	0.162573	0.119878	-0.493805	0.533355	-67.7073	212.3561	353.9979	141.6404	0.0439	-0.0331	9.8373	0.3823
204.4420	0.162573	0.119878	-0.493805	0.533355	-67.7073	212.3561	353.9979	141.6404	0.0439	-0.0331	9.8373	0.3823
204.5944	0.162573	0.119878	-0.493805	0.533355	-67.7073	212.3561	353.9979	141.6404	0.0439	-0.0331	9.8373	0.3823
204.7468	0.162573	0.119878	-0.493805	0.533355	-67.7073	212.3561	353.9979	141.6404	0.0439	-0.0331	9.8373	0.3823
204.8992	0.162573	0.119878	-0.493805	0.533355	-67.7073	212.3561	353.9979	141.6404	0.0439	-0.0331	9.8373	0.3823
205.0516	0.162573	0.119878	-0.493805	0.533355	-67.7073	212.3561	353.9979	141.6404	0.0439	-0.0331	9.8373	0.3823
205.2040	0.162573	0.119878	-0.493805	0.533355	-67.7073	212.3561	353.9979	141.6404	0.0439	-0.0331	9.8373	0.3823
205.3564	0.162573	0.119878	-0.493805	0.533355	-67.7073	212.3561	353.9979	141.6404	0.0439	-0.0331	9.8373	0.3823
205.5088	0.162573	0.119878	-0.493805	0.533355	-67.7073	212.3561	353.9979	141.6404	0.0439	-0.0331	9.8373	0.3823
205.6612	0.162573	0.119878	-0.493805	0.533355	-67.7073	212.3561	353.9979	141.6404	0.0439	-0.0331	9.8373	0.3823
205.8136	0.162573	0.119878	-0.493805	0.533355	-67.7073	212.3561	353.9979	141.6404	0.0439	-0.0331	9.8373	0.3823
205.9660	0.162573	0.119878	-0.493805	0.533355	-67.7073	212.3561	353.9979	141.6404	0.0439	-0.0331	9.8373	0.3823
206.1184	0.162573	0.119878	-0.493805	0.533355	-67.7073	212.3561	353.9979	141.6404	0.0439	-0.0331	9.8373	0.3823
206.2708	0.162573	0.119878	-0.493805	0.533355	-67.7073	212.3561	353.9979	141.6404	0.0439	-0.0331	9.8373	0.3823
206.4232	0.162573	0.119878	-0.493805	0.533355	-67.7073	212.3561	353.9979	141.6404	0.0439	-0.0331	9.8373	0.3823
206.5756	0.162573	0.119878	-0.493805	0.533355	-67.7073	212.3561	353.9979	141.6404	0.0439	-0.0331	9.8373	0.3823
206.7280	0.162573	0.119878	-0.493805	0.533355	-67.7073	212.3561	353.9979	141.6404	0.0439	-0.0331	9.8373	0.3823
206.8804	0.162573	0.119878	-0.493805	0.533355	-67.7073	212.3561	353.9979	141.6404	0.0439	-0.0331	9.8373	0.3823
207.0328	0.162573	0.119878	-0.493805	0.533355	-67.7073	212.3561	353.9979	141.6404	0.0439	-0.0331	9.8373	0.3823
207.1852	0.162573	0.119878	-0.493805	0.533355	-67.7073	212.3561	353.9979	141.6404	0.0439	-0.0331	9.8373	0.3823
207.3376	0.162573	0.119878	-0.493805	0.533355	-67.7073	212.3561	353.9979	141.6404	0.0439	-0.0331	9.8373	0.3823
207.4900	0.162573	0.119878	-0.493805	0.533355	-67.7073	212.3561	353.9979	141.6404	0.0439	-0.0331	9.8373	0.3823
207.6424	0.162573	0.119878	-0.493805	0.533355	-67.7073	212.3561	353.9979	141.6404	0.0439	-0.0331	9.8373	0.3823
207.7948	0.162573	0.119878	-0.493805	0.533355	-67.7073	212.3561	353.9979	141.6404	0.0439	-0.0331	9.8373	0.3823
207.9472	0.162573	0.119878	-0.493805	0.533355	-67.7073	212.3561	353.9979	141.6404	0.0439	-0.0331	9.8373	0.3823
208.0996	0.162573	0.119878	-0.493805	0.533355	-67.7073	212.3561	353.9979	141.6404	0.0439	-0.0331	9.8373	0.3823
208.2520	0.162573	0.119878	-0.493805	0.533355	-67.7073	212.3561	353.9979	141.6404	0.0439	-0.0331	9.8373	0.3823
208.4044	0.162573	0.119878	-0.493805	0.533355	-67.7073	212.3561	353.9979	141.6404	0.0439	-0.0331	9.8373	0.3823
208.5568	0.162573	0.119878	-0.493805	0.533355	-67.7073	212.3561	353.9979	141.6404	0.0439	-0.0331	9.8373	0.3823
208.7092	0.162573	0.119878	-0.493805	0.533355	-67.7073	212.3561	353.9979	141.6404	0.0439	-0.0331	9.8373	0.3823
208.8616	0.162573	0.119878	-0.493805	0.533355	-67.7073	212.3561	353.9979	141.6404	0.0439	-0.0331	9.8373	0.3823
209.0140	0.162573	0.119878	-0.493805	0.533355	-67.7073	212.3561	353.9979	141.6404	0.0439	-0.0331	9.8373	0.3823
209.1664	0.162573	0.119878	-0.493805	0.533355	-67.7073	212.3561	353.9979	141.6404	0.0439	-0.0331	9.8373	0.3823
209.3188	0.162573	0.119878	-0.493805	0.533355	-67.7073	212.3561	353.9979	141.6404	0.0439	-0.0331	9.8373	0.3823
209.4712	0.162573	0.119878	-0.493805	0.533355	-67.7073	212.3561	353.9979	141.6404	0.0439	-0.0331	9.8373	0.3823
209.6236	0.162573	0.119878	-0.493805	0.533355	-67.7073	212.3561	353.9979	141.6404	0.0439	-0.0331	9.8373	0.3823
209.7760	0.162573	0.119878	-0.493805	0.533355	-67.7073	212.3561	353.9979	141.6404	0.0439	-0.0331	9.8373	0.3823
209.9284	0.162573	0.119878	-0.493805	0.533355	-67.7073	212.3561	353.9979	141.6404	0.0439	-0.0331	9.8373	0.3823
210.0808	0.162573	0.119878	-0.493805	0.533355	-67.7073	212.3561	353.9979	141.6404	0.0439	-0.0331	9.8373	0.3823
210.2332	0.162573	0.119878	-0.493805	0.533355	-67.7073	212.3561	353.9979	141.6404	0.0439	-0.0331	9.8373	0.3823
210.3856	0.162573	0.119878	-0.493805	0.533355	-67.7073	212.3561	353.9979	141.6404	0.0439	-0.0331	9.8373	0.3823
210.5380	0.162573	0.119878	-0.493805	0.533355	-67.7073	212.3561	353.9979	141.6404	0.0439	-0.0331	9.8373	0.3823
210.6904	0.162573	0.119878	-0.493805	0.533355	-67.7073	212.3561	353.9979	141.6404	0.0439	-0.0331	9.8373	0.3823
210.8428	0.162573	0.119878	-0.493805	0.533355	-67.7073	212.3561	353.9979	141.6404	0.0439	-0.0331	9.8373	0.3823
210.9952	0.162573	0.119878	-0.493805	0.533355	-67.7073	212.3561	353.9979	141.6404	0.0439	-0.0331	9.8373	0.3823
211.1476	0.162573	0.119878	-0.493805	0.533355	-67.7073	212.3561	353.9979	141.6404	0.0439	-0.0331	9.8373	0.3823
211.3000	0.162573	0.119878	-0.493805	0.533355	-67.7073	212.3561	353.9979	141.6404	0.0439	-0.0331	9.8373	0.3823
211.4524	0.162573	0.119878	-0.493805	0.533355	-67.7073	212.3561	353.9979	141.6404	0.0439	-0.0331	9.8373	0.3823
