HOLE:	U1353C
EXPEDITION:	317
TOP:	0.0736
BOTTOM:	249.8572
DEPTH_WMSF	TENS	CS	ETIM	DF
m	lbf	m/h	s	lbf
0.0736	1351.0000	835.7616	214.4510	1303.6185
0.2260	1309.0000	821.4360	215.1645	1316.4165
0.3784	1312.0000	808.3296	215.8890	1294.7311
0.5308	1334.0000	774.1920	216.6085	1317.8385
0.6832	1309.0000	751.9416	217.3275	1308.5956
0.8356	1330.0000	756.2088	218.0475	1346.9895
0.9880	1349.0000	778.7640	218.7670	1351.2555
1.1404	1356.0000	789.1272	219.4755	1365.8311
1.2928	1341.0000	801.6240	220.1730	1364.4091
1.4452	1349.0000	808.6344	220.8935	1354.4551
1.5976	1330.0000	811.0728	221.6135	1373.6521
1.7500	1323.0000	812.2920	222.3325	1346.9895
1.9024	1316.0000	801.9288	223.0600	1351.2555
2.0548	1322.0000	794.3088	223.7760	1338.4575
2.2072	1331.0000	772.0584	224.4890	1338.1021
2.3596	1343.0000	779.6784	225.2075	1318.9050
2.5120	1343.0000	802.5384	225.9353	1319.2605
2.6644	1351.0000	807.4152	226.6465	1312.5061
2.8168	1357.0000	827.8368	227.3750	1321.0381
2.9692	1299.0000	841.8576	228.0805	1317.4830
3.1216	1327.0000	841.5528	228.8055	1321.3936
3.2740	1284.0000	842.7720	229.5260	1356.9436
3.4264	1324.0000	843.9912	230.2440	1330.6366
3.5788	1301.0000	848.5632	230.9465	1337.3910
3.7312	1337.0000	838.8096	231.6670	1332.4141
3.8836	1345.0000	833.0184	232.3855	1338.1021
4.0360	1369.0000	825.7032	233.0970	1338.4575
4.1884	1351.0000	822.0456	233.8255	1323.1710
4.3408	1366.0000	818.3880	234.5450	1326.7261
4.4932	1342.0000	803.1480	235.2640	1319.6161
4.6456	1334.0000	796.1376	235.9830	1304.6851
4.7980	1342.0000	801.9288	236.6855	1302.1965
4.9504	1323.0000	805.8912	237.4045	1301.8411
5.1028	1340.0000	796.1376	238.1240	1307.1736
5.2552	1312.0000	786.3840	238.8430	1310.7285
5.4076	1337.0000	790.3464	239.5630	1332.0586
5.5600	1337.0000	817.7784	240.2825	1341.6571
5.7124	1331.0000	838.5048	241.0075	1319.6161
5.8648	1323.0000	832.4088	241.7133	1330.6366
6.0172	1329.0000	823.5696	242.4415	1336.3246
6.1696	1302.0000	817.1688	243.1615	1323.1710
6.3220	1318.0000	820.5216	243.8810	1314.6390
6.4744	1321.0000	816.5592	244.6093	1283.3551
6.6268	1302.0000	808.6344	245.3118	1269.1350
6.7792	1323.0000	818.0832	246.0390	1273.7566
6.9316	1336.0000	837.2856	246.7580	1269.8461
7.0840	1336.0000	846.4296	247.4770	1263.0916
7.2364	1354.0000	851.0016	248.2047	1269.4906
7.3888	1341.0000	854.9640	248.9325	1262.0250
7.5412	1338.0000	852.8304	249.6600	1260.9585
7.6936	1332.0000	847.0392	250.3710	1280.8666
7.8460	1299.0000	836.9808	251.0900	1284.4215
7.9984	1345.0000	815.9496	251.8090	1298.9971
8.1508	1312.0000	806.5008	252.5365	1329.5701
8.3032	1316.0000	775.7160	253.2558	1319.9716
8.4556	1295.0000	752.5512	253.9615	1320.3270
8.6080	1315.0000	758.9520	254.6870	1303.9740
8.7604	1351.0000	769.9248	255.3985	1289.3986
8.9128	1368.0000	795.5280	256.1175	1279.4446
9.0652	1363.0000	824.7888	256.8370	1271.9790
9.2176	1363.0000	837.8952	257.5560	1269.1350
9.3700	1330.0000	846.1248	258.2835	1265.2245
9.5224	1329.0000	844.6008	258.9950	1265.5801
9.6748	1327.0000	842.4672	259.7215	1271.9790
9.8272	1320.0835	827.7095	260.5016	1288.4507
9.9796	1328.6663	805.9420	261.2898	1297.6343
10.1320	1316.7506	805.1293	262.0764	1299.6194
10.2844	1329.6666	807.0088	262.8502	1302.9075
10.4368	1336.1670	813.3590	263.6183	1296.3899
10.5892	1338.4994	832.5618	264.3978	1296.3311
10.7416	1328.0000	847.6744	265.1823	1303.5299
10.8940	1340.6670	851.1032	265.9713	1304.8036
11.0464	1328.9994	854.5831	266.7351	1298.1970
11.1988	1339.6674	854.5576	267.5079	1287.2651
11.3512	1342.0833	850.1632	268.2949	1284.5104
11.5036	1348.0000	846.1248	269.0750	1282.9995
11.6560	1344.1664	843.8896	269.8547	1276.3636
11.8084	1336.0002	841.1460	270.6430	1282.4072
11.9608	1335.2495	830.5797	271.4247	1287.7101
12.1132	1332.3348	818.2859	272.1915	1292.8352
12.2656	1349.7489	813.4101	272.9604	1300.1528
12.4180	1343.5009	823.5699	273.6869	1308.7736
12.5704	1343.6661	826.2620	274.4238	1310.1360
12.7228	1345.0005	830.0723	275.2050	1299.9445
12.8752	1339.2494	837.8194	275.9812	1285.0430
13.0276	1336.8334	847.5985	276.7586	1272.0969
13.1800	1337.9167	849.7316	277.5459	1253.9071
13.3324	1317.0000	848.8680	278.3425	1254.5596
13.4848	1334.9159	837.9459	279.1399	1265.1957
13.6372	1320.6658	835.9651	279.9330	1280.6904
13.7896	1311.2504	838.2759	280.7051	1311.4413
13.9420	1315.3329	832.9167	281.4847	1339.9977
14.0944	1310.8335	836.6512	282.2643	1341.4802
14.2468	1322.0015	843.5342	283.0480	1337.5669
14.3992	1329.6665	847.3950	283.8218	1317.4823
14.5516	1332.0004	851.8146	284.5999	1303.1438
14.7040	1330.9998	854.2783	285.3824	1292.5085
14.8564	1331.6669	852.1190	286.1619	1299.6498
15.0088	1343.0009	849.9347	286.9489	1306.7000
15.1612	1337.0000	846.7344	287.7290	1308.9510
15.3136	1360.1742	844.2117	288.3245	1305.1261
15.4660	1344.6877	842.8876	288.9199	1308.5223
15.6184	1341.7249	838.0524	289.5154	1310.2136
15.7708	1352.4832	831.9041	290.1108	1309.5516
15.9232	1356.7581	829.1298	290.7062	1308.9141
16.0756	1349.3098	831.4000	291.3012	1306.5604
16.2280	1356.1383	840.4392	291.8967	1309.8461
16.3804	1344.9644	842.5828	292.4921	1308.0804
16.5328	1333.8617	840.4174	293.0800	1302.6373
16.6852	1328.3445	836.8019	293.6660	1297.3419
16.8376	1325.0350	833.8066	294.2623	1295.2823
16.9900	1333.3109	832.7976	294.8646	1291.1635
17.1424	1317.3088	831.0949	295.4673	1292.9783
17.2948	1315.5177	827.3635	296.0645	1290.3298
17.4472	1320.8971	823.2014	296.6527	1293.2733
17.5996	1324.2756	820.0065	297.2402	1301.9762
17.7520	1323.0352	818.1566	297.8425	1305.5798
17.9044	1335.4495	815.3818	298.4448	1303.5203
18.0568	1326.8612	811.2827	299.0403	1295.5394
18.2092	1348.3834	808.5081	299.6353	1286.9092
18.3616	1370.8970	806.4901	300.2334	1283.9070
18.5140	1377.3113	804.7245	300.8331	1284.4209
18.6664	1389.3085	803.6838	301.4264	1276.6628
18.8188	1372.7572	801.9182	302.0171	1286.6658
18.9712	1356.2057	795.1070	302.6121	1290.0485
19.1236	1341.7228	789.0215	303.2080	1295.2344
19.2760	1322.9633	778.5102	303.8068	1295.3064
19.4284	1302.6901	762.3983	304.4081	1289.0317
19.5808	1306.0000	754.0752	305.0035	1295.7975
19.7332	1326.1123	759.0010	305.7631	1286.8928
19.8856	1316.1840	764.4529	306.5340	1277.3442
20.0380	1333.8885	767.7770	307.3169	1280.6003
20.1904	1353.9108	765.2697	308.0858	1284.5835
20.3428	1367.3411	765.0480	308.8570	1284.1216
20.4952	1361.0437	765.7963	309.6269	1281.4974
20.6476	1350.0452	766.8768	310.3869	1284.1302
20.8000	1345.1810	767.0431	311.1458	1289.4323
20.9524	1345.0687	767.3687	311.9088	1289.1956
21.1048	1344.2722	767.2785	312.6831	1281.1241
21.2572	1326.4976	766.0384	313.4610	1280.6890
21.4096	1334.0924	766.4058	314.2275	1281.8038
21.5620	1325.4757	766.5720	315.0006	1287.2905
21.7144	1321.1360	765.6990	315.7694	1304.2667
21.8668	1333.7947	765.0410	316.5459	1310.0500
22.0192	1323.5436	764.6600	317.3142	1310.7924
22.1716	1315.3678	763.8773	318.0821	1303.5372
22.3240	1339.9038	764.1336	318.8469	1297.9783
22.4764	1322.0050	764.1336	319.6110	1285.4285
22.6288	1346.0892	764.5770	320.3852	1265.7413
22.7812	1331.4083	766.8010	321.1641	1248.8026
22.9336	1332.5009	768.0959	321.9323	1238.2085
23.0860	1328.4761	767.1400	322.7006	1246.7950
23.2384	1331.5471	766.1008	323.4795	1261.6400
23.3908	1348.9788	762.2213	324.2420	1289.3444
23.5432	1338.5430	760.5452	325.0119	1284.3064
23.6956	1343.2511	760.7324	325.7823	1282.0060
23.8480	1334.9991	760.7808	326.5589	1286.1671
24.0004	1331.0679	760.1850	327.3297	1284.4697
24.1528	1335.0911	761.3904	328.0803	1275.4531
24.3052	1336.6589	761.4597	328.8490	1270.6846
24.4576	1334.5458	762.0555	329.6205	1243.9576
24.6100	1339.0006	762.5334	330.3961	1227.1847
24.7624	1343.7268	763.5103	331.1758	1219.2537
24.9148	1337.5220	764.2514	331.9488	1230.9110
25.0672	1330.1815	764.8541	332.7102	1240.6316
25.2196	1332.7054	765.0341	333.4874	1261.2758
25.3720	1335.8180	763.3021	334.2647	1264.6904
25.5244	1331.0452	761.9030	335.0424	1262.2354
25.6768	1332.6368	761.6952	335.8138	1258.7927
25.8292	1334.7955	762.4227	336.5955	1246.0186
25.9816	1326.3625	763.3994	337.3532	1237.3494
26.1340	1336.1830	824.8781	338.1353	1225.8276
26.2864	1318.0000	791.2608	338.9050	1218.2986
26.4388	1320.4003	771.9957	339.4875	1237.9240
26.5912	1344.4012	767.5474	340.0629	1253.7069
26.7436	1350.7997	767.7912	340.6317	1267.3578
26.8960	1341.6011	767.4254	341.2004	1274.9648
27.0484	1360.0000	765.9624	341.7820	1267.0021
27.2008	1347.1991	763.5239	342.3576	1267.8553
27.3532	1350.0004	762.5486	342.9380	1253.1366
27.5056	1349.9998	761.8171	343.5200	1239.3440
27.6580	1342.1995	760.7807	344.1038	1230.5980
27.8104	1335.0000	759.5616	344.6925	1218.6541
27.9628	1344.6002	760.2932	345.2613	1223.7734
28.1152	1359.0010	760.6589	345.8401	1222.0667
28.2676	1363.3997	761.5124	346.4190	1227.0444
28.4200	1365.8022	763.2194	346.9950	1236.7843
28.5724	1397.0000	765.6576	347.5705	1233.9406
28.7248	1347.3981	764.6822	348.1461	1237.3535
28.8772	1332.5997	764.2555	348.7249	1245.2460
29.0296	1324.1993	763.7678	349.3070	1248.8003
29.1820	1309.1989	762.7924	349.8877	1246.8096
29.3344	1290.0000	761.0856	350.4562	1245.6720
29.4868	1330.6310	763.3638	351.2228	1232.1443
29.6392	1324.5269	765.8339	351.9975	1231.5828
29.7916	1335.4778	764.5506	352.7717	1230.1801
29.9440	1368.7363	763.5882	353.5388	1230.9275
30.0964	1368.7389	763.8288	354.2845	1230.0890
30.2488	1379.1570	764.0214	355.0505	1242.8824
30.4012	1362.3134	764.6630	355.8199	1234.5961
30.5536	1352.4233	765.1763	356.5878	1229.6531
30.7060	1369.2115	765.4972	357.3529	1219.8336
30.8584	1360.7859	766.7808	358.1161	1224.6975
31.0108	1346.2628	768.8502	358.8689	1224.2859
31.1632	1322.8914	767.8871	359.6301	1230.0497
31.3156	1315.4747	763.9566	360.4017	1221.6642
31.4680	1318.7369	761.2619	361.1764	1211.4500
31.6204	1347.4248	761.2621	361.9641	1208.3630
31.7728	1344.8931	762.1605	362.7470	1210.9833
31.9252	1360.8969	761.7593	363.5025	1201.0461
32.0776	1345.9452	761.1176	364.2592	1231.8115
32.2300	1362.0000	761.6952	365.0165	1234.2960
32.3824	1365.0000	762.3048	365.7530	1232.5186
32.5348	1365.9904	763.5121	366.4737	1234.2788
32.6872	1366.0000	765.3261	367.1984	1247.9585
32.8396	1349.3315	765.9505	367.9301	1236.6578
32.9920	1353.8781	765.6650	368.6626	1247.5277
33.1444	1347.2052	765.3617	369.3944	1233.3118
33.2968	1310.3005	766.2359	370.1348	1234.2473
33.4492	1334.9448	766.2672	370.8918	1232.5880
33.6016	1304.4524	764.8103	371.6655	1209.0686
33.7540	1320.1199	763.2937	372.4799	1182.2921
33.9064	1304.9147	761.7772	373.2878	1174.9163
34.0588	1316.2365	762.2690	374.0956	1177.5836
34.2112	1320.7455	763.7319	374.8950	1200.0748
34.3636	1354.5332	763.5449	375.6628	1211.1931
34.5160	1348.6609	763.8064	376.3891	1234.6279
34.6684	1378.4158	766.6381	377.1282	1239.7056
34.8208	1355.3308	771.0682	377.8612	1228.5773
34.9732	1332.0269	769.5032	378.6023	1226.2449
35.1256	1362.6516	768.7623	379.3501	1209.3529
35.2780	1358.7834	765.1313	380.1146	1198.0131
35.4304	1341.8507	762.8290	380.8656	1196.0117
35.5828	1344.4613	762.3376	381.6447	1197.4880
35.7352	1325.4785	771.2300	382.4119	1197.3641
35.8876	1315.0576	772.3632	383.1480	1206.1083
36.0400	1334.1837	763.0015	383.8804	1205.7181
36.1924	1330.0187	764.0891	384.5984	1206.7415
36.3448	1335.9421	764.9673	385.3282	1206.9225
36.4972	1330.9602	764.2590	386.0601	1206.3091
36.6496	1330.8580	763.0876	386.7921	1202.8564
36.8020	1357.4443	763.1744	387.5384	1204.4238
36.9544	1344.1892	764.2532	388.2804	1197.5533
37.1068	1351.9623	767.0086	389.0283	1186.3649
37.2592	1350.6467	768.5085	389.7844	1193.4668
37.4116	1342.4989	767.1813	390.5768	1197.5614
37.5640	1352.5997	763.5938	391.3758	1201.5697
37.7164	1327.8203	762.1613	392.1405	1213.1346
37.8688	1322.8187	762.0000	392.8845	1211.6707
38.0212	1323.0000	763.9844	393.6189	1205.6255
38.1736	1301.1597	764.9315	394.3584	1201.2709
38.3260	1298.4121	764.5579	395.0996	1199.3802
38.4784	1296.6027	764.1948	395.8333	1208.4763
38.6308	1284.8807	766.0703	396.5656	1206.8801
38.7832	1305.6797	767.0532	397.3044	1216.2384
38.9356	1312.0000	766.4644	398.0362	1213.9902
39.0880	1341.6223	765.3168	398.7701	1198.4773
39.2404	1350.7747	763.8675	399.5225	1186.4943
39.3928	1351.0000	764.4624	400.3117	1180.8870
39.5452	1347.9407	764.2770	401.0977	1175.8262
39.6976	1350.0396	762.5123	401.8672	1186.1881
39.8500	1330.6143	760.6192	402.6143	1182.6115
40.0024	1314.2484	761.0858	403.3492	1183.7267
40.1548	1290.8798	761.3904	404.0825	1169.5165
40.3072	1284.7404	761.1647	404.8212	1173.2107
40.4596	1288.6769	760.8615	405.5679	1173.2124
40.6120	1269.5465	761.0034	406.3043	1193.1182
40.7644	1275.7867	761.3068	407.0485	1214.2927
40.9168	1268.0277	760.7314	407.7728	1230.3817
41.0692	1263.0000	760.4760	408.5062	1224.9818
41.2216	1283.6157	758.5259	409.2472	1221.9006
41.3740	1294.8240	757.9480	409.9944	1200.1232
41.5264	1300.2067	759.5335	410.7383	1182.9493
41.6788	1329.1515	761.0200	411.4854	1160.2444
41.8312	1331.3223	763.7081	412.2754	1140.0242
41.9836	1320.8225	764.3248	413.1111	1136.9521
42.1360	1320.0443	762.8874	413.9482	1146.1923
42.2884	1297.3206	763.3359	414.7804	1161.5873
42.4408	1290.7018	764.8524	415.5904	1172.8374
42.5932	1279.6648	766.1657	416.3784	1178.4829
42.7456	1263.0719	765.9668	417.1836	1183.4340
42.8980	1264.5696	764.4561	417.9771	1187.5725
43.0504	1276.4767	760.2514	418.7593	1192.7328
43.2028	1284.2360	759.1314	419.5417	1198.5167
43.3552	1282.1465	759.7573	420.3023	1194.3589
43.5076	1291.4720	760.0607	421.0409	1189.3390
43.6600	1308.1194	759.4001	421.7842	1174.7213
43.8124	1323.4132	759.7171	422.5389	1157.8274
43.9648	1322.7733	761.3099	423.2861	1145.4475
44.1172	1318.3822	761.8117	424.0424	1144.0100
44.2696	1317.3872	761.6952	424.7976	1143.5979
44.4220	1313.3523	761.8805	425.5717	1140.7086
44.5744	1312.8091	762.5515	426.3820	1141.2336
44.7268	1303.8318	763.4614	427.2105	1141.3710
44.8792	1301.1528	764.5521	428.0526	1153.0319
45.0316	1293.4102	765.0480	428.9013	1169.9937
45.1840	1288.3337	763.8032	429.7263	1184.4980
45.3364	1284.7932	762.2090	430.5247	1193.0376
45.4888	1272.3956	761.1707	431.3011	1188.9218
45.6412	1268.2750	761.3008	432.0669	1189.3785
45.7936	1282.4039	762.3826	432.8424	1181.0319
45.9460	1292.0000	762.9144	433.6248	1162.3898
46.0984	1294.2161	763.2521	434.4164	1151.2773
46.2508	1300.3928	781.0976	435.2289	1144.5560
46.4032	1306.1770	815.1022	436.0616	1142.0909
46.5556	1297.2136	798.7819	436.9063	1135.2914
46.7080	1277.8464	766.4413	437.7458	1142.1765
46.8604	1260.5277	761.1570	438.5779	1155.8564
47.0128	1252.4755	758.5872	439.4103	1167.9342
47.1652	1248.3622	756.0024	440.2256	1173.7350
47.3176	1248.6038	753.4294	441.0079	1174.6880
47.4700	1269.3362	748.2056	441.7657	1171.5945
47.6224	1298.6251	747.2462	442.5069	1167.1278
47.7748	1334.0046	753.4662	443.2396	1166.9283
47.9272	1350.0673	760.4409	443.9722	1171.1316
48.0796	1354.2771	763.9841	444.7130	1165.0472
48.2320	1344.6433	763.5329	445.4660	1151.1299
48.3844	1321.5195	762.7798	446.2473	1145.6156
48.5368	1314.8171	762.1599	447.0502	1141.2894
48.6892	1311.2948	762.1435	447.8725	1148.4127
48.8416	1312.2052	762.7307	448.7216	1155.2095
48.9940	1309.4609	763.2192	449.5633	1156.1665
49.1464	1317.7513	762.5243	450.3920	1160.9120
49.2988	1318.4294	761.8327	451.1935	1163.3700
49.4512	1312.0155	761.8640	451.9864	1166.9700
49.6036	1317.0000	761.5607	452.7911	1173.5474
49.7560	1308.7086	761.2574	453.5745	1170.6678
49.9084	1306.6290	761.6116	454.3415	1165.7748
50.0608	1316.2937	762.6948	455.1026	1154.4528
50.2132	1314.4216	763.6047	455.8864	1134.2769
50.3656	1317.5005	765.9120	456.7115	1111.9719
50.5180	1316.0575	767.0198	457.5533	1106.1096
50.6704	1309.8138	764.3038	458.3919	1128.3481
50.8228	1317.8344	762.1163	459.2340	1157.0262
50.9752	1330.7802	760.1129	460.0365	1176.1125
51.1276	1324.8015	760.0399	460.7870	1176.2195
51.2800	1317.5212	760.3086	461.5280	1177.8090
51.4324	1324.8806	759.4450	462.2691	1156.3268
51.5848	1321.4180	759.3718	463.0102	1142.1608
51.7372	1318.9570	759.9023	463.7668	1117.1974
51.8896	1297.0000	760.3639	464.5645	1109.0842
52.0420	1296.2743	760.1712	465.3975	1092.4515
52.1944	1300.3693	760.3894	466.2404	1093.9785
52.3468	1313.1771	761.1036	467.0786	1100.9845
52.4992	1324.2216	761.6952	467.9215	1114.9922
52.6516	1327.8214	761.7998	468.7536	1128.7760
52.8040	1320.7366	762.1031	469.5830	1130.8136
52.9564	1328.9996	762.1016	470.4067	1126.5796
53.1088	1315.8304	761.4949	471.2333	1130.0833
53.2612	1296.8832	760.9869	472.0657	1137.1295
53.4136	1302.1315	760.6837	472.8911	1138.0221
53.5660	1292.8618	760.5717	473.7025	1141.4481
53.7184	1288.1622	760.7808	474.5166	1140.3492
53.8708	1294.5201	761.2441	475.3354	1129.1957
54.0232	1297.4019	762.4871	476.1620	1110.8602
54.1756	1298.9421	764.0802	476.9891	1088.7085
54.3280	1294.1382	766.7004	477.8094	1089.8602
54.4804	1272.6787	765.6604	478.6413	1097.7969
54.6328	1297.3108	763.7928	479.4732	1123.6696
54.7852	1312.6475	761.8264	480.2983	1141.2467
54.9376	1316.7303	758.9520	481.0969	1156.3258
55.0900	1322.6205	758.9520	481.8628	1165.5160
55.2424	1339.9604	759.0312	482.6040	1155.4895
55.3948	1337.0000	759.3345	483.3428	1146.2208
55.5472	1330.2478	760.4001	484.0819	1129.9558
55.6996	1312.6969	762.7650	484.8499	1118.3639
55.8520	1320.0387	762.0118	485.6529	1110.5820
56.0044	1306.1726	761.0856	486.4724	1109.7452
56.1568	1274.4568	761.0856	487.3064	1109.3210
56.3092	1276.7509	760.9481	488.1451	1114.9761
56.4616	1252.2819	760.4088	488.9770	1106.3677
56.6140	1276.4894	760.2370	489.8072	1102.4974
56.7664	1275.2175	760.4117	490.6311	1114.1804
56.9188	1296.7670	760.1084	491.4568	1130.9409
57.0712	1313.3698	759.9277	492.2842	1147.1462
57.2236	1292.3730	760.1114	493.0902	1159.1105
57.3760	1300.1035	759.9247	493.8845	1151.7888
57.5284	1305.0859	760.3416	494.6569	1152.1461
57.6808	1288.9072	761.2515	495.4302	1137.0266
57.8332	1293.0000	762.0538	496.2409	1113.6952
57.9856	1286.8208	762.3571	497.0669	1091.1302
58.1380	1253.4985	762.7112	497.8984	1087.8298
58.2904	1233.8956	762.2817	498.7305	1086.9733
58.4428	1224.2556	757.2366	499.5607	1094.4186
58.5952	1234.9524	756.3015	500.3792	1109.6152
58.7476	1258.3243	757.0427	501.2097	1116.2296
58.9000	1265.5734	758.2557	502.0255	1126.4862
59.0524	1266.4342	757.5653	502.8388	1117.7429
59.2048	1288.2649	756.5540	503.6301	1134.3016
59.3572	1286.0466	756.9350	504.3707	1140.3058
59.5096	1261.0850	757.8449	505.1103	1153.7786
59.6620	1273.1748	758.5754	505.8447	1150.3967
59.8144	1251.4359	758.0376	506.5977	1134.3203
59.9668	1246.6761	758.0705	507.3840	1131.3870
60.1192	1246.2664	758.4052	508.2012	1111.0044
60.2716	1268.3552	759.0118	509.0341	1099.3456
60.4240	1290.7457	759.7321	509.8665	1100.5287
60.5764	1296.0569	761.5250	510.6989	1098.9336
60.7288	1277.2516	762.7618	511.5299	1092.0066
60.8812	1286.7605	761.0616	512.3466	1090.2450
61.0336	1237.0000	760.5790	513.1785	1124.5286
61.1860	1236.0380	757.6187	514.0104	1095.3772
61.3384	1222.9362	752.1749	514.8423	1108.8965
61.4908	1221.7645	755.6889	515.6733	1081.9569
61.6432	1218.3782	757.2056	516.4893	1127.8298
61.7956	1225.3436	758.6921	517.3135	1087.9108
61.9480	1232.2653	759.6964	518.1392	1094.5074
62.1004	1237.9214	762.5258	518.9879	1057.1083
62.2528	1236.9287	760.4655	519.8203	1120.8723
62.4052	1263.0591	760.1712	520.6526	1061.2855
62.5576	1264.4346	760.0963	521.4690	1085.3423
62.7100	1242.2162	757.0992	522.3174	959.6926
62.8624	1253.0000	755.8679	523.1494	1022.5789
63.0148	1252.8319	753.3872	523.9813	1009.4830
63.1672	1236.0000	745.5408	524.8090	995.7556
63.3196	1236.0000	749.5032	525.6460	1023.1290
63.4720	1256.3833	758.9703	526.4499	895.1120
63.6244	1265.4716	759.2568	527.3329	508.4283
63.7768	1272.3831	756.7554	528.1351	655.7060
63.9292	1237.7042	755.9757	528.8710	1344.4908
64.0816	1253.4724	756.6840	529.6730	874.8991
64.2340	1247.9407	757.3204	530.5121	639.1813
64.3864	1236.4694	757.9122	531.3630	701.3713
64.5388	1243.1779	758.7370	532.2028	799.1750
64.6912	1233.4990	755.8141	533.0328	822.4388
64.8436	1220.5283	750.1660	533.8607	836.1797
64.9960	1231.8848	745.6031	536.1940	908.6897
65.1484	1227.9990	737.8126	538.7704	861.7456
65.3008	1233.1193	736.3344	540.7169	862.6376
65.4532	1248.8246	748.7336	542.4217	826.2367
65.6056	1249.9697	758.8986	543.8280	734.6541
65.7580	1264.5323	760.1353	545.1112	734.0087
65.9104	1259.9969	758.1898	546.5006	728.4140
66.0628	1238.5293	755.5272	547.9053	703.5997
66.2152	1244.1775	750.5784	549.3233	713.7596
66.3676	1252.0000	746.2759	550.7407	717.6099
66.5200	1246.2631	745.8723	552.1341	723.7331
66.6724	1242.2954	744.2856	553.5353	709.4940
66.8248	1244.8805	740.5378	554.9207	716.0527
66.9772	1223.8214	727.6447	556.3122	738.0398
67.1296	1206.6168	702.3913	557.6964	746.9797
67.2820	1192.7034	680.0797	559.0926	757.6760
67.4344	1179.0929	674.0839	560.4855	763.3200
67.5868	1221.5312	681.1027	561.8691	751.5265
67.7392	1240.5012	684.7070	563.2634	748.4330
67.8916	1257.5901	696.0940	564.6484	760.1014
68.0440	1277.3534	724.2242	566.0595	766.0925
68.1964	1280.3517	737.4734	567.4539	769.5109
68.3488	1269.6755	744.9672	568.8349	766.4561
68.5012	1259.0000	746.1504	570.2315	742.9951
68.6536	1224.0548	738.7537	571.6278	773.7075
68.8060	1235.2363	728.4891	573.0084	772.6268
68.9584	1224.1459	719.5244	574.3887	754.9965
69.1108	1212.4105	707.1525	575.7984	724.1292
69.2632	1210.1470	707.1720	577.1671	702.9578
69.4156	1227.2959	718.2354	578.5718	717.5472
69.5680	1227.8231	737.2505	579.9444	737.6855
69.7204	1238.4725	745.3083	581.3463	753.6201
69.8728	1223.6154	748.0242	582.7346	742.8364
70.0252	1220.5299	749.4495	584.1396	726.1177
70.1776	1228.7660	746.9208	585.5416	717.7016
70.3300	1215.1741	745.1463	586.9376	739.4434
70.4824	1209.0885	742.1071	588.3129	726.5455
70.6348	1192.7615	737.4900	589.7161	697.2587
70.7872	1192.8550	731.2235	591.1075	689.6808
70.9396	1213.0608	714.9507	592.4979	697.8688
71.0920	1222.5001	692.6559	593.9022	697.6675
71.2444	1233.3553	688.4372	595.2911	705.0016
71.3968	1241.0282	709.7130	596.6788	726.5184
71.5492	1229.4103	731.3954	598.0751	721.1393
71.7016	1225.3544	736.7283	599.4778	693.9547
71.8540	1229.0569	736.5405	600.8897	689.0668
72.0064	1225.8251	738.4140	602.3017	702.7499
72.1588	1238.5885	740.8798	603.7188	680.0626
72.3112	1244.2369	744.5637	621.0168	523.7560
72.4636	1251.9987	744.8773	922.9822	1061.6628
72.6160	1239.0000	743.1469	1757.4996	3536.7759
72.7684	1235.6451	739.3542	1758.3784	2449.6582
72.9208	1219.2643	727.7887	1758.8623	1992.2538
73.0732	1211.9377	703.2441	1759.3278	1727.9922
73.2256	1189.9717	695.1777	1759.8049	1521.9999
73.3780	1199.8230	701.5802	1760.2634	1513.7456
73.5304	1197.1475	715.4833	1760.9944	1419.7836
73.6828	1202.0000	729.3864	1768.7225	1300.0636
73.8352	1183.5558	738.8547	1771.9381	1144.0779
73.9876	1170.7637	744.3041	1772.6016	967.7187
74.1400	1188.2372	739.9016	1773.1631	1194.6189
74.2924	1219.1227	738.3688	1773.7527	1249.2744
74.4448	1225.5591	739.2656	1774.4237	1166.1567
74.5972	1232.5894	740.7001	1775.1241	1143.4960
74.7496	1246.7076	740.9688	1775.8145	1149.7719
74.9020	1256.1185	739.8032	1776.5154	962.3102
75.0544	1227.8472	738.9965	1777.2585	650.9555
75.2068	1207.1161	739.0504	1778.3569	990.5939
75.3592	1189.4684	735.8405	1779.1477	837.5465
75.5116	1174.5864	712.1694	1779.7593	382.0774
75.6640	1173.7065	676.5892	1780.5206	165.7267
75.8164	1178.3535	655.2106	1781.7777	789.9441
75.9688	1191.1787	652.4875	1783.1631	1179.7545
76.1212	1204.7655	661.3633	1784.4463	1106.2086
76.2736	1209.5001	675.5914	1785.7300	1075.2053
76.4260	1219.4141	682.6442	1786.9974	1053.9097
76.5784	1227.3525	683.1826	1788.2626	1062.1635
76.7308	1230.1786	690.2842	1789.5315	1087.7277
76.8832	1238.6176	699.3910	1790.7751	1097.6693
77.0356	1225.2887	702.6182	1792.0092	1096.1935
77.1880	1211.0621	711.1995	1793.2545	1080.2039
77.3404	1216.4659	728.0247	1794.5364	958.7496
77.4928	1182.9406	734.0210	1795.8126	857.7324
77.6452	1177.8813	732.4878	1796.9939	1168.7858
77.7976	1169.9701	729.8796	1798.2256	947.8833
77.9500	1162.1144	729.4751	1799.4961	1008.3999
78.1024	1146.9435	721.6478	1800.7162	1096.2672
78.2548	1161.8799	704.5695	1801.9524	1154.5021
78.4072	1144.4091	685.6083	1803.2020	1053.1975
78.5596	1130.5343	664.0502	1804.4385	1040.8279
78.7120	1171.5319	652.4147	1805.6891	1099.7814
78.8644	1189.0000	647.0904	1806.9225	1025.2621
79.0168	1185.1477	652.3742	1808.1541	1029.0281
79.1692	1197.0387	675.7221	1809.3706	1078.8834
79.3216	1199.7781	704.3969	1810.6095	1111.6133
79.4740	1214.4841	713.9782	1811.8507	1098.8477
79.6264	1194.9957	711.8315	1813.0638	1120.9227
79.7788	1185.3328	702.3259	1814.2982	1105.0099
79.9312	1184.7408	693.0463	1815.5518	1087.2617
80.0836	1186.4077	682.0955	1816.7856	1078.2041
80.2360	1200.3352	664.2587	1818.0330	1074.6764
80.3884	1191.8859	653.6937	1819.2792	1056.9508
80.5408	1186.5564	650.7591	1820.5293	1055.7976
80.6932	1197.3348	651.8320	1821.7584	1078.0763
80.8456	1208.1490	651.7637	1822.9843	1102.4607
80.9980	1203.3314	656.4615	1824.2247	1111.8721
81.1504	1204.2255	677.1685	1825.4512	1104.4181
81.3028	1201.5135	705.3783	1826.6738	1094.2546
81.4552	1188.6334	725.2904	1827.9116	1091.8595
81.6076	1201.3324	736.1943	1829.1495	1090.9103
81.7600	1192.5179	742.8770	1830.4003	1077.3988
81.9124	1185.8872	744.9197	1831.6564	1060.6810
82.0648	1176.7777	742.2552	1832.9014	1071.4003
82.2172	1170.6259	731.2344	1834.1156	1095.3478
82.3696	1147.8899	704.9062	1835.3538	1096.3008
82.5220	1155.0011	674.5553	1836.5784	1122.2366
82.6744	1170.4065	659.4279	1837.7922	1150.9613
82.8268	1163.5947	649.7543	1838.8783	1122.6276
82.9792	1179.0000	647.7000	1840.1195	1011.0421
83.1316	1170.3324	659.7353	1841.3445	1047.3335
83.2840	1193.1512	669.7936	1842.5837	1035.5565
83.4364	1211.0033	683.0255	1843.8384	1027.5516
83.5888	1207.8883	682.2437	1845.0947	1072.1146
83.7412	1226.5585	688.5442	1846.3519	900.9688
83.8936	1211.5513	704.7686	1847.6223	1045.0527
84.0460	1186.7390	716.1903	1848.7590	1071.9752
84.1984	1172.9619	706.4908	1849.9608	1086.7142
84.3508	1144.6605	678.7842	1851.2124	1067.0854
84.5032	1153.4106	658.6828	1852.4691	1043.7731
84.6556	1170.7416	652.9492	1853.7162	1006.7438
84.8080	1194.5612	652.7462	1854.9847	846.6453
84.9604	1203.7395	664.8950	1856.3688	505.4155
85.1128	1207.1133	696.3030	1857.8064	151.9661
85.2652	1197.9948	724.8840	1859.2089	-5.1369
85.4176	1179.5210	737.6967	1860.6062	-13.2058
85.5700	1169.7347	742.5488	1940.6794	673.1497
85.7224	1133.6652	735.5820	2075.6365	1721.7551
85.8748	1121.9606	714.5358	2076.5422	1386.9269
86.0272	1109.2219	678.2899	2077.0635	1064.5477
86.1796	1113.0039	655.6918	2077.4526	855.6501
86.3320	1135.8531	651.6060	2077.8445	884.3288
86.4844	1144.5929	651.4480	2078.2473	987.3574
86.6368	1150.0020	651.9333	2078.6506	1002.6228
86.7892	1165.0349	651.9792	2079.0581	950.3724
86.9416	1152.7401	656.0654	2079.4614	888.8796
87.0940	1146.0000	659.5872	2079.8721	864.5760
87.2464	1165.2625	660.7614	2080.3960	928.9452
87.3988	1180.8160	659.3952	2082.2444	961.6959
87.5512	1178.4441	659.5534	2086.5408	948.9465
87.7036	1189.0759	665.5601	2090.6941	1097.8890
87.8560	1180.4058	670.3235	2093.0845	905.0685
88.0084	1164.7765	668.5616	2094.3040	1015.9950
88.1608	1135.8102	663.3004	2095.2134	1116.9253
88.3132	1121.3690	662.1499	2096.0916	1231.7638
88.4656	1123.6672	659.2820	2097.0083	1378.6420
88.6180	1134.1868	659.1021	2097.9321	1336.8060
88.7704	1156.7825	659.5307	2098.8105	1172.7659
88.9228	1180.1127	663.0082	2099.7104	1004.4724
89.0752	1196.7792	675.9465	2100.6362	996.9390
89.2276	1198.7023	691.6494	2101.5266	1055.8076
89.3800	1189.8883	712.6931	2102.3887	1098.1886
89.5324	1176.6271	735.5177	2103.2473	1142.8235
89.6848	1156.3313	743.2153	2104.1008	1133.2977
89.8372	1143.3329	733.6512	2104.9768	1201.4838
89.9896	1140.2964	703.3953	2105.8853	1318.7136
90.1420	1136.3314	672.9738	2106.7759	1397.6322
90.2944	1125.2228	658.3679	2107.6858	1498.3094
90.4468	1132.6295	656.1779	2108.6172	1472.4309
90.5992	1130.4069	655.9296	2109.5366	1619.2150
90.7516	1126.2212	656.0314	2110.4536	1575.6686
90.9040	1123.4106	656.8892	2111.3547	1648.4069
91.0564	1166.2230	657.6349	2112.2568	1560.1246
91.2088	1172.0000	662.3304	2113.1746	1703.2006
91.3612	1198.9647	666.1463	2114.0769	1997.2839
91.5136	1205.5563	676.7364	2114.9639	2211.3682
91.6660	1200.6655	691.9328	2115.8574	2465.2439
91.8184	1188.9250	703.3323	2116.7378	2578.4873
91.9708	1173.1462	695.3152	2117.5547	2632.1274
92.1232	1147.4406	673.9095	2118.2170	2546.4304
92.2756	1138.7776	663.0074	2118.8452	2569.9922
92.4280	1129.5543	658.7515	2119.4736	2643.9802
92.5804	1130.0007	657.7584	2120.1018	2653.6863
92.7328	1147.1129	658.3342	2120.6877	2297.6990
92.8852	1154.8146	658.8535	2121.2512	1856.2723
93.0376	1152.3330	660.8407	2121.8430	1464.0165
93.1900	1145.8132	666.2827	2122.4768	1262.8228
93.3424	1155.4469	673.3264	2123.1294	1195.0376
93.4948	1174.5563	684.2775	2123.7930	1104.9265
93.6472	1180.2227	705.3455	2124.4832	1048.2592
93.7996	1183.8523	731.0368	2125.1956	1027.5397
93.9520	1185.3328	744.2197	2125.9243	986.9734
94.1044	1173.1069	734.9597	2126.6763	843.8865
94.2568	1144.4788	708.0808	2127.8242	750.2585
94.4092	1126.1127	675.0278	2131.2224	868.0249
94.5616	1135.3323	656.4827	2137.9998	699.8403
94.7140	1127.8518	656.3699	2142.2644	833.9398
94.8664	1128.7795	657.3861	2146.2197	845.8196
95.0188	1141.4410	659.1693	2149.9326	611.0791
95.1712	1124.2246	657.8036	2152.8765	1159.1797
95.3236	1182.0000	658.9776	2153.6819	1470.3480
95.4760	1132.4448	658.6871	2154.3433	1985.7628
95.6284	1150.1600	659.2682	2155.0957	2447.8074
95.7808	1137.0525	659.1054	2155.8328	2558.4111
95.9332	1186.3435	660.8064	2156.4678	2732.8149
96.0856	1143.7946	660.8064	2157.1169	2842.2834
96.2380	1152.0137	660.1680	2157.7456	2914.2224
96.3904	1088.9418	656.2344	2158.3433	2994.9211
96.5428	1160.1721	656.2344	2158.9209	3115.0188
96.6952	1095.8163	656.1705	2159.4788	3127.1572
96.8476	1086.0793	656.0715	2160.0012	3104.1257
97.0000	1007.3103	655.3689	2160.4998	3123.8774
97.1524	1040.6964	653.2434	2161.0046	3188.3110
97.3048	1028.8147	656.4470	2161.5125	3146.5288
97.4572	1033.6515	656.9294	2162.0232	3140.6135
97.6096	1026.9751	657.0918	2162.5281	2961.1619
97.7620	805.0487	646.7688	2163.0396	2450.6169
97.9144	646.2367	623.9716	2163.5649	2046.0635
98.0668	1138.8518	651.7225	2164.0923	1658.9795
98.2192	1166.1973	704.5262	2164.6294	1358.8894
98.3716	739.5290	669.0212	2165.1819	1216.1881
98.5240	695.1452	630.7639	2165.7214	1095.7189
98.6764	829.1730	632.6388	2166.2517	1026.0669
98.8288	881.2101	641.7108	2166.7874	1003.8006
98.9812	900.7496	642.9578	2167.4805	1030.5941
99.1336	922.1410	308.3703	2168.2236	978.1168
99.2860	886.8746	163.3372	2168.9045	899.2684
99.4384	908.9887	280.9895	2169.5815	891.1086
99.5908	859.1991	312.2497	2170.4048	1016.8531
99.7432	749.5444	357.3554	2171.3625	1035.7524
99.8956	763.7545	398.8315	2172.1602	856.6047
100.0480	732.8077	384.1373	2172.8770	782.3473
100.2004	715.9773	374.9819	2174.3933	920.7385
100.3528	743.8658	377.2436	2175.5405	781.6243
100.5052	770.1882	379.1572	2176.4382	866.2707
100.6576	739.9956	378.9797	2177.3005	969.9529
100.8100	761.3059	380.6529	2178.1987	858.2855
100.9624	789.3759	379.9507	2179.1206	885.9645
101.1148	792.1162	383.8214	2180.4011	959.4735
101.2672	783.8363	385.1823	2181.3875	891.9248
101.4196	787.6519	385.2672	2182.2666	1155.6752
101.5720	804.2101	382.6514	2183.0759	1313.2823
101.7244	775.6946	381.3330	2183.9124	1588.4102
101.8768	804.0000	381.6096	2184.7686	1874.9071
102.0292	800.1398	378.8877	2185.6074	2160.8887
102.1816	805.1609	379.8945	2186.4456	2367.0146
102.3340	787.5109	382.2405	2187.2556	2491.9329
102.4864	787.3294	382.5240	2188.0164	2585.8774
102.6388	848.7672	382.4885	2188.7654	2640.6785
102.7912	841.1349	382.2192	2189.4817	2637.5698
102.9436	800.6030	382.1199	2190.1782	2618.2104
103.0960	772.0432	381.2692	2190.8430	2519.6255
103.2484	750.6071	380.2276	2191.4810	2427.3713
103.4008	769.6290	382.4818	2192.0640	2247.9412
103.5532	781.1411	384.4308	2192.6228	1785.3019
103.7056	788.6701	383.8066	2193.1880	1678.9686
103.8580	759.2777	381.6096	2193.7532	1739.6813
104.0104	759.8386	381.2126	2194.3210	1663.2152
104.1628	782.3750	381.4540	2194.8833	1400.0129
104.3152	779.7599	382.8711	2195.4197	1264.9998
104.4676	741.8824	381.0707	2195.9456	1242.3434
104.6200	721.3698	379.1427	2196.4705	1209.0906
104.7724	726.1214	379.0651	2197.0325	981.8253
104.9248	735.0443	380.6528	2197.7446	733.3693
105.0772	743.9122	382.6448	2200.3789	638.0441
105.2296	770.0000	382.4882	2207.8872	534.1714
105.3820	743.7869	379.5325	2281.1528	714.3039
105.5344	727.6989	378.0866	2348.1853	802.5698
105.6868	739.9783	377.9520	2559.7800	814.5193
105.8392	740.1616	377.3990	2708.1340	871.6619
105.9916	647.8254	374.7407	2708.9092	835.3897
106.1440	330.5728	617.7530	2709.6555	1054.6923
106.2964	2651.1887	692.6630	2710.3704	1167.8236
106.4488	3012.8506	528.7188	2711.0708	1094.9812
106.6012	2233.1743	549.3926	2711.7590	1209.2405
106.7536	1836.2773	775.4515	2712.4619	1146.0579
106.9060	1640.8701	996.6362	2713.1721	1204.2969
107.0584	1594.1379	1117.3285	2713.8889	1129.4348
107.2108	1484.3531	1146.5814	2714.5811	1153.7887
107.3632	1381.2935	187.9252	2715.2866	1196.6412
107.5156	1107.8297	122.4023	2715.9905	1184.9126
107.6680	1022.6904	616.7252	2716.6926	1190.8356
107.8204	1194.7866	838.6212	2717.3875	1170.7089
107.9728	1315.3368	928.4077	2718.0576	1208.8781
108.1252	1214.2850	904.2590	2718.7085	1149.8590
108.2776	1186.5314	801.2820	2719.3672	1198.9362
108.4300	1217.0000	765.0480	2720.0337	1156.0861
108.5824	1006.2850	762.2172	2720.7009	1167.6748
108.7348	625.4539	731.9911	2721.3682	1204.9839
108.8872	1098.5878	460.1942	2722.0356	1180.0536
109.0396	696.8708	626.2142	2722.7039	1180.7457
109.1920	200.8493	793.6930	2723.3699	1168.7939
109.3444	292.1822	764.8103	2724.0232	1171.8177
109.4968	1233.3936	332.9663	2724.6912	1160.2024
109.6492	1208.4550	417.2775	2725.3574	1156.0051
109.8016	1155.2777	414.2024	2726.0183	1165.6436
109.9540	1145.4653	417.6469	2726.6858	1165.1953
110.1064	1148.7919	418.1149	2727.3494	1154.9200
110.2588	1164.6085	419.6461	2728.0051	1162.8274
110.4112	1193.2097	424.7930	2728.6724	1176.0153
110.5636	1191.7659	430.6041	2729.3401	1158.6433
110.7160	1170.7889	426.6347	2730.0078	1180.2031
110.8684	1015.1377	418.4116	2730.6721	1182.6475
111.0208	1025.5026	417.5565	2731.3289	1180.1646
111.1732	1228.6517	439.3477	2731.9839	1193.3695
111.3256	1037.3064	437.3851	2732.6448	1185.0558
111.4780	1079.1653	422.3905	2733.3047	1185.5833
111.6304	1179.9299	431.8665	2733.9634	1168.4510
111.7828	1204.4548	429.9943	2734.6309	1163.9082
111.9352	1131.9752	428.0245	2735.2942	1164.7159
112.0876	1156.8214	427.7971	2735.9438	1157.5408
112.2400	1145.9503	427.0744	2736.6006	1162.6427
112.3924	1080.0876	428.0669	2737.2686	1162.3770
112.5448	1099.8470	429.8888	2737.9363	1149.4617
112.6972	1169.9801	430.2854	2738.6040	1141.7915
112.8496	1174.7883	430.4840	2739.2715	1152.5491
113.0020	1174.3738	430.6824	2739.9316	1150.7769
113.1544	1178.7209	426.7268	2740.5859	1138.3269
113.3068	1163.3702	425.8766	2741.2437	1144.0166
113.4592	1153.3948	425.4086	2741.9028	1127.8253
113.6116	1148.8367	425.1960	2742.5618	1162.7239
113.7640	1131.7191	425.1960	2743.2278	1130.9647
113.9164	1143.9089	424.6856	2743.8953	1071.2395
114.0688	1189.1699	425.6357	2744.5488	1032.7640
114.2212	1188.0457	429.8464	2745.2139	1079.9486
114.3736	1195.1637	428.9952	2745.8889	1070.6401
114.5260	1182.9746	429.7043	2746.5576	1041.8669
114.6784	1177.2323	428.8961	2747.2256	1079.8375
114.8308	1182.8611	427.3649	2747.9011	1031.4326
114.9832	1169.0000	427.0248	2748.5696	1069.6996
115.1356	1122.0000	422.7576	2749.1973	1076.4540
115.2880	1152.0000	421.8432	2749.8501	1088.5410
115.4404	1177.0000	427.6344	2750.4944	1078.2316
115.5928	1172.0000	429.7680	2751.1470	1080.7201
115.7452	1189.0000	428.8536	2751.7996	1081.4310
115.8976	1180.0000	426.4152	2752.4272	1074.6765
116.0500	1134.0000	468.7824	2753.0879	1083.5641
116.2024	1076.0000	450.1896	2753.7405	1046.2366
116.3548	1124.0000	428.8536	2754.3926	1063.3005
116.5072	1098.0000	425.5008	2755.0449	1058.6791
116.6596	1072.0000	422.1480	2755.6975	1027.7505
116.8120	1131.0000	423.3672	2756.3501	1009.9755
116.9644	864.0000	417.5760	2756.9939	1087.4745
117.1168	1173.0000	406.6032	2757.6379	1081.4310
117.2692	1138.0000	480.9744	2758.2825	1098.8506
117.4216	1191.0000	427.3296	2758.9275	1115.2035
117.5740	1108.0000	424.8912	2759.5806	1067.9220
117.7264	1111.0000	422.7576	2760.2334	1124.4465
117.8788	1045.0000	423.3672	2760.8804	1104.5386
118.0312	773.0000	417.8808	2761.5215	1098.4950
118.1836	263.0000	357.5304	2762.1746	1088.5410
118.3360	3.0000	370.0272	2762.8264	1083.2085
118.4884	-5.0000	378.5616	2763.4790	1094.9401
118.6408	-27.0000	377.9520	2764.1316	1083.5641
118.7932	1806.0000	1248.7656	2764.7834	1094.5846
118.9456	1559.0000	966.8256	2765.4106	1119.4695
119.0980	1212.0000	517.2456	2766.0757	1110.2266
119.2504	919.0000	790.3464	2766.7070	1091.3850
119.4028	908.0000	1115.8728	2767.3589	1103.4720
119.5552	1058.0000	1277.4167	2768.0029	1098.1395
119.7076	1094.0000	1304.5439	2768.6470	1093.8735
119.8600	1006.0000	1307.5920	2769.2888	1137.9556
120.0124	924.0000	1310.0304	2769.9360	1095.2955
120.1648	889.0000	1311.5544	2770.5884	1103.8275
120.3172	1020.0000	1297.8384	2771.2329	1136.1781
120.4696	1027.0000	254.8128	2771.8855	1119.1140
120.6220	1025.0000	129.2352	2772.5295	1121.6025
120.7744	1187.1487	179.2465	2773.1599	1119.5438
120.9268	913.0815	219.0338	2773.7661	1101.6171
121.0792	1045.0334	422.3844	2774.3940	1109.4989
121.2316	1177.3571	544.2006	2775.0166	1082.7662
121.3840	1349.4111	599.1888	2775.6453	1094.0651
121.5364	1470.4432	597.1166	2776.2749	1107.8156
121.6888	1375.5315	575.5004	2776.8984	1106.0217
121.8412	1214.6798	586.6921	2777.5156	1127.5599
121.9936	1052.0189	590.7337	2778.1392	1120.7185
122.1460	1088.6071	567.5146	2778.7625	1121.2744
122.2984	1155.4281	580.5519	2779.3889	1125.7314
122.4508	1217.9603	605.5437	2780.0186	1100.5468
122.6032	1216.3738	612.3432	2780.6487	1095.6803
122.7556	1252.2073	611.2572	2781.2744	1091.2842
122.9080	1347.8522	608.0432	2781.8882	1079.4675
123.0604	1428.3873	599.8868	2782.5049	1092.8795
123.2128	1526.5486	589.9468	2783.1345	1096.7811
123.3652	1540.3489	580.6254	2783.7607	1097.7716
123.5176	1546.7079	572.9233	2784.7559	1138.4388
123.6700	1679.0187	576.5587	2786.4612	1193.7710
123.8224	1650.0200	577.1470	2787.9341	1217.9991
123.9748	1706.9897	577.7352	2788.7805	1139.7916
124.1272	1690.0492	578.2645	2789.6616	1097.4730
124.2796	1841.2622	579.0887	2790.5764	1098.1549
124.4320	2075.9917	583.1426	2791.4648	1085.5981
124.5844	2318.6270	590.3607	2792.3521	1087.9003
124.7368	2550.4514	593.1086	2793.2249	1065.7485
124.8892	2684.0000	592.9689	2793.9673	1053.0299
125.0416	2684.0000	616.7906	2794.7024	1093.8490
125.1940	2576.9226	686.5379	2795.8892	1081.1099
125.3464	2621.1858	815.8042	2797.0830	1150.7555
125.4988	2704.0852	839.8707	2798.2917	1122.5751
125.6512	2673.7261	844.6337	2799.4883	1089.8434
125.8036	2276.1377	855.0514	2800.6965	1088.6478
125.9560	1727.4614	885.1720	2801.9080	1093.1758
126.1084	1421.2637	912.2401	2803.1064	1105.4962
126.2608	1325.6031	888.3754	2804.3125	1109.0165
126.4132	1242.9835	837.7845	2805.5232	1062.5784
126.5656	1160.9851	811.6802	2806.7979	1029.5999
126.7180	1113.9054	799.7764	2808.2053	1012.1730
126.8704	1093.1381	769.4522	2809.6919	996.5017
127.0228	1059.0945	734.4016	2811.2014	979.9411
127.1752	917.5263	715.7538	2812.7031	978.3770
127.3276	900.1252	457.1076	2814.2043	986.8370
127.4800	913.8980	116.9619	2815.7041	1005.4932
127.6324	831.1927	100.2333	2817.1421	1042.5380
127.7848	950.9881	177.8681	2818.4666	1065.8907
127.9372	859.3531	189.8902	2819.7046	1076.9984
128.0896	792.7341	139.4354	2820.9692	1080.4680
128.2420	1346.8087	195.6701	2822.2241	1073.8541
128.3944	1693.9707	373.7691	2823.4153	1078.1008
128.5468	2117.5881	699.7825	2824.5906	1082.6263
128.6992	2535.1057	799.0743	2825.7681	1101.4663
128.8516	2616.9243	745.0650	2827.0605	1110.5625
129.0040	2748.2224	773.3508	2828.6387	1107.9326
129.1564	2924.5869	859.4208	2830.5781	1115.2035
129.3088	2968.0000	872.9472	2832.5791	1115.2035
129.4612	3076.0000	884.2248	2834.6541	1096.3621
129.6136	3194.0000	906.7800	2836.6960	1123.7356
129.7660	3186.1499	959.7795	2838.4651	1123.1549
129.9184	3203.3215	992.2828	2839.9912	1138.7599
130.0708	3144.1028	1034.7649	2841.2981	1146.7277
130.2232	3295.5417	1077.2419	2842.5217	1112.1276
130.3756	3266.2642	1118.5520	2843.6797	1076.6400
130.5280	3177.4575	1115.1902	2844.8743	1063.9099
130.6804	3189.7458	1111.7985	2846.2507	879.9505
130.8328	2842.7036	1106.9005	2847.6255	729.3852
130.9852	2173.7754	1090.8750	2848.9468	790.9647
131.1376	1767.5034	1080.5045	2850.1528	835.8574
131.2900	1508.7496	1071.0780	2851.3093	825.7329
131.4424	1360.8257	1070.1228	2852.4148	1066.0143
131.5948	1249.0226	1037.8835	2853.4565	1054.8585
131.7472	1106.0486	1025.2390	2854.5139	1075.1432
131.8996	1064.3334	1043.4601	2855.5864	918.0317
132.0520	1094.4834	1044.3260	2856.6421	855.4135
132.2044	1135.3413	877.9481	2857.6838	734.1855
132.3568	991.8356	747.9079	2858.7578	781.7421
132.5092	956.2731	796.8307	2859.8325	898.7200
132.6616	1004.9528	831.2875	2860.9062	885.5380
132.8140	1169.9215	777.9816	2861.9624	959.8756
132.9664	1034.1201	537.2054	2862.9954	1067.1515
133.1188	837.5133	628.9830	2863.9182	1063.2571
133.2712	899.6332	740.6111	2864.8401	1090.5721
133.4236	1058.6155	305.5394	2865.7488	1069.3467
133.5760	809.0737	484.0278	2866.6965	1054.3839
133.7284	1083.3068	613.5640	2867.7546	1035.3019
133.8808	1117.7968	645.3773	2868.8254	1018.7388
134.0332	943.3783	637.4271	2869.8650	1012.5390
134.1856	1047.6423	594.7667	2870.8867	1048.0007
134.3380	1062.1472	423.7571	2871.8936	1046.1001
134.4904	1053.1190	517.2516	2872.8948	1066.7286
134.6428	1265.9003	608.1600	2873.8325	1070.0642
134.7952	1426.6960	671.0845	2874.7500	1079.7427
134.9476	1715.7681	676.9017	2875.6245	1072.7225
135.1000	2032.2671	660.3298	2876.5178	1061.1218
135.2524	2317.0090	664.6086	2877.4561	1054.3180
135.4048	2488.5125	669.0191	2878.4573	1027.6343
135.5572	2520.3762	677.3213	2879.4785	1042.7059
135.7096	2682.5737	707.1504	2880.4810	1078.7767
135.8620	2726.8047	729.5219	2881.4402	1090.6425
136.0144	2672.7122	756.0854	2882.2998	1084.8595
136.1668	2667.4319	777.8317	2883.1873	1082.1490
136.3192	2583.1763	815.4615	2884.0596	1067.4015
136.4716	2518.8625	851.5416	2884.9309	1053.8374
136.6240	2394.5732	876.4567	2885.7952	1055.9664
136.7764	1946.9629	914.8348	2886.6604	1065.4216
136.9288	1729.2795	973.9645	2887.5334	1073.9089
137.0812	1808.8258	989.8927	2888.4080	1070.7990
137.2336	1784.8077	998.6157	2889.2925	1082.7408
137.3860	1569.0874	996.6515	2890.1562	1086.2046
137.5384	1344.9392	998.0647	2891.0632	1085.3488
137.6908	1332.9352	1033.2443	2891.9836	1086.5778
137.8432	1334.3615	1057.3010	2892.8811	1084.5466
137.9956	1107.1670	1057.7522	2893.7295	1103.3623
138.1480	856.1398	994.2617	2894.5862	1111.2498
138.3004	783.7343	784.1063	2895.4490	1109.4142
138.4528	658.3727	225.1855	2896.3047	1082.6761
138.6052	615.8027	88.9418	2897.1619	1091.8126
138.7576	979.3542	171.0198	2898.0229	1084.6825
138.9100	820.0759	175.8336	2898.8806	1074.2606
139.0624	1039.4594	717.8040	2899.7896	1073.0448
139.2148	957.4585	718.8197	2900.7119	1070.3165
139.3672	977.3929	724.7896	2901.6274	1081.6508
139.5196	1234.2655	739.6685	2902.5142	1091.5157
139.6720	1239.6332	783.7939	2903.4297	1059.5062
139.8244	1256.9867	791.9984	2904.3584	1034.6282
139.9768	1304.6876	798.1011	2905.3115	1029.5432
140.1292	1189.2024	807.2521	2906.2380	1043.7419
140.2816	1313.0527	793.5215	2907.1040	1065.8966
140.4340	1215.6490	792.0645	2907.9434	1069.7158
140.5864	1305.4055	790.7697	2908.7820	1066.2140
140.7388	1292.5723	797.4185	2909.6240	1070.7104
140.8912	1283.4100	798.2239	2910.4729	1074.7139
141.0436	1280.4304	801.1012	2911.3086	1055.9788
141.1960	1271.6272	807.5416	2912.2151	1007.4671
141.3484	1295.9041	824.5981	2913.1882	1018.8508
141.5008	1278.0859	838.0464	2914.1616	1028.9091
141.6532	1316.3202	849.0292	2915.1277	1039.1680
141.8056	1297.3271	850.0226	2916.0635	1049.5424
141.9580	1306.9252	846.8300	2916.9841	1056.4507
142.1104	1320.6012	843.8531	2917.8979	1049.3695
142.2628	1308.7706	843.6612	2918.8079	1054.3408
142.4152	1299.8806	844.8129	2919.7002	1062.4189
142.5676	1275.5808	845.2292	2920.5786	1057.1559
142.7200	1281.3892	844.2237	2921.4827	1053.8528
142.8724	1271.3197	843.6985	2922.4060	1055.2235
143.0248	1267.4564	844.1038	2923.3247	1053.8953
143.1772	1271.0181	848.7822	2924.2346	1052.1055
143.3296	1268.0000	849.7112	2925.1526	1055.8921
143.4820	1269.2543	847.1136	2926.0330	1066.7590
143.6344	1274.7744	845.5152	2926.8333	1065.0574
143.7868	1272.3163	845.0468	2927.6086	1076.0115
143.9392	1253.8837	843.2918	2928.3430	1072.3368
144.0916	1270.2324	842.6409	2929.0647	1088.3759
144.2440	1281.0347	844.1523	2929.7817	1084.1727
144.3964	1280.4136	845.4147	2930.5068	1095.4296
144.5488	1305.4945	847.8132	2931.3020	1060.9766
144.7012	1302.2650	847.6772	2932.1533	1006.7853
144.8536	1309.9226	847.0471	2933.0354	981.0007
145.0060	1279.8888	850.6630	2933.8748	957.9341
145.1584	1272.1351	852.3768	2934.6672	925.7986
145.3108	1288.1860	849.0406	2935.4392	900.6260
145.4632	1278.2865	850.0874	2936.1831	924.8105
145.6156	1283.7114	851.5233	2936.9136	956.9829
145.7680	1279.2140	850.5074	2937.6572	999.2958
145.9204	1271.4697	847.9360	2938.3926	1027.7689
146.0728	1264.3203	846.2488	2939.1226	1033.3143
146.2252	1246.7817	846.2761	2939.8550	1016.8489
146.3776	1256.5426	846.9758	2940.5886	1000.1331
146.5300	1233.6484	846.0319	2941.3105	999.2439
146.6824	1239.2195	846.6633	2942.0320	1052.5812
146.8348	1261.5574	851.1152	2942.7510	1110.6166
146.9872	1251.5692	856.6974	2943.4692	1085.5458
147.1396	1256.5331	854.5643	2944.1965	1090.7704
147.2920	1223.2716	849.2281	2944.9177	1078.6514
147.4444	1172.2570	845.3652	2945.6414	1072.8059
147.5968	1152.0942	841.8754	2946.3708	1065.4520
147.7492	1206.8431	841.4340	2947.1033	1031.3628
147.9016	1177.8276	842.4752	2947.8357	1022.9008
148.0540	1171.5767	841.1469	2948.5420	1056.2296
148.2064	1181.2445	841.3509	2949.2092	1091.0353
148.3588	1141.5057	842.0597	2949.8657	1095.4233
148.5112	1174.0383	842.0647	2950.5312	1099.1261
148.6636	1186.5592	843.7195	2951.1887	1101.2909
148.8160	1204.3806	846.6508	2951.8579	1095.9436
148.9684	1203.1736	847.2247	2952.5408	1094.9248
149.1208	1200.5565	846.4296	2953.2437	1089.2195
149.2732	1207.2338	846.9680	2953.9707	1065.5343
149.4256	1204.0000	847.5197	2954.6919	1062.5708
149.5780	1198.9791	845.5319	2955.4102	1062.7534
149.7304	1197.5875	842.6107	2956.1260	1052.4318
149.8828	1196.4392	841.5809	2956.8350	1071.7761
150.0352	1159.6302	842.6096	2957.5286	1083.6466
150.1876	1130.0261	843.0438	2958.2300	1084.2657
150.3400	1151.3213	842.4672	2958.9231	1097.0640
150.4924	1211.5024	843.6096	2959.6113	1101.2540
150.6448	1201.3577	846.7808	2960.2961	1100.6583
150.7972	1206.8848	850.2585	2960.9695	1119.7399
150.9496	1213.4268	852.0587	2961.6450	1115.9604
151.1020	1216.5090	849.8960	2962.3381	1104.2251
151.2544	1225.0331	846.2286	2963.0232	1094.2916
151.4068	1203.7278	843.6337	2963.6995	1089.7788
151.5592	1212.5542	843.0768	2964.3638	1084.0524
151.7116	1202.3599	842.7144	2965.0122	1077.5270
151.8640	1211.3943	842.7706	2965.6536	1074.4679
152.0164	1206.1603	845.0336	2966.3074	1064.6206
152.1688	1200.6843	847.1625	2966.9783	1066.0590
152.3212	1217.2921	847.2199	2967.6492	1082.4849
152.4736	1229.5082	847.7887	2968.3169	1084.3450
152.6260	1230.2249	848.2393	2968.9834	1088.1011
152.7784	1223.2456	847.7237	2969.6514	1091.9028
152.9308	1227.0898	848.6406	2970.3250	1100.2198
153.0832	1222.8491	850.4549	2971.0056	1099.8268
153.2356	1235.0121	852.0918	2971.6692	1096.9509
153.3880	1244.9778	850.6176	2972.3237	1096.3286
153.5404	1228.7168	847.4307	2972.9746	1095.1946
153.6928	1252.4904	845.5152	2973.6243	1095.7834
153.8452	1260.6591	846.5737	2974.2786	1088.9628
153.9976	1244.5181	847.8205	2974.9326	1088.4468
154.1500	1234.0763	847.5148	2975.5908	1093.2327
154.3024	1232.6945	847.2092	2976.2573	1090.7712
154.4548	1221.9961	848.3952	2976.9321	1089.7292
154.6072	1208.0491	850.2236	2977.6089	1091.8052
154.7596	1199.7015	850.1176	2978.2839	1091.9731
154.9120	1212.5133	849.5062	2978.9619	1088.2095
155.0644	1218.0768	848.2006	2979.6299	1089.5342
155.2168	1229.3315	846.6201	2980.2842	1100.8502
155.3692	1232.5582	846.5464	2980.9385	1111.5818
155.5216	1229.0846	846.8978	2981.5811	1120.8457
155.6740	1237.4067	846.7344	2982.2180	1113.9487
155.8264	1210.3323	846.5914	2982.8640	1117.2976
155.9788	1214.8737	846.8611	2983.5139	1120.0653
156.1312	1219.8669	847.4886	2984.1680	1111.6793
156.2836	1223.4723	847.6488	2984.8223	1105.3470
156.4360	1234.0449	847.9413	2985.4795	1105.1635
156.5884	1213.7264	847.9642	2986.1501	1091.2561
156.7408	1235.1470	848.5363	2986.8438	1069.6525
156.8932	1288.9146	589.1506	2987.5566	1019.0999
157.0456	1343.9305	310.2450	2988.2861	938.7752
157.1980	1313.3345	439.2183	2989.0159	914.9289
157.3504	1235.1174	601.3378	2989.7332	1004.7220
157.5028	1224.4886	611.0071	2990.4292	1048.6414
157.6552	1217.4666	591.7546	2991.1211	1027.6210
157.8076	1204.9916	588.8916	2991.8174	1045.1791
157.9600	1200.9587	589.9257	2992.5139	1040.6505
158.1124	1188.8284	610.3059	2993.2100	1065.4664
158.2648	1198.4409	673.4043	2993.8892	1084.2046
158.4172	1213.4254	618.1058	2994.5535	1086.2194
158.5696	1234.2928	485.4734	2995.2029	1088.4119
158.7220	1244.0325	443.0677	2995.8555	1076.8645
158.8744	1214.6953	438.8419	2996.5139	1065.4131
159.0268	1196.4229	438.6699	2997.1821	1044.5305
159.1792	1202.3971	439.5043	2997.8794	979.5710
159.3316	1228.6479	437.9220	2998.5967	932.4986
159.4840	1241.7297	439.3816	2999.3228	911.9585
159.6364	1209.5659	441.0011	3000.0522	909.1756
159.7888	1170.4401	425.6431	3000.7820	922.1391
159.9412	1147.1617	381.2903	3001.5161	914.4908
160.0936	1137.4554	353.9844	3002.2495	920.8862
160.2460	1121.1287	353.5680	3002.9749	991.7240
160.3984	1116.7991	352.7299	3003.6868	1050.8037
160.5508	1125.1053	351.8755	3004.4006	1056.5553
160.7032	1148.2169	353.4321	3005.1038	1066.5763
160.8556	1188.3231	363.8026	3005.7827	1051.1418
161.0080	1215.5325	403.9274	3006.4666	1026.4781
161.1604	1216.2385	423.2419	3007.1729	999.5829
161.3128	1206.4712	411.6287	3007.8967	962.9734
161.4652	1198.4495	427.2349	3008.6262	972.3354
161.6176	1197.2861	446.0100	3009.3367	1029.2301
161.7700	1219.0969	448.7108	3010.0181	1088.1261
161.9224	1236.3076	437.5410	3010.6746	1107.9706
162.0748	1235.6818	390.2954	3011.3186	1114.1454
162.2272	1235.1647	311.6941	3011.9556	1127.6917
162.3796	1236.5850	269.6552	3012.6011	1119.4006
162.5320	1229.9478	264.2269	3013.2510	1132.9150
162.6844	1227.9523	263.5272	3013.8972	1130.2299
162.8368	1235.3380	293.3000	3014.5483	1124.9934
162.9892	1246.7449	337.9721	3015.1829	1136.8439
163.1416	1264.5684	385.8588	3015.8184	1133.0699
163.2940	1248.3530	424.3148	3016.4590	1137.9039
163.4464	1215.0920	459.7912	3017.1013	1129.4684
163.5988	1180.9482	470.3108	3017.7473	1127.8800
163.7512	1072.7808	438.7261	3018.3933	1123.8037
163.9036	905.3011	407.5680	3019.0393	1115.2991
164.0560	889.8553	405.2825	3019.6748	1108.9747
164.2084	946.4562	421.6472	3020.3193	1116.2742
164.3608	941.7794	460.2672	3020.9634	1115.6157
164.5132	1084.4366	485.4093	3021.6064	1130.3318
164.6656	1179.2510	502.1684	3022.2527	1135.8622
164.8180	1210.7793	515.2913	3022.8884	1120.8789
164.9704	1129.9648	519.6184	3023.5286	1126.2465
165.1228	1030.1868	520.1005	3024.1746	1122.0730
165.2752	907.3919	519.9888	3024.8206	1127.0934
165.4276	918.0836	516.2888	3025.4609	1106.6615
165.5800	991.9333	514.0020	3026.1038	1080.6637
165.7324	1013.2886	511.9289	3026.7498	1086.8164
165.8848	1044.4071	515.5774	3027.3848	1098.1179
166.0372	1142.2124	521.3284	3028.0249	1086.3080
166.1896	1191.2188	555.8445	3028.6704	1090.8782
166.3420	1220.2021	589.9006	3029.3157	1097.6615
166.4944	1199.7963	600.8325	3029.9612	1100.8239
166.6468	1195.8693	597.7526	3030.6067	1130.1104
166.7992	1159.2341	565.0593	3031.2532	1132.3318
166.9516	1142.9922	528.6521	3031.8882	1116.0463
167.1040	1150.0115	518.3638	3032.5237	1116.8795
167.2564	1166.7668	526.6483	3033.1616	1114.3368
167.4088	1179.3915	542.7762	3033.8103	1109.4923
167.5612	1197.5642	546.7836	3034.4587	1101.7131
167.7136	1198.2065	551.2805	3035.1042	1103.5668
167.8660	1220.2336	573.1536	3035.7383	1116.6283
168.0184	1225.8374	607.2130	3036.3787	1113.5696
168.1708	1220.2505	622.9343	3037.0300	1119.6456
168.3232	1221.0703	615.7954	3037.6785	1100.2943
168.4756	1182.5063	577.5213	3038.3245	1090.5928
168.6280	1176.8237	548.3645	3038.9705	1090.0405
168.7804	1210.6243	543.3032	3039.6162	1078.1907
168.9328	1228.6067	549.9580	3040.2559	1105.6436
169.0852	1232.4070	576.8331	3040.8931	1104.2135
169.2376	1218.8749	615.6752	3041.5308	1104.8141
169.3900	1200.9476	628.4476	3042.1687	1119.5837
169.5424	1186.0370	628.8024	3042.8127	1110.7850
169.6948	1179.1425	630.9799	3043.4590	1129.6301
169.8472	1184.4532	634.0359	3044.1050	1126.3776
169.9996	1202.8351	633.3627	3044.7388	1105.1266
170.1520	1210.4448	632.1042	3045.3799	1113.7461
170.3044	1212.4502	629.1982	3046.0254	1092.9178
170.4568	1224.6466	627.5272	3046.6711	1102.5198
170.6092	1212.1974	624.1610	3047.3164	1094.2885
170.7616	1227.9956	611.3905	3047.9626	1090.6262
170.9140	1226.4327	604.9185	3048.6003	1116.7629
171.0664	1234.0787	620.5473	3049.2332	1106.4387
171.2188	1252.0845	637.4353	3049.8755	1101.9332
171.3712	1247.3270	641.0724	3050.5212	1113.3418
171.5236	1226.0789	641.6772	3051.1731	1096.2755
171.6760	1246.9792	640.7667	3051.8152	1115.0948
171.8284	1234.1903	641.3017	3052.4656	1103.6838
171.9808	1220.2075	640.4538	3053.1138	1099.2194
172.1332	1221.7872	630.6143	3053.7468	1119.5741
172.2856	1212.3577	612.9862	3054.3887	1114.2483
172.4380	1225.0220	602.1020	3055.0347	1117.3627
172.5904	1232.2968	605.0516	3055.6741	1117.2921
172.7428	1197.6619	608.1911	3056.3176	1120.4490
172.8952	1194.7098	602.3407	3056.9546	1099.6758
173.0476	1162.9608	589.6093	3057.5869	1084.6370
173.2000	1163.8685	582.4126	3058.2295	1103.3928
173.3524	1195.8273	594.5522	3058.8752	1078.7712
173.5048	1207.9087	624.7712	3059.5217	1082.5610
173.6572	1223.1189	650.8034	3060.1675	1098.0430
173.8096	1205.7469	655.4498	3060.8201	1087.3475
173.9620	1218.1649	652.4313	3061.4475	1111.9215
174.1144	1214.2826	651.6624	3062.0879	1107.3551
174.2668	1163.4927	646.8149	3062.7341	1099.3772
174.4192	1153.3937	612.4916	3063.3801	1104.9471
174.5716	1172.4143	571.1696	3064.0266	1071.0939
174.7240	1179.4098	563.4553	3064.6726	1015.1172
174.8764	1180.0000	573.8936	3065.3052	986.0975
175.0288	1194.5558	589.1936	3065.9680	952.8559
175.1812	1182.5841	597.4198	3066.6521	935.3132
175.3336	1181.4425	603.0940	3067.3542	950.1980
175.4860	1199.1525	607.1011	3068.0444	991.3290
175.6384	1200.5417	615.7634	3068.7188	999.3748
175.7908	1205.7554	622.2863	3069.3831	1015.6786
175.9432	1194.6278	613.5112	3070.0183	1016.2863
176.0956	1189.5175	598.5650	3070.6614	1075.3833
176.2480	1185.6787	598.4148	3071.3071	1075.7277
176.4004	1194.1625	600.7092	3071.9458	1080.3612
176.5528	1212.7131	599.7921	3072.5901	1119.2183
176.7052	1194.2046	619.2159	3073.2363	1093.7983
176.8576	1220.2747	672.4821	3073.8782	1096.7423
177.0100	1209.9698	700.6100	3074.5061	1133.2871
177.1624	1220.5424	726.5325	3075.1487	1132.8124
177.3148	1222.1508	758.5598	3075.7952	1137.2925
177.4672	1239.8883	775.9865	3076.4412	1138.6139
177.6196	1207.9677	753.1526	3077.0874	1129.5540
177.7720	1182.2837	689.3210	3077.7239	1113.0691
177.9244	1125.6891	638.5142	3078.3706	1121.5864
178.0768	1098.0236	623.9631	3079.0027	1094.8623
178.2292	1065.5778	650.9290	3079.6462	1085.3964
178.3816	1038.4324	689.7130	3080.2922	1084.3219
178.5340	1055.0240	716.1729	3080.9377	1073.4425
178.6864	1092.0624	735.8330	3081.5759	1097.9138
178.8388	1141.6769	741.1627	3082.2205	1081.4520
178.9912	1176.1193	745.0602	3082.8511	1072.6516
179.1436	1196.7490	749.0338	3083.4946	1113.1991
179.2960	1167.1707	750.0422	3084.1404	1095.1849
179.4484	1156.7920	750.9238	3084.7939	1111.9586
179.6008	1137.3209	751.0272	3085.4409	1126.8247
179.7532	1172.4711	753.4746	3086.0869	1084.5881
179.9056	1256.6453	756.4980	3086.7256	1133.6989
180.0580	1229.1984	767.2148	3087.3633	1118.3899
180.2104	1240.3069	771.4197	3088.0007	1081.9847
180.3628	1227.5516	756.3401	3088.6462	1124.1379
180.5152	1208.7928	753.0286	3089.2927	1075.6234
180.6676	1210.6338	755.6249	3089.9385	1079.4205
180.8200	1163.6252	757.2924	3090.5688	1099.4734
180.9724	1154.4312	751.5792	3091.2153	1068.2050
181.1248	1188.8295	759.9670	3091.8586	1072.8981
181.2772	1222.3331	773.3884	3092.4958	1072.9565
181.4296	1243.4379	804.0012	3093.1484	1033.5709
181.5820	1238.5277	827.0737	3093.7949	1070.0114
181.7344	1233.3639	832.1426	3094.4412	1059.4103
181.8868	1241.3694	834.6764	3095.0872	1067.2494
182.0392	1242.0000	828.5933	3095.7336	1097.0986
182.1916	1256.9655	815.0273	3096.3638	1099.5386
182.3440	1245.8053	783.5273	3097.0012	1123.2385
182.4964	1212.0764	765.1643	3097.6462	1097.0460
182.6488	1237.3607	764.9963	3098.2927	1077.8545
182.8012	1229.5391	765.6248	3098.9382	1072.4371
182.9536	1212.8704	767.1036	3099.5681	1095.4617
183.1060	1247.2095	768.0518	3100.2131	1079.4645
183.2584	1238.5035	784.0925	3100.8672	1075.5341
183.4108	1236.0863	789.5263	3101.5144	1078.1088
183.5632	1264.7892	791.1993	3102.1602	1047.5280
183.7156	1231.3589	800.0596	3102.8059	1041.4474
183.8680	1277.2832	805.1108	3103.4521	1042.9747
184.0204	1263.5156	809.7062	3104.0896	1036.8442
184.1728	1249.4147	811.3325	3104.7268	1048.7120
184.3252	1261.6503	799.8102	3105.3718	1065.3395
184.4776	1243.4615	802.1669	3106.0178	1060.5861
184.6300	1239.0863	807.8998	3106.6553	1083.7609
184.7824	1230.1699	826.2667	3107.3005	1078.3456
184.9348	1224.0969	837.1132	3107.9465	1087.3251
185.0872	1213.1469	848.4126	3108.5762	1082.2133
185.2396	1209.0430	839.8190	3109.2217	1087.7689
185.3920	1218.9187	831.2590	3109.8677	1073.7256
185.5444	1215.0000	823.5696	3110.5166	1098.1395
185.6968	1243.0000	825.0936	3111.1526	1127.6460
185.8492	1231.0000	828.7512	3111.7966	1131.5565
186.0016	1258.7528	821.1985	3112.4189	1101.2535
186.1540	1252.1250	810.0550	3113.0491	1095.0480
186.3064	1249.0803	814.0065	3113.6875	1129.1917
186.4588	1259.6082	826.7603	3114.3262	1095.8511
186.6112	1240.8931	837.4189	3114.9644	1098.6602
186.7636	1243.7856	837.6068	3115.6030	1100.1964
186.9160	1234.6251	839.5906	3116.2488	1082.6089
187.0684	1241.4283	841.4221	3116.8638	1099.9166
187.2208	1243.8392	843.5149	3117.5085	1125.8586
187.3732	1249.4642	840.3555	3118.1389	1141.5991
187.5256	1231.9648	835.9059	3118.7834	1109.5928
187.6780	1238.0355	824.8434	3119.4153	1104.3735
187.8304	1239.0000	815.7566	3120.0457	1131.5209
187.9828	1231.1244	809.9295	3120.6814	1111.4691
188.1352	1240.3926	806.6043	3121.3076	1101.6281
188.2876	1253.1425	816.6459	3121.9448	1128.6608
188.4400	1236.3381	828.9886	3122.5759	1104.6859
188.5924	1280.8375	842.1402	3123.2129	1098.6664
188.7448	1256.7871	849.1046	3123.8445	1122.1095
188.8972	1265.6080	852.0903	3124.4814	1103.5723
189.0496	1280.3745	853.2685	3125.1057	1125.3562
189.2020	1276.5718	851.4807	3125.7412	1099.5630
189.3544	1251.1595	847.3683	3126.3796	1100.2158
189.5068	1244.2144	842.5980	3127.0112	1116.3708
189.6592	1253.3209	840.8426	3127.6543	1091.1868
189.8116	1236.0369	831.9793	3128.2881	1100.0493
189.9640	1222.4114	805.5369	3128.9175	1133.0363
190.1164	1152.5045	787.2229	3129.5347	1098.4091
190.2688	1077.3823	773.4760	3130.1667	1118.9596
190.4212	1075.1097	755.4172	3130.8052	1103.8676
190.5736	1207.5703	754.5218	3131.4436	1098.2445
190.7260	1193.8534	777.3284	3132.0825	1112.3602
190.8784	1192.2804	790.0750	3132.7212	1081.4730
191.0308	1212.4470	789.7476	3133.3630	1099.9253
191.1832	1212.1873	792.8041	3133.9939	1107.4043
191.3356	1243.2550	790.0627	3134.6223	1104.1830
191.4880	1244.9368	795.8686	3135.2520	1111.5631
191.6404	1245.2682	815.7054	3135.8931	1108.8613
191.7928	1258.7782	831.0273	3136.5288	1081.5037
191.9452	1238.9275	836.0229	3137.1643	1085.0884
192.0976	1219.2944	838.6083	3137.8027	1083.1859
192.2500	1187.8739	833.6277	3138.4309	1053.9233
192.4024	1116.1710	821.5206	3139.0732	975.5856
192.5548	1081.3928	789.2351	3139.7383	943.0910
192.7072	1059.4636	763.3659	3140.4199	935.3582
192.8596	1057.3766	756.6550	3141.1228	893.6846
193.0120	1074.7056	755.0195	3141.8452	849.3683
193.1644	1060.9995	753.5092	3142.5601	817.3449
193.3168	1062.3145	752.1701	3143.2832	770.6533
193.4692	1150.8407	753.8303	3144.0166	702.9307
193.6216	1210.9106	760.0815	3144.7512	605.2853
193.7740	1206.7854	763.9921	3145.4983	456.5275
193.9264	1232.4467	765.4182	3146.2485	319.6574
194.0788	1219.1604	787.4074	3175.1001	778.4659
194.2312	1187.0719	807.5813	3202.2346	1185.3159
194.3836	1164.5000	792.9372	3203.9143	1038.9487
194.5360	1123.2679	771.2584	3205.9392	793.0671
194.6884	1135.4819	761.5102	3207.8289	634.3580
194.8408	1191.9700	762.0757	3209.6877	839.3627
194.9932	1245.6782	781.9968	3211.3008	1144.7467
195.1456	1275.7321	810.4821	3212.7390	1126.9152
195.2980	1290.6080	835.3760	3214.4331	732.3874
195.4504	1308.0624	850.7921	3216.3948	316.8202
195.6028	1298.7147	850.9146	3225.8123	574.9828
195.7552	1296.1080	850.6478	3239.5950	1118.4961
195.9076	1300.1615	851.5023	3244.3542	1107.9109
196.0600	1283.6335	851.8535	3246.9680	966.8407
196.2124	1302.4646	851.4261	3250.3179	927.5801
196.3648	1306.7058	853.8345	3254.2734	1035.5138
196.5172	1297.6249	859.8026	3258.3452	997.4866
196.6696	1299.4374	863.6917	3262.8772	1072.1854
196.8220	1298.9282	861.5391	3267.4536	1120.6625
196.9744	1300.0808	857.1630	3271.1555	1078.4839
197.1268	1282.2150	854.8498	3274.9978	1014.0919
197.2792	1276.2656	853.3394	3278.4536	1154.4192
197.4316	1290.3572	853.3311	3280.9565	1216.6936
197.5840	1280.5635	853.6496	3283.5347	1062.4130
197.7364	1278.0835	853.5325	3286.4470	1056.2231
197.8888	1309.4026	854.0142	3288.2683	1097.9830
198.0412	1291.7150	854.4850	3289.8296	1098.7511
198.1936	1287.0889	854.1340	3291.4709	1026.0417
198.3460	1299.2506	854.5176	3293.4385	920.3538
198.4984	1296.5076	855.1218	3295.4702	920.7284
198.6508	1308.2500	855.8784	3297.4683	1037.5267
198.8032	1272.0076	856.7193	3299.4419	1048.5516
198.9556	1256.9657	856.6295	3301.4243	997.7385
199.1080	1277.7672	856.9615	3303.4277	949.0316
199.2604	1270.4287	855.5734	3305.4067	1017.7980
199.4128	1272.6162	852.2208	3307.3164	1047.7987
199.5652	1271.6597	852.7000	3309.0911	1056.4313
199.7176	1261.9382	854.6592	3310.8301	1043.8801
199.8700	1289.1805	854.8225	3312.7131	990.8877
200.0224	1328.3645	855.5736	3314.5833	911.4305
200.1748	1287.9474	855.5247	3316.1763	1100.6990
200.3272	1275.9473	856.0092	3317.6963	1082.8754
200.4796	1295.7139	860.2327	3319.2834	1083.1575
200.6320	1282.4019	860.3877	3320.9788	1061.6151
200.7844	1281.2493	857.5928	3322.9458	986.2001
200.9368	1258.8312	854.7300	3325.0679	933.4409
201.0892	1288.5359	855.3015	3326.8757	906.9309
201.2416	1290.8389	855.3940	3328.2659	902.4890
201.3940	1272.3396	853.6359	3329.6208	971.0175
201.5464	1281.5791	852.5500	3330.9233	1017.3335
201.6988	1233.0719	852.8522	3332.1475	1031.8387
201.8512	1259.8750	853.2114	3333.3435	1024.1287
202.0036	1257.6249	854.3544	3334.5713	1010.6733
202.1560	1253.0540	854.3680	3335.7988	980.8566
202.3084	1296.0355	854.6700	3337.0266	1020.3487
202.4608	1270.3751	854.9722	3338.2542	1041.0691
202.6132	1284.4618	855.3121	3339.4641	1032.1035
202.7656	1309.6338	857.7290	3340.6741	918.3960
202.9180	1269.0000	860.1456	3341.9009	854.9775
203.0704	1323.0000	858.3168	3343.1226	800.9415
203.2228	1297.0000	857.0976	3344.3601	850.7115
203.3752	1277.0000	853.4400	3345.5815	884.8395
203.5276	1324.0000	854.9640	3346.8035	879.5070
203.6800	1252.0000	855.5736	3348.0095	853.5555
203.8324	1302.0000	854.9640	3349.1975	1043.7480
203.9848	1259.0000	854.6592	3350.4021	1029.8835
204.1372	1240.0000	854.3544	3351.5901	1020.2850
204.2896	1286.0000	860.4504	3352.7939	1034.8606
204.4420	1278.0000	861.0600	3354.0149	1012.1085
204.5944	1253.0000	856.7928	3355.2029	977.9805
204.7468	1296.0000	854.6592	3356.3916	955.2285
204.8992	1252.0000	854.0496	3357.6145	969.8040
205.0516	1306.0000	852.5256	3358.7686	1009.2645
205.2040	1295.0000	853.4400	3359.8726	999.3105
205.3564	1280.0000	852.5256	3360.9094	1083.9196
205.5088	1316.0000	853.1352	3361.8960	1125.1576
205.6612	1281.0000	854.3544	3362.8994	1098.1395
205.8136	1298.0000	854.3544	3363.8870	1095.2955
205.9660	1286.0000	856.1832	3364.8911	1085.6970
206.1184	1299.0000	857.0976	3365.9456	1023.1290
206.2708	1289.0000	857.7072	3367.1670	939.2310
206.4232	1262.0000	857.4024	3368.3879	907.2360
206.5756	1285.0000	858.3168	3369.6096	917.9011
206.7280	1232.0000	858.9264	3370.8145	938.8755
206.8804	1295.0000	856.7928	3372.0195	937.0980
207.0328	1265.0000	854.6592	3373.2075	939.5865
207.1852	1253.0000	854.3544	3374.4121	953.8065
207.3376	1312.0000	855.5736	3375.6169	977.6251
207.4900	1269.0000	856.1832	3376.8049	1008.1981
207.6424	1270.0000	854.9640	3377.9929	1032.3721
207.7948	1290.0000	854.6592	3379.0974	1044.8146
207.9472	1196.0000	854.9640	3380.2185	1013.5305
208.0996	1169.0000	854.9640	3381.3059	1048.7251
208.2520	1165.0000	855.2688	3382.3264	1130.4900
208.4044	1094.0000	850.6968	3383.3140	1129.4236
208.5568	1111.0000	822.3504	3384.3181	1144.7101
208.7092	1131.0000	793.6992	3385.3049	1132.9785
208.8616	1191.0000	790.3464	3386.2920	1124.0911
209.0140	1167.0000	806.1960	3387.2959	1126.5796
209.1664	1180.0000	822.6552	3388.2825	1135.4670
209.3188	1187.0000	832.1040	3389.2695	1144.7101
209.4712	1255.0000	851.0016	3390.2566	1145.7765
209.6236	1240.0000	854.6592	3391.2605	1133.3340
209.7760	1273.0000	854.9640	3392.2561	1119.1140
209.9284	1303.0000	857.7072	3393.2515	1116.9811
210.0808	1264.0000	857.0976	3394.2549	1122.3136
210.2332	1297.0000	855.5736	3395.2585	1117.3365
210.3856	1317.0000	857.7072	3396.2620	1114.1371
210.5380	1315.0000	862.5840	3397.2666	1070.7660
210.6904	1309.0000	859.2312	3398.2705	1046.9475
210.8428	1312.0000	857.0976	3399.1899	1010.6865
210.9952	1309.0000	854.9640	3400.0930	987.2235
211.1476	1278.0000	854.6592	3400.9800	980.8245
211.3000	1306.0000	857.4024	3401.8669	999.6660
211.4524	1265.0000	856.4880	3402.7705	1012.4641
211.6048	1256.0000	855.5736	3403.6575	1014.9525
211.7572	1252.0000	856.4880	3404.5444	998.5995
211.9096	1245.0000	857.7072	3405.4485	926.4330
212.0620	1282.0000	858.6216	3406.3169	807.3405
212.2144	1258.0000	857.7072	3407.1782	680.0715
212.3668	1260.0000	855.5736	3408.0486	551.3805
212.5192	1303.0000	855.5736	3408.9187	395.6715
212.6716	1291.0000	855.8784	3409.8640	261.6480
212.8240	1277.0000	853.7448	3410.7844	38.3940
212.9764	1292.0000	853.7448	3411.7549	-13.1535
213.1288	1268.0000	853.1352	3412.7590	-14.2200
213.2812	1310.0000	853.7448	3413.7461	-14.9310
213.4336	1269.0000	856.1832	3653.9619	1036.9935
213.5860	1259.0000	855.2688	3657.0750	857.1105
213.7384	1311.0000	856.7928	3681.4021	717.0435
213.8908	1258.0000	856.7928	4052.2825	1046.5920
214.0432	1263.0000	852.8304	4055.0601	1126.2240
214.1956	1285.0000	854.3544	4057.9556	1003.2210
214.3480	1249.0000	858.6216	4060.7480	945.2745
214.5004	1257.0000	856.7928	4063.5415	942.4305
214.6528	1238.0000	856.1832	4067.8589	660.8745
214.8052	1212.0000	852.5256	4073.5640	897.6375
214.9576	1251.0000	851.9160	4076.6431	895.1490
215.1100	1237.0000	854.6592	4081.2266	594.0405
215.2624	1244.0000	853.1352	4086.8154	708.8670
215.4148	1272.0000	853.4400	4092.6880	564.5340
215.5672	1271.0000	855.5736	4140.1040	1071.1216
215.7196	1293.0000	861.9744	4143.7007	874.8856
215.8720	1279.0000	862.8888	4153.2539	654.8310
216.0244	1262.0000	857.7072	4163.7930	233.5635
216.1768	1258.0000	854.6592	4208.4292	1137.9556
216.3292	1269.0000	852.8304	4224.6738	618.2145
216.4816	1269.0000	852.5256	4292.1143	-14.5755
216.6340	1237.0000	852.2208	4293.7881	-14.5755
216.7864	1258.0000	852.5256	4295.4780	-12.7980
216.9388	1222.0000	852.5256	4297.1504	-12.7980
217.0912	1216.0000	852.5256	4297.1504	-12.7980
217.2436	1223.0000	852.5256	4297.1504	-12.7980
217.3960	1216.0000	852.5256	4297.1504	-12.7980
217.5484	1226.0000	853.4400	4297.1504	-12.7980
217.7008	1251.0000	854.0496	4297.1504	-12.7980
217.8532	1268.0000	854.6592	4297.1504	-12.7980
218.0056	1278.0000	858.9264	4297.1504	-12.7980
218.1580	1268.0000	860.7552	4297.1504	-12.7980
218.3104	1264.0000	858.0120	4297.1504	-12.7980
218.4628	1268.0000	854.9640	4297.1504	-12.7980
218.6152	1256.0000	854.0496	4297.1504	-12.7980
218.7676	1253.0000	855.5736	4297.1504	-12.7980
218.9200	1289.0000	856.1832	4297.1504	-12.7980
219.0724	1295.0000	856.4880	4297.1504	-12.7980
219.2248	1323.0000	857.0976	4297.1504	-12.7980
219.3772	1253.0000	856.4880	4297.1504	-12.7980
219.5296	1259.0000	858.6216	4297.1504	-12.7980
219.6820	1315.0000	861.0600	4297.1504	-12.7980
219.8344	1277.0000	859.2312	4297.1504	-12.7980
219.9868	1269.0000	856.4880	4297.1504	-12.7980
220.1392	1295.0000	855.2688	4297.1504	-12.7980
220.2916	1271.0000	854.6592	4297.1504	-12.7980
220.4440	1285.0000	853.4400	4297.1504	-12.7980
220.5964	1309.0000	853.4400	4297.1504	-12.7980
220.7488	1325.0000	853.7448	4297.1504	-12.7980
220.9012	1291.0000	857.4024	4297.1504	-12.7980
221.0536	1282.0000	855.5736	4297.1504	-12.7980
221.2060	1316.0000	858.3168	4297.1504	-12.7980
221.3584	1271.0000	857.4024	4297.1504	-12.7980
221.5108	1293.0000	856.7928	4297.1504	-12.7980
221.6632	1308.0000	857.7072	4297.1504	-12.7980
221.8156	1289.0000	859.8408	4297.1504	-12.7980
221.9680	1272.0000	860.1456	4297.1504	-12.7980
222.1204	1316.0000	860.7552	4297.1504	-12.7980
222.2728	1265.0000	859.2312	4297.1504	-12.7980
222.4252	1331.0000	857.4024	4297.1504	-12.7980
222.5776	1285.0000	858.6216	4297.1504	-12.7980
222.7300	1266.0000	857.7072	4297.1504	-12.7980
222.8824	1302.0000	857.0976	4297.1504	-12.7980
223.0348	1251.0000	856.7928	4297.1504	-12.7980
223.1872	1270.0000	856.4880	4297.1504	-12.7980
223.3396	1284.0000	861.0600	4297.1504	-12.7980
223.4920	1266.0000	864.4128	4297.1504	-12.7980
223.6444	1303.0000	859.2312	4297.1504	-12.7980
223.7968	1290.0000	858.0120	4297.1504	-12.7980
223.9492	1286.0000	854.9640	4297.1504	-12.7980
224.1016	1308.0000	857.7072	4297.1504	-12.7980
224.2540	1268.0000	855.8784	4297.1504	-12.7980
224.4064	1319.0000	853.4400	4297.1504	-12.7980
224.5588	1295.0000	854.6592	4297.1504	-12.7980
224.7112	1272.0000	854.6592	4297.1504	-12.7980
224.8636	1310.0000	858.3168	4297.1504	-12.7980
225.0160	1277.0000	858.9264	4297.1504	-12.7980
225.1684	1266.0000	856.1832	4297.1504	-12.7980
225.3208	1282.0000	856.4880	4297.1504	-12.7980
225.4732	1260.0000	857.4024	4297.1504	-12.7980
225.6256	1233.0000	858.0120	4297.1504	-12.7980
225.7780	1115.0000	855.2688	4297.1504	-12.7980
225.9304	1152.0000	829.3608	4297.1504	-12.7980
226.0828	1098.0000	808.6344	4297.1504	-12.7980
226.2352	1034.0000	793.6992	4297.1504	-12.7980
226.3876	1009.0000	762.9144	4297.1504	-12.7980
226.5400	958.0000	756.5136	4297.1504	-12.7980
226.6924	886.0000	749.1984	4297.1504	-12.7980
226.8448	786.0000	744.0168	4297.1504	-12.7980
226.9972	658.0000	741.5784	4297.1504	-12.7980
227.1496	512.0000	740.3592	4297.1504	-12.7980
227.3020	386.0000	727.2528	4297.1504	-12.7980
227.4544	1476.0000	50.5968	4297.1504	-12.7980
227.6068	1297.0000	305.1048	4297.1504	-12.7980
227.7592	1137.0000	244.1448	4297.1504	-12.7980
227.9116	777.0000	289.8648	4297.1504	-12.7980
228.0640	842.0000	296.2656	4297.1504	-12.7980
228.2164	1289.0000	297.4848	4297.1504	-12.7980
228.3688	1459.0000	377.0376	4297.1504	-12.7980
228.5212	1189.0000	374.2944	4297.1504	-12.7980
228.6736	535.0000	264.5664	4297.1504	-12.7980
228.8260	331.0000	276.7584	4297.1504	-12.7980
228.9784	1344.0000	53.0352	4297.1504	-12.7980
229.1308	1336.0000	95.4024	4297.1504	-12.7980
229.2832	1269.0000	229.2096	4297.1504	-12.7980
229.4356	1041.0000	165.5064	4297.1504	-12.7980
229.5880	1295.0000	138.0744	4297.1504	-12.7980
229.7404	1163.0000	135.3312	4297.1504	-12.7980
229.8928	1280.0000	136.8552	4297.1504	-12.7980
230.0452	1318.0000	137.4648	4297.1504	-12.7980
230.1976	1354.0000	157.2768	4297.1504	-12.7980
230.3500	1177.0000	135.6360	4297.1504	-12.7980
230.5024	1295.0000	141.1224	4297.1504	-12.7980
230.6548	1510.0000	235.0008	4297.1504	-12.7980
230.8072	1268.0000	242.9256	4297.1504	-12.7980
230.9596	1239.0000	142.9512	4297.1504	-12.7980
231.1120	1276.0000	280.4160	4297.1504	-12.7980
231.2644	1319.0000	343.8144	4297.1504	-12.7980
231.4168	1239.0000	355.0920	4297.1504	-12.7980
231.5692	1109.0000	274.0152	4297.1504	-12.7980
231.7216	1072.0000	266.0904	4297.1504	-12.7980
231.8740	1255.0000	273.1008	4297.1504	-12.7980
232.0264	1292.0000	274.9296	4297.1504	-12.7980
232.1788	1238.0000	274.6248	4297.1504	-12.7980
232.3312	1132.0000	269.4432	4297.1504	-12.7980
232.4836	1222.0000	274.9296	4297.1504	-12.7980
232.6360	1257.0000	277.0632	4297.1504	-12.7980
232.7884	1285.0000	299.6184	4297.1504	-12.7980
232.9408	1259.0000	323.3928	4297.1504	-12.7980
233.0932	1220.0000	287.7312	4297.1504	-12.7980
233.2456	1061.0000	273.1008	4297.1504	-12.7980
233.3980	1329.0000	332.8416	4297.1504	-12.7980
233.5504	1302.0000	365.4552	4297.1504	-12.7980
233.7028	1293.0000	343.5096	4297.1504	-12.7980
233.8552	1291.0000	333.1464	4297.1504	-12.7980
234.0076	1237.0000	282.2448	4297.1504	-12.7980
234.1600	1139.0000	251.1552	4297.1504	-12.7980
234.3124	1133.0000	282.5496	4297.1504	-12.7980
234.4648	1111.0000	385.8768	4297.1504	-12.7980
234.6172	1172.0000	401.1168	4297.1504	-12.7980
234.7696	1209.0000	406.2984	4297.1504	-12.7980
234.9220	1243.0000	426.4152	4297.1504	-12.7980
235.0744	1242.0000	455.3712	4297.1504	-12.7980
235.2268	1211.0000	445.3128	4297.1504	-12.7980
235.3792	1185.0000	441.0456	4297.1504	-12.7980
235.5316	1237.0000	442.2648	4297.1504	-12.7980
235.6840	1258.0000	442.8744	4297.1504	-12.7980
235.8364	1252.0000	443.7888	4297.1504	-12.7980
235.9888	1141.0000	446.8368	4297.1504	-12.7980
236.1412	1056.0000	446.5320	4297.1504	-12.7980
236.2936	993.0000	446.5320	4297.1504	-12.7980
236.4460	1047.0000	446.2272	4297.1504	-12.7980
236.5984	1080.0000	448.0560	4297.1504	-12.7980
236.7508	1074.0000	448.6656	4297.1504	-12.7980
236.9032	1061.0000	448.9704	4297.1504	-12.7980
237.0556	1244.0000	455.0664	4297.1504	-12.7980
237.2080	1237.0000	462.3816	4297.1504	-12.7980
237.3604	1216.0000	457.5048	4297.1504	-12.7980
237.5128	1247.0000	456.5904	4297.1504	-12.7980
237.6652	1242.0000	456.5904	4297.1504	-12.7980
237.8176	1197.0000	456.5904	4297.1504	-12.7980
237.9700	1166.0000	456.5904	4297.1504	-12.7980
238.1224	1186.0000	456.2856	4297.1504	-12.7980
238.2748	1218.0000	460.2480	4297.1504	-12.7980
238.4272	1204.0000	486.7656	4297.1504	-12.7980
238.5796	1276.0000	515.7216	4297.1504	-12.7980
238.7320	1341.0000	550.1640	4297.1504	-12.7980
238.8844	1340.0000	550.7736	4297.1504	-12.7980
239.0368	1317.0000	548.3352	4297.1504	-12.7980
239.1892	1310.0000	548.0304	4297.1504	-12.7980
239.3416	1231.0000	544.6776	4297.1504	-12.7980
239.4940	1154.0000	475.7928	4297.1504	-12.7980
239.6464	1113.0000	446.5320	4297.1504	-12.7980
239.7988	1137.0000	447.7512	4297.1504	-12.7980
239.9512	1147.0000	455.6760	4297.1504	-12.7980
240.1036	1153.0000	456.8952	4297.1504	-12.7980
240.2560	1141.0000	454.4568	4297.1504	-12.7980
240.4084	1166.0000	455.6760	4297.1504	-12.7980
240.5608	1199.0000	455.3712	4297.1504	-12.7980
240.7132	1247.0000	456.2856	4297.1504	-12.7980
240.8656	1257.0000	461.4672	4297.1504	-12.7980
241.0180	1266.0000	482.8032	4297.1504	-12.7980
241.1704	1216.0000	492.5568	4297.1504	-12.7980
241.3228	1282.0000	490.4232	4297.1504	-12.7980
241.4752	1338.0000	522.1224	4297.1504	-12.7980
241.6276	1342.0000	549.2496	4297.1504	-12.7980
241.7800	1362.0000	551.9928	4297.1504	-12.7980
241.9324	1341.0000	548.9448	4297.1504	-12.7980
242.0848	1344.0000	549.8592	4297.1504	-12.7980
242.2372	1330.0000	553.5168	4297.1504	-12.7980
242.3896	1334.0000	558.0888	4297.1504	-12.7980
242.5420	1367.0000	555.0408	4297.1504	-12.7980
242.6944	1368.0000	553.2120	4297.1504	-12.7980
242.8468	1362.0000	549.5544	4297.1504	-12.7980
242.9992	1353.0000	550.7736	4297.1504	-12.7980
243.1516	1337.0000	550.7736	4297.1504	-12.7980
243.3040	1367.0000	548.6400	4297.1504	-12.7980
243.4564	1363.0000	545.5920	4297.1504	-12.7980
243.6088	1345.0000	546.8112	4297.1504	-12.7980
243.7612	1288.0000	546.8112	4297.1504	-12.7980
243.9136	1251.0000	546.5064	4297.1504	-12.7980
244.0660	1222.0000	559.3080	4297.1504	-12.7980
244.2184	1209.0000	605.9424	4297.1504	-12.7980
244.3708	1207.0000	611.7336	4297.1504	-12.7980
244.5232	1218.0000	614.7816	4297.1504	-12.7980
244.6756	1249.0000	616.6104	4297.1504	-12.7980
244.8280	1236.0000	616.0008	4297.1504	-12.7980
244.9804	1213.0000	615.0864	4297.1504	-12.7980
245.1328	1145.0000	612.3432	4297.1504	-12.7980
245.2852	1014.0000	615.3912	4297.1504	-12.7980
245.4376	823.0000	629.4120	4297.1504	-12.7980
245.5900	697.0000	633.3744	4297.1504	-12.7980
245.7424	550.0000	632.7648	4297.1504	-12.7980
245.8948	409.0000	622.0968	4297.1504	-12.7980
246.0472	173.0000	588.2640	4297.1504	-12.7980
246.1996	114.0000	567.5376	4297.1504	-12.7980
246.3520	110.0000	559.9176	4297.1504	-12.7980
246.5044	107.0000	551.0784	4297.1504	-12.7980
246.6568	1232.0000	162.7632	4297.1504	-12.7980
246.8092	1068.0000	174.0408	4297.1504	-12.7980
246.9616	924.0000	80.1624	4297.1504	-12.7980
247.1140	1233.0000	196.2912	4297.1504	-12.7980
247.2664	1305.0000	198.7296	4297.1504	-12.7980
247.4188	1174.0000	189.8904	4297.1504	-12.7980
247.5712	1109.0000	195.0720	4297.1504	-12.7980
247.7236	1089.0000	196.2912	4297.1504	-12.7980
247.8760	810.0000	89.3064	4297.1504	-12.7980
248.0284	1107.0000	97.2312	4297.1504	-12.7980
248.1808	1063.0000	194.4624	4297.1504	-12.7980
248.3332	736.0000	90.2208	4297.1504	-12.7980
248.4856	936.0000	97.8408	4297.1504	-12.7980
248.6380	757.0000	92.0496	4297.1504	-12.7980
248.7904	1291.0000	81.6864	4297.1504	-12.7980
248.9428	1059.0000	152.0952	4297.1504	-12.7980
249.0952	883.0000	64.0080	4297.1504	-12.7980
249.2476	394.0000	21.9456	4297.1504	-12.7980
249.4000	1338.0000	131.3688	4297.1504	-12.7980
249.5524	818.0000	43.8912	4297.1504	-12.7980
249.7048	127.0000	321.2592	4297.1504	-12.7980
249.8572	142.0000	324.9168	4297.1504	-12.7980
