HOLE:	U1508C
EXPEDITION:	371
TOP:	583.3574
BOTTOM:	690.3421
DEPTH_WMSF	DTCO	DT1	DT2	VELP	VS1	VS2
m	us/ft	us/ft	us/ft	km/s	km/s	km/s
583.3574	129.0648	329.4892	346.1978	2.3616	0.9251	0.8804
583.5098	129.1472	329.3351	345.7191	2.3601	0.9255	0.8816
583.6622	129.2457	328.7314	344.5227	2.3583	0.9272	0.8847
583.8146	128.7637	328.3917	344.5777	2.3671	0.9282	0.8846
583.9670	128.6046	328.5687	344.5486	2.3701	0.9277	0.8846
584.1194	129.1121	328.3828	344.4831	2.3607	0.9282	0.8848
584.2718	129.1386	327.9369	344.668	2.3603	0.9294	0.8843
584.4242	127.9175	324.0078	337.1162	2.3828	0.9407	0.9041
584.5766	125.9411	310.3949	319.8832	2.4202	0.9820	0.9528
584.7290	125.6167	309.5622	317.8895	2.4264	0.9846	0.9588
584.8814	125.7527	316.2704	325.0661	2.4238	0.9637	0.9377
585.0338	126.0269	316.9701	326.8927	2.4185	0.9616	0.9324
585.1862	127.0366	319.3936	326.9368	2.3993	0.9543	0.9323
585.3386	129.0294	318.5404	327.7925	2.3623	0.9569	0.9299
585.4910	129.2265	319.8996	329.7889	2.3586	0.9528	0.9242
585.6434	129.3056	332.2921	340.942	2.3572	0.9173	0.8940
585.7958	129.9485	337.6655	350.1513	2.3455	0.9027	0.8705
585.9482	130.518	338.9067	348.3714	2.3353	0.8994	0.8749
586.1006	130.4073	339.4565	346.7306	2.3373	0.8979	0.8791
586.2530	129.9956	332.247	346.6767	2.3447	0.9174	0.8792
586.4054	128.9471	325.95	342.8044	2.3638	0.9351	0.8891
586.5578	127.7583	328.3575	336.3792	2.3858	0.9283	0.9061
586.7102	128.7251	327.6649	335.6927	2.3678	0.9302	0.9080
586.8626	129.5529	327.0628	335.7488	2.3527	0.9319	0.9078
587.0150	129.1516	324.9354	335.6951	2.3600	0.9380	0.9080
587.1674	128.453	326.313	335.2007	2.3729	0.9341	0.9093
587.3198	127.5086	319.6265	329.0516	2.3904	0.9536	0.9263
587.4722	126.2305	309.6001	313.314	2.4146	0.9845	0.9728
587.6246	126.1302	299.7144	309.9095	2.4166	1.0170	0.9835
587.7770	127.325	314.2771	319.2817	2.3939	0.9698	0.9546
587.9294	127.3525	314.9866	321.7002	2.3934	0.9677	0.9475
588.0818	127.5122	314.9788	321.7931	2.3904	0.9677	0.9472
588.2342	128.3106	314.6016	321.7596	2.3755	0.9688	0.9473
588.3866	129.3943	314.3978	321.726	2.3556	0.9695	0.9474
588.5390	129.6776	314.4261	321.7904	2.3504	0.9694	0.9472
588.6914	129.4841	314.1034	321.9616	2.3540	0.9704	0.9467
588.8438	130.0651	315.3359	326.7558	2.3434	0.9666	0.9328
588.9962	131.2456	322.4525	342.4894	2.3224	0.9453	0.8900
589.1486	130.1964	326.2662	347.0791	2.3411	0.9342	0.8782
589.3010	129.24	328.2196	340.1429	2.3584	0.9286	0.8961
589.4534	129.4907	329.6205	337.358	2.3538	0.9247	0.9035
589.6058	129.5663	330.9292	337.2784	2.3525	0.9210	0.9037
589.7582	129.0993	329.6691	336.7548	2.3610	0.9246	0.9051
589.9106	128.242	327.8955	334.4716	2.3768	0.9296	0.9113
590.0630	127.8669	327.0482	332.5215	2.3837	0.9320	0.9166
590.2154	128.3906	327.0135	331.8743	2.3740	0.9321	0.9184
590.3678	128.6759	325.7609	331.5811	2.3687	0.9357	0.9192
590.5202	129.276	326.6221	331.9046	2.3577	0.9332	0.9183
590.6726	130.5939	317.4252	334.3549	2.3340	0.9602	0.9116
590.8250	129.7926	317.2792	334.682	2.3484	0.9607	0.9107
590.9774	129.1879	314.9396	321.5679	2.3594	0.9678	0.9479
591.1298	128.3041	315.078	321.9066	2.3756	0.9674	0.9469
591.2822	128.1491	314.6307	321.9523	2.3785	0.9688	0.9467
591.4346	128.2059	314.8685	321.8666	2.3774	0.9680	0.9470
591.5870	128.3637	316.1393	321.792	2.3745	0.9641	0.9472
591.7394	129.3506	311.9483	320.3447	2.3564	0.9771	0.9515
591.8918	131.2369	313.8734	327.989	2.3225	0.9711	0.9293
592.0442	133.3151	323.3761	333.063	2.2863	0.9426	0.9151
592.1966	133.5879	323.2044	333.021	2.2816	0.9431	0.9153
592.3490	134.2709	325.378	334.9907	2.2700	0.9368	0.9099
592.5014	135.8975	341.7582	353.3947	2.2429	0.8919	0.8625
592.6538	139.1377	363.0742	381.6555	2.1906	0.8395	0.7986
592.8062	137.0208	370.4193	383.5948	2.2245	0.8229	0.7946
592.9586	135.8511	370.7263	383.6248	2.2436	0.8222	0.7945
593.1110	135.2744	370.1253	383.6507	2.2532	0.8235	0.7945
593.2634	135.4326	370.0214	383.6382	2.2506	0.8237	0.7945
593.4158	135.883	371.9252	383.5539	2.2431	0.8195	0.7947
593.5682	135.4919	357.7211	372.6614	2.2496	0.8521	0.8179
593.7206	137.0451	351.2875	358.5849	2.2241	0.8677	0.8500
593.8730	139.1729	350.9582	356.6133	2.1901	0.8685	0.8547
594.0254	141.1	352.7751	356.5235	2.1602	0.8640	0.8549
594.1778	141.6074	352.7344	356.2634	2.1524	0.8641	0.8555
594.3302	141.8667	346.9836	362.5784	2.1485	0.8784	0.8406
594.4826	138.3502	347.1697	362.3185	2.2031	0.8780	0.8412
594.6350	134.558	349.0919	359.5695	2.2652	0.8731	0.8477
594.7874	134.3089	350.1248	358.9459	2.2694	0.8705	0.8492
594.9398	135.0187	349.4088	358.6659	2.2575	0.8723	0.8498
595.0922	135.5031	349.2497	358.5406	2.2494	0.8727	0.8501
595.2446	135.9217	347.5138	357.7781	2.2425	0.8771	0.8519
595.3970	134.6629	333.4594	352.4904	2.2634	0.9141	0.8647
595.5494	132.2604	321.1447	338.0975	2.3045	0.9491	0.9015
595.7018	129.408	306.2546	323.1396	2.3553	0.9953	0.9432
595.8542	129.355	300.7483	317.8477	2.3563	1.0135	0.9589
596.0066	129.3008	300.6714	318.1379	2.3573	1.0137	0.9581
596.1590	128.1353	298.2405	308.3898	2.3787	1.0220	0.9884
596.3114	130.1852	314.8356	321.3429	2.3413	0.9681	0.9485
596.4638	132.6191	328.9817	340.0196	2.2983	0.9265	0.8964
596.6162	133.4122	332.1108	346.0097	2.2846	0.9178	0.8809
596.7686	133.3359	331.2905	345.5952	2.2860	0.9200	0.8820
596.9210	133.0916	330.6015	345.1732	2.2902	0.9220	0.8830
597.0734	132.8173	340.57	346.9608	2.2949	0.8950	0.8785
597.2258	132.6164	339.2337	355.304	2.2984	0.8985	0.8579
597.3782	132.9203	341.239	359.1303	2.2931	0.8932	0.8487
597.5306	132.118	346.3861	355.478	2.3070	0.8799	0.8574
597.6830	131.5424	343.7388	347.5699	2.3171	0.8867	0.8769
597.8354	132.1577	343.0075	347.5109	2.3063	0.8886	0.8771
597.9878	132.3604	347.2201	351.9669	2.3028	0.8778	0.8660
598.1402	132.639	349.9536	352.6067	2.2980	0.8710	0.8644
598.2926	132.9457	349.6207	352.6702	2.2927	0.8718	0.8643
598.4450	133.1096	349.317	352.6913	2.2898	0.8726	0.8642
598.5974	132.7658	344.0721	352.7836	2.2958	0.8859	0.8640
598.7498	132.0127	335.113	353.4914	2.3089	0.9095	0.8623
598.9022	131.3033	325.1837	348.0761	2.3213	0.9373	0.8757
599.0546	130.3031	320.886	336.88	2.3392	0.9499	0.9048
599.2070	129.3129	324.8885	331.9323	2.3571	0.9382	0.9183
599.3594	127.8235	320.7205	331.4409	2.3845	0.9504	0.9196
599.5118	126.9246	315.6486	328.2799	2.4014	0.9656	0.9285
599.6642	127.2957	308.2035	334.1164	2.3944	0.9890	0.9123
599.8166	128.6066	314.9947	354.9201	2.3700	0.9676	0.8588
599.9690	130.3115	349.165	362.1899	2.3390	0.8729	0.8415
600.1214	132.2619	349.6795	361.9659	2.3045	0.8717	0.8421
600.2738	134.4145	349.0194	361.1187	2.2676	0.8733	0.8440
600.4262	135.1917	351.9496	359.9794	2.2546	0.8660	0.8467
600.5786	134.052	363.0937	372.0259	2.2737	0.8395	0.8193
600.7310	131.7118	372.2681	389.4244	2.3141	0.8188	0.7827
600.8834	130.6499	362.3384	360.2302	2.3330	0.8412	0.8461
601.0358	129.5167	356.6809	350.5946	2.3534	0.8545	0.8694
601.1882	128.8053	355.7078	350.5656	2.3664	0.8569	0.8695
601.3406	128.0326	353.8084	350.9506	2.3806	0.8615	0.8685
601.4930	129.2655	352.7551	353.0699	2.3579	0.8641	0.8633
601.6454	131.2913	342.716	363.8304	2.3216	0.8894	0.8378
601.7978	131.4521	339.5259	370.98	2.3187	0.8977	0.8216
601.9502	130.5816	340.4261	349.2267	2.3342	0.8953	0.8728
602.1026	130.5831	342.4329	349.0696	2.3341	0.8901	0.8732
602.2550	130.6755	342.1742	347.9438	2.3325	0.8908	0.8760
602.4074	130.3861	346.4701	345.2659	2.3377	0.8797	0.8828
602.5598	128.3966	343.2527	342.3615	2.3739	0.8880	0.8903
602.7122	127.8723	343.8882	342.0965	2.3836	0.8863	0.8910
602.8646	128.3386	349.355	338.1026	2.3750	0.8725	0.9015
603.0170	129.9239	337.3379	348.0038	2.3460	0.9035	0.8759
603.1694	132.0129	344.2539	357.1832	2.3089	0.8854	0.8533
603.3218	131.2981	351.6133	356.6313	2.3214	0.8669	0.8547
603.4742	128.8526	351.6525	356.5797	2.3655	0.8668	0.8548
603.6266	130.6849	351.541	356.4269	2.3323	0.8670	0.8552
603.7790	132.1396	342.5079	355.5099	2.3067	0.8899	0.8574
603.9314	130.6114	345.7594	356.1191	2.3336	0.8815	0.8559
604.0838	130.0854	332.0383	361.5447	2.3431	0.9180	0.8430
604.2362	128.3923	322.9421	341.7153	2.3740	0.9438	0.8920
604.3886	127.4767	336.7672	345.0613	2.3910	0.9051	0.8833
604.5410	128.0061	335.2252	345.9263	2.3811	0.9092	0.8811
604.6934	128.5817	337.1631	345.4921	2.3705	0.9040	0.8822
604.8458	131.555	339.0905	345.6277	2.3169	0.8989	0.8819
604.9982	131.8996	331.3622	349.8508	2.3108	0.9198	0.8712
605.1506	133.1146	346.364	360.653	2.2898	0.8800	0.8451
605.3030	132.1675	365.5981	375.9167	2.3062	0.8337	0.8108
605.4554	140.3257	366.3607	377.8501	2.1721	0.8320	0.8067
605.6078	140.7333	362.6975	378.2361	2.1658	0.8404	0.8058
605.7602	139.6499	365.8851	379.8761	2.1826	0.8330	0.8024
605.9126	140.8921	372.2608	390.5065	2.1634	0.8188	0.7805
606.0650	140.4001	352.1742	385.5559	2.1709	0.8655	0.7905
606.2174	138.9367	370.2883	381.4291	2.1938	0.8231	0.7991
606.3698	137.3561	384.8417	384.454	2.2190	0.7920	0.7928
606.5222	137.6566	379.2164	385.1449	2.2142	0.8038	0.7914
606.6746	138.1251	378.111	387.8036	2.2067	0.8061	0.7860
606.8270	138.4468	384.5254	387.9389	2.2016	0.7927	0.7857
606.9794	138.7298	389.3842	369.2466	2.1971	0.7828	0.8255
607.1318	137.8583	370.3834	379.0675	2.2110	0.8229	0.8041
607.2842	138.0867	373.8648	383.1369	2.2073	0.8153	0.7955
607.4366	138.1799	367.9777	382.2723	2.2058	0.8283	0.7973
607.5890	138.1476	372.0875	380.6159	2.2063	0.8192	0.8008
607.7414	137.3925	375.5719	379.8486	2.2185	0.8116	0.8024
607.8938	136.4498	367.6342	374.7451	2.2338	0.8291	0.8134
608.0462	134.9217	356.0708	366.2101	2.2591	0.8560	0.8323
608.1986	133.9402	364.2073	363.4647	2.2756	0.8369	0.8386
608.3510	134.0776	366.19	363.1761	2.2733	0.8324	0.8393
608.5034	131.2664	352.4689	340.4555	2.3220	0.8648	0.8953
608.6558	130.9529	318.3739	325.5181	2.3276	0.9574	0.9364
608.8082	129.0797	318.1632	328.6706	2.3613	0.9580	0.9274
608.9606	128.0264	321.3034	329.4614	2.3808	0.9486	0.9251
609.1130	129.7469	316.4197	328.5055	2.3492	0.9633	0.9278
609.2654	130.6608	317.8127	328.7994	2.3328	0.9591	0.9270
609.4178	131.8465	316.4964	328.7046	2.3118	0.9630	0.9273
609.5702	133.7881	315.8019	327.9172	2.2782	0.9652	0.9295
609.7226	134.2139	316.5028	327.0966	2.2710	0.9630	0.9318
609.8750	133.2771	315.3321	326.7507	2.2870	0.9666	0.9328
610.0274	133.0007	309.0809	323.7961	2.2917	0.9861	0.9413
610.1798	132.4716	304.4204	321.9772	2.3009	1.0012	0.9467
610.3322	133.4586	318.1536	337.5613	2.2839	0.9580	0.9029
610.4846	134.8743	341.0222	352.6405	2.2599	0.8938	0.8643
610.6370	135.0365	349.2969	352.9147	2.2572	0.8726	0.8637
610.7894	135.6159	346.4757	352.3404	2.2475	0.8797	0.8651
610.9418	135.9327	345.9638	351.1142	2.2423	0.8810	0.8681
611.0942	135.3178	346.2747	349.4565	2.2525	0.8802	0.8722
611.2466	133.0571	346.0173	349.1184	2.2907	0.8809	0.8731
611.3990	131.5344	353.88	357.4097	2.3173	0.8613	0.8528
611.5514	131.8365	357.6206	355.4028	2.3120	0.8523	0.8576
611.7038	130.4102	349.5551	341.8417	2.3372	0.8720	0.8916
611.8562	127.1317	351.1067	347.7975	2.3975	0.8681	0.8764
612.0086	125.2127	350.3552	344.6709	2.4343	0.8700	0.8843
612.1610	124.1312	348.1945	342.5393	2.4555	0.8754	0.8898
612.3134	123.1344	345.6313	336.4777	2.4753	0.8819	0.9059
612.4658	121.943	342.8979	332.3322	2.4995	0.8889	0.9172
612.6182	120.9226	341.123	334.1557	2.5206	0.8935	0.9121
612.7706	121.4988	341.6886	335.6801	2.5087	0.8920	0.9080
612.9230	120.2572	338.7969	335.5671	2.5346	0.8997	0.9083
613.0754	120.5876	322.6083	328.037	2.5276	0.9448	0.9292
613.2278	121.1286	307.3701	318.2604	2.5163	0.9916	0.9577
613.3802	122.173	316.9557	314.1625	2.4948	0.9616	0.9702
613.5326	122.2834	313.3495	315.5863	2.4926	0.9727	0.9658
613.6850	121.5921	316.4282	320.4736	2.5067	0.9633	0.9511
613.8374	122.8999	320.7816	328.498	2.4801	0.9502	0.9279
613.9898	122.7307	330.9346	329.6888	2.4835	0.9210	0.9245
614.1422	123.6635	335.0663	327.0128	2.4648	0.9097	0.9321
614.2946	125.5939	335.2686	322.0197	2.4269	0.9091	0.9465
614.4470	129.8661	332.2047	326.4551	2.3470	0.9175	0.9337
614.5994	131.2389	332.6606	324.3354	2.3225	0.9162	0.9398
614.7518	132.157	344.7452	343.5142	2.3063	0.8841	0.8873
614.9042	134.2656	350.9726	352.5091	2.2701	0.8684	0.8647
615.0566	137.8652	349.1888	365.0783	2.2109	0.8729	0.8349
615.2090	134.2696	352.3648	365.7674	2.2701	0.8650	0.8333
615.3614	134.4256	359.5305	359.4258	2.2674	0.8478	0.8480
615.5138	133.9874	356.1232	354.7706	2.2748	0.8559	0.8591
615.6662	132.5929	375.6162	355.2438	2.2988	0.8115	0.8580
615.8186	130.9117	359.7749	352.9672	2.3283	0.8472	0.8635
615.9710	132.0543	359.1985	345.1212	2.3081	0.8486	0.8832
616.1234	132.2483	372.2852	345.0381	2.3048	0.8187	0.8834
616.2758	130.4664	361.0642	355.9041	2.3362	0.8442	0.8564
616.4282	131.1402	363.8022	344.0699	2.3242	0.8378	0.8859
616.5806	126.8687	318.0988	346.3549	2.4025	0.9582	0.8800
616.7330	123.5612	328.3496	335.0807	2.4668	0.9283	0.9096
616.8854	122.9505	340.147	338.1645	2.4790	0.8961	0.9013
617.0378	123.3686	341.2849	338.7845	2.4706	0.8931	0.8997
617.1902	122.6417	341.0906	338.6668	2.4853	0.8936	0.9000
617.3426	122.4374	340.5635	338.1021	2.4894	0.8950	0.9015
617.4950	124.5996	336.8022	338.1637	2.4462	0.9050	0.9013
617.6474	123.3366	334.3712	329.4368	2.4713	0.9116	0.9252
617.7998	119.5902	332.7815	306.6311	2.5487	0.9159	0.9940
617.9522	118.5096	321.8799	305.7194	2.5719	0.9469	0.9970
618.1046	121.9847	336.7298	305.8589	2.4987	0.9052	0.9965
618.2570	123.0401	339.7936	306.0292	2.4772	0.8970	0.9960
618.4094	122.3441	341.1102	306.813	2.4913	0.8936	0.9934
618.5618	127.4967	342.1077	307.056	2.3907	0.8909	0.9927
618.7142	128.3037	342.7986	308.5792	2.3756	0.8892	0.9878
618.8666	130.7084	362.0045	353.1389	2.3319	0.8420	0.8631
619.0190	132.4332	384.8256	362.7298	2.3015	0.7920	0.8403
619.1714	131.8192	392.0164	362.3583	2.3123	0.7775	0.8412
619.3238	132.2621	398.1941	362.187	2.3045	0.7655	0.8416
619.4762	132.6516	399.3338	362.569	2.2977	0.7633	0.8407
619.6286	130.7009	384.1162	362.0858	2.3320	0.7935	0.8418
619.7810	125.1441	374.5367	297.8964	2.4356	0.8138	1.0232
619.9334	118.8046	319.7313	276.5048	2.5656	0.9533	1.1023
620.0858	115.768	311.4313	276.3859	2.6329	0.9787	1.1028
620.2382	115.1734	302.6191	276.6772	2.6464	1.0072	1.1016
620.3906	115.2724	296.7425	277.017	2.6442	1.0272	1.1003
620.5430	117.6075	301.4092	280.2712	2.5917	1.0112	1.0875
620.6954	123.1304	284.9325	288.1557	2.4754	1.0697	1.0578
620.8478	125.3022	318.119	303.8956	2.4325	0.9581	1.0030
621.0002	128.5898	353.8967	338.3998	2.3703	0.8613	0.9007
621.1526	130.4259	356.7847	352.4003	2.3370	0.8543	0.8649
621.3050	130.7618	358.9559	347.5954	2.3310	0.8491	0.8769
621.4574	130.7993	360.8167	344.2599	2.3303	0.8448	0.8854
621.6098	129.8409	360.1507	342.2123	2.3475	0.8463	0.8907
621.7622	128.4156	361.0249	341.7065	2.3735	0.8443	0.8920
621.9146	128.0986	360.2351	342.0491	2.3794	0.8461	0.8911
622.0670	127.5727	359.2799	342.9073	2.3892	0.8484	0.8889
622.2194	129.0671	387.8616	353.6455	2.3616	0.7858	0.8619
622.3718	132.9998	404.7929	375.2964	2.2917	0.7530	0.8122
622.5242	134.3615	394.7202	384.8188	2.2685	0.7722	0.7921
622.6766	133.5897	401.6627	378.9418	2.2816	0.7588	0.8043
622.8290	133.4391	390.9374	363.4174	2.2842	0.7797	0.8387
622.9814	133.1177	383.2059	352.5254	2.2897	0.7954	0.8646
623.1338	132.836	387.8831	352.4214	2.2946	0.7858	0.8649
623.2862	132.7054	387.7719	354.0499	2.2968	0.7860	0.8609
623.4386	131.5424	383.7892	351.1048	2.3171	0.7942	0.8681
623.5910	128.0775	389.4274	351.8267	2.3798	0.7827	0.8663
623.7434	126.2124	366.2532	352.9809	2.4150	0.8322	0.8635
623.8958	126.2106	335.8717	343.7458	2.4150	0.9075	0.8867
624.0482	124.4722	335.8717	322.874	2.4487	0.9075	0.9440
624.2006	123.7776	333.3236	304.3539	2.4625	0.9144	1.0015
624.3530	122.761	334.1133	299.6059	2.4829	0.9123	1.0173
624.5054	123.6079	349.0607	308.6881	2.4659	0.8732	0.9874
624.6578	129.7663	361.6102	324.6489	2.3488	0.8429	0.9389
624.8102	132.1309	365.059	332.3848	2.3068	0.8349	0.9170
624.9626	130.5607	368.0271	333.5103	2.3345	0.8282	0.9139
625.1150	127.7398	366.985	333.369	2.3861	0.8306	0.9143
625.2674	123.858	367.685	333.2853	2.4609	0.8290	0.9145
625.4198	122.7523	368.4753	334.0203	2.4830	0.8272	0.9125
625.5722	121.4872	364.1602	334.1759	2.5089	0.8370	0.9121
625.7246	123.1958	360.6083	332.0352	2.4741	0.8452	0.9180
625.8770	126.3903	360.5365	330.6095	2.4116	0.8454	0.9219
626.0294	126.5035	357.9697	328.8705	2.4094	0.8515	0.9268
626.1818	125.1423	361.914	324.0689	2.4356	0.8422	0.9405
626.3342	125.5078	349.9677	318.0266	2.4285	0.8709	0.9584
626.4866	126.9836	345.3564	310.5228	2.4003	0.8826	0.9816
626.6390	127.0129	349.057	310.2961	2.3998	0.8732	0.9823
626.7914	128.0627	348.5948	310.2488	2.3801	0.8744	0.9824
626.9438	127.1484	348.6227	310.218	2.3972	0.8743	0.9825
627.0962	125.7145	346.851	310.2887	2.4245	0.8788	0.9823
627.2486	125.3943	337.6707	310.4637	2.4307	0.9027	0.9818
627.4010	125.5366	342.6779	310.2912	2.4280	0.8895	0.9823
627.5534	127.187	364.0463	311.955	2.3965	0.8373	0.9771
627.7058	130.5533	369.338	328.0125	2.3347	0.8253	0.9292
627.8582	131.6055	373.967	356.3303	2.3160	0.8150	0.8554
628.0106	132.5456	375.5641	373.2212	2.2996	0.8116	0.8167
628.1630	132.0313	380.4357	372.9097	2.3085	0.8012	0.8174
628.3154	134.5919	389.5531	369.4642	2.2646	0.7824	0.8250
628.4678	135.3453	387.3613	372.8666	2.2520	0.7869	0.8175
628.6202	132.8721	383.2083	365.2975	2.2939	0.7954	0.8344
628.7726	130.1895	375.2991	351.0468	2.3412	0.8122	0.8683
628.9250	129.6098	359.3173	346.6469	2.3517	0.8483	0.8793
629.0774	129.8014	362.5785	345.3594	2.3482	0.8406	0.8826
629.2298	129.352	370.0111	344.7327	2.3564	0.8238	0.8842
629.3822	128.6182	373.4228	344.021	2.3698	0.8162	0.8860
629.5346	127.5567	344.8398	339.2367	2.3895	0.8839	0.8985
629.6870	128.2589	313.0569	325.9545	2.3764	0.9736	0.9351
629.8394	128.5796	304.8359	321.7704	2.3705	0.9999	0.9473
629.9918	127.6335	302.0637	326.2025	2.3881	1.0091	0.9344
630.1442	128.3278	331.5355	326.4399	2.3752	0.9194	0.9337
630.2966	129.9011	341.9284	327.8491	2.3464	0.8914	0.9297
630.4490	131.7989	336.4143	330.348	2.3126	0.9060	0.9227
630.6014	132.8235	341.759	330.8406	2.2948	0.8919	0.9213
630.7538	132.9114	346.9966	345.5213	2.2933	0.8784	0.8821
630.9062	132.4553	351.7412	365.5721	2.3012	0.8665	0.8338
631.0586	132.3081	352.9506	389.1266	2.3037	0.8636	0.7833
631.2110	131.536	327.2314	366.1219	2.3172	0.9315	0.8325
631.3634	129.5124	327.8488	350.8108	2.3534	0.9297	0.8688
631.5158	127.9892	336.5296	352.0854	2.3815	0.9057	0.8657
631.6682	127.2949	335.3552	352.0094	2.3944	0.9089	0.8659
631.8206	126.4511	337.5903	351.9231	2.4104	0.9029	0.8661
631.9730	125.9015	343.1844	351.0048	2.4209	0.8882	0.8684
632.1254	124.5661	334.5244	333.0779	2.4469	0.9111	0.9151
632.2778	123.5494	331.0231	328.456	2.4670	0.9208	0.9280
632.4302	121.3896	324.9625	329.6165	2.5109	0.9380	0.9247
632.5826	119.3151	317.1941	318.2899	2.5546	0.9609	0.9576
632.7350	116.0319	300.5168	302.3028	2.6269	1.0143	1.0083
632.8874	114.8276	286.9239	289.1576	2.6544	1.0623	1.0541
633.0398	112.591	281.0341	286.808	2.7071	1.0846	1.0627
633.1922	114.3838	281.6374	286.8922	2.6647	1.0822	1.0624
633.3446	117.6875	283.3088	286.4842	2.5899	1.0759	1.0639
633.4970	117.2851	285.4631	290.5967	2.5988	1.0677	1.0489
633.6494	118.4384	284.4926	291.4615	2.5735	1.0714	1.0458
633.8018	119.0619	284.3462	291.35	2.5600	1.0719	1.0462
633.9542	119.0469	284.5532	291.5404	2.5603	1.0712	1.0455
634.1065	117.9005	276.9548	290.7108	2.5852	1.1005	1.0485
634.2589	121.0807	291.4131	309.3852	2.5173	1.0459	0.9852
634.4113	121.7967	314.3086	311.418	2.5025	0.9697	0.9787
634.5637	122.3611	315.605	310.8929	2.4910	0.9658	0.9804
634.7161	123.835	306.9012	311.1877	2.4613	0.9932	0.9795
634.8685	122.7621	311.7195	310.5877	2.4829	0.9778	0.9814
635.0209	122.8118	309.3813	313.0272	2.4818	0.9852	0.9737
635.1733	122.1832	332.0062	328.0847	2.4946	0.9181	0.9290
635.3257	123.7214	306.2379	343.393	2.4636	0.9953	0.8876
635.4781	121.7239	329.2759	347.3575	2.5040	0.9257	0.8775
635.6305	121.5352	329.6883	347.0619	2.5079	0.9245	0.8782
635.7829	121.0515	329.5196	346.3665	2.5179	0.9250	0.8800
635.9353	120.8501	339.2692	339.4541	2.5221	0.8984	0.8979
636.0877	121.918	356.7828	328.3378	2.5000	0.8543	0.9283
636.2401	121.7968	327.6454	325.1788	2.5025	0.9303	0.9373
636.3925	123.1938	334.7159	325.0641	2.4742	0.9106	0.9377
636.5449	122.5852	334.6668	326.5643	2.4864	0.9108	0.9334
636.6973	122.3568	327.4677	325.2927	2.4911	0.9308	0.9370
636.8497	121.9287	324.7599	327.8183	2.4998	0.9385	0.9298
637.0021	120.4021	310.5393	325.6701	2.5315	0.9815	0.9359
637.1545	120.5369	310.9616	308.8059	2.5287	0.9802	0.9870
637.3069	120.4456	311.6393	309.386	2.5306	0.9781	0.9852
637.4593	120.5303	312.7352	310.1416	2.5288	0.9746	0.9828
637.6117	120.2838	308.7531	301.399	2.5340	0.9872	1.0113
637.7641	119.354	285.9388	275.8712	2.5537	1.0660	1.1049
637.9165	117.6181	279.2743	262.9577	2.5914	1.0914	1.1591
638.0689	116.4385	286.3191	271.2324	2.6177	1.0645	1.1238
638.2213	116.1373	292.3549	286.9277	2.6245	1.0426	1.0623
638.3737	116.267	292.8638	292.7713	2.6216	1.0408	1.0411
638.5261	115.904	293.5834	294.5879	2.6298	1.0382	1.0347
638.6785	116.3705	292.7354	296.9647	2.6192	1.0412	1.0264
638.8309	117.551	301.6628	309.2495	2.5929	1.0104	0.9856
638.9833	119.2691	313.7249	316.4829	2.5556	0.9716	0.9631
639.1357	121.618	314.0953	310.3716	2.5062	0.9704	0.9820
639.2881	122.1224	319.6341	309.1252	2.4959	0.9536	0.9860
639.4405	121.4432	314.8916	327.3587	2.5098	0.9680	0.9311
639.5929	120.685	307.4308	320.3987	2.5256	0.9914	0.9513
639.7453	119.2762	302.8136	295.0313	2.5554	1.0066	1.0331
639.8977	118.0579	300.1261	292.0052	2.5818	1.0156	1.0438
640.0501	117.8553	302.9622	290.9836	2.5862	1.0061	1.0475
640.2025	118.6126	302.4596	289.571	2.5697	1.0077	1.0526
640.3549	119.5854	299.2623	293.0793	2.5488	1.0185	1.0400
640.5073	120.0116	300.2991	293.5472	2.5398	1.0150	1.0383
640.6597	119.6267	304.1955	289.415	2.5479	1.0020	1.0532
640.8121	119.502	305.743	287.8727	2.5506	0.9969	1.0588
640.9645	120.103	300.4742	290.975	2.5378	1.0144	1.0475
641.1169	120.5571	305.9461	294.8003	2.5283	0.9963	1.0339
641.2693	120.2227	313.8762	290.9018	2.5353	0.9711	1.0478
641.4217	119.9757	312.4313	288.1616	2.5405	0.9756	1.0577
641.5741	119.196	305.5946	287.8622	2.5571	0.9974	1.0588
641.7265	119.9601	312.4369	288.2548	2.5408	0.9756	1.0574
641.8789	120.6932	314.5121	288.3705	2.5254	0.9691	1.0570
642.0313	122.2005	313.8122	289.7207	2.4943	0.9713	1.0520
642.1837	122.0676	306.8148	288.5783	2.4970	0.9934	1.0562
642.3361	122.9882	314.4585	312.0931	2.4783	0.9693	0.9766
642.4885	123.9145	321.4092	322.4019	2.4598	0.9483	0.9454
642.6409	122.7551	324.2631	322.9856	2.4830	0.9400	0.9437
642.7933	122.8238	321.8489	323.0227	2.4816	0.9470	0.9436
642.9457	122.9473	324.6554	322.8138	2.4791	0.9388	0.9442
643.0981	123.2696	323.3427	322.5657	2.4726	0.9427	0.9449
643.2505	123.3067	321.9169	322.0779	2.4719	0.9468	0.9464
643.4029	122.6619	326.8763	320.8971	2.4849	0.9325	0.9498
643.5553	122.1188	333.5468	325.3295	2.4959	0.9138	0.9369
643.7077	122.554	337.9507	332.3366	2.4871	0.9019	0.9171
643.8601	123.4795	340.4937	331.1762	2.4684	0.8952	0.9204
644.0125	123.4355	341.6697	331.1125	2.4693	0.8921	0.9205
644.1649	122.5617	337.7985	327.3438	2.4869	0.9023	0.9311
644.3173	121.0302	288.7792	308.4765	2.5184	1.0555	0.9881
644.4697	117.2725	286.2758	293.7884	2.5991	1.0647	1.0375
644.6221	115.0822	282.4215	285.0444	2.6485	1.0792	1.0693
644.7745	115.2071	283.1734	284.8005	2.6457	1.0764	1.0702
644.9269	117.3161	287.5559	287.0974	2.5981	1.0600	1.0617
645.0793	117.2347	288.0602	287.3849	2.5999	1.0581	1.0606
645.2317	117.1656	287.0178	287.0259	2.6014	1.0620	1.0619
645.3841	116.6917	286.5798	285.9344	2.6120	1.0636	1.0660
645.5365	115.9197	286.0192	284.3345	2.6294	1.0657	1.0720
645.6889	115.7211	273.2863	279.9276	2.6339	1.1153	1.0889
645.8413	119.6157	299.101	306.1691	2.5482	1.0191	0.9955
645.9937	124.532	338.6045	334.0661	2.4476	0.9002	0.9124
646.1461	126.1035	340.2049	332.4746	2.4171	0.8959	0.9168
646.2985	126.1635	334.9405	332.0252	2.4159	0.9100	0.9180
646.4509	125.2818	337.1528	332.0706	2.4329	0.9040	0.9179
646.6033	123.1119	340.3911	331.3053	2.4758	0.8954	0.9200
646.7557	121.4552	350.3763	325.912	2.5096	0.8699	0.9352
646.9081	119.9635	345.4608	315.3863	2.5408	0.8823	0.9664
647.0605	116.9759	330.2958	311.4564	2.6057	0.9228	0.9786
647.2129	115.6054	337.6225	310.0813	2.6366	0.9028	0.9830
647.3653	115.3041	338.5954	311.1106	2.6434	0.9002	0.9797
647.5177	116.9421	341.5134	310.5677	2.6064	0.8925	0.9814
647.6701	119.5782	339.8285	305.0723	2.5490	0.8969	0.9991
647.8225	124.0725	315.7249	323.4465	2.4566	0.9654	0.9424
647.9749	127.0137	306.268	315.1337	2.3997	0.9952	0.9672
648.1273	126.2127	313.3381	300.6218	2.4150	0.9728	1.0139
648.2797	124.4936	316.1031	296.3299	2.4483	0.9642	1.0286
648.4321	121.7571	317.2078	296.4316	2.5033	0.9609	1.0282
648.5845	118.0888	321.1671	295.8729	2.5811	0.9490	1.0302
648.7369	114.6351	326.5488	288.1878	2.6589	0.9334	1.0576
648.8893	111.4598	317.3582	276.1028	2.7346	0.9604	1.1039
649.0417	111.4775	273.5893	275.1303	2.7342	1.1141	1.1078
649.1941	111.6747	273.2332	274.2327	2.7294	1.1155	1.1115
649.3465	111.1153	273.9089	274.3495	2.7431	1.1128	1.1110
649.4989	115.031	273.3778	274.2798	2.6497	1.1149	1.1113
649.6513	119.9357	279.3558	272.5624	2.5414	1.0911	1.1183
649.8037	116.9968	285.4115	284.3504	2.6052	1.0679	1.0719
649.9561	116.9282	296.9692	292.0528	2.6067	1.0264	1.0436
650.1085	117.0973	295.2704	292.5385	2.6030	1.0323	1.0419
650.2609	116.9869	291.8718	292.1837	2.6054	1.0443	1.0432
650.4133	117.0525	291.6753	293.4	2.6040	1.0450	1.0389
650.5657	116.9805	288.5867	293.4722	2.6056	1.0562	1.0386
650.7181	116.2892	288.9687	289.8272	2.6211	1.0548	1.0517
650.8705	116.2775	298.3336	284.4041	2.6213	1.0217	1.0717
651.0229	116.358	303.3438	287.8846	2.6195	1.0048	1.0588
651.1753	115.0011	301.8486	295.8551	2.6504	1.0098	1.0302
651.3277	113.9846	304.3507	295.7495	2.6740	1.0015	1.0306
651.4801	114.8981	305.9622	295.0493	2.6528	0.9962	1.0330
651.6325	114.9185	306.3181	303.0686	2.6523	0.9950	1.0057
651.7849	114.6041	284.9495	336.1059	2.6596	1.0697	0.9069
651.9373	116.5314	285.1968	280.0174	2.6156	1.0687	1.0885
652.0897	116.1559	285.9186	283.473	2.6241	1.0660	1.0752
652.2421	115.9387	293.8531	282.8891	2.6290	1.0373	1.0775
652.3945	115.7597	292.0335	282.4149	2.6330	1.0437	1.0793
652.5469	115.5946	294.6388	283.9577	2.6368	1.0345	1.0734
652.6993	117.0549	311.7503	286.1114	2.6039	0.9777	1.0653
652.8517	116.1906	316.6372	293.5086	2.6233	0.9626	1.0385
653.0041	118.0576	310.389	296.2749	2.5818	0.9820	1.0288
653.1565	119.2805	331.5102	296.2972	2.5553	0.9194	1.0287
653.3089	119.3641	351.3506	296.2154	2.5535	0.8675	1.0290
653.4613	117.8761	356.0068	295.9781	2.5858	0.8562	1.0298
653.6137	116.7371	321.4339	288.9424	2.6110	0.9483	1.0549
653.7661	117.1313	267.13	276.6287	2.6022	1.1410	1.1018
653.9185	117.7728	252.2314	277.7924	2.5880	1.2084	1.0972
654.0709	118.723	258.4151	286.5559	2.5673	1.1795	1.0637
654.2233	118.9943	264.2004	288.4541	2.5615	1.1537	1.0567
654.3757	119.6	265.2469	288.756	2.5485	1.1491	1.0556
654.5281	120.5497	258.1362	288.8506	2.5284	1.1808	1.0552
654.6805	122.1421	265.1956	302.1194	2.4955	1.1493	1.0089
654.8329	124.2265	292.9356	322.5999	2.4536	1.0405	0.9448
654.9853	125.224	316.57	328.8054	2.4340	0.9628	0.9270
655.1377	125.2015	317.095	329.9313	2.4345	0.9612	0.9238
655.2901	125.2269	294.0208	331.6833	2.4340	1.0367	0.9189
655.4425	123.7738	301.9917	325.9691	2.4626	1.0093	0.9351
655.5949	121.8413	312.5059	313.3761	2.5016	0.9753	0.9726
655.7473	121.7669	305.0511	310.2646	2.5031	0.9992	0.9824
655.8997	122.9653	304.0905	311.4064	2.4787	1.0023	0.9788
656.0521	122.8247	288.4486	311.1746	2.4816	1.0567	0.9795
656.2045	121.4276	281.6754	311.3066	2.5101	1.0821	0.9791
656.3569	121.3963	298.2362	310.0998	2.5108	1.0220	0.9829
656.5093	121.7501	296.2007	309.9842	2.5035	1.0290	0.9833
656.6617	123.801	297.6331	309.9066	2.4620	1.0241	0.9835
656.8141	126.6341	291.2102	311.0223	2.4069	1.0467	0.9800
656.9665	127.8499	283.1011	311.3498	2.3840	1.0766	0.9790
657.1189	128.221	293.8333	325.858	2.3771	1.0373	0.9354
657.2713	127.6602	296.0065	337.1915	2.3876	1.0297	0.9039
657.4237	126.6215	303.6351	314.8318	2.4072	1.0038	0.9681
657.5761	124.73	300.4939	308.0669	2.4437	1.0143	0.9894
657.7285	122.6254	303.0937	308.3377	2.4856	1.0056	0.9885
657.8809	121.1766	306.1551	308.0984	2.5153	0.9956	0.9893
658.0333	120.3274	301.0667	306.656	2.5331	1.0124	0.9939
658.1857	119.0918	301.0439	305.9836	2.5594	1.0125	0.9961
658.3381	117.1839	290.5642	301.0993	2.6010	1.0490	1.0123
658.4905	114.909	272.4913	292.7754	2.6525	1.1186	1.0411
658.6429	115.003	277.7241	296.9981	2.6504	1.0975	1.0263
658.7953	115.2549	277.1658	297.4828	2.6446	1.0997	1.0246
658.9477	114.9992	286.1843	302.0062	2.6505	1.0650	1.0093
659.1001	116.8267	315.2621	314.1893	2.6090	0.9668	0.9701
659.2525	117.5216	314.227	320.8337	2.5936	0.9700	0.9500
659.4049	118.8952	314.8385	321.0674	2.5636	0.9681	0.9493
659.5573	121.3337	314.0189	321.0526	2.5121	0.9706	0.9494
659.7097	122.0591	310.4653	320.8339	2.4972	0.9818	0.9500
659.8621	121.3385	309.5152	320.8433	2.5120	0.9848	0.9500
660.0145	122.5241	307.6187	325.0995	2.4877	0.9908	0.9376
660.1669	126.0113	305.274	332.9872	2.4188	0.9984	0.9154
660.3193	126.1346	310.4875	337.9878	2.4165	0.9817	0.9018
660.4717	125.7949	306.8381	340.4194	2.4230	0.9934	0.8954
660.6241	125.5419	310.1103	339.3513	2.4279	0.9829	0.8982
660.7765	125.3996	313.1367	338.8105	2.4306	0.9734	0.8996
660.9289	124.0213	322.2694	317.4635	2.4576	0.9458	0.9601
661.0813	120.3684	293.5879	296.9403	2.5322	1.0382	1.0265
661.2337	117.7213	262.3301	304.4937	2.5892	1.1619	1.0010
661.3861	117.0236	268.5713	299.9352	2.6046	1.1349	1.0162
661.5385	116.9576	268.3314	299.5307	2.6061	1.1359	1.0176
661.6909	117.3005	265.0539	302.5796	2.5985	1.1500	1.0073
661.8433	116.6015	268.1031	303.6793	2.6140	1.1369	1.0037
661.9957	114.7732	277.2795	296.4251	2.6557	1.0993	1.0283
662.1481	112.9298	290.9536	292.1193	2.6990	1.0476	1.0434
662.3005	113.3476	309.5965	296.4852	2.6891	0.9845	1.0280
662.4529	114.7499	314.3943	309.2611	2.6562	0.9695	0.9856
662.6053	115.8842	310.7843	317.3972	2.6302	0.9807	0.9603
662.7577	118.6495	315.3487	317.6335	2.5689	0.9665	0.9596
662.9101	119.1944	321.3207	316.4371	2.5572	0.9486	0.9632
663.0625	119.2196	321.9046	311.9507	2.5566	0.9469	0.9771
663.2149	118.0998	318.6587	309.0815	2.5809	0.9565	0.9861
663.3673	116.9908	321.5223	305.1361	2.6053	0.9480	0.9989
663.5197	115.2212	314.7889	292.126	2.6453	0.9683	1.0434
663.6721	112.8616	306.94	284.2581	2.7007	0.9930	1.0723
663.8245	111.5269	294.6041	287.26	2.7330	1.0346	1.0611
663.9769	111.5088	291.7471	288.4315	2.7334	1.0447	1.0568
664.1293	111.8511	293.3198	288.3697	2.7251	1.0391	1.0570
664.2817	112.417	297.9258	288.8136	2.7113	1.0231	1.0554
664.4341	113.4602	299.7207	292.9085	2.6864	1.0169	1.0406
664.5865	114.7817	297.2428	298.2473	2.6555	1.0254	1.0220
664.7389	116.904	300.4548	298.244	2.6073	1.0145	1.0220
664.8913	117.2337	301.6791	298.5039	2.5999	1.0103	1.0211
665.0437	116.4262	294.92	298.9828	2.6180	1.0335	1.0195
665.1961	115.1987	297.7362	299.0618	2.6459	1.0237	1.0192
665.3485	115.4206	301.4825	299.1588	2.6408	1.0110	1.0189
665.5009	114.7518	298.1838	295.5684	2.6562	1.0222	1.0312
665.6533	113.6891	290.4379	294.6127	2.6810	1.0494	1.0346
665.8057	113.7917	288.039	300.1425	2.6786	1.0582	1.0155
665.9581	115.3241	289.7623	299.5345	2.6430	1.0519	1.0176
666.1105	115.8497	286.1355	299.6918	2.6310	1.0652	1.0170
666.2629	114.5273	291.6673	300.306	2.6614	1.0450	1.0150
666.4153	112.9382	303.8846	299.6721	2.6988	1.0030	1.0171
666.5677	113.8183	300.0844	297.2697	2.6780	1.0157	1.0253
666.7201	115.3964	296.4671	298.2098	2.6413	1.0281	1.0221
666.8725	116.6602	299.269	298.8549	2.6127	1.0185	1.0199
667.0249	116.7902	298.9515	298.2665	2.6098	1.0196	1.0219
667.1773	117.1867	304.9091	299.265	2.6010	0.9996	1.0185
667.3297	117.6754	316.0542	304.6865	2.5902	0.9644	1.0004
667.4821	117.2786	329.6205	310.8132	2.5989	0.9247	0.9807
667.6345	115.5971	332.8466	310.5929	2.6367	0.9157	0.9813
667.7869	117.0235	319.1862	306.2612	2.6046	0.9549	0.9952
667.9393	117.4723	280.7258	304.6246	2.5947	1.0858	1.0006
668.0917	116.0741	272.4146	306.9413	2.6259	1.1189	0.9930
668.2441	115.1991	287.129	302.9659	2.6459	1.0615	1.0061
668.3965	115.0379	291.0056	302.4179	2.6496	1.0474	1.0079
668.5489	113.8786	290.9597	302.5855	2.6765	1.0476	1.0073
668.7013	114.1513	290.257	302.5938	2.6701	1.0501	1.0073
668.8537	114.2588	272.0717	302.031	2.6676	1.1203	1.0092
669.0061	114.4758	243.6635	302.3196	2.6626	1.2509	1.0082
669.1585	114.7793	243.6635	305.9847	2.6555	1.2509	0.9961
669.3109	114.9721	266.7966	308.4707	2.6511	1.1424	0.9881
669.4633	114.9329	305.633	304.1295	2.6520	0.9973	1.0022
669.6157	115.272	309.4074	302.7104	2.6442	0.9851	1.0069
669.7681	115.5555	334.2422	303.2408	2.6377	0.9119	1.0051
669.9205	115.2265	380.3396	298.8604	2.6452	0.8014	1.0199
670.0729	115.4598	380.7664	300.6867	2.6399	0.8005	1.0137
670.2253	115.3584	376.2762	300.5426	2.6422	0.8100	1.0142
670.3777	114.524	377.9855	297.1752	2.6615	0.8064	1.0257
670.5301	114.0024	335.5427	297.8572	2.6736	0.9084	1.0233
670.6825	113.122	267.7904	302.4644	2.6944	1.1382	1.0077
670.8349	112.4285	278.7295	295.8775	2.7111	1.0935	1.0302
670.9873	112.1838	295.6028	293.0276	2.7170	1.0311	1.0402
671.1397	112.2281	297.0137	294.1044	2.7159	1.0262	1.0364
671.2921	112.3024	302.1282	293.4284	2.7141	1.0088	1.0388
671.4445	111.924	305.6113	292.9592	2.7233	0.9973	1.0404
671.5969	112.3398	296.5492	291.537	2.7132	1.0278	1.0455
671.7493	112.481	298.5016	284.9754	2.7098	1.0211	1.0696
671.9017	111.6175	312.2282	279.9549	2.7308	0.9762	1.0887
672.0541	110.2417	315.9395	279.0463	2.7648	0.9647	1.0923
672.2065	108.4586	313.8441	281.8393	2.8103	0.9712	1.0815
672.3589	107.6216	313.8441	280.3468	2.8321	0.9712	1.0872
672.5113	107.0553	310.5611	272.2645	2.8471	0.9814	1.1195
672.6637	107.4209	306.8742	268.9468	2.8374	0.9932	1.1333
672.8161	109.1624	303.8906	269.0235	2.7922	1.0030	1.1330
672.9685	110.1579	303.3688	268.9326	2.7669	1.0047	1.1334
673.1209	110.3831	308.0571	272.8355	2.7613	0.9894	1.1172
673.2733	111.0368	303.3477	283.4162	2.7450	1.0048	1.0755
673.4257	112.0207	303.0876	298.4593	2.7209	1.0056	1.0212
673.5781	112.1952	298.8276	305.6211	2.7167	1.0200	0.9973
673.7305	112.341	298.9971	300.235	2.7132	1.0194	1.0152
673.8829	112.8693	291.8884	299.7819	2.7005	1.0442	1.0167
674.0353	112.6965	280.1889	284.7733	2.7046	1.0878	1.0703
674.1877	112.2092	280.1889	273.8754	2.7164	1.0878	1.1129
674.3401	112.1717	284.869	288.7717	2.7173	1.0700	1.0555
674.4925	111.6804	295.0031	288.7212	2.7292	1.0332	1.0557
674.6449	111.568	300.0723	289.1293	2.7320	1.0158	1.0542
674.7973	111.8843	297.9913	289.1741	2.7242	1.0228	1.0540
674.9497	112.2262	298.2357	287.4564	2.7159	1.0220	1.0603
675.1021	112.8564	309.6626	291.619	2.7008	0.9843	1.0452
675.2545	112.7954	318.3098	291.9521	2.7022	0.9576	1.0440
675.4069	112.7615	311.3599	278.3725	2.7031	0.9789	1.0949
675.5593	111.7378	292.8703	275.7717	2.7278	1.0407	1.1053
675.7117	109.7067	272.5287	261.2318	2.7783	1.1184	1.1668
675.8641	108.5465	252.3195	240.9963	2.8080	1.2080	1.2647
676.0165	107.352	233.9478	242.0477	2.8393	1.3029	1.2593
676.1689	106.7019	227.6737	251.5315	2.8566	1.3388	1.2118
676.3213	107.5372	230.0138	252.5591	2.8344	1.3251	1.2068
676.4737	108.2091	239.9107	257.3534	2.8168	1.2705	1.1844
676.6261	110.9369	301.1155	277.9436	2.7475	1.0122	1.0966
676.7785	115.3506	352.9083	306.1268	2.6424	0.8637	0.9957
676.9309	116.813	327.5161	317.906	2.6093	0.9306	0.9588
677.0833	117.4908	316.6578	320.8376	2.5942	0.9626	0.9500
677.2357	118.2571	311.0766	320.7786	2.5774	0.9798	0.9502
677.3881	117.3634	291.2902	317.0213	2.5971	1.0464	0.9614
677.5405	116.05	297.5673	305.4831	2.6265	1.0243	0.9978
677.6929	113.3521	298.4055	285.389	2.6890	1.0214	1.0680
677.8453	109.3361	280.7416	268.0692	2.7877	1.0857	1.1370
677.9977	107.6577	292.3484	265.6183	2.8312	1.0426	1.1475
678.1501	110.0485	292.4212	266.9535	2.7697	1.0423	1.1418
678.3025	111.0167	297.3453	274.4441	2.7455	1.0251	1.1106
678.4549	112.3463	298.6778	276.1583	2.7130	1.0205	1.1037
678.6073	113.4161	293.1722	276.0975	2.6874	1.0397	1.1040
678.7597	112.0297	295.9186	277.2106	2.7207	1.0300	1.0995
678.9121	110.1461	294.466	282.3224	2.7672	1.0351	1.0796
679.0645	110.0625	288.9737	283.6109	2.7693	1.0548	1.0747
679.2169	110.6752	286.3512	278.5394	2.7540	1.0644	1.0943
679.3693	109.6837	285.0402	278.4071	2.7789	1.0693	1.0948
679.5217	110.1634	284.7097	278.5146	2.7668	1.0706	1.0944
679.6741	110.5349	278.8521	274.6949	2.7575	1.0931	1.1096
679.8265	108.8146	278.8521	269.1225	2.8011	1.0931	1.1326
679.9789	106.0359	279.3394	263.838	2.8745	1.0911	1.1553
680.1313	105.1077	278.5125	256.9006	2.8999	1.0944	1.1865
680.2837	104.4923	272.8147	256.5185	2.9170	1.1172	1.1882
680.4361	104.1574	267.6298	256.1628	2.9263	1.1389	1.1899
680.5885	105.1184	268.7224	256.3648	2.8996	1.1343	1.1889
680.7409	105.3451	272.5949	256.8314	2.8933	1.1181	1.1868
680.8933	106.9552	283.9224	262.7144	2.8498	1.0735	1.1602
681.0457	110.6728	311.8539	275.77	2.7541	0.9774	1.1053
681.1981	112.1729	334.6779	281.3431	2.7172	0.9107	1.0834
681.3505	113.0829	327.4514	281.2837	2.6954	0.9308	1.0836
681.5029	112.8661	322.0645	281.1267	2.7005	0.9464	1.0842
681.6553	112.5098	334.46	281.1689	2.7091	0.9113	1.0840
681.8077	111.7825	336.7808	281.3506	2.7267	0.9050	1.0833
681.9601	112.563	329.8363	281.159	2.7078	0.9241	1.0841
682.1125	110.3662	309.3131	278.9265	2.7617	0.9854	1.0928
682.2649	109.7719	286.3107	276.1407	2.7767	1.0646	1.1038
682.4173	111.4545	293.222	276.0207	2.7347	1.0395	1.1043
682.5697	110.3097	291.3962	276.331	2.7631	1.0460	1.1030
682.7221	108.7671	295.727	276.6246	2.8023	1.0307	1.1019
682.8745	106.7179	298.2407	267.4568	2.8561	1.0220	1.1396
683.0269	108.9951	295.6073	254.5744	2.7965	1.0311	1.1973
683.1793	109.6865	290.0197	254.8882	2.7788	1.0510	1.1958
683.3317	109.6173	306.0392	254.4637	2.7806	0.9960	1.1978
683.4841	107.723	325.9368	254.4405	2.8295	0.9352	1.1979
683.6365	104.2982	317.3534	254.2243	2.9224	0.9604	1.1989
683.7889	103.1759	291.8244	252.9899	2.9542	1.0445	1.2048
683.9413	102.3717	295.0162	252.7548	2.9774	1.0332	1.2059
684.0937	102.1591	298.6503	253.1107	2.9836	1.0206	1.2042
684.2461	102.466	292.3074	253.0399	2.9746	1.0427	1.2046
684.3985	102.909	279.9792	252.2379	2.9618	1.0887	1.2084
684.5509	105.2818	270.3792	250.7848	2.8951	1.1273	1.2154
684.7033	107.8995	266.359	250.3142	2.8249	1.1443	1.2177
684.8557	108.5129	267.3251	250.2926	2.8089	1.1402	1.2178
685.0081	107.9684	278.0365	249.932	2.8230	1.0963	1.2195
685.1605	109.0829	284.2554	248.907	2.7942	1.0723	1.2246
685.3129	108.8338	284.5605	249.3598	2.8006	1.0711	1.2223
685.4653	107.5256	284.4289	249.4169	2.8347	1.0716	1.2221
685.6177	106.6883	284.7586	249.3594	2.8569	1.0704	1.2223
685.7701	106.4207	284.3091	249.4784	2.8641	1.0721	1.2217
685.9225	104.6901	283.3258	250.0097	2.9115	1.0758	1.2192
686.0749	104.7077	281.7684	250.4205	2.9110	1.0817	1.2172
686.2273	103.9231	277.9764	250.6129	2.9329	1.0965	1.2162
686.3797	104.2516	274.9639	250.6181	2.9237	1.1085	1.2162
686.5321	105.6658	273.9655	251.3176	2.8846	1.1125	1.2128
686.6845	105.4965	272.8578	252.5318	2.8892	1.1171	1.2070
686.8369	105.0612	231.0837	252.5318	2.9012	1.3190	1.2070
686.9893	105.0562	170.0741	252.5318	2.9013	1.7922	1.2070
687.1417	105.098	170.0741	252.5318	2.9002	1.7922	1.2070
687.2941	105.1294	170.0741	252.5318	2.8993	1.7922	1.2070
687.4465	105.0986	170.0741	252.5318	2.9001	1.7922	1.2070
687.5989	105.0932	170.0741	252.5318	2.9003	1.7922	1.2070
687.7513	105.0811	170.0741	252.5318	2.9006	1.7922	1.2070
687.9037	105.0538	170.0741	252.5318	2.9014	1.7922	1.2070
688.0561	105.0923	170.0741	252.5318	2.9003	1.7922	1.2070
688.2085	105.2012	170.0741	252.5318	2.8973	1.7922	1.2070
688.3609	105.2629	170.0741	252.5318	2.8956	1.7922	1.2070
688.5133	105.2709	170.0741	252.5318	2.8954	1.7922	1.2070
688.6657	105.297	170.0741	252.5318	2.8947	1.7922	1.2070
688.8181	105.2959	170.0741	252.5318	2.8947	1.7922	1.2070
688.9705	105.3357	170.0741	252.5318	2.8936	1.7922	1.2070
689.1229	105.3661	170.0741	252.5318	2.8928	1.7922	1.2070
689.2753	105.3924	170.0741	252.5318	2.8920	1.7922	1.2070
689.4277	105.5053	170.0741	252.5318	2.8890	1.7922	1.2070
689.5801	105.5885	170.0741	252.5318	2.8867	1.7922	1.2070
689.7325	105.6916	170.0741	252.5318	2.8839	1.7922	1.2070
689.8849	105.7531	170.0741	252.5318	2.8822	1.7922	1.2070
690.0373	105.7324	170.0741	252.5318	2.8827	1.7922	1.2070
690.1897	105.7362	170.0741	252.5318	2.8826	1.7922	1.2070
690.3421	105.6911	170.0741	252.5318	2.8839	1.7922	1.2070

