HOLE:	U1508C
EXPEDITION:	371
TOP:	580.1570
BOTTOM:	671.7493
DEPTH_WMSF	LCAL
m	in
580.1570	10.36546
580.3094	10.36958
580.4618	10.36958
580.6142	10.36546
580.7666	10.36546
580.9190	10.36134
581.0714	10.38501
581.2238	10.36135
581.3762	10.3737
581.5286	10.36134
581.6810	10.36443
581.8334	10.37369
581.9858	10.36134
582.1382	10.36958
582.2906	10.36134
582.4430	10.36435
582.5954	10.36207
582.7478	10.37251
582.9002	10.36453
583.0526	10.38591
583.2050	10.39956
583.3574	10.43248
583.5098	10.4243
583.6622	10.42693
583.8146	10.42659
583.9670	10.4305
584.1194	10.43195
584.2718	10.4364
584.4242	10.43489
584.5766	10.42982
584.7290	10.43074
584.8814	10.43614
585.0338	10.43496
585.1862	10.4257
585.3386	10.42912
585.4910	10.43138
585.6434	10.42314
585.7958	10.42625
585.9482	10.43447
586.1006	10.44301
586.2530	10.46133
586.4054	10.45214
586.5578	10.45572
586.7102	10.44036
586.8626	10.45198
587.0150	10.45198
587.1674	10.45198
587.3198	10.45027
587.4722	10.44273
587.6246	10.44309
587.7770	10.45722
587.9294	10.46846
588.0818	10.47332
588.2342	10.48613
588.3866	10.49318
588.5390	10.48903
588.6914	10.4894
588.8438	10.48842
588.9962	10.49317
589.1486	10.49228
589.3010	10.51745
589.4534	10.54071
589.6058	10.53997
589.7582	10.54179
589.9106	10.53572
590.0630	10.53798
590.2154	10.53475
590.3678	10.51876
590.5202	10.52601
590.6726	10.52192
590.8250	10.52066
590.9774	10.53964
591.1298	10.28757
591.2822	10.28995
591.4346	10.27482
591.5870	10.27551
591.7394	10.28718
591.8918	10.28692
592.0442	10.27929
592.1966	10.29751
592.3490	10.30361
592.5014	10.3077
592.6538	10.31177
592.8062	10.30796
592.9586	10.3175
593.1110	10.30465
593.2634	10.31123
593.4158	10.30443
593.5682	10.30274
593.7206	10.31079
593.8730	10.30475
594.0254	10.31071
594.1778	10.30843
594.3302	10.31632
594.4826	10.30966
594.6350	10.30778
594.7874	10.30778
594.9398	10.30778
595.0922	10.30462
595.2446	10.30366
595.3970	10.29754
595.5494	10.30067
595.7018	10.30632
595.8542	10.30778
596.0066	10.31063
596.1590	10.3091
596.3114	10.30435
596.4638	10.30599
596.6162	10.33417
596.7686	10.40067
596.9210	10.45039
597.0734	10.45606
597.2258	10.45685
597.3782	10.45545
597.5306	10.45664
597.6830	10.45566
597.8354	10.45198
597.9878	10.45633
598.1402	10.45597
598.2926	10.46232
598.4450	10.46854
598.5974	10.45844
598.7498	10.45581
598.9022	10.48254
599.0546	10.51373
599.2070	10.52728
599.3594	10.53167
599.5118	10.52533
599.6642	10.47186
599.8166	10.35586
599.9690	10.31452
600.1214	10.32636
600.2738	10.52418
600.4262	10.95502
600.5786	11.27103
600.7310	11.58338
600.8834	11.70565
601.0358	11.70745
601.1882	11.70689
601.3406	11.67222
601.4930	11.41012
601.6454	10.81604
601.7978	10.28064
601.9502	10.27069
602.1026	10.26813
602.2550	10.27338
602.4074	10.26909
602.5598	10.28095
602.7122	10.28332
602.8646	10.32896
603.0170	10.27528
603.1694	10.27873
603.3218	10.27634
603.4742	10.27131
603.6266	10.27844
603.7790	10.271
603.9314	10.27665
604.0838	10.2709
604.2362	10.2789
604.3886	10.27483
604.5410	10.27482
604.6934	10.2668
604.8458	10.28634
604.9982	10.49396
605.1506	10.9484
605.3030	10.97554
605.4554	10.97709
605.6078	11.14532
605.7602	11.04456
605.9126	12.13661
606.0650	13.39378
606.2174	13.9173
606.3698	11.21033
606.5222	10.63838
606.6746	10.63326
606.8270	10.63654
606.9794	10.63738
607.1318	10.63738
607.2842	10.91271
607.4366	11.00225
607.5890	11.88036
607.7414	12.65629
607.8938	11.32098
608.0462	10.42663
608.1986	10.29019
608.3510	10.25511
608.5034	10.2527
608.6558	10.2477
608.8082	10.24446
608.9606	10.24598
609.1130	10.24848
609.2654	10.24765
609.4178	10.24598
609.5702	10.24598
609.7226	10.24598
609.8750	10.24598
610.0274	10.24598
610.1798	10.24598
610.3322	10.24598
610.4846	10.24802
610.6370	10.24413
610.7894	10.43894
610.9418	11.47343
611.0942	12.56786
611.2466	12.50317
611.3990	11.96724
611.5514	11.9433
611.7038	12.4599
611.8562	12.58806
612.0086	12.58767
612.1610	12.5888
612.3134	12.5872
612.4658	12.50656
612.6182	11.9
612.7706	10.74494
612.9230	10.25593
613.0754	10.30942
613.2278	10.55643
613.3802	10.82399
613.5326	10.82067
613.6850	10.61549
613.8374	10.24921
613.9898	10.24598
614.1422	10.24598
614.2946	10.24671
614.4470	10.24873
614.5994	10.24012
614.7518	10.25074
614.9042	10.4167
615.0566	10.72855
615.2090	10.88612
615.3614	10.86436
615.5138	10.87793
615.6662	11.02858
615.8186	11.56437
615.9710	11.75485
616.1234	11.09725
616.2758	10.79846
616.4282	10.55444
616.5806	10.36318
616.7330	10.36436
616.8854	10.36542
617.0378	10.36546
617.1902	10.36159
617.3426	10.36134
617.4950	10.35474
617.6474	10.65402
617.7998	10.50003
617.9522	10.5092
618.1046	10.47104
618.2570	10.45382
618.4094	10.45889
618.5618	10.45341
618.7142	10.45868
618.8666	10.55581
619.0190	10.67784
619.1714	10.69714
619.3238	10.70765
619.4762	10.63681
619.6286	10.38529
619.7810	10.3017
619.9334	10.30255
620.0858	10.30663
620.2382	10.31071
620.3906	10.309
620.5430	10.30778
620.6954	10.31344
620.8478	10.31044
621.0002	10.31329
621.1526	10.31058
621.3050	10.44209
621.4574	10.80848
621.6098	11.66419
621.7622	12.07322
621.9146	11.89146
622.0670	10.8803
622.2194	10.59738
622.3718	10.56557
622.5242	10.35309
622.6766	10.30656
622.8290	10.31022
622.9814	10.51838
623.1338	10.60846
623.2862	10.42165
623.4386	10.51287
623.5910	10.35542
623.7434	9.948416
623.8958	9.850455
624.0482	9.850455
624.2006	9.852473
624.3530	9.898128
624.5054	10.03274
624.6578	10.15741
624.8102	10.26536
624.9626	10.3213
625.1150	10.23989
625.2674	10.18888
625.4198	10.18765
625.5722	10.18902
625.7246	10.18916
625.8770	10.19165
626.0294	10.18736
626.1818	10.19242
626.3342	10.18937
626.4866	10.18418
626.6390	10.18709
626.7914	10.19242
626.9438	10.18965
627.0962	10.18552
627.2486	10.18699
627.4010	10.18674
627.5534	10.18993
627.7058	10.18418
627.8582	10.22974
628.0106	10.3489
628.1630	10.39018
628.3154	10.39167
628.4678	10.38962
628.6202	10.38519
628.7726	10.39526
628.9250	10.39551
629.0774	10.3697
629.2298	10.34898
629.3822	10.35288
629.5346	10.35319
629.6870	10.46537
629.8394	10.41678
629.9918	10.26658
630.1442	10.26658
630.2966	10.27592
630.4490	10.27345
630.6014	10.27399
630.7538	10.2764
630.9062	10.32156
631.0586	10.84159
631.2110	11.09209
631.3634	10.68289
631.5158	10.51889
631.6682	10.52588
631.8206	10.52259
631.9730	11.0535
632.1254	10.64647
632.2778	10.25815
632.4302	10.18745
632.5826	10.18418
632.7350	10.18418
632.8874	10.20138
633.0398	10.15917
633.1922	10.21907
633.3446	10.21494
633.4970	10.21487
633.6494	10.2132
633.8018	10.21302
633.9542	10.21692
634.1065	10.2201
634.2589	10.21721
634.4113	10.21305
634.5637	10.21725
634.7161	10.23883
634.8685	10.54906
635.0209	10.20958
635.1733	10.22081
635.3257	10.21707
635.4781	10.23522
635.6305	10.24193
635.7829	10.66818
635.9353	12.37065
636.0877	14.3468
636.2401	14.33341
636.3925	14.01268
636.5449	12.31205
636.6973	10.96277
636.8497	11.20673
637.0021	11.23586
637.1545	11.23549
637.3069	11.10525
637.4593	10.75256
637.6117	10.50977
637.7641	10.27203
637.9165	10.2695
638.0689	10.27367
638.2213	10.27292
638.3737	10.27647
638.5261	10.28929
638.6785	10.30321
638.8309	10.30864
638.9833	10.31218
639.1357	10.30976
639.2881	10.42744
639.4405	10.64069
639.5929	10.44282
639.7453	10.18642
639.8977	10.19176
640.0501	10.18856
640.2025	10.18418
640.3549	10.18418
640.5073	10.19188
640.6597	10.18865
640.8121	10.18687
640.9645	10.18554
641.1169	10.19124
641.2693	10.18725
641.4217	10.19008
641.5741	10.1894
641.7265	10.20064
641.8789	10.18905
642.0313	10.18418
642.1837	10.18418
642.3361	10.1942
642.4885	10.18636
642.6409	10.18418
642.7933	10.18418
642.9457	10.18956
643.0981	10.18753
643.2505	10.18418
643.4029	10.18223
643.5553	10.18175
643.7077	10.18418
643.8601	10.18418
644.0125	10.18606
644.1649	10.19034
644.3173	10.18095
644.4697	10.1883
644.6221	10.1883
644.7745	10.19402
644.9269	10.18913
645.0793	10.18498
645.2317	10.18418
645.3841	10.18981
645.5365	10.18729
645.6889	10.19864
645.8413	11.03211
645.9937	12.35319
646.1461	13.13609
646.2985	13.36764
646.4509	13.36376
646.6033	13.39596
646.7557	13.35203
646.9081	12.11346
647.0605	11.21313
647.2129	10.91921
647.3653	10.62855
647.5177	10.66835
647.6701	10.66041
647.8225	10.52469
647.9749	10.41208
648.1273	10.47118
648.2797	10.61952
648.4321	10.63116
648.5845	10.42246
648.7369	10.22107
648.8893	10.21658
649.0417	10.22257
649.1941	10.21509
649.3465	10.22494
649.4989	10.22107
649.6513	10.2172
649.8037	10.21714
649.9561	10.22425
650.1085	10.21296
650.2609	10.21833
650.4133	10.22126
650.5657	10.21614
650.7181	10.21763
650.8705	10.2192
651.0229	10.21849
651.1753	10.21906
651.3277	10.21583
651.4801	10.25008
651.6325	10.38637
651.7849	10.46794
651.9373	10.22614
652.0897	10.23553
652.2421	10.22585
652.3945	10.22905
652.5469	10.22607
652.6993	10.24764
652.8517	10.28936
653.0041	10.26279
653.1565	10.23658
653.3089	10.20967
653.4613	10.18627
653.6137	10.18815
653.7661	10.18847
653.9185	10.18418
654.0709	10.18612
654.2233	10.19023
654.3757	10.20203
654.5281	10.51246
654.6805	11.03885
654.8329	11.24695
654.9853	11.25792
655.1377	11.06905
655.2901	10.49755
655.4425	10.10178
655.5949	10.1054
655.7473	10.10643
655.8997	10.10889
656.0521	10.15184
656.2045	10.20663
656.3569	10.22066
656.5093	10.21953
656.6617	10.22055
656.8141	10.21859
656.9665	10.23458
657.1189	10.29644
657.2713	10.36763
657.4237	10.58815
657.5761	10.66418
657.7285	10.4195
657.8809	10.42665
658.0333	10.43061
658.1857	10.43215
658.3381	10.41049
658.4905	10.37097
658.6429	10.35567
658.7953	10.40398
658.9477	10.45519
659.1001	10.42231
659.2525	10.35199
659.4049	10.28022
659.5573	10.24933
659.7097	10.25087
659.8621	10.24598
660.0145	10.24598
660.1669	10.24765
660.3193	10.24842
660.4717	10.24598
660.6241	10.24598
660.7765	10.251
660.9289	10.25331
661.0813	10.24933
661.2337	10.25087
661.3861	10.24598
661.5385	10.24765
661.6909	10.24842
661.8433	10.2627
661.9957	10.29722
662.1481	10.31022
662.3005	10.30778
662.4529	10.30945
662.6053	10.31022
662.7577	10.3329
662.9101	10.37796
663.0625	10.41698
663.2149	10.39169
663.3673	10.29999
663.5197	10.30198
663.6721	10.29954
663.8245	10.29954
663.9769	10.30289
664.1293	10.30778
664.2817	10.33125
664.4341	10.33362
664.5865	10.29052
664.7389	10.29207
664.8913	10.31232
665.0437	10.24177
665.1961	10.0853
665.3485	10.08362
665.5009	10.08285
665.6533	10.08362
665.8057	10.08118
665.9581	10.08118
666.1105	10.08453
666.2629	10.04079
666.4153	9.90291
666.5677	9.802208
666.7201	9.804206
666.8725	9.810022
667.0249	9.80681
667.1773	9.817201
667.3297	9.879472
667.4821	9.946754
667.6345	9.942001
667.7869	9.942229
667.9393	9.960697
668.0917	9.731508
668.2441	9.474625
668.3965	9.701293
668.5489	9.732361
668.7013	9.730205
668.8537	9.733418
669.0061	9.730975
669.1585	9.729302
669.3109	9.724344
669.4633	9.723189
669.6157	9.730205
669.7681	9.73175
669.9205	9.728529
670.0729	9.730975
670.2253	9.732652
670.3777	9.736771
670.5301	9.739216
670.6825	9.735867
670.8349	9.726785
670.9873	9.724863
671.1397	9.732648
671.2921	9.734816
671.4445	9.733012
671.5969	9.728852
671.7493	9.727871

