HOLE:	U1508C
EXPEDITION:	371
TOP:	271.1869
BOTTOM:	671.2368
DEPTH_WMSF	LCAL
m	in
271.1869	10.5385
271.3393	10.52204
271.4917	10.57043
271.6441	10.59206
271.7965	10.59206
271.9489	10.59206
272.1013	10.59619
272.2537	10.60855
272.4061	10.6333
272.5585	10.69918
272.7109	10.7239
272.8633	10.71978
273.0157	10.74037
273.1681	10.71978
273.3205	10.71978
273.4729	10.72493
273.6253	10.71566
273.7777	10.72389
273.9301	10.71154
274.0825	10.73007
274.2349	10.72056
274.3873	10.71629
274.5397	10.65844
274.6921	10.63506
274.8445	10.63032
274.9969	10.62467
275.1493	10.62666
275.3017	10.62363
275.4541	10.60628
275.6065	10.5962
275.7589	10.57706
275.9113	10.55939
276.0637	10.51787
276.2161	10.51406
276.3685	10.52083
276.5209	10.5156
276.6733	10.51957
276.8257	10.52653
276.9781	10.52073
277.1305	10.51378
277.2829	10.51378
277.4353	10.51378
277.5877	10.51479
277.7401	10.51719
277.8925	10.51378
278.0449	10.50752
278.1973	10.4539
278.3497	10.35146
278.5021	10.30778
278.6545	10.30666
278.8069	10.30287
278.9593	10.30571
279.1117	10.30971
279.2641	10.30714
279.4165	10.31049
279.5689	10.30072
279.7213	10.3105
279.8737	10.31316
280.0261	10.30778
280.1785	10.30778
280.3309	10.31104
280.4833	10.31092
280.6357	10.30322
280.7881	10.30858
280.9405	10.30652
281.0929	10.30328
281.2453	10.30478
281.3977	10.30063
281.5501	10.32317
281.7025	10.40333
281.8549	10.46819
282.0073	10.46767
282.1597	10.47238
282.3121	10.46582
282.4645	10.45674
282.6169	10.46174
282.7693	10.45624
282.9217	10.46858
283.0741	10.46323
283.2265	10.46221
283.3789	10.46731
283.5313	10.45935
283.6837	10.47239
283.8361	10.46425
283.9885	10.46993
284.1409	10.46927
284.2933	10.4634
284.4457	10.43649
284.5981	10.37179
284.7505	10.247
284.9029	10.1896
285.0553	10.18418
285.2077	10.19901
285.3601	10.18566
285.5125	10.19176
285.6649	10.18955
285.8173	10.19223
285.9697	10.1846
286.1221	10.18418
286.2745	10.18817
286.4269	10.18426
286.5793	10.18825
286.7317	10.18418
286.8841	10.17326
287.0365	10.09201
287.1889	10.00602
287.3413	9.96948
287.4937	9.958158
287.6461	9.969239
287.7985	9.958123
287.9509	9.965506
288.1033	9.961343
288.2557	9.958753
288.4081	9.968637
288.5605	9.958048
288.7129	9.961181
288.8653	9.958686
289.0177	9.968201
289.1701	9.979759
289.3225	9.966155
289.4749	9.966084
289.6273	9.959087
289.7797	9.964224
289.9321	9.957576
290.0845	9.959766
290.2369	9.965589
290.3893	9.958532
290.5417	9.960702
290.6941	9.958872
290.8465	9.965691
290.9989	9.969582
291.1513	9.957576
291.3037	9.958776
291.4561	9.965106
291.6085	9.970789
291.7609	9.963178
291.9133	9.963011
292.0657	9.970209
292.2181	9.972436
292.3705	9.983143
292.5229	9.974492
292.6753	9.97879
292.8277	9.970231
292.9801	9.964178
293.1325	9.960015
293.2849	9.959299
293.4373	9.946713
293.5897	9.916763
293.7421	9.905858
293.8945	9.90249
294.0469	9.89962
294.1993	9.900093
294.3517	9.895776
294.5041	9.897818
294.6565	9.897815
294.8089	9.90373
294.9613	9.903122
295.1137	9.900182
295.2661	9.897278
295.4185	9.893941
295.5709	9.898101
295.7233	9.897531
295.8757	9.898181
296.0281	9.895005
296.1805	9.897246
296.3329	9.90282
296.4853	9.898894
296.6377	9.898267
296.7901	9.897535
296.9425	9.898563
297.0949	9.898299
297.2473	9.895776
297.3997	9.899463
297.5521	9.900592
297.7045	9.897358
297.8569	9.898443
298.0093	9.895776
298.1617	9.89697
298.3141	9.898832
298.4665	9.895776
298.6189	9.894971
298.7713	9.893674
298.9237	9.90156
299.0761	9.886932
299.2285	9.899044
299.3809	9.887693
299.5333	9.891741
299.6857	9.905719
299.8381	9.892478
299.9905	9.906678
300.1429	9.897258
300.2953	9.895776
300.4477	9.902511
300.6001	9.897541
300.7525	9.895776
300.9049	9.895776
301.0573	9.895776
301.2097	9.895776
301.3621	9.892538
301.5145	9.898615
301.6669	9.897029
301.8193	9.896053
301.9717	9.897826
302.1241	9.895776
302.2765	9.901203
302.4289	9.903099
302.5813	9.898875
302.7337	9.901175
302.8861	9.895776
303.0385	9.897227
303.1909	9.898605
303.3433	9.892558
303.4957	9.895776
303.6481	9.895776
303.8005	9.89631
303.9529	9.899325
304.1053	9.895776
304.2577	9.895776
304.4101	9.897151
304.5625	9.903291
304.7149	9.898177
304.8673	9.893233
305.0197	9.902328
305.1721	9.899313
305.3245	9.907654
305.4769	9.892616
305.6293	9.894776
305.7817	9.892694
305.9341	9.898467
306.0865	9.903285
306.2389	9.895776
306.3913	9.89697
306.5437	9.898663
306.6961	9.897048
306.8485	9.895968
307.0009	9.890238
307.1533	9.895776
307.3057	9.895776
307.4581	9.897243
307.6105	9.898389
307.7629	9.89964
307.9153	9.905284
308.0677	9.905639
308.2201	9.906474
308.3725	9.902741
308.5249	9.910928
308.6773	9.913939
308.8297	9.903531
308.9821	9.904885
309.1345	9.900452
309.2869	9.907638
309.4393	9.912429
309.5917	9.909646
309.7441	9.915843
309.8965	9.922586
310.0489	9.931005
310.2013	9.964097
310.3537	10.06022
310.5061	10.14034
310.6585	10.15762
310.8109	10.16178
310.9633	10.16062
311.1157	10.16864
311.2681	10.16616
311.4205	10.15698
311.5729	10.14148
311.7253	10.10836
311.8777	10.06496
312.0301	9.9955
312.1825	9.950428
312.3349	9.941447
312.4873	9.938343
312.6397	9.934185
312.7921	9.935689
312.9445	9.942729
313.0969	9.93646
313.2493	9.93582
313.4017	9.93322
313.5541	9.929539
313.7065	9.93492
313.8589	9.930705
314.0113	9.935098
314.1637	9.936975
314.3161	9.933708
314.4685	9.948588
314.6209	9.933125
314.7733	9.938933
314.9257	9.937653
315.0781	9.936976
315.2305	9.940506
315.3829	9.937526
315.5353	9.944209
315.6877	9.937894
315.8401	9.936977
315.9925	9.933228
316.1449	9.929063
316.2973	9.941197
316.4497	9.933399
316.6021	9.940704
316.7545	9.933166
316.9069	9.931853
317.0593	9.940944
317.2117	9.936997
317.3641	9.941048
317.5165	9.931776
317.6689	9.928952
317.8213	9.936671
317.9737	9.929125
318.1261	9.936737
318.2785	9.933138
318.4309	9.936977
318.5833	9.936977
318.7357	9.937802
318.8881	9.943835
319.0405	9.933359
319.1929	9.93643
319.3453	9.932857
319.4977	9.934123
319.6501	9.940421
319.8025	9.937877
319.9549	9.941174
320.1073	9.935364
320.2597	9.930432
320.4121	9.936083
320.5645	9.935678
320.7169	9.942267
320.8693	9.9326
321.0217	9.934233
321.1741	9.937756
321.3265	9.932203
321.4789	9.938396
321.6313	9.930894
321.7837	9.928736
321.9361	9.928736
322.0885	9.934928
322.2409	9.94373
322.3933	9.93844
322.5457	9.936574
322.6981	9.929898
322.8505	9.935412
323.0029	9.937823
323.1553	9.936216
323.3077	9.935927
323.4601	9.930061
323.6125	9.93228
323.7649	9.932857
323.9173	9.932857
324.0697	9.930914
324.2221	9.935189
324.3745	9.937557
324.5269	9.932857
324.6793	9.937091
324.8317	9.938937
324.9841	9.934773
325.1365	9.928359
325.2889	9.925762
325.4413	9.925508
325.5937	9.929377
325.7461	9.940125
325.8985	9.964948
326.0509	10.06914
326.2033	10.13455
326.3557	10.17834
326.5081	10.20613
326.6605	10.20321
326.8129	10.20361
326.9653	10.19329
327.1177	10.20122
327.2701	10.34259
327.4225	10.63873
327.5749	11.03785
327.7273	11.17278
327.8797	10.87656
328.0321	10.85103
328.1845	10.84375
328.3369	10.86765
328.4893	10.86811
328.6417	10.86924
328.7941	10.87172
328.9465	10.86506
329.0989	10.87541
329.2513	10.87042
329.4037	10.882
329.5561	10.87132
329.7085	10.87865
329.8609	10.88338
330.0133	10.91979
330.1657	10.92578
330.3181	10.9325
330.4705	10.94638
330.6229	10.95731
330.7753	11.00195
330.9277	11.07806
331.0801	11.13088
331.2325	11.1359
331.3849	11.17169
331.5373	11.21037
331.6897	11.21128
331.8421	11.23884
331.9945	11.6026
332.1469	12.00137
332.2993	11.48558
332.4517	11.70646
332.6041	11.73866
332.7565	11.55446
332.9089	11.54441
333.0613	11.32717
333.2137	10.62664
333.3661	10.50375
333.5185	10.49465
333.6709	10.49692
333.8233	10.45492
333.9757	10.4005
334.1281	10.39842
334.2805	10.30738
334.4329	10.27844
334.5853	10.26768
334.7377	10.28267
334.8901	10.27808
335.0425	10.26796
335.1949	10.23675
335.3473	10.17433
335.4997	9.960505
335.6521	9.418366
335.8045	9.248359
335.9569	9.243901
336.1093	9.237582
336.2617	9.240037
336.4141	9.24366
336.5665	9.33033
336.7189	9.585725
336.8713	9.672447
337.0237	9.691708
337.1761	9.69122
337.3285	9.692101
337.4809	9.69192
337.6333	9.699521
337.7857	9.697916
337.9381	9.62576
338.0905	9.492887
338.2429	9.418596
338.3953	9.362073
338.5477	9.294575
338.7001	9.154296
338.8525	9.088836
339.0049	9.078485
339.1573	9.07833
339.3097	9.074559
339.4621	9.071773
339.6145	9.072961
339.7669	9.07673
339.9193	9.079645
340.0717	9.077306
340.2241	9.087668
340.3765	9.081135
340.5289	9.076805
340.6813	9.073035
340.8337	9.081172
340.9861	9.087762
341.1385	9.081029
341.2909	9.071773
341.4433	9.073984
341.5957	9.079448
341.7481	9.077227
341.9005	9.079906
342.0529	9.072364
342.2053	9.078722
342.3577	9.073764
342.5101	9.07524
342.6625	9.083588
342.8149	9.07996
342.9673	9.076941
343.1197	9.092366
343.2721	9.122648
343.4245	9.162803
343.5769	9.154174
343.7293	9.154174
343.8817	9.16165
344.0341	9.159026
344.1865	9.162849
344.3389	9.138934
344.4913	9.101956
344.6437	9.082145
344.7961	9.082876
344.9485	9.087544
345.1009	9.086379
345.2533	9.091133
345.4057	9.160654
345.5581	9.198337
345.7105	9.195821
345.8629	9.195372
346.0153	9.195372
346.1677	9.195372
346.3201	9.20689
346.4725	9.19605
346.6249	9.203265
346.7773	9.19561
346.9297	9.195373
347.0821	9.203595
347.2345	9.204468
347.3869	9.286551
347.5393	9.308897
347.6917	9.314853
347.8441	9.314855
347.9965	9.315553
348.1489	9.324032
348.3013	9.327691
348.4537	9.370775
348.6061	9.387971
348.7585	9.38135
348.9109	9.384265
349.0633	9.381455
349.2157	9.385077
349.3681	9.385728
349.5205	9.385732
349.6729	9.387228
349.8253	9.380774
349.9777	9.38177
350.1301	9.383842
350.2825	9.381877
350.4349	9.383737
350.5873	9.380774
350.7397	9.380774
350.8921	9.380774
351.0445	9.384876
351.1969	9.388876
351.3493	9.37489
351.5017	9.349437
351.6541	9.274824
351.8065	9.146496
351.9589	9.075137
352.1113	9.08522
352.2637	9.079849
352.4161	9.041422
352.5685	9.012198
352.7209	9.009973
352.8733	9.009973
353.0257	9.009973
353.1781	9.012076
353.3305	9.02056
353.4829	9.017615
353.6353	9.014498
353.7877	9.01358
353.9401	9.01471
354.0925	9.019423
354.2449	9.014086
354.3973	9.015027
354.5497	9.01305
354.7021	9.015237
354.8545	9.012843
355.0069	9.009973
355.1593	9.009973
355.3117	9.009973
355.4641	9.012867
355.6165	9.011145
355.7689	9.009973
355.9213	9.013028
356.0737	9.017199
356.2261	9.011892
356.3785	9.009973
356.5309	9.009973
356.6833	9.009973
356.8357	9.009973
356.9881	9.016817
357.1405	9.000828
357.2929	8.986142
357.4453	8.909922
357.5977	8.804289
357.7501	8.754741
357.9025	8.739184
358.0549	8.745633
358.2073	8.732831
358.3597	8.737717
358.5121	8.73805
358.6645	5.737539
358.8169	9.355031
358.9693	9.411681
359.1217	9.401416
359.2741	9.405518
359.4265	9.406343
359.5789	9.402164
359.7313	9.416843
359.8837	9.401374
360.0361	9.401732
360.1885	9.405083
360.3409	9.401953
360.4933	9.405878
360.6457	9.401943
360.7981	9.40487
360.9505	9.404738
361.1029	9.421974
361.2553	9.421974
361.4077	9.421974
361.5601	9.423745
361.7125	9.428338
361.8649	9.421974
362.0173	9.421974
362.1697	9.421974
362.3221	9.420539
362.4745	9.415922
362.6269	9.412478
362.7793	9.408306
362.9317	9.410928
363.0841	9.418444
363.2365	9.412406
363.3889	9.413733
363.5413	9.412161
363.6937	9.382013
363.8461	9.280869
363.9985	9.195373
364.1509	9.202502
364.3033	9.204517
364.4557	9.195372
364.6081	9.195372
364.7605	9.195373
364.9129	9.199464
365.0653	9.199418
365.2177	9.200749
365.3701	9.200158
365.5225	9.195372
365.6749	9.197681
365.8273	9.19713
365.9797	9.210472
366.1321	9.205692
366.2845	9.195372
366.4369	9.197945
366.5893	9.196867
366.7417	9.206088
366.8941	9.200921
367.0465	9.198155
367.1989	9.20233
367.3513	9.19783
367.5037	9.201261
367.6561	9.194626
367.8085	9.194299
367.9609	9.198474
368.1133	9.196339
368.2657	9.198581
368.4181	9.196234
368.5705	9.195372
368.7229	9.198736
368.8753	9.196074
369.0277	9.19884
369.1801	9.167798
369.3325	9.165988
369.4849	9.155646
369.6373	9.154174
369.7897	9.154174
369.9421	9.154174
370.0945	9.165689
370.2469	9.154852
370.3993	9.154174
370.5517	9.158171
370.7041	9.154245
370.8565	9.166483
371.0089	9.154173
371.1613	9.154435
371.3137	9.166107
371.4661	9.154562
371.6185	9.161915
371.7709	9.154173
371.9233	9.154174
372.0757	9.154174
372.2281	9.154174
372.3805	9.154173
372.5329	9.154736
372.6853	9.159521
372.8377	9.164527
372.9901	9.155976
373.1425	9.158657
373.2949	9.135226
373.4473	9.142692
373.5997	9.145933
373.7521	9.149136
373.9045	9.155953
374.0569	9.147022
374.2093	9.15234
374.3617	9.157097
374.5141	9.158858
374.6665	9.164749
374.8189	9.151466
374.9713	9.145933
375.1237	9.147393
375.2761	9.147785
375.4285	9.14622
375.5809	9.163003
375.7333	9.188028
375.8857	9.195372
376.0381	9.195372
376.1905	9.195373
376.3429	9.199136
376.4953	9.199745
376.6477	9.195372
376.8001	9.195373
376.9525	9.195372
377.1049	9.201814
377.2573	9.201137
377.4097	9.195373
377.5621	9.193069
377.7145	9.193609
377.8669	9.202603
378.0193	9.197269
378.1717	9.193364
378.3241	9.192805
378.4765	9.191253
378.6289	9.204613
378.7813	9.20095
378.9337	9.198151
379.0861	9.196659
379.2385	9.195372
379.3909	9.210057
379.5433	9.201029
379.6957	9.195372
379.8481	9.198467
380.0005	9.196345
380.1529	9.195372
380.3053	9.195373
380.4577	9.198678
380.6101	9.199492
380.7625	9.199492
380.9149	9.200358
381.0673	9.206679
381.2197	9.300559
381.3721	9.427131
381.5245	9.611146
381.6769	9.735107
381.8293	9.844977
381.9817	9.877389
382.1341	9.879297
382.2865	9.883186
382.4389	9.8903
382.5913	9.879686
382.7437	9.887349
382.8961	9.883468
383.0485	9.834017
383.2009	9.800519
383.3533	9.747714
383.5057	9.759432
383.6581	9.747631
383.8105	9.751793
383.9629	9.75517
384.1153	9.7493
384.2677	9.774643
384.4201	9.804194
384.5725	9.836189
384.7249	9.854086
384.8773	9.850457
385.0297	9.849875
385.1821	9.846803
385.3345	9.85026
385.4869	9.860982
385.6393	9.896952
385.7917	9.922901
385.9441	9.931586
386.0965	9.928013
386.2489	9.954391
386.4013	10.0443
386.5537	10.10125
386.7061	10.11584
386.8585	10.1198
387.0109	10.10294
387.1633	10.1071
387.3157	10.10752
387.4681	10.10566
387.6205	10.1128
387.7729	10.11002
387.9253	10.10894
388.0777	10.10803
388.2301	10.11762
388.3825	10.12749
388.5349	10.12238
388.6873	10.129
388.8397	10.13206
388.9921	10.12761
389.1445	10.12937
389.2969	10.12605
389.4493	10.13391
389.6017	10.13061
389.7541	10.04952
389.9065	9.947783
390.0589	9.93594
390.2113	9.942021
390.3637	9.936977
390.5161	9.939171
390.6685	9.938858
390.8209	9.942685
390.9733	9.941455
391.1257	9.936976
391.2781	9.939395
391.4305	9.936171
391.5829	10.01687
391.7353	10.0696
391.8877	10.05838
392.0401	10.04698
392.1925	10.04135
392.3449	10.03998
392.4973	10.04286
392.6497	10.04114
392.8021	10.04905
392.9545	10.04307
393.1069	10.03998
393.2593	9.985062
393.4117	9.940246
393.5641	9.95643
393.7165	9.953965
393.8689	9.991857
394.0213	10.02379
394.1737	10.04584
394.3261	10.16614
394.4785	10.18375
394.6309	10.20343
394.7833	10.23614
394.9357	10.24572
395.0881	10.25613
395.2405	10.20064
395.3929	10.19234
395.5453	10.18815
395.6977	10.18472
395.8501	10.19377
396.0025	10.18418
396.1549	10.18418
396.3073	10.18418
396.4597	10.1853
396.6121	10.19116
396.7645	10.18558
396.9169	10.19088
397.0693	10.18418
397.2217	10.18599
397.3741	10.19046
397.5265	10.18835
397.6789	10.1962
397.8313	10.18654
397.9837	10.19242
398.1361	10.18977
398.2885	10.18557
398.4409	10.19049
398.5933	10.19677
398.7457	10.20225
398.8981	10.20311
399.0505	10.20066
399.2029	10.19795
399.3553	10.19729
399.5077	10.2026
399.6601	10.21282
399.8125	10.22126
399.9649	10.21803
400.1173	10.22063
400.2697	10.22309
400.4221	10.22126
400.5745	10.24068
400.7269	10.25547
400.8793	10.26525
401.0317	10.2628
401.1841	10.26374
401.3365	10.25965
401.4889	10.26054
401.6413	10.26537
401.7937	10.25169
401.9461	10.26122
402.0985	10.25488
402.2509	10.25671
402.4033	10.17043
402.5557	10.08725
402.7081	10.02882
402.8605	10.01505
403.0129	10.01158
403.1653	10.01114
403.3177	10.0038
403.4701	10.02533
403.6225	10.13417
403.7749	10.36396
403.9273	10.31069
404.0797	10.20742
404.2321	10.20478
404.3845	10.20989
404.5369	10.20498
404.6893	10.21267
404.8417	10.2111
404.9941	10.31564
405.1465	10.34746
405.2989	10.32758
405.4513	10.28461
405.6037	10.26873
405.7561	10.2808
405.9085	10.26776
406.0609	10.27605
406.2133	10.29916
406.3657	10.43943
406.5181	10.74126
406.6705	10.87294
406.8229	10.87783
406.9753	10.88149
407.1277	10.8693
407.2801	10.87304
407.4325	10.86895
407.5849	10.87484
407.7373	10.88187
407.8897	10.87617
408.0421	10.8914
408.1945	10.90185
408.3469	10.91754
408.4993	10.91754
408.6517	10.92098
408.8041	10.92741
408.9565	10.9242
409.1089	10.94567
409.2613	10.95113
409.4137	10.94792
409.5661	10.95727
409.7185	10.82474
409.8709	10.49062
410.0233	10.38696
410.1757	10.43674
410.3281	10.47544
410.4805	10.46434
410.6329	10.46574
410.7853	10.46632
410.9377	10.45866
411.0901	10.44607
411.2425	10.41146
411.3949	10.36767
411.5473	10.34617
411.6997	10.29548
411.8521	10.25764
412.0045	10.25336
412.1569	10.26
412.3093	10.25993
412.4617	10.25884
412.6141	10.26419
412.7665	10.2701
412.9189	10.27124
413.0713	10.27021
413.2237	10.30058
413.3761	10.32877
413.5285	10.32804
413.6809	10.33058
413.8333	10.32838
413.9857	10.33232
414.1381	10.33262
414.2905	10.3304
414.4429	10.32789
414.5953	10.32582
414.7477	10.32628
414.9001	10.34978
415.0525	10.41677
415.2049	10.45828
415.3573	10.46132
415.5097	10.48124
415.6621	10.49053
415.8145	10.53519
415.9669	10.58713
416.1193	10.59618
416.2717	10.60798
416.4241	10.60485
416.5765	10.60583
416.7289	10.6029
416.8813	10.59618
417.0337	10.60116
417.1861	10.59939
417.3385	10.60572
417.4909	10.60199
417.6432	10.59618
417.7956	10.60667
417.9480	10.60206
418.1004	10.6062
418.2528	10.60151
418.4052	10.59618
418.5576	10.60168
418.7100	10.59886
418.8624	10.6046
419.0148	10.56894
419.1672	10.34248
419.3196	10.22127
419.4720	10.20599
419.6244	10.20771
419.7768	10.20001
419.9292	10.15473
420.0816	10.12983
420.2340	10.12726
420.3864	10.13289
420.5388	10.12856
420.6912	10.1265
420.8436	10.12728
420.9960	10.12357
421.1484	10.13834
421.3008	10.12687
421.4532	10.12644
421.6056	10.13326
421.7580	10.12484
421.9104	10.14232
422.0628	10.13035
422.2152	10.13156
422.3676	10.12417
422.5200	10.12238
422.6724	10.14311
422.8248	10.1297
422.9772	10.12299
423.1296	10.12238
423.2820	10.12238
423.4344	10.12955
423.5868	10.12339
423.7392	10.13693
423.8916	10.13153
424.0440	10.13431
424.1964	10.13845
424.3488	10.12389
424.5012	10.13368
424.6536	10.13474
424.8060	10.1271
424.9584	10.12746
425.1108	10.12269
425.2632	10.14187
425.4156	10.12336
425.5680	10.12238
425.7204	10.12238
425.8728	10.12238
426.0252	10.13446
426.1776	10.12257
426.3300	10.12238
426.4824	10.12238
426.6348	10.12243
426.7872	10.13875
426.9396	10.12643
427.0920	10.12238
427.2444	10.12238
427.3968	10.12295
427.5492	10.13834
427.7016	10.12679
427.8540	10.13257
428.0064	10.13013
428.1588	10.12374
428.3112	10.14178
428.4636	10.12658
428.6160	10.12709
428.7684	10.12238
428.9208	10.1248
429.0732	10.14506
429.2256	10.12741
429.3780	10.12602
429.5304	10.12289
429.6828	10.12809
429.8352	10.13662
429.9876	10.12238
430.1400	10.12238
430.2924	10.12238
430.4448	10.12487
430.5972	10.13182
430.7496	10.10249
430.9020	10.10812
431.0544	10.1152
431.2068	10.10574
431.3592	10.11992
431.5116	10.11086
431.6640	10.11675
431.8164	10.12111
431.9688	10.1064
432.1212	10.11953
432.2736	10.11002
432.4260	10.10801
432.5784	10.10307
432.7308	10.10772
432.8832	10.10894
433.0356	10.107
433.1880	10.11002
433.3404	10.10915
433.4928	10.11018
433.6452	10.11463
433.7976	10.1059
433.9500	10.10463
434.1024	10.10178
434.2548	10.10967
434.4072	10.12113
434.5596	10.11002
434.7120	10.11246
434.8644	10.11334
435.0168	10.11167
435.1692	10.12532
435.3216	10.1351
435.4740	10.14488
435.6264	10.14619
435.7788	10.14455
435.9312	10.1519
436.0836	10.18343
436.2360	10.24048
436.3884	10.26733
436.5408	10.2693
436.6932	10.27374
436.8456	10.26658
436.9980	10.26836
437.1504	10.26889
437.3028	10.27391
437.4552	10.27562
437.6076	10.26658
437.7600	10.26275
437.9124	10.24864
438.0648	10.22792
438.2172	10.21315
438.3696	10.21193
438.5220	10.2161
438.6744	10.213
438.8268	10.21517
438.9792	10.21543
439.1316	10.21369
439.2840	10.21714
439.4364	10.21714
439.5888	10.21714
439.7412	10.21038
439.8936	10.21161
440.0460	10.21484
440.1984	10.20836
440.3508	10.21657
440.5032	10.21644
440.6556	10.21414
440.8080	10.222
440.9604	10.218
441.1128	10.22048
441.2652	10.21282
441.4176	10.20985
441.5700	10.21302
441.7224	10.21043
441.8748	10.21936
442.0272	10.21217
442.1796	10.21279
442.3320	10.21444
442.4844	10.21098
442.6368	10.2257
442.7892	10.21423
442.9416	10.21317
443.0940	10.21149
443.2464	10.20605
443.3988	10.2134
443.5512	10.20843
443.7036	10.20478
443.8560	10.20478
444.0084	10.20478
444.1608	10.21982
444.3132	10.21022
444.4656	10.21395
444.6180	10.21097
444.7704	10.20579
444.9228	10.20478
445.0752	10.20478
445.2276	10.20796
445.3800	10.20167
445.5324	10.16477
445.6848	10.16515
445.8372	10.15453
445.9896	10.18442
446.1420	10.24013
446.2944	10.24354
446.4468	10.24865
446.5992	10.24668
446.7516	10.25287
446.9040	10.25161
447.0564	10.24675
447.2088	10.2495
447.3612	10.2501
447.5136	10.24652
447.6660	10.24237
447.8184	10.24549
447.9708	10.24598
448.1232	10.23676
448.2756	10.23753
448.4280	10.2751
448.5804	10.29397
448.7328	10.31813
448.8852	10.34684
449.0376	10.34898
449.1900	10.35671
449.3424	10.35333
449.4948	10.36094
449.6472	10.34949
449.7996	10.36486
449.9520	10.36946
450.1044	10.3535
450.2568	10.37434
450.4092	10.35741
450.5616	10.34493
450.7140	10.34072
450.8664	10.32838
451.0188	10.32838
451.1712	10.32863
451.3236	10.34063
451.4760	10.33634
451.6284	10.32855
451.7808	10.33231
451.9332	10.32903
452.0856	10.34062
452.2380	10.33801
452.3904	10.32897
452.5428	10.33599
452.6952	10.32838
452.8476	10.32884
453.0000	10.33303
453.1524	10.32838
453.3048	10.32838
453.4572	10.32838
453.6096	10.32901
453.7620	10.33287
453.9144	10.33057
454.0668	10.34255
454.2192	10.32989
454.3716	10.33899
454.5240	10.33878
454.6764	10.32974
454.8288	10.3352
454.9812	10.3293
455.1336	10.33334
455.2860	10.33171
455.4384	10.32838
455.5908	10.32838
455.7432	10.32838
455.8956	10.33104
456.0480	10.33799
456.2004	10.33027
456.3528	10.33468
456.5052	10.32838
456.6576	10.32838
456.8100	10.32838
456.9624	10.32838
457.1148	10.33387
457.2672	10.35349
457.4196	10.36661
457.5720	10.3684
457.7244	10.36907
457.8768	10.37537
458.0292	10.36958
458.1816	10.36958
458.3340	10.37874
458.4864	10.40075
458.6388	10.40189
458.7912	10.39569
458.9436	10.40125
459.0960	10.40234
459.2484	10.3965
459.4008	10.39674
459.5532	10.39321
459.7056	10.40149
459.8580	10.40431
460.0104	10.40127
460.1628	10.40092
460.3152	10.40006
460.4676	10.40588
460.6200	10.40568
460.7724	10.39496
460.9248	10.39193
461.0772	10.4014
461.2296	10.41529
461.3820	10.411
461.5344	10.42253
461.6868	10.40696
461.8392	10.33977
461.9916	10.31894
462.1440	10.31832
462.2964	10.32426
462.4488	10.32024
462.6012	10.31806
462.7536	10.32427
462.9060	10.35138
463.0584	10.40966
463.2108	10.44803
463.3632	10.45198
463.5156	10.46076
463.6680	10.46624
463.8204	10.53162
463.9728	10.75145
464.1252	10.75124
464.2776	10.42257
464.4300	10.24775
464.5824	10.13189
464.7348	9.802922
464.8872	9.627975
465.0396	9.632884
465.1920	9.633733
465.3444	9.664681
465.4968	9.707178
465.6492	9.773076
465.8016	9.936802
465.9540	10.13531
466.1064	10.53452
466.2588	10.40836
466.4112	10.11411
466.5636	10.05636
466.7160	10.05783
466.8684	10.05577
467.0208	10.04495
467.1732	10.03998
467.3256	10.04567
467.4780	10.04247
467.6304	10.05445
467.7828	10.04597
467.9352	10.03998
468.0876	10.04593
468.2400	10.04222
468.3924	10.04603
468.5448	10.04211
468.6972	10.03998
468.8496	10.04774
469.0020	10.06124
469.1544	10.08363
469.3068	10.08305
469.4592	10.08519
469.6116	10.09198
469.7640	10.08376
469.9164	10.08775
470.0688	10.08279
470.2212	10.08118
470.3736	10.08791
470.5260	10.08263
470.6784	10.08802
470.8308	10.08253
470.9832	10.08118
471.1356	10.08118
471.2880	10.08118
471.4404	10.08118
471.5928	10.08118
471.7452	10.08118
471.8976	10.09568
472.0500	10.08304
472.2024	10.08118
472.3548	10.11081
472.5072	10.17758
472.6596	10.1917
472.8120	10.18485
472.9644	10.18418
473.1168	10.18418
473.2692	10.1919
473.4216	10.19242
473.5740	10.1846
473.7264	10.18418
473.8788	10.19211
474.0312	10.18443
474.1836	10.19221
474.3360	10.18433
474.4884	10.18418
474.6408	10.18418
474.7932	10.18418
474.9456	10.18418
475.0980	10.18428
475.2504	10.19242
475.4028	10.19221
475.5552	10.1845
475.7076	10.19409
475.8600	10.18436
476.0124	10.18809
476.1648	10.18418
476.3172	10.18483
476.4696	10.19375
476.6220	10.18418
476.7744	10.18418
476.9268	10.18959
477.0792	10.24637
477.2316	10.24926
477.3840	10.2423
477.5364	10.24691
477.6888	10.25324
477.8412	10.24689
477.9936	10.25338
478.1460	10.24636
478.2984	10.24976
478.4508	10.24598
478.6032	10.24598
478.7556	10.24598
478.9080	10.24598
479.0604	10.24614
479.2128	10.24997
479.3652	10.24607
479.5176	10.24999
479.6700	10.24187
479.8224	10.24596
479.9748	10.24191
480.1272	10.24588
480.2796	10.24997
480.4320	10.27086
480.5844	10.2982
480.7368	10.31117
480.8892	10.30421
481.0416	10.29985
481.1940	10.29765
481.3464	10.30309
481.4988	10.30736
481.6512	10.30045
481.8036	10.30317
481.9560	10.29826
482.1084	10.2957
482.2608	10.29894
482.4132	10.29954
482.5656	10.32369
482.7180	10.30452
482.8704	10.32316
483.0228	10.23156
483.1752	9.957628
483.3276	9.916212
483.4800	9.898132
483.6324	9.894849
483.7848	9.898932
483.9372	9.892867
484.0896	9.900645
484.2420	9.894871
484.3944	9.894668
484.5468	9.898755
484.6992	9.896957
484.8516	9.904486
485.0040	9.893797
485.1564	9.893196
485.3088	9.899272
485.4612	9.89748
485.6136	9.906661
485.7660	9.896142
485.9184	9.895493
486.0708	9.897284
486.2232	9.895776
486.3756	9.9034
486.5280	9.897479
486.6804	9.893711
486.8328	9.900632
486.9852	9.899228
487.1376	9.900495
487.2900	9.899366
487.4424	9.895776
487.5948	9.893526
487.7472	9.89387
487.8996	9.900137
488.0520	9.899732
488.2044	9.895776
488.3568	9.897846
488.5092	9.897863
488.6616	9.900763
488.8140	9.901183
488.9664	9.895776
489.1188	9.897664
489.2712	9.898043
489.4236	9.904858
489.5760	9.907487
489.7284	9.895776
489.8808	9.899194
490.0332	9.900672
490.1856	9.902298
490.3380	9.905874
490.4904	9.895776
490.6428	9.898824
490.7952	9.901044
490.9476	9.900128
491.1000	9.901049
491.2524	9.8903
491.4048	9.897459
491.5572	9.897987
491.7096	9.895474
491.8620	9.899076
492.0144	9.891129
492.1668	9.901635
492.3192	9.903266
492.4716	9.899048
492.6240	9.904976
492.7764	9.895776
492.9288	9.897
493.0812	9.899743
493.2336	9.897596
493.3860	9.901388
493.5384	9.892488
493.6908	9.896572
493.8432	9.899128
493.9956	9.896525
494.1480	9.898431
494.3004	9.892378
494.4528	9.897197
494.6052	9.901907
494.7576	9.893027
494.9100	9.898547
495.0624	9.892321
495.2148	9.896434
495.3672	9.898605
495.5196	9.892284
495.6720	9.894998
495.8244	9.891389
495.9768	9.896375
496.1292	9.899314
496.2816	9.895776
496.4340	9.895776
496.5864	9.895776
496.7388	9.895776
496.8912	9.895776
497.0436	9.896294
497.1960	9.899389
497.3484	9.895776
497.5008	9.896742
497.6532	9.903073
497.8056	9.896695
497.9580	9.90312
498.1104	9.896648
498.2628	9.904016
498.4152	9.90319
498.5676	9.896278
498.7200	9.899639
498.8724	9.888292
499.0248	9.895409
499.1772	9.892018
499.3296	9.895776
499.4820	9.895444
499.6344	9.891975
499.7868	9.895776
499.9392	9.895776
500.0916	9.895776
500.2440	9.895776
500.3964	9.895776
500.5488	9.895519
500.7012	9.891901
500.8536	9.896003
501.0060	9.900339
501.1584	9.911077
501.3108	9.965817
501.4632	9.966133
501.6156	9.975523
501.7680	10.03615
501.9204	10.14525
502.0728	10.20478
502.2252	10.20446
502.3776	10.19454
502.5300	10.19643
502.6824	10.19272
502.8348	10.20468
502.9872	10.19958
503.1396	10.1966
503.2920	10.2006
503.4444	10.19661
503.5968	10.20472
503.7492	10.19451
503.9016	10.20478
504.0540	10.20889
504.2064	10.2007
504.3588	10.21291
504.5112	10.19466
504.6636	10.19651
504.8160	10.20059
504.9684	10.19662
505.1208	10.20864
505.2732	10.19482
505.4256	10.19648
505.5780	10.20054
505.7304	10.19667
505.8828	10.19952
506.0352	10.19666
506.1876	10.20444
506.3400	10.21266
506.4924	10.20123
506.6448	10.21437
506.7972	10.20922
506.9496	10.205
507.1020	10.21254
507.2544	10.20528
507.4068	10.21249
507.5592	10.20532
507.7116	10.20478
507.8640	10.21625
508.0164	10.2057
508.1688	10.20478
508.3212	10.20478
508.4736	10.20478
508.6260	10.20855
508.7784	10.20514
508.9308	10.21601
509.0832	10.20593
509.2356	10.20478
509.3880	10.20478
509.5404	10.19369
509.6928	10.21087
509.8452	10.1983
509.9976	10.19654
510.1500	10.20019
510.3024	10.19519
510.4548	10.21446
510.6072	10.19541
510.7596	10.23026
510.9120	10.29503
511.0644	10.30007
511.2168	10.31026
511.3692	10.30478
511.5216	10.30721
511.6740	10.30335
511.8264	10.30704
511.9788	10.31129
512.1312	10.30839
512.2836	10.30778
512.4360	10.31126
512.5884	10.30842
512.7408	10.31124
512.8932	10.30845
513.0456	10.30778
513.1980	10.31464
513.3504	10.30578
513.5028	10.31386
513.6552	10.30501
513.8076	10.30686
513.9600	10.30778
514.1124	10.30107
514.2648	10.30288
514.4172	10.29865
514.5696	10.30579
514.7220	10.30778
514.8744	10.30448
515.0268	10.30695
515.1792	10.30778
515.3316	10.31104
515.4840	10.30865
515.6364	10.30778
515.7888	10.30374
515.9412	10.30343
516.0936	10.31007
516.2460	10.3087
516.3984	10.30459
516.5508	10.3108
516.7032	10.30581
516.8556	10.31311
517.0080	10.3066
517.1604	10.30991
517.3128	10.31268
517.4652	10.30594
517.6176	10.31603
517.7700	10.30474
517.9224	10.30568
518.0748	10.32001
518.2272	10.3273
518.3796	10.34661
518.5320	10.33493
518.6844	10.33214
518.8368	10.34177
518.9892	10.33588
519.1416	10.33846
519.2940	10.33184
519.4464	10.32838
519.5988	10.33427
519.7512	10.33075
519.9036	10.33422
520.0560	10.33081
520.2084	10.33562
520.3608	10.33434
520.5132	10.32962
520.6656	10.33696
520.8180	10.33218
520.9704	10.33122
521.1228	10.33533
521.2752	10.34788
521.4276	10.36783
521.5800	10.36564
521.7324	10.38639
521.8848	10.41782
522.0372	10.4245
522.1896	10.43207
522.3420	10.42763
522.4944	10.42587
522.6468	10.42726
522.7992	10.42726
522.9516	10.43331
523.1040	10.42512
523.2564	10.4297
523.4088	10.43019
523.5612	10.4266
523.7136	10.42689
523.8660	10.42463
524.0184	10.43097
524.1708	10.42511
524.3232	10.42031
524.4756	10.42495
524.6280	10.42469
524.7804	10.45061
524.9328	10.47061
525.0852	10.32052
525.2376	10.17249
525.3900	10.13635
525.5424	10.13974
525.6948	10.14049
525.8472	10.13638
525.9996	10.14212
526.1520	10.13974
526.3044	10.13962
526.4568	10.14298
526.6092	10.14298
526.7616	10.14298
526.9140	10.13699
527.0664	10.13863
527.2188	10.14298
527.3712	10.14062
527.5236	10.14355
527.6760	10.13892
527.8284	10.14316
527.9808	10.14195
528.1332	10.13934
528.2856	10.14298
528.4380	10.14298
528.5904	10.14752
528.7428	10.1422
528.8952	10.13474
529.0476	10.13642
529.2000	10.1406
529.3524	10.14739
529.5048	10.14242
529.6572	10.13912
529.8096	10.14298
529.9620	10.14081
530.1144	10.14316
530.2668	10.14281
530.4192	10.14099
530.5716	10.14086
530.7240	10.16624
530.8764	10.20711
531.0288	10.21552
531.1812	10.21355
531.3336	10.2192
531.4860	10.21921
531.6384	10.22326
531.7908	10.22239
531.9432	10.22013
532.0956	10.21936
532.2480	10.21501
532.4004	10.21912
532.5528	10.21583
532.7052	10.21531
532.8576	10.21736
533.0100	10.21496
533.1624	10.21617
533.3148	10.21412
533.4672	10.22062
533.6196	10.22193
533.7720	10.2149
533.9244	10.22088
534.0768	10.22167
534.2292	10.22083
534.3816	10.16843
534.5340	10.0849
534.6864	10.07425
534.8388	10.08658
534.9912	10.11681
535.1436	10.16308
535.2960	10.18947
535.4484	10.19566
535.6008	10.19012
535.7532	10.1911
535.9056	10.19378
536.0580	10.18418
536.2104	10.18418
536.3628	10.18418
536.5152	10.19087
536.6676	10.19401
536.8200	10.18748
536.9724	10.18914
537.1248	10.18418
537.2772	10.19064
537.4296	10.19424
537.5820	10.18617
537.7344	10.18893
537.8868	10.18672
538.0392	10.18573
538.1916	10.18675
538.3440	10.18418
538.4964	10.18418
538.6488	10.18418
538.8012	10.18418
538.9536	10.18418
539.1060	10.18788
539.2584	10.19082
539.4108	10.18709
539.5632	10.18952
539.7156	10.18418
539.8680	10.19555
540.0204	10.21714
540.1728	10.21714
540.3252	10.21575
540.4776	10.21199
540.6300	10.21095
540.7824	10.21437
540.9348	10.21982
541.0872	10.22005
541.2396	10.21253
541.3920	10.22186
541.5444	10.22279
541.6968	10.21843
541.8492	10.21998
542.0016	10.21808
542.1540	10.21804
542.3064	10.21426
542.4588	10.21837
542.6112	10.22095
542.7636	10.21933
542.9160	10.21594
543.0684	10.21539
543.2208	10.22009
543.3732	10.21801
543.5256	10.21937
543.6780	10.216
543.8304	10.21527
543.9828	10.22098
544.1352	10.2205
544.2876	10.21907
544.4400	10.2141
544.5924	10.21714
544.7448	10.21793
544.8972	10.22049
545.0496	10.22126
545.2020	10.22126
545.3544	10.22101
545.5068	10.22148
545.6592	10.2234
545.8116	10.21811
545.9640	10.2174
546.1164	10.20597
546.2688	10.21252
546.4212	10.21754
546.5736	10.20753
546.7260	10.22348
546.8784	10.24777
547.0308	10.25245
547.1832	10.24598
547.3356	10.24705
547.4880	10.25007
547.6404	10.24598
547.7928	10.24598
547.9452	10.24517
548.0976	10.24367
548.2500	10.24934
548.4024	10.24499
548.5548	10.25604
548.7072	10.24598
548.8596	10.24785
549.0120	10.25443
549.1644	10.24598
549.3168	10.24598
549.4692	10.24598
549.6216	10.24684
549.7740	10.25028
549.9264	10.24664
550.0788	10.24944
550.2312	10.24598
550.3836	10.24598
550.5360	10.24598
550.6884	10.24537
550.8408	10.24246
550.9932	10.24745
551.1456	10.25484
551.2980	10.24598
551.4504	10.24598
551.6028	10.24598
551.7552	10.24705
551.9076	10.2537
552.0600	10.24959
552.2124	10.24697
552.3648	10.25324
552.5172	10.24692
552.6696	10.2533
552.8220	10.24643
552.9744	10.25021
553.1268	10.2506
553.2792	10.24721
553.4316	10.25713
553.5840	10.24598
553.7364	10.24646
553.8888	10.25067
554.0412	10.24598
554.1936	10.24598
554.3460	10.24598
554.4984	10.24662
554.6508	10.25359
554.8032	10.24658
554.9556	10.25364
555.1080	10.24625
555.2604	10.2501
555.4128	10.24984
555.5652	10.24598
555.7176	10.24569
555.8700	10.24199
556.0224	10.26162
556.1748	10.24598
556.3272	10.24598
556.4796	10.24598
556.6320	10.2463
556.7844	10.25391
556.9368	10.24612
557.0892	10.25013
557.2416	10.25098
557.3940	10.2465
557.5464	10.26658
557.6988	10.26658
557.8512	10.26666
558.0036	10.27166
558.1560	10.26668
558.3084	10.27474
558.4608	10.2666
558.6132	10.2707
558.7656	10.27069
558.9180	10.26658
559.0704	10.26658
559.2228	10.26658
559.3752	10.27882
559.5276	10.26673
559.6800	10.26658
559.8324	10.27465
559.9848	10.26675
560.1372	10.27462
560.2896	10.27081
560.4420	10.27868
560.5944	10.27694
560.7468	10.27092
560.8992	10.28259
561.0516	10.26723
561.2040	10.27446
561.3564	10.27678
561.5088	10.271
561.6612	10.28243
561.8136	10.27138
561.9660	10.27167
562.1184	10.26689
562.2708	10.26658
562.4232	10.27427
562.5756	10.26715
562.7280	10.27423
562.8804	10.26718
563.0328	10.26658
563.1852	10.27131
563.3376	10.26701
563.4900	10.27412
563.6424	10.2673
563.7948	10.26658
563.9472	10.26658
564.0996	10.26658
564.2520	10.27772
564.4044	10.27524
564.5568	10.28127
564.7092	10.29031
564.8616	10.28396
565.0140	10.2794
565.1664	10.29078
565.3188	10.32048
565.4712	10.34236
565.6236	10.3629
565.7760	10.41222
565.9284	10.42977
566.0808	10.4421
566.2332	10.43305
566.3856	10.43138
566.5380	10.43138
566.6904	10.43138
566.8428	10.43489
566.9952	10.43199
567.1476	10.43138
567.3000	10.43573
567.4524	10.40092
567.6048	10.33541
567.7572	10.31478
567.9096	10.3052
568.0620	10.25567
568.2144	10.24598
568.3668	10.25278
568.5192	10.24744
568.6716	10.24598
568.8240	10.11115
568.9764	10.0711
569.1288	10.14986
569.2812	10.16456
569.4336	10.17023
569.5860	10.15857
569.7384	10.10838
569.8908	10.09087
570.0432	10.08286
570.1956	10.08444
570.3480	10.08205
570.5004	10.08118
570.6528	10.08118
570.8052	10.08118
570.9576	10.0876
571.1100	10.08702
571.2624	10.08871
571.4148	10.08624
571.5672	10.0853
571.7196	10.09396
571.8720	10.08486
572.0244	10.09368
572.1768	10.08518
572.3292	10.08118
572.4816	10.08891
572.6340	10.08378
572.7864	10.08732
572.9388	10.08329
573.0912	10.0926
573.2436	10.08525
573.3960	10.08118
573.5484	10.08419
573.7008	10.0823
573.8532	10.08492
574.0056	10.0826
574.1580	10.08118
574.3104	10.1048
574.4628	10.14211
574.6152	10.17822
574.7676	10.18537
574.9200	10.19873
575.0724	10.29757
575.2248	10.48968
575.3772	10.65565
575.5296	10.69918
575.6820	10.70489
575.8344	10.70174
575.9868	10.70201
576.1392	10.70612
576.2916	10.68497
576.4440	10.57594
576.5964	10.51879
576.7488	10.51378
576.9012	10.51378
577.0536	10.47527
577.2060	10.45336
577.3584	10.43833
577.5108	10.4341
577.6632	10.4355
577.8156	10.43281
577.9680	10.43406
578.1204	10.43283
578.2728	10.43669
578.4252	10.43433
578.5776	10.43138
578.7300	10.43926
578.8824	10.43589
579.0348	10.43658
579.1872	10.44739
579.3396	10.45198
579.4920	10.45712
579.6444	10.45511
579.7968	10.46723
579.9492	10.4615
580.1016	10.46207
580.2540	10.46345
580.4064	10.45835
580.5588	10.46894
580.7112	10.4668
580.8636	10.46515
581.0160	10.466
581.1684	10.46007
581.3208	10.46138
581.4732	10.46192
581.6256	10.46503
581.7780	10.46487
581.9304	10.4587
582.0828	10.46322
582.2352	10.46374
582.3876	10.46433
582.5400	10.46101
582.6924	10.46308
582.8448	10.46382
582.9972	10.46252
583.1496	10.46606
583.3020	10.46116
583.4544	10.45837
583.6068	10.46417
583.7592	10.48596
583.9116	10.51037
584.0640	10.51122
584.2164	10.50333
584.3688	10.50802
584.5212	10.51159
584.6736	10.50748
584.8260	10.50337
584.9784	10.50142
585.1308	10.50249
585.2832	10.50241
585.4356	10.50566
585.5880	10.51388
585.7404	10.52209
585.8928	10.5251
586.0452	10.52719
586.1976	10.5282
586.3500	10.53434
586.5024	10.53599
586.6548	10.52568
586.8072	10.50183
586.9596	10.47881
587.1120	10.47471
587.2644	10.47258
587.4168	10.47456
587.5692	10.47474
587.7216	10.47258
587.8740	10.47742
588.0264	10.47806
588.1788	10.47258
588.3312	10.47448
588.4836	10.48426
588.6360	10.48941
588.7884	10.48494
588.9408	10.49051
589.0932	10.48992
589.2456	10.48403
589.3980	10.48848
589.5504	10.48544
589.7028	10.48981
589.8552	10.4956
590.0076	10.49025
590.1600	10.48965
590.3124	10.48669
590.4648	10.4908
590.6172	10.48885
590.7696	10.49063
590.9220	10.49799
591.0744	10.48809
591.2268	10.46903
591.3792	10.45198
591.5316	10.45531
591.6840	10.44702
591.8364	10.40637
591.9888	10.37432
592.1412	10.36883
592.2936	10.36937
592.4460	10.37398
592.5984	10.36055
592.7508	10.36164
592.9032	10.36702
593.0556	10.37112
593.2080	10.36832
593.3604	10.3631
593.5128	10.36806
593.6652	10.36696
593.8176	10.36958
593.9700	10.36661
594.1224	10.36281
594.2748	10.364
594.4272	10.36423
594.5796	10.36778
594.7320	10.36621
594.8844	10.37099
595.0368	10.3695
595.1892	10.36759
595.3416	10.37506
595.4940	10.36682
595.6464	10.36687
595.7988	10.36268
595.9512	10.36679
596.1036	10.36694
596.2560	10.36265
596.4084	10.36416
596.5608	10.3623
596.7132	10.37116
596.8656	10.38863
597.0180	10.39945
597.1704	10.40819
597.3228	10.40676
597.4752	10.4169
597.6276	10.42162
597.7800	10.42726
597.9324	10.42693
598.0848	10.42656
598.2372	10.42726
598.3896	10.42594
598.5420	10.42579
598.6944	10.42971
598.8468	10.4279
598.9992	10.42738
599.1516	10.42304
599.3040	10.42869
599.4564	10.41403
599.6088	10.38823
599.7612	10.36963
599.9136	10.36678
600.0660	10.36656
600.2184	10.3387
600.3708	10.33111
600.5232	10.33387
600.6756	10.32838
600.8280	10.33529
600.9804	10.48745
601.1328	11.32608
601.2852	11.82571
601.4376	10.50979
601.5900	10.27339
601.7424	10.26938
601.8948	10.27341
602.0472	10.26929
602.1996	10.26941
602.3520	10.27198
602.5044	10.27227
602.6568	10.27735
602.8092	10.26658
602.9616	10.26944
603.1140	10.27195
603.2664	10.26658
603.4188	10.26658
603.5712	10.26802
603.7236	10.26925
603.8760	10.26658
604.0284	10.27023
604.1808	10.27322
604.3332	10.27244
604.4856	10.28012
604.6380	10.2763
604.7904	10.2745
604.9428	10.26806
605.0952	10.27515
605.2476	10.27859
605.4000	10.27107
605.5524	10.2624
605.7048	10.24598
605.8572	10.25799
606.0096	10.39331
606.1620	10.60805
606.3144	10.73269
606.4668	10.96832
606.6192	11.10276
606.7716	11.19335
606.9240	11.4604
607.0764	11.23876
607.2288	10.53506
607.3812	10.67156
607.5336	10.63262
607.6860	10.63481
607.8384	10.63738
607.9908	10.63738
608.1432	10.66272
608.2956	10.79593
608.4480	10.7583
608.6004	10.45198
608.7528	10.45592
608.9052	10.45834
609.0576	10.45672
609.2100	10.45958
609.3624	10.45515
609.5148	10.45704
609.6672	10.45198
609.8196	10.45518
609.9720	10.45701
610.1244	10.45399
610.2768	10.45351
610.4292	10.44947
610.5816	10.45198
610.7340	10.45198
610.8864	10.45036
611.0388	10.44948
611.1912	10.46015
611.3436	10.47585
611.4960	10.56556
611.6484	10.55807
611.8008	10.46346
611.9532	10.80927
612.1056	11.08525
612.2580	11.10195
612.4104	11.05794
612.5628	10.77085
612.7152	10.78512
612.8676	11.49601
613.0200	11.41782
613.1724	10.61503
613.3248	10.37523
613.4772	10.56833
613.6296	10.88126
613.7820	10.9745
613.9344	10.97424
614.0868	10.93971
614.2392	10.69481
614.3916	10.38544
614.5440	10.36691
614.6964	10.36915
614.8488	10.36477
615.0012	10.37475
615.1536	10.48275
615.3060	10.9922
615.4584	11.47658
615.6108	11.39559
615.7632	11.30708
615.9156	11.27127
616.0680	11.05273
616.2204	10.84985
616.3728	10.8112
616.5252	10.70967
616.6776	10.6827
616.8300	10.43373
616.9824	10.43581
617.1348	10.43724
617.2872	10.43138
617.4396	10.43673
617.5920	10.43837
617.7444	10.43496
617.8968	10.43962
618.0492	10.57996
618.2016	10.63493
618.3540	10.47619
618.5064	10.48625
618.6588	10.48956
618.8112	10.4863
618.9636	10.49031
619.1160	10.49318
619.2684	10.49501
619.4208	10.52976
619.5732	10.7378
619.7256	10.79744
619.8780	10.50554
620.0304	10.37416
620.1828	10.37612
620.3352	10.37225
620.4876	10.36174
620.6400	10.3628
620.7924	10.36585
620.9448	10.36507
621.0972	10.36958
621.2496	10.36488
621.4020	10.3621
621.5544	10.37299
621.7068	10.55002
621.8592	10.7543
622.0116	10.57715
622.1640	10.36703
622.3164	10.38701
622.4688	10.40635
622.6212	10.37495
622.7736	10.33496
622.9260	10.33278
623.0784	10.32838
623.2308	10.40785
623.3832	10.55956
623.5356	10.77001
623.6880	10.63971
623.8404	10.30661
623.9928	10.30343
624.1452	10.30583
624.2976	10.30561
624.4500	10.30533
624.6024	10.30507
624.7548	10.30582
624.9072	10.30562
625.0596	10.30285
625.2120	10.48819
625.3644	10.68121
625.5168	10.50391
625.6692	10.32838
625.8216	10.33236
625.9740	10.33662
626.1264	10.33861
626.2788	10.34972
626.4312	10.36629
626.5836	10.36366
626.7360	10.33503
626.8884	10.31199
627.0408	10.30778
627.1932	10.30778
627.3456	10.30778
627.4980	10.31031
627.6504	10.32055
627.8028	10.33246
627.9552	10.34019
628.1076	10.35659
628.2600	10.37367
628.4124	10.3528
628.5648	10.32838
628.7172	10.32838
628.8696	10.36206
629.0220	10.41254
629.1744	10.4228
629.3268	10.42581
629.4792	10.42057
629.6316	10.43315
629.7840	10.42713
629.9364	10.77065
630.0888	10.33094
630.2412	10.32838
630.3936	10.32838
630.5460	10.32998
630.6984	10.33928
630.8508	10.35909
631.0032	10.60443
631.1556	10.92634
631.3080	10.67107
631.4604	10.58048
631.6128	10.72966
631.7652	11.39919
631.9176	11.33483
632.0700	10.86701
632.2224	10.86065
632.3748	10.85016
632.5272	10.83706
632.6796	10.87273
632.8320	10.75019
632.9844	10.23729
633.1368	10.20989
633.2892	10.21312
633.4416	10.21712
633.5940	10.21306
633.7464	10.21504
633.8988	10.22511
634.0512	10.21342
634.2036	10.22093
634.3560	10.21047
634.5084	10.22842
634.6608	10.24497
634.8132	10.24598
634.9656	10.2536
635.1180	10.29197
635.2704	10.20543
635.4228	10.17608
635.5752	10.17572
635.7276	10.38073
635.8800	11.95795
636.0324	13.63501
636.1848	14.05064
636.3372	14.24096
636.4896	14.93972
636.6420	16.57947
636.7944	17.16621
636.9468	15.12511
637.0992	12.64572
637.2516	11.25143
637.4040	11.40024
637.5564	11.7597
637.7088	11.83112
637.8612	11.82894
638.0136	11.63202
638.1660	10.55109
638.3184	10.24719
638.4708	10.25223
638.6232	10.24803
638.7756	10.24598
638.9280	10.24902
639.0804	10.27717
639.2328	10.79328
639.3852	11.10855
639.5376	10.67451
639.6900	10.32931
639.8424	10.26658
639.9948	10.26941
640.1472	10.26509
640.2996	10.26523
640.4520	10.26658
640.6044	10.27201
640.7568	10.27281
640.9092	10.26575
641.0616	10.26246
641.2140	10.26505
641.3664	10.2762
641.5188	10.26743
641.6712	10.26335
641.8236	10.26905
641.9760	10.26825
642.1284	10.2696
642.2808	10.26874
642.4332	10.27129
642.5856	10.27016
642.7380	10.26658
642.8904	10.26885
643.0428	10.26846
643.1952	10.27542
643.3476	10.27437
643.5000	10.26658
643.6524	10.269
643.8048	10.27307
643.9572	10.27151
644.1096	10.26658
644.2620	10.27
644.4144	10.29712
644.5668	10.33508
644.7192	10.26536
644.8716	10.12539
645.0240	10.13667
645.1764	10.13114
645.3288	10.13512
645.4812	10.13815
645.6336	10.12664
645.7860	10.13261
645.9384	10.12285
646.0908	10.1679
646.2432	11.09512
646.3956	13.1679
646.5480	14.07467
646.7004	14.18507
646.8528	14.18677
647.0052	14.06521
647.1576	12.98872
647.3100	11.37158
647.4624	10.47659
647.6148	10.30842
647.7672	10.30966
647.9196	10.30987
648.0720	10.30605
648.2244	10.40644
648.3768	10.93183
648.5292	11.7436
648.6816	11.52724
648.8340	10.26355
648.9864	10.2089
649.1388	10.21034
649.2912	10.2163
649.4436	10.22058
649.5960	10.21714
649.7484	10.21694
649.9008	10.2147
650.0532	10.20901
650.2056	10.21299
650.3580	10.21006
650.5104	10.20898
650.6628	10.20523
650.8152	10.22239
650.9676	10.21523
651.1200	10.21869
651.2724	10.221
651.4248	10.20942
651.5772	10.20478
651.7296	10.20478
651.8820	10.21491
652.0344	10.42925
652.1868	10.38323
652.3392	10.22497
652.4916	10.22164
652.6440	10.22031
652.7964	10.2236
652.9488	10.21924
653.1012	10.22346
653.2536	10.22815
653.4060	10.24834
653.5584	10.21198
653.7108	10.21029
653.8632	10.2054
654.0156	10.20478
654.1680	10.20433
654.3204	10.20232
654.4728	10.20467
654.6252	10.19685
654.7776	10.26542
654.9300	10.264
655.0824	10.20618
655.2348	10.20168
655.3872	10.21109
655.5396	10.20143
655.6920	10.20456
655.8444	10.19851
655.9968	10.21563
656.1492	10.22538
656.3016	10.22538
656.4540	10.22538
656.6064	10.26356
656.7588	10.30236
656.9112	10.30778
657.0636	10.30778
657.2160	10.30778
657.3684	10.51559
657.5208	10.41678
657.6732	10.28029
657.8256	10.24801
657.9780	10.25514
658.1304	10.24598
658.2828	10.24598
658.4352	10.25057
658.5876	10.22667
658.7400	10.20019
658.8924	10.19883
659.0448	10.19435
659.1972	10.20482
659.3496	10.22402
659.5020	10.22262
659.6544	10.21886
659.8068	10.21621
659.9592	10.2245
660.1116	10.23821
660.2640	10.22695
660.4164	10.21852
660.5688	10.21896
660.7212	10.22631
660.8736	10.2233
661.0260	10.22311
661.1784	10.22261
661.3308	10.21943
661.4832	10.22069
661.6356	10.22309
661.7880	10.22538
661.9404	10.22997
662.0928	10.23763
662.2452	10.2414
662.3976	10.23956
662.5500	10.23544
662.7024	10.23591
662.8548	10.23659
663.0072	10.23224
663.1596	10.21113
663.3120	10.18966
663.4644	10.18647
663.6168	10.186
663.7692	10.18877
663.9216	10.17864
664.0740	10.16254
664.2264	10.16129
664.3788	10.15899
664.5312	10.17141
664.6836	10.16124
664.8360	10.14298
664.9884	10.14068
665.1408	10.13656
665.2932	10.13359
665.4456	10.13153
665.5980	10.13062
665.7504	10.11455
665.9028	10.10178
666.0552	10.10407
666.2076	10.1036
666.3600	10.10178
666.5124	10.09948
666.6648	10.09995
666.8172	10.10178
666.9696	10.09891
667.1220	10.0972
667.2744	10.09307
667.4268	10.07796
667.5792	10.039
667.7316	10.00608
667.8840	9.987295
668.0364	9.982764
668.1888	9.987563
668.3412	9.987329
668.4936	9.981825
668.6460	9.985058
668.7984	9.985952
668.9508	9.980003
669.1032	9.978177
669.2556	9.978177
669.4080	9.983906
669.5604	9.982743
669.7128	9.980472
669.8652	9.985742
670.0176	9.982741
670.1700	9.978177
670.3224	9.978177
670.4748	9.985065
670.6272	9.983656
670.7796	9.985818
670.9320	9.984265
671.0844	9.979375
671.2368	9.97913

