HOLE:	U1351B
EXPEDITION:	317
TOP:	872.5780
BOTTOM:	1028.9404
DEPTH_WMSF	TENS	CS	ETIM	DF
m	lbf	m/h	s	lbf
872.5780	2433.0000	281.6352	1710.3680	1356.2325
872.7304	2433.0000	281.6352	1710.3680	1356.2325
872.8828	2433.0000	281.6352	1710.3680	1356.2325
873.0352	2433.0000	281.6352	1710.3680	1356.2325
873.1876	2433.0000	281.6352	1710.3680	1356.2325
873.3400	2433.0000	281.6352	1710.3680	1356.2325
873.4924	2433.0000	281.6352	1710.3680	1356.2325
873.6448	2433.0000	281.6352	1710.3680	1356.2325
873.7972	2433.0000	281.6352	1710.3680	1356.2325
873.9496	2433.0000	281.6352	1710.3680	1356.2325
874.1020	2433.0000	281.6352	1710.3680	1356.2325
874.2544	2433.0000	281.6352	1710.3680	1356.2325
874.4068	2433.0000	281.6352	1710.3680	1356.2325
874.5592	2433.0000	281.6352	1710.3680	1356.2325
874.7116	2433.0000	281.6352	1710.3680	1356.2325
874.8640	2433.0000	281.6352	1710.3680	1356.2325
875.0164	2433.0000	281.6352	1710.3680	1356.2325
875.1688	2433.0000	281.6352	1710.3680	1356.2325
875.3212	2433.0000	281.6352	1710.3680	1356.2325
875.4736	2433.0000	281.6352	1710.3680	1356.2325
875.6260	2433.0000	281.6352	1710.3680	1356.2325
875.7784	2433.0000	281.6352	1710.3680	1356.2325
875.9308	2433.0000	281.6352	1710.3680	1356.2325
876.0832	2433.0000	281.6352	1710.3680	1356.2325
876.2356	2433.0000	281.6352	1710.3680	1356.2325
876.3880	2433.0000	281.6352	1710.3680	1356.2325
876.5404	2433.0000	281.6352	1710.3680	1356.2325
876.6928	2433.0000	281.6352	1710.3680	1356.2325
876.8452	2433.0000	281.6352	1710.3680	1356.2325
876.9976	2433.0000	281.6352	1710.3680	1356.2325
877.1500	2433.0000	281.6352	1710.3680	1356.2325
877.3024	2433.0000	281.6352	1710.3680	1356.2325
877.4548	2433.0000	281.6352	1710.3680	1356.2325
877.6072	2433.0000	281.6352	1710.3680	1356.2325
877.7596	2433.0000	281.6352	1710.3680	1356.2325
877.9120	2433.0000	281.6352	1710.3680	1356.2325
878.0644	2433.0000	281.6352	1710.3680	1356.2325
878.2168	2433.0000	281.6352	1710.3680	1356.2325
878.3692	2433.0000	281.6352	1710.3680	1356.2325
878.5216	2433.0000	281.6352	1710.3680	1356.2325
878.6740	2433.0000	281.6352	1710.3680	1356.2325
878.8264	2433.0000	281.6352	1710.3680	1356.2325
878.9788	2433.0000	281.6352	1710.3680	1356.2325
879.1312	2433.0000	281.6352	1710.3680	1356.2325
879.2836	2433.0000	281.6352	1710.3680	1356.2325
879.4360	2433.0000	281.6352	1710.3680	1356.2325
879.5884	2433.0000	281.6352	1710.3680	1356.2325
879.7408	2433.0000	281.6352	1710.3680	1356.2325
879.8932	2433.0000	281.6352	1710.3680	1356.2325
880.0456	2433.0000	281.6352	1710.3680	1356.2325
880.1980	2433.0000	281.6352	1710.3680	1356.2325
880.3504	2433.0000	281.6352	1710.3680	1356.2325
880.5028	2433.0000	281.6352	1710.3680	1356.2325
880.6552	2433.0000	281.6352	1710.3680	1356.2325
880.8076	2433.0000	281.6352	1710.3680	1356.2325
880.9600	2433.0000	281.6352	1710.3680	1356.2325
881.1124	2433.0000	281.6352	1710.3680	1356.2325
881.2648	2433.0000	281.6352	1710.3680	1356.2325
881.4172	2433.0000	281.6352	1710.3680	1356.2325
881.5696	2433.0000	281.6352	1710.3680	1356.2325
881.7220	2433.0000	281.6352	1710.3680	1356.2325
881.8744	2433.0000	281.6352	1710.3680	1356.2325
882.0268	2433.0000	281.6352	1710.3680	1356.2325
882.1792	2433.0000	281.6352	1710.3680	1356.2325
882.3316	2433.0000	281.6352	1710.3680	1356.2325
882.4840	2433.0000	281.6352	1710.3680	1356.2325
882.6364	2433.0000	281.6352	1710.3680	1356.2325
882.7888	2433.0000	281.6352	1710.3680	1356.2325
882.9412	2433.0000	281.6352	1710.3680	1356.2325
883.0936	2433.0000	281.6352	1710.3680	1356.2325
883.2460	2433.0000	281.6352	1710.3680	1356.2325
883.3984	2433.0000	281.6352	1710.3680	1356.2325
883.5508	2433.0000	281.6352	1710.3680	1356.2325
883.7032	2433.0000	281.6352	1710.3680	1356.2325
883.8556	2433.0000	281.6352	1710.3680	1356.2325
884.0080	2433.0000	281.6352	1710.3680	1356.2325
884.1604	2433.0000	281.6352	1710.3680	1356.2325
884.3128	2433.0000	281.6352	1710.3680	1356.2325
884.4652	2433.0000	281.6352	1710.3680	1356.2325
884.6176	2433.0000	281.6352	1710.3680	1356.2325
884.7700	2433.0000	281.6352	1710.3680	1356.2325
884.9224	2433.0000	281.6352	1710.3680	1356.2325
885.0748	2433.0000	281.6352	1710.3680	1356.2325
885.2272	2433.0000	281.6352	1710.3680	1356.2325
885.3796	2433.0000	281.6352	1710.3680	1356.2325
885.5320	2433.0000	281.6352	1710.3680	1356.2325
885.6844	2433.0000	281.6352	1710.3680	1356.2325
885.8368	2433.0000	281.6352	1710.3680	1356.2325
885.9892	2433.0000	281.6352	1710.3680	1356.2325
886.1416	2433.0000	281.6352	1710.3680	1356.2325
886.2940	2433.0000	281.6352	1710.3680	1356.2325
886.4464	2433.0000	281.6352	1710.3680	1356.2325
886.5988	2433.0000	281.6352	1710.3680	1356.2325
886.7512	2433.0000	281.6352	1710.3680	1356.2325
886.9036	2433.0000	281.6352	1710.3680	1356.2325
887.0560	2433.0000	281.6352	1710.3680	1356.2325
887.2084	2433.0000	281.6352	1710.3680	1356.2325
887.3608	2433.0000	281.6352	1710.3680	1356.2325
887.5132	2433.0000	281.6352	1710.3680	1356.2325
887.6656	2433.0000	281.6352	1710.3680	1356.2325
887.8180	2433.0000	281.6352	1710.3680	1356.2325
887.9704	2433.0000	281.6352	1710.3680	1356.2325
888.1228	2433.0000	281.6352	1710.3680	1356.2325
888.2752	2433.0000	281.6352	1710.3680	1356.2325
888.4276	2433.0000	281.6352	1710.3680	1356.2325
888.5800	2433.0000	281.6352	1710.3680	1356.2325
888.7324	2433.0000	281.6352	1710.3680	1356.2325
888.8848	2433.0000	281.6352	1710.3680	1356.2325
889.0372	2433.0000	281.6352	1710.3680	1356.2325
889.1896	2433.0000	281.6352	1710.3680	1356.2325
889.3420	2433.0000	281.6352	1710.3680	1356.2325
889.4944	2433.0000	281.6352	1710.3680	1356.2325
889.6468	2433.0000	281.6352	1710.3680	1356.2325
889.7992	2433.0000	281.6352	1710.3680	1356.2325
889.9516	2433.0000	281.6352	1710.3680	1356.2325
890.1040	2433.0000	281.6352	1710.3680	1356.2325
890.2564	2433.0000	281.6352	1710.3680	1356.2325
890.4088	2433.0000	281.6352	1710.3680	1356.2325
890.5612	2433.0000	281.6352	1710.3680	1356.2325
890.7136	2433.0000	281.6352	1710.3680	1356.2325
890.8660	2433.0000	281.6352	1710.3680	1356.2325
891.0184	2433.0000	281.6352	1710.3680	1356.2325
891.1708	2413.2043	281.6352	1709.6295	1345.2705
891.3232	2382.1560	281.6352	1707.6738	1335.3827
891.4756	2388.2893	281.7541	1705.7148	1346.3926
891.6280	2371.7087	281.9400	1703.7606	1324.0021
891.7804	2386.6978	281.6967	1701.8036	1326.0209
891.9328	2399.5051	281.9467	1699.8469	1323.2476
892.0852	2297.0051	282.7298	1697.8896	1253.6995
892.2376	2305.9163	282.2975	1695.9418	1286.8448
892.3900	2334.0732	281.8126	1693.9924	1312.1198
892.5424	2390.9031	282.0219	1692.0358	1348.2725
892.6948	2386.7708	282.5496	1690.0779	1348.4103
892.8472	2308.4651	282.5496	1688.1287	1284.4752
892.9996	2379.1030	282.8160	1686.1852	1317.0828
893.1520	2359.9492	283.2938	1684.2382	1309.3182
893.3044	2301.6611	284.2802	1682.2806	1288.2087
893.4568	2393.3792	280.7554	1680.3472	1345.0645
893.6092	2367.9956	276.0679	1678.3945	1297.0277
893.7616	2140.8008	255.4644	1676.4037	1125.0043
893.9140	2153.2725	227.0019	1674.2178	1175.4409
894.0664	2281.9485	219.1223	1671.7771	1242.7775
894.2188	2336.5034	251.0057	1663.0404	1272.2458
894.3712	2359.3965	290.9632	1653.9088	1325.5288
894.5236	2385.2278	283.3848	1652.0204	1321.5758
894.6760	2443.2202	283.4451	1650.0905	1346.5321
894.8284	2425.7039	292.2870	1648.1654	1337.3976
894.9808	2322.2012	293.0670	1646.2837	1258.0361
895.1332	2304.1675	291.8420	1644.4041	1267.5361
895.2856	2344.1191	290.1560	1642.5154	1310.1447
895.4380	2383.7610	289.0991	1640.6173	1332.5723
895.5904	2420.7197	288.9504	1638.7186	1356.3971
895.7428	2425.4360	289.5860	1636.8108	1338.2009
895.8952	2386.0732	280.5362	1634.9119	1311.0079
896.0476	2352.0000	281.5920	1632.9779	1320.0439
896.2000	2400.7410	289.8431	1631.0306	1357.7761
896.3524	2374.9043	290.2189	1629.1333	1342.3849
896.5048	2424.9204	288.9518	1627.2434	1373.3455
896.6572	2355.5876	290.6098	1625.3280	1312.0009
896.8096	2174.5381	294.4007	1623.4249	1180.7622
896.9620	2211.7192	283.5920	1621.5532	1206.3254
897.1144	2322.6128	284.2868	1619.6982	1294.2772
897.2668	2370.0979	290.2653	1617.8412	1330.8805
897.4192	2446.3584	288.7757	1615.9576	1380.7090
897.5716	2421.6909	288.9980	1614.0486	1370.6323
897.7240	2417.2773	288.9000	1612.1433	1362.7219
897.8764	2413.4492	289.0038	1610.2343	1360.8519
898.0288	2406.3103	289.7965	1608.3488	1355.4725
898.1812	2387.5803	290.8972	1606.4642	1352.2302
898.3336	2455.2051	291.3888	1604.5664	1405.7832
898.4860	2391.3687	292.3124	1602.6670	1337.7401
898.6384	2366.5886	289.9337	1600.7797	1306.5851
898.7908	2402.6155	287.0981	1598.8789	1320.8456
898.9432	2396.7988	286.5120	1596.9634	1321.1176
899.0956	2418.6230	286.5120	1595.0378	1321.0829
899.2480	2428.9639	286.7039	1593.1178	1334.2153
899.4004	2374.6294	287.0101	1591.1918	1298.7935
899.5528	2336.6892	286.9268	1589.2695	1272.8182
899.7052	2330.0691	286.0321	1587.3553	1284.5876
899.8576	2384.1389	285.9930	1585.4279	1325.3063
900.0100	2384.6096	286.8044	1583.5065	1310.3556
900.1624	2351.2427	286.7207	1581.5803	1292.5980
900.3148	2430.7581	286.7139	1579.6483	1335.2189
900.4672	2409.9468	287.2235	1577.7380	1329.6666
900.6196	2360.2061	287.8359	1575.8185	1315.5835
900.7720	2372.9702	288.0360	1573.8987	1322.5645
900.9244	2271.9502	287.4131	1571.9950	1273.9425
901.0768	2282.4116	286.9126	1570.0747	1286.3988
901.2292	2334.4785	285.9749	1568.1541	1315.5375
901.3816	2376.9685	284.9621	1566.2283	1352.6620
901.5340	2325.1812	284.4698	1564.2948	1308.7922
901.6864	2424.5376	285.0227	1562.3630	1378.2522
901.8388	2265.7522	287.2401	1560.4299	1230.2344
901.9912	2191.1379	285.8597	1558.5211	1176.4419
902.1436	2262.8403	286.7405	1556.5986	1247.4241
902.2960	2453.9673	286.5443	1554.6666	1376.3116
902.4484	2465.3064	287.5387	1552.7480	1368.1694
902.6008	2402.7649	287.1426	1550.8333	1326.2222
902.7532	2418.7180	286.3672	1548.9181	1338.1989
902.9056	2424.0627	281.2306	1547.0042	1338.7078
903.0580	2386.8965	284.2822	1545.0648	1321.7212
903.2104	2403.5649	285.9024	1543.1277	1320.2461
903.3628	2480.3049	283.3669	1541.2086	1361.7197
903.5152	2466.2202	283.2457	1539.2428	1353.3386
903.6676	2415.1787	285.7981	1537.2986	1331.6609
903.8200	2406.0813	278.9987	1535.3798	1336.3923
903.9724	2396.1494	284.3179	1533.3997	1318.7793
904.1248	2403.1384	286.7497	1531.4640	1332.8234
904.2772	2372.2712	285.6214	1529.5372	1325.3514
904.4296	2471.9006	284.8117	1527.6180	1373.9291
904.5820	2328.7100	286.3772	1525.6487	1283.4380
904.7344	2298.3726	287.5469	1523.6818	1290.6837
904.8868	2314.8516	286.7519	1521.7313	1302.2080
905.0392	2419.0061	284.5417	1519.8082	1370.1267
905.1916	2360.9324	285.5596	1517.8527	1308.3909
905.3440	2358.3525	285.9024	1515.9275	1310.2305
905.4964	2366.1128	285.9024	1513.9990	1323.7037
905.6488	2407.5049	286.1544	1512.0824	1322.4270
905.8012	2426.8081	285.7004	1510.1541	1338.3004
905.9536	2446.5605	285.5976	1508.2211	1375.5465
906.1060	2365.0884	288.1601	1506.3036	1321.8120
906.2584	2143.5500	291.7380	1504.3741	1140.8541
906.4108	2111.1018	289.9706	1502.4844	1142.5175
906.5632	2310.3105	286.9546	1500.6021	1290.4794
906.7156	2331.1067	286.7740	1498.6788	1318.9171
906.8680	2580.5364	283.6552	1496.7623	1460.6619
907.0204	2232.4858	288.7206	1494.8341	1167.4224
907.1728	2066.5420	290.3589	1492.9150	1061.4362
907.3252	2248.6450	286.9937	1491.0172	1193.2043
907.4776	2367.8682	285.1658	1489.1052	1311.2159
907.6300	2476.7622	284.7174	1487.1742	1384.5146
907.7824	2458.6531	284.9553	1485.2568	1370.5614
907.9348	2477.4255	285.2614	1483.3279	1398.2588
908.0872	2333.0049	287.7667	1481.3778	1246.2487
908.2396	2282.5476	287.7596	1479.4598	1228.9967
908.3920	2383.7769	286.3427	1477.5609	1311.5573
908.5444	2432.4675	286.2072	1475.6464	1333.2913
908.6968	2454.4146	285.3653	1473.7155	1368.2607
908.8492	2447.6733	284.7288	1471.7839	1346.4960
909.0016	2388.4114	285.5336	1469.8348	1317.0605
909.1540	2377.4563	287.3072	1467.9181	1314.6622
909.3064	2460.5920	251.0690	1465.9888	1367.7289
909.4588	2300.7183	286.1404	1463.9282	1237.5319
909.6112	2281.5110	288.3408	1461.9902	1272.1783
909.7636	2362.0337	293.8618	1460.0912	1318.5260
909.9160	2501.0989	297.3445	1458.2084	1412.9911
910.0684	2272.9963	302.7681	1456.3417	1247.2231
910.2208	2242.7168	302.9712	1454.5248	1218.3405
910.3732	2292.5562	302.0822	1452.6946	1287.7502
910.5256	2324.2888	300.2700	1450.8638	1306.4266
910.6780	2530.1328	297.8347	1449.0494	1442.8976
910.8304	2209.5015	303.8022	1447.2021	1176.8759
910.9828	2172.2922	303.2814	1445.3870	1148.8376
911.1352	2264.0000	303.2760	1443.5660	1227.1860
911.2876	2655.0000	296.8752	1441.7620	1503.0541
911.4400	2218.0000	304.8000	1439.9220	1101.3390
911.5924	2117.9258	304.4980	1438.1326	1099.9301
911.7448	2363.4143	301.4909	1436.3379	1300.6969
911.8972	2461.1633	300.2513	1434.5563	1376.8453
912.0496	2482.5217	301.4181	1432.7260	1384.8666
912.2020	2411.1235	302.0393	1430.9259	1318.7308
912.3544	2372.2869	302.6458	1429.1128	1305.7812
912.5068	2539.2344	299.1502	1427.2985	1421.9349
912.6592	2453.2141	299.5919	1425.4843	1367.4518
912.8116	2419.4951	299.9085	1423.6556	1358.6742
912.9640	2435.9856	301.0773	1421.8262	1348.6064
913.1164	2514.2283	299.7071	1420.0271	1381.8722
913.2688	2399.0637	281.3401	1418.1998	1317.3407
913.4212	2377.9485	300.0016	1416.3220	1311.5359
913.5736	2450.2402	300.8820	1414.5197	1350.0006
913.7260	2496.5803	300.8376	1412.7076	1392.7054
913.8784	2498.1650	301.3969	1410.8778	1371.9120
914.0308	2525.3813	300.8908	1409.0923	1404.7843
914.1832	2520.7395	300.8376	1407.2515	1403.2960
914.3356	2454.0991	300.2873	1405.4497	1355.9476
914.4880	2412.8772	299.6806	1403.6371	1349.9423
914.6404	2486.7070	299.6184	1401.8066	1382.8563
914.7928	2417.8518	300.1598	1399.9919	1334.7148
914.9452	2345.2913	300.2280	1398.1805	1300.8314
915.0976	2540.8789	296.7459	1396.3501	1419.9963
915.2500	2389.0271	299.1948	1394.5343	1317.9773
915.4024	2219.6362	302.0019	1392.6478	1219.8469
915.5548	2355.2017	300.2554	1390.8381	1308.0426
915.7072	2471.0442	299.6614	1389.0253	1375.7902
915.8596	2504.7908	299.6184	1387.1981	1377.3333
916.0120	2457.8889	299.8773	1385.3970	1372.5172
916.1644	2538.4875	300.4378	1383.5708	1439.1018
916.3168	2408.1089	302.0679	1381.7529	1339.0101
916.4692	2257.3145	302.1072	1379.9402	1216.3088
916.6216	2325.9390	300.5392	1378.1263	1264.1072
916.7740	2468.7051	298.7198	1376.3250	1356.8883
916.9264	2481.0625	299.1489	1374.5143	1363.7426
917.0788	2586.4470	298.8166	1372.6735	1407.0748
917.2312	2301.4719	303.3965	1370.8539	1188.9504
917.3836	2233.8311	304.4952	1369.0538	1193.2878
917.5360	2383.0591	302.5437	1367.2830	1310.2719
917.6884	2473.3010	301.8143	1365.4677	1363.1191
917.8408	2444.2993	300.3059	1363.6647	1361.9448
917.9932	2510.7800	300.1627	1361.8540	1391.3486
918.1456	2412.5393	302.6078	1360.0271	1313.9122
918.2980	2223.0227	303.7491	1358.2101	1170.8540
918.4504	2169.5166	304.3557	1356.4215	1125.2926
918.6028	2297.2429	298.1902	1354.6284	1264.4030
918.7552	2395.6169	297.6578	1352.7566	1331.9705
918.9076	2578.9119	295.7886	1350.9237	1442.5233
919.0600	2345.4905	301.2350	1349.0707	1234.0109
919.2124	1997.7971	306.9185	1347.2437	994.4614
919.3648	2188.7036	304.0828	1345.4808	1172.1088
919.5172	2339.5342	300.1956	1343.6985	1300.7252
919.6696	2506.8972	299.3136	1341.8754	1390.9784
919.8220	2511.5381	299.9787	1340.0568	1393.9443
919.9744	2469.8860	301.5490	1338.2324	1371.6754
920.1268	2306.7554	302.2755	1336.4135	1230.8597
920.2792	2242.4368	301.2755	1334.6124	1220.4841
920.4316	2365.5818	299.9746	1332.8043	1305.7942
920.5840	2466.8979	299.6184	1330.9901	1350.8252
920.7364	2525.6860	299.4057	1329.1646	1374.6327
920.8888	2540.6138	299.7361	1327.3468	1362.3630
921.0412	2529.6711	300.3430	1325.5320	1376.0205
921.1936	2478.5378	301.1576	1323.7068	1346.7445
921.3460	2455.6433	301.0337	1321.8881	1335.4971
921.4984	2479.9224	291.8041	1320.0747	1355.8145
921.6508	2476.6177	295.9880	1318.2274	1364.7668
921.8032	2517.4534	301.0372	1316.3971	1369.3673
921.9556	2383.8813	301.6480	1314.5731	1277.3652
922.1080	2334.0483	301.5526	1312.7648	1241.6288
922.2604	2360.7390	301.0514	1310.9467	1260.7491
922.4128	2348.6060	299.2667	1309.1399	1263.9222
922.5652	2546.7720	296.0609	1307.3319	1399.0692
922.7176	2414.0007	300.1568	1305.4957	1279.2430
922.8700	2278.8198	302.8920	1303.6798	1214.5077
923.0224	2409.6951	299.9979	1301.8713	1307.8762
923.1748	2461.4431	297.4544	1300.0573	1341.3448
923.3272	2546.6277	297.4376	1298.2324	1408.5001
923.4796	2407.6328	301.5094	1296.4012	1293.3484
923.6320	2277.1838	303.8856	1294.5906	1199.5994
923.7844	2384.0718	301.6896	1292.7949	1298.0636
923.9368	2432.1816	300.7725	1291.0004	1337.7045
924.0892	2533.5439	297.3616	1289.1953	1403.3041
924.2416	2486.1040	297.7774	1287.3527	1340.6055
924.3940	2306.1260	297.4445	1285.5088	1225.7173
924.5464	2282.8909	298.8158	1283.6599	1223.2275
924.6988	2372.3989	300.6201	1281.8253	1278.6624
924.8512	2501.9282	299.0200	1280.0112	1358.0162
925.0036	2561.3826	297.9232	1278.1964	1392.1423
925.1560	2321.6440	302.0294	1276.3643	1212.4215
925.3084	2135.1033	305.7458	1274.5526	1088.5743
925.4608	2291.3000	303.0191	1272.7711	1212.9850
925.6132	2446.0081	299.7070	1270.9728	1328.9851
925.7656	2608.6592	296.8815	1269.1609	1400.2196
925.9180	2526.7437	299.5874	1267.3293	1314.4919
926.0704	2190.8640	305.3487	1265.4987	1080.7198
926.2228	2112.1550	304.2272	1263.7119	1062.3163
926.3752	2302.9905	300.0175	1261.9323	1236.5076
926.5276	2478.2305	298.7116	1260.1184	1357.9827
926.6800	2566.6218	299.0088	1258.2877	1397.7450
926.8324	2550.6929	299.1620	1256.4573	1385.1016
926.9848	2507.9617	299.4655	1254.6268	1359.1003
927.1372	2487.4604	299.7687	1252.8062	1339.6926
927.2896	2454.0000	291.2919	1250.9924	1331.6027
927.4420	2461.2520	290.9390	1249.1467	1339.9220
927.5944	2448.9036	300.2280	1247.2911	1337.1714
927.7468	2500.8652	299.2177	1245.4694	1388.8214
927.8992	2468.1653	299.6659	1243.6555	1337.0671
928.0516	2234.5437	302.8613	1241.8339	1146.1635
928.2040	2199.4495	304.0755	1240.0265	1131.7021
928.3564	2375.2664	300.3983	1238.2390	1268.7476
928.5088	2531.2332	296.9811	1236.4275	1410.2479
928.6612	2581.5583	298.2975	1234.5963	1432.1556
928.8136	2526.6743	300.1169	1232.7593	1375.9384
928.9660	2466.3762	301.2748	1230.9279	1337.5389
929.1184	2349.9666	303.4116	1229.1221	1248.7477
929.2708	2273.9949	304.5947	1227.3247	1208.9856
929.4232	2362.5076	301.7705	1225.5276	1283.8451
929.5756	2445.9465	299.9005	1223.7183	1335.0990
929.7280	2483.5742	299.0088	1221.8960	1363.5592
929.8804	2359.4631	301.8504	1220.0741	1249.7720
930.0328	2120.6433	305.2870	1218.2637	1049.0487
930.1852	2251.6326	302.3828	1216.4769	1173.1711
930.3376	2422.6975	299.7375	1214.6733	1304.4880
930.4900	2534.9290	299.5704	1212.8658	1364.6605
930.6424	2510.1738	299.2411	1211.0486	1347.3246
930.7948	2509.3794	299.3891	1209.2087	1338.5491
930.9472	2426.7820	301.3839	1207.3859	1299.0813
931.0996	2173.7209	305.5212	1205.5785	1115.8278
931.2520	2265.5767	304.5023	1203.7872	1192.1445
931.4044	2406.6196	297.2535	1202.0013	1290.0706
931.5568	2512.0952	290.6075	1200.1819	1352.3849
931.7092	2605.6404	296.1967	1198.3245	1434.1333
931.8616	2474.1709	297.9981	1196.4835	1393.3574
932.0140	2443.6941	298.5019	1194.6595	1357.6925
932.1664	2503.0200	299.1088	1192.8348	1391.3699
932.3188	2495.6177	299.6240	1190.9984	1357.0087
932.4712	2480.0415	299.3036	1189.1793	1350.2920
932.6236	2491.9075	298.9550	1187.3549	1387.2792
932.7760	2509.5081	298.5896	1185.5360	1378.2360
932.9284	2222.1538	304.5186	1183.7095	1145.8586
933.0808	2148.7314	307.5255	1181.9147	1106.8539
933.2332	2342.3171	302.1860	1180.1541	1269.5134
933.3856	2454.8896	299.2613	1178.3479	1354.9545
933.5380	2513.9517	297.9601	1176.5269	1392.3873
933.6904	2546.1606	297.8253	1174.7159	1424.3955
933.8428	2371.6821	300.9071	1172.8739	1294.7838
933.9952	2180.6860	302.3331	1171.0530	1138.8573
934.1476	2290.2188	301.0378	1169.2554	1214.0021
934.3000	2458.6648	293.2482	1167.4510	1346.7212
934.4524	2513.4224	280.8604	1165.5997	1387.9811
934.6048	2507.7891	299.4008	1163.7067	1371.0590
934.7572	2329.9929	300.9916	1161.8804	1257.7374
934.9096	2363.1196	299.6184	1160.0679	1291.5236
935.0620	2461.8513	299.5454	1158.2544	1352.8231
935.2144	2518.1519	299.3851	1156.4343	1394.0824
935.3668	2542.0310	299.3385	1154.6040	1390.6276
935.5192	2504.2415	298.2622	1152.7944	1367.6974
935.6716	2469.6208	297.7226	1150.9633	1353.6737
935.8240	2478.8047	299.0586	1149.1328	1345.4995
935.9764	2170.5205	304.2878	1147.3119	1091.3427
936.1288	2233.3679	301.7360	1145.5151	1192.0118
936.2812	2453.8330	299.1914	1143.7103	1327.6848
936.4336	2524.8450	298.7636	1141.8838	1392.9636
936.5860	2569.9880	299.2993	1140.0688	1412.9535
936.7384	2460.2976	301.0989	1138.2401	1353.0624
936.8908	2369.7329	300.0510	1136.4143	1313.5656
937.0432	2451.5850	286.4889	1134.6003	1380.3663
937.1956	2458.6580	297.8417	1132.7156	1375.3319
937.3480	2457.0000	297.9931	1130.8854	1365.1870
937.5004	2458.2913	297.4356	1129.0580	1355.3298
937.6528	2475.3340	297.2277	1127.2396	1378.7782
937.8052	2499.8003	297.5771	1125.3940	1376.6418
937.9576	2341.1340	298.0050	1123.5505	1303.7753
938.1100	2447.6282	297.4848	1121.7244	1356.8978
938.2624	2515.5027	297.5684	1119.9056	1393.6703
938.4148	2459.2285	298.1748	1118.0635	1368.4747
938.5672	2449.4177	298.6263	1116.2473	1361.7300
938.7196	2495.7429	298.2063	1114.4149	1370.1497
938.8720	2422.5249	298.9371	1112.5718	1353.6807
939.0244	2476.2939	298.3648	1110.7567	1359.5662
939.1768	2454.7847	298.0288	1108.9282	1346.6340
939.3292	2462.3574	297.4221	1107.1003	1350.1434
939.4816	2539.1958	296.9350	1105.2795	1377.0325
939.6340	2497.9832	297.4848	1103.4207	1346.4023
939.7864	2522.9482	297.5922	1101.5919	1376.8295
939.9388	2480.8335	298.6278	1099.7607	1321.6008
940.0912	2481.5125	297.7418	1097.9305	1324.8311
940.2436	2514.9800	297.2249	1096.1002	1339.6897
940.3960	2560.9092	297.8727	1094.2686	1386.2561
940.5484	2507.7593	299.0675	1092.4359	1383.7429
940.7008	2543.2219	299.9951	1090.6064	1381.8386
940.8532	2458.2224	301.1259	1088.7771	1315.8021
941.0056	2310.6377	300.7180	1086.9626	1252.0330
941.1580	2417.8765	298.4262	1085.1484	1306.4153
941.3104	2383.2061	298.7803	1083.3361	1312.1011
941.4628	2643.6606	293.4711	1081.5211	1466.3053
941.6152	2300.5310	300.5058	1079.6593	1215.4031
941.7676	2321.3113	299.5732	1077.8469	1228.2373
941.9200	2453.8733	297.7896	1076.0332	1341.2610
942.0724	2545.4097	297.7850	1074.2002	1408.7391
942.2248	2506.9302	297.4848	1072.3717	1378.7246
942.3772	2500.0000	297.4848	1070.5500	1388.2275
942.5296	2447.0000	299.3136	1068.6930	1304.3296
942.6820	2024.0000	306.6288	1066.8730	1082.8530
942.8344	2252.0000	303.2760	1065.0830	1177.4160
942.9868	2406.0000	299.6184	1063.2760	1305.3960
943.1392	2611.0000	295.6560	1061.4041	1436.2201
943.2916	2551.0000	297.1800	1059.5470	1391.4270
943.4440	2415.0000	299.0088	1057.6920	1318.1941
943.5964	2343.0000	299.3136	1055.8540	1262.0250
943.7488	2333.0000	299.6184	1054.0300	1291.8871
943.9012	2385.0000	300.5328	1052.1910	1296.5085
944.0536	2541.0000	297.1800	1050.3850	1362.9871
944.2060	2409.0000	300.8376	1048.5291	1371.8745
944.3584	2128.0000	303.5808	1046.7061	1091.0295
944.5108	2206.0000	302.3616	1044.9000	1196.9685
944.6632	2430.0000	298.3992	1043.0770	1354.0995
944.8156	2514.0000	297.1800	1041.2380	1403.5140
944.9680	2502.0000	299.9232	1039.4160	1355.8771
945.1204	2292.0000	300.8376	1037.5601	1254.5596
945.2728	2316.0000	299.6184	1035.7540	1251.7156
945.4252	2361.0000	298.3992	1033.9320	1263.0916
945.5776	2450.0000	297.1800	1032.0940	1338.8130
945.7300	2430.0000	298.0944	1030.2550	1298.6416
945.8824	2639.0000	295.9608	1028.4160	1458.2611
946.0348	2278.0000	301.4472	1026.5420	1214.0326
946.1872	2092.0000	305.1048	1024.7360	1083.9196
946.3396	2387.0000	299.0088	1022.9300	1313.9281
946.4920	2375.0000	301.1424	1021.1100	1286.5546
946.6444	2677.0000	295.9608	1019.2880	1499.1436
946.7968	2241.0000	303.5808	1017.4320	1153.5975
946.9492	2270.0000	303.5808	1015.6280	1203.7230
947.1016	2439.0000	297.7896	1013.8400	1350.5446
947.2540	2439.0000	298.3992	1011.9820	1336.6801
947.4064	2472.0000	297.4848	1010.1420	1366.1865
947.5588	2448.0000	297.1800	1008.3210	1367.6085
947.7112	2513.0000	298.0944	1006.4640	1356.2325
947.8636	2290.0000	302.0568	1004.6240	1225.0531
948.0160	2316.0000	301.1424	1002.8030	1262.0250
948.1684	2487.0000	299.6184	1000.9970	1319.9716
948.3208	2530.0000	299.6184	999.1740	1385.3835
948.4732	2556.0000	299.3136	997.3340	1397.4706
948.6256	2539.0000	298.3992	995.4950	1390.3606
948.7780	2434.0000	299.6184	993.6730	1328.5035
948.9304	2576.0000	297.4848	991.8340	1374.3630
949.0828	2459.0000	299.3136	989.9940	1297.5751
949.2352	2390.0000	298.7040	988.1720	1279.8000
949.3876	2598.0000	296.8752	986.3340	1381.8285
949.5400	2326.0000	302.0568	984.4940	1226.1195
949.6924	2263.0000	302.0568	982.6720	1213.6770
949.8448	2384.0000	300.8376	980.8500	1255.2705
949.9972	2656.0000	294.4368	979.0430	1479.9465
950.1496	2322.0000	303.8856	977.1690	1141.5105
950.3020	2211.0000	303.8856	975.3630	1160.3521
950.4544	2404.0000	300.5328	973.5750	1287.2655
950.6068	2581.0000	300.5328	971.7520	1403.1586
950.7592	2264.0000	303.5808	969.9120	1193.0580
950.9116	2290.0000	298.3992	968.1070	1253.8485
951.0640	2478.0000	288.9504	966.2850	1399.9591
951.2164	2434.0000	300.2280	964.3300	1327.7926
951.3688	2217.0000	301.4472	962.5080	1189.5031
951.5212	2423.0000	298.7040	960.6860	1339.8795
951.6736	2489.0000	298.0944	958.8640	1369.0305
951.8260	2459.0000	298.3992	957.0420	1338.8130
951.9784	2522.0000	295.0464	955.2020	1419.1560
952.1308	2420.0000	303.8856	953.3600	1260.6030
952.2832	2145.0000	306.3240	951.5200	1117.6920
952.4356	2346.0000	300.5328	949.7310	1276.2450
952.5880	2474.0000	297.4848	947.9260	1367.2531
952.7404	2522.0000	297.4848	946.0860	1351.9666
952.8928	2644.0000	297.1800	944.2470	1425.5551
953.0452	2364.0000	300.8376	942.4080	1236.4291
953.1976	2312.0000	299.9232	940.5700	1209.7666
953.3500	2408.0000	299.6184	938.7480	1308.2400
953.5024	2566.0000	298.0944	936.9420	1382.8950
953.6548	2463.0000	298.3992	935.0870	1337.7466
953.8072	2573.0000	296.2656	933.2480	1420.2225
953.9596	2342.0000	302.9712	931.4070	1185.2371
954.1120	2215.0000	303.5808	929.5860	1157.8635
954.2644	2380.0000	300.8376	927.7970	1269.1350
954.4168	2533.0000	299.3136	925.9730	1344.8566
954.5692	2534.0000	298.7040	924.1510	1371.8745
954.7216	2606.0000	296.8752	922.3300	1410.2686
954.8740	2487.0000	299.0088	920.4740	1334.1915
955.0264	2420.0000	298.0944	918.6180	1328.1481
955.1788	2486.0000	297.4848	916.8130	1362.9871
955.3312	2568.0000	291.3888	914.9560	1390.0050
955.4836	2472.0000	299.0088	913.0340	1340.9460
955.6360	2485.0000	299.6184	911.1780	1329.5701
955.7884	2532.0000	299.9232	909.3540	1364.4091
955.9408	2479.0000	301.1424	907.5160	1344.1455
956.0932	2417.0000	300.5328	905.6960	1314.6390
956.2456	2504.0000	298.7040	903.8740	1362.9871
956.3980	2495.0000	299.3136	902.0200	1341.3015
956.5504	2426.0000	299.0088	900.1970	1315.3501
956.7028	2532.0000	296.5704	898.3740	1369.7416
956.8552	2565.0000	296.5704	896.5180	1376.4961
957.0076	2663.0000	294.7416	894.6940	1424.1331
957.1600	2459.0000	299.6184	892.8200	1293.6646
957.3124	2352.0000	301.4472	890.9960	1231.0966
957.4648	2324.0000	299.9232	889.1580	1242.4725
957.6172	2398.0000	300.8376	887.3360	1279.4446
957.7696	2699.0000	295.3512	885.5300	1439.7750
957.9220	2371.0000	302.3616	883.6740	1227.8971
958.0744	2341.0000	301.4472	881.8440	1237.8511
958.2268	2398.0000	301.7520	880.0470	1266.2910
958.3792	2673.0000	296.5704	878.2240	1452.5730
958.5316	2376.0000	300.2280	876.3700	1252.7821
958.6840	2359.0000	299.0088	874.5490	1269.4906
958.8364	2487.0000	298.0944	872.7090	1320.3270
958.9888	2555.0000	297.7896	870.8690	1383.2505
959.1412	2381.0000	299.9232	869.0480	1276.2450
959.2936	2452.0000	271.2720	867.2260	1327.7926
959.4460	2496.0000	298.0944	865.2360	1354.4551
959.5984	2630.0000	297.7896	863.4110	1414.5345
959.7508	2564.0000	300.8376	861.5560	1376.8516
959.9032	2495.0000	300.8376	859.7340	1325.6595
960.0556	2212.0000	303.8856	857.8920	1153.9530
960.2080	2267.0000	301.4472	856.1040	1212.9661
960.3604	2420.0000	297.4848	854.3000	1318.5496
960.5128	2521.0000	296.2656	852.4600	1341.3015
960.6652	2617.0000	295.9608	850.6050	1417.7340
960.8176	2528.0000	297.1800	848.7500	1361.5651
960.9700	2492.0000	298.0944	846.9100	1341.6571
961.1224	2534.0000	298.3992	845.0540	1344.5011
961.2748	2517.0000	296.8752	843.2320	1345.5675
961.4272	2528.0000	297.1800	841.3780	1336.3246
961.5796	2587.0000	295.6560	839.5380	1386.0946
961.7320	2339.0000	302.6664	837.6960	1211.8995
961.8844	2326.0000	302.0568	835.8560	1243.1836
962.0368	2475.0000	299.3136	834.0670	1325.3041
962.1892	2501.0000	300.2280	832.2280	1345.9231
962.3416	2676.0000	294.7416	830.4220	1437.6421
962.4940	2429.0000	299.9232	828.5490	1280.5110
962.6464	2333.0000	300.8376	826.7110	1227.1860
962.7988	2398.0000	299.6184	824.9060	1296.8640
962.9512	2511.0000	299.3136	823.0680	1331.3475
963.1036	2577.0000	297.7896	821.2300	1369.0305
963.2560	2460.0000	298.3992	819.3920	1312.1505
963.4084	2705.0000	293.5224	817.5860	1477.4580
963.5608	2376.0000	304.1904	815.7120	1222.2090
963.7132	2058.0000	307.8480	813.9040	1051.5691
963.8656	2346.0000	300.8376	812.1150	1274.1121
964.0180	2501.0000	297.7896	810.3100	1352.6775
964.1704	2584.0000	295.0464	808.4880	1423.0665
964.3228	2467.0000	298.3992	806.6300	1339.1686
964.4752	2176.0000	302.3616	804.7740	1143.6436
964.6276	2265.0000	299.3136	802.9860	1208.3445
964.7800	2459.0000	298.7040	801.1460	1313.5725
964.9324	2501.0000	298.7040	799.3240	1367.6085
965.0848	2598.0000	297.1800	797.4860	1422.7111
965.2372	2572.0000	297.7896	795.6320	1389.2941
965.3896	2252.0000	303.5808	793.7750	1126.5796
965.5420	2196.0000	303.8856	791.9860	1127.2905
965.6944	2357.0000	300.2280	790.1640	1237.8511
965.8468	2530.0000	298.7040	788.3570	1362.2760
965.9992	2433.0000	302.9712	786.5180	1287.2655
966.1516	2799.0000	291.6936	784.7280	1548.5581
966.3040	2391.0000	302.0568	782.8200	1199.4570
966.4564	2108.0000	306.0192	780.9980	1041.6150
966.6088	2228.0000	301.4472	779.2080	1184.1705
966.7612	2493.0000	297.7896	777.3870	1334.9026
966.9136	2639.0000	296.8752	775.5480	1400.6700
967.0660	2517.0000	299.3136	773.7090	1339.8795
967.2184	2766.0000	295.6560	771.8880	1487.7676
967.3708	2461.0000	302.6664	770.0160	1289.7540
967.5232	2335.0000	302.9712	768.2100	1244.9611
967.6756	2449.0000	298.7040	766.4050	1349.1226
967.8280	2555.0000	297.1800	764.5670	1380.7621
967.9804	2581.0000	296.2656	762.7270	1381.4730
968.1328	2584.0000	295.9608	760.8860	1366.1865
968.2852	2636.0000	295.3512	759.0440	1436.2201
968.4376	2493.0000	298.3992	757.1880	1315.3501
968.5900	2447.0000	297.4848	755.3330	1325.3041
968.7424	2494.0000	298.0944	753.5100	1323.1710
968.8948	2587.0000	295.9608	751.6690	1391.4270
969.0472	2462.0000	299.3136	749.8140	1312.1505
969.1996	2469.0000	299.0088	747.9930	1315.7056
969.3520	2576.0000	298.3992	746.1540	1369.0305
969.5044	2521.0000	299.3136	744.2980	1345.9231
969.6568	2720.0000	298.3992	742.4940	1461.1051
969.8092	2444.0000	300.5328	740.6400	1300.0636
969.9616	2260.0000	302.3616	738.8000	1134.7560
970.1140	2102.0000	304.4952	736.9760	1064.7225
970.2664	2139.0000	304.4952	735.1700	1097.0730
970.4188	2354.0000	300.8376	733.3820	1259.8921
970.5712	2663.0000	294.4368	731.5570	1460.3940
970.7236	2488.0000	300.2280	729.7000	1293.6646
970.8760	2147.0000	305.7144	727.8780	1055.4795
971.0284	2186.0000	303.5808	726.0900	1138.6665
971.1808	2466.0000	301.4472	724.2840	1323.1710
971.3332	2670.0000	297.4848	722.4620	1461.1051
971.4856	2621.0000	297.7896	720.6240	1443.6855
971.6380	2686.0000	295.9608	718.7840	1484.9236
971.7904	2677.0000	295.6560	716.9460	1438.3530
971.9428	2599.0000	298.0944	715.0740	1387.1610
972.0952	2844.0000	292.3032	713.2360	1556.7345
972.2476	2644.0000	295.6560	711.3610	1448.6626
972.4000	2626.0000	296.5704	709.4880	1452.5730
972.5524	2699.0000	295.6560	707.6640	1483.8571
972.7048	2634.0000	295.0464	705.7920	1454.7061
972.8572	2781.0000	293.2176	703.9360	1591.5736
973.0096	2517.0000	297.4848	702.0800	1397.8260
973.1620	2557.0000	297.1800	700.2400	1447.5961
973.3144	2736.0000	296.2656	698.3850	1529.0056
973.4668	2718.0000	296.8752	696.5480	1540.0260
973.6192	2694.0000	296.2656	694.6920	1484.2125
973.7716	2672.0000	295.9608	692.8370	1439.7750
973.9240	2578.0000	296.2656	690.9980	1422.3556
974.0764	2585.0000	296.5704	689.1420	1409.2020
974.2288	2565.0000	296.8752	687.2860	1390.3606
974.3812	2553.0000	297.1800	685.4460	1391.7826
974.5336	2638.0000	295.0464	683.5900	1431.5985
974.6860	2600.0000	298.0944	681.7500	1411.3351
974.8384	2573.0000	298.3992	679.8280	1389.6495
974.9908	2676.0000	298.7040	677.9720	1426.6216
975.1432	2576.0000	298.3992	676.1480	1390.7161
975.2956	2530.0000	297.4848	674.3090	1382.1841
975.4480	2579.0000	297.7896	672.4550	1398.8926
975.6004	2556.0000	298.3992	670.6320	1365.1200
975.7528	2507.0000	299.0088	668.7760	1323.1710
975.9052	2476.0000	299.6184	666.9380	1318.9050
976.0576	2643.0000	294.7416	665.1330	1430.1765
976.2100	2560.0000	297.7896	663.2600	1344.5011
976.3624	2436.0000	298.3992	661.4040	1348.7671
976.5148	2587.0000	297.4848	659.5820	1401.7366
976.6672	2594.0000	298.0944	657.7260	1401.0255
976.8196	2573.0000	298.3992	655.8860	1366.8976
976.9720	2560.0000	300.2280	654.0460	1349.4780
977.1244	2398.0000	301.1424	652.2060	1289.3986
977.2768	2489.0000	301.1424	650.4010	1334.9026
977.4292	2581.0000	297.4848	648.5800	1388.9386
977.5816	2606.0000	297.1800	646.7400	1361.2096
977.7340	2244.0000	302.0568	644.8840	1201.2345
977.8864	2352.0000	299.9232	643.0800	1300.4191
978.0388	2482.0000	297.4848	641.2410	1353.7440
978.1912	2603.0000	296.8752	639.4200	1402.0920
978.3436	2584.0000	296.8752	637.5640	1396.4041
978.4960	2568.0000	297.4848	635.7230	1396.7595
978.6484	2653.0000	296.5704	633.8840	1398.5371
978.8008	2518.0000	301.4472	632.0280	1349.1226
978.9532	2520.0000	302.0568	630.1900	1349.8335
979.1056	2609.0000	297.4848	628.4000	1430.5321
979.2580	2596.0000	296.5704	626.5440	1399.6035
979.4104	2521.0000	297.4848	624.7040	1371.5190
979.5628	2569.0000	297.4848	622.8480	1381.8285
979.7152	2528.0000	298.3992	621.0100	1371.8745
979.8676	2759.0000	293.5224	619.1720	1504.4761
980.0200	2682.0000	296.5704	617.3140	1458.9720
980.1724	2631.0000	297.1800	615.4420	1434.4425
980.3248	2623.0000	296.8752	613.6050	1417.7340
980.4772	2586.0000	297.4848	611.7495	1413.4680
980.6296	2741.0000	295.0464	609.9090	1504.1206
980.7820	2663.0000	304.1904	608.0535	1446.1741
980.9344	2653.0000	296.2656	606.2150	1464.6600
981.0868	2797.0000	295.6560	604.3575	1508.7421
981.2392	2598.0000	298.7040	602.5175	1354.8105
981.3916	2567.0000	296.5704	600.6800	1377.2070
981.5440	2676.0000	295.0464	598.8395	1410.9795
981.6964	2669.0000	294.7416	596.9660	1428.3990
981.8488	2678.0000	295.0464	595.1270	1438.7085
982.0012	2640.0000	291.0840	593.2545	1392.1381
982.1536	2462.0000	299.9232	591.3325	1302.5520
982.3060	2480.0000	299.6184	589.4945	1329.5701
982.4584	2504.0000	298.3992	587.6730	1345.5675
982.6108	2582.0000	298.0944	585.8340	1378.9845
982.7632	2519.0000	299.3136	583.9760	1347.7006
982.9156	2433.0000	298.3992	582.1710	1310.0176
983.0680	2609.0000	294.7416	580.3325	1448.6626
983.2204	2170.0000	304.8000	578.4745	1013.5305
983.3728	2083.0000	307.8480	576.6680	1020.6406
983.5252	2391.0000	299.6184	574.8805	1241.0505
983.6776	2470.0000	297.7896	573.0585	1297.2196
983.8300	2730.0000	292.6080	571.2175	1467.1486
983.9824	2479.0000	300.2280	569.3440	1279.0890
984.1348	2462.0000	299.3136	567.5230	1296.5085
984.2872	2647.0000	295.6560	565.7010	1406.3580
984.4396	2559.0000	299.9232	563.8450	1310.0176
984.5920	2407.0000	300.5328	562.0055	1266.6465
984.7444	2566.0000	298.0944	560.1835	1345.2120
984.8968	2660.0000	297.4848	558.3610	1402.4475
985.0492	2603.0000	297.7896	556.5215	1371.1636
985.2016	2647.0000	297.1800	554.6650	1407.0691
985.3540	2379.0000	300.5328	552.8250	1252.0710
985.5064	2374.0000	299.0088	551.0035	1283.7106
985.6588	2470.0000	297.4848	549.1645	1307.8845
985.8112	2684.0000	295.0464	547.3420	1445.1075
985.9636	2333.0000	301.1424	545.4685	1243.8945
986.1160	2409.0000	300.2280	543.6455	1303.6185
986.2684	2533.0000	299.0088	541.8400	1377.9181
986.4208	2522.0000	299.9232	540.0015	1337.0355
986.5732	2655.0000	298.7040	538.1625	1425.1996
986.7256	2480.0000	299.0088	536.3230	1309.6620
986.8780	2569.0000	296.8752	534.5025	1363.3425
987.0304	2645.0000	296.2656	532.6640	1388.2275
987.1828	2530.0000	297.4848	530.8065	1341.3015
987.3352	2586.0000	296.8752	528.9675	1357.6545
987.4876	2558.0000	295.9608	527.1300	1364.7645
987.6400	2593.0000	296.2656	525.2725	1378.6290
987.7924	2617.0000	297.4848	523.4155	1388.9386
987.9448	2572.0000	297.4848	521.5770	1357.6545
988.0972	2545.0000	297.7896	519.7385	1358.3656
988.2496	2559.0000	298.0944	517.8815	1351.6111
988.4020	2578.0000	298.7040	516.0590	1367.6085
988.5544	2613.0000	299.0088	514.2215	1366.8976
988.7068	2617.0000	298.0944	512.3665	1376.8516
988.8592	2567.0000	298.0944	510.5610	1353.7440
989.0116	2754.0000	295.3512	508.7045	1444.3966
989.1640	2521.0000	298.3992	506.8665	1302.5520
989.3164	2384.0000	298.3992	505.0110	1292.9535
989.4688	2493.0000	298.0944	503.1700	1345.9231
989.6212	2538.0000	298.0944	501.3470	1335.2581
989.7736	2653.0000	297.1800	499.5095	1420.2225
989.9260	2583.0000	297.7896	497.6545	1385.7390
990.0784	2306.0000	302.6664	495.8150	1203.0121
990.2308	2330.0000	303.5808	493.9915	1195.9021
990.3832	2449.0000	301.4472	492.1865	1299.7080
990.5356	2561.0000	298.3992	490.3810	1367.6085
990.6880	2596.0000	298.0944	488.5405	1387.8721
990.8404	2244.0000	302.6664	486.6845	1140.0885
990.9928	2364.0000	299.9232	484.8970	1243.5391
991.1452	2519.0000	296.8752	483.0755	1328.5035
991.2976	2678.0000	294.4368	481.2185	1424.4885
991.4500	2483.0000	299.9232	479.3630	1290.1095
991.6024	2436.0000	301.4472	477.5250	1289.7540
991.7548	2711.0000	295.0464	475.7015	1425.1996
991.9072	2534.0000	299.6184	473.8450	1299.7080
992.0596	2381.0000	300.8376	472.0070	1253.8485
992.2120	2481.0000	320.6496	470.1840	1305.0405
992.3644	2781.0000	274.0152	468.4450	1472.8365
992.5168	2281.0000	304.8000	466.5050	1128.3571
992.6692	2307.0000	304.8000	464.7160	1148.6205
992.8216	2578.0000	298.0944	462.8925	1354.8105
992.9740	2656.0000	295.9608	461.0200	1395.3375
993.1264	2692.0000	295.9608	459.1810	1428.3990
993.2788	2566.0000	297.4848	457.3265	1359.7876
993.4312	2613.0000	297.7896	455.4705	1364.7645
993.5836	2554.0000	299.9232	453.6485	1326.0150
993.7360	2493.0000	300.2280	451.8095	1330.2810
993.8884	2557.0000	298.7040	449.9865	1342.7235
994.0408	2569.0000	298.3992	448.1650	1354.4551
994.1932	2581.0000	298.0944	446.3245	1418.8005
994.3456	2392.0000	302.0568	444.4835	1249.9380
994.4980	2476.0000	298.0944	442.6610	1345.5675
994.6504	2579.0000	297.1800	440.8395	1383.6061
994.8028	2573.0000	298.0944	439.0010	1372.2301
994.9552	2717.0000	293.5224	437.1610	1454.3506
995.1076	2500.0000	299.0088	435.2880	1252.0710
995.2600	2371.0000	299.9232	433.4495	1249.2271
995.4124	2530.0000	297.7896	431.6270	1337.3910
995.5648	2604.0000	296.8752	429.7880	1352.6775
995.7172	2698.0000	296.8752	427.9495	1431.2430
995.8696	2583.0000	297.7896	426.0945	1376.1405
996.0220	2639.0000	297.7896	424.2540	1381.1176
996.1744	2626.0000	297.7896	422.4315	1374.0076
996.3268	2631.0000	298.3992	420.5755	1367.2531
996.4792	2581.0000	298.0944	418.7535	1361.2096
996.6316	2662.0000	296.8752	416.9135	1392.1381
996.7840	2573.0000	297.4848	415.0410	1348.4115
996.9364	2703.0000	295.9608	413.2180	1440.1305
997.0888	2469.0000	299.9232	411.3620	1276.2450
997.2412	2397.0000	300.5328	409.5405	1259.5365
997.3936	2480.0000	299.0088	407.7175	1323.1710
997.5460	2515.0000	300.2280	405.8795	1325.3041
997.6984	2727.0000	294.1320	404.0585	1466.7931
997.8508	2561.0000	300.8376	402.2015	1358.3656
998.0032	2522.0000	300.2280	400.3620	1353.7440
998.1556	2574.0000	298.3992	398.5575	1355.5216
998.3080	2558.0000	296.8752	396.7185	1362.9871
998.4604	2669.0000	295.9608	394.8625	1407.7800
998.6128	2627.0000	296.5704	393.0225	1376.4961
998.7652	2610.0000	296.2656	391.1835	1352.3220
998.9176	2591.0000	295.9608	389.3280	1362.2760
999.0700	2730.0000	295.6560	387.4885	1424.4885
999.2224	2623.0000	299.0088	385.6155	1377.2070
999.3748	2502.0000	298.0944	383.7615	1324.9485
999.5272	2526.0000	298.0944	381.9560	1358.3656
999.6796	2630.0000	296.8752	380.0990	1397.1150
999.8320	2590.0000	297.4848	378.2605	1350.5446
999.9844	2737.0000	295.0464	376.4395	1441.5525
1000.1368	2317.0000	305.1048	374.5670	1100.6281
1000.2892	2126.0000	306.6288	372.7605	1019.5741
1000.4416	2200.0000	304.8000	370.9885	1102.4055
1000.5940	2423.0000	298.7040	369.1830	1276.6006
1000.7464	2408.0000	300.8376	367.3440	1264.8690
1000.8988	2880.0000	290.7792	365.5375	1542.1591
1001.0512	2543.0000	299.6184	363.6480	1291.8871
1001.2036	2501.0000	299.3136	361.8085	1320.3270
1001.3560	2634.0000	298.3992	359.9850	1395.3375
1001.5084	2618.0000	297.4848	358.1470	1402.8031
1001.6608	2621.0000	298.0944	356.2925	1404.2251
1001.8132	2637.0000	298.3992	354.4530	1432.3096
1001.9656	2391.0000	302.3616	352.6135	1250.2936
1002.1180	2333.0000	301.7520	350.8085	1235.7180
1002.2704	2436.0000	299.9232	348.9865	1292.9535
1002.4228	2422.0000	302.0568	347.1640	1278.3781
1002.5752	2819.0000	290.1696	345.3590	1508.0310
1002.7276	2379.0000	299.9232	343.4695	1167.1066
1002.8800	2215.0000	302.0568	341.6295	1156.0861
1003.0324	2405.0000	299.9232	339.8405	1267.0021
1003.1848	2538.0000	297.7896	338.0025	1348.0560
1003.3372	2619.0000	296.2656	336.1625	1385.3835
1003.4896	2734.0000	296.2656	334.3230	1467.5040
1003.6420	2637.0000	296.5704	332.4680	1426.9771
1003.7944	2699.0000	296.2656	330.6130	1445.4630
1003.9468	2650.0000	298.7040	328.7730	1376.1405
1004.0992	2566.0000	298.7040	326.9340	1358.3656
1004.2516	2626.0000	298.3992	325.0965	1370.8081
1004.4040	2676.0000	295.3512	323.2750	1394.6266
1004.5564	2623.0000	298.3992	321.4020	1307.1736
1004.7088	2326.0000	300.2280	319.5620	1219.3650
1004.8612	2476.0000	297.7896	317.7400	1291.8871
1005.0136	2567.0000	297.7896	315.9000	1336.3246
1005.1660	2728.0000	296.5704	314.0780	1423.4220
1005.3184	2643.0000	297.4848	312.2215	1415.6011
1005.4708	2630.0000	299.6184	310.3645	1370.0970
1005.6232	2585.0000	298.7040	308.5425	1381.4730
1005.7756	2578.0000	297.7896	306.7040	1359.0765
1005.9280	2570.0000	297.1800	304.8645	1365.4756
1006.0804	2632.0000	296.5704	303.0260	1399.9591
1006.2328	2665.0000	296.8752	301.1870	1407.0691
1006.3852	2605.0000	295.9608	299.3325	1361.9205
1006.5376	2602.0000	295.9608	297.4935	1383.9615
1006.6900	2675.0000	296.5704	295.6365	1397.4706
1006.8424	2394.0000	301.1424	293.7650	1246.3831
1006.9948	2478.0000	298.7040	291.9605	1305.7516
1007.1472	2626.0000	296.2656	290.1215	1376.1405
1007.2996	2689.0000	296.2656	288.2810	1398.1815
1007.4520	2558.0000	297.7896	286.4085	1330.6366
1007.6044	2596.0000	297.4848	284.5700	1339.1686
1007.7568	2681.0000	297.4848	282.7460	1389.6495
1007.9092	2436.0000	301.1424	280.8905	1266.6465
1008.0616	2551.0000	297.7896	279.0685	1337.0355
1008.2140	2624.0000	296.5704	277.2460	1374.7185
1008.3664	2606.0000	296.2656	275.3900	1372.9410
1008.5188	2662.0000	295.6560	273.5510	1447.9515
1008.6712	2690.0000	295.6560	271.7120	1450.7955
1008.8236	2657.0000	296.8752	269.8400	1409.2020
1008.9760	2557.0000	296.2656	267.9845	1383.9615
1009.1284	2708.0000	295.6560	266.1620	1455.7726
1009.2808	2673.0000	296.8752	264.2890	1426.9771
1009.4332	2602.0000	297.7896	262.4500	1407.0691
1009.5856	2729.0000	296.5704	260.6100	1468.2151
1009.7380	2587.0000	296.8752	258.7540	1328.5035
1009.8904	2283.0000	302.6664	256.9320	1162.4850
1010.0428	2356.0000	301.4472	255.1095	1215.4546
1010.1952	2506.0000	298.0944	253.2865	1318.5496
1010.3476	2783.0000	289.5600	251.4655	1472.8365
1010.5000	2542.0000	297.7896	249.5780	1278.7335
1010.6524	2325.0000	301.4472	247.7210	1222.2090
1010.8048	2508.0000	298.3992	245.9145	1328.5035
1010.9572	2607.0000	297.1800	244.0760	1361.9205
1011.1096	2633.0000	295.6560	242.2385	1398.1815
1011.2620	2669.0000	296.2656	240.3980	1390.7161
1011.4144	2677.0000	296.2656	238.5235	1416.6676
1011.5668	2499.0000	301.4472	236.6840	1294.3755
1011.7192	2404.0000	301.4472	234.8455	1260.9585
1011.8716	2500.0000	298.3992	233.0235	1333.1250
1012.0240	2546.0000	296.8752	231.1995	1348.7671
1012.1764	2720.0000	293.2176	229.3610	1459.3275
1012.3288	2550.0000	297.4848	227.4880	1337.0355
1012.4812	2442.0000	298.7040	225.6660	1281.9331
1012.6336	2541.0000	297.4848	223.8275	1355.1660
1012.7860	2602.0000	297.1800	221.9725	1371.1636
1012.9384	2721.0000	295.3512	220.1510	1451.5066
1013.0908	2544.0000	299.3136	218.2775	1320.6825
1013.2432	2483.0000	300.2280	216.4530	1321.7490
1013.3956	2599.0000	296.8752	214.6140	1375.0741
1013.5480	2580.0000	297.1800	212.7935	1376.1405
1013.7004	2814.0000	293.5224	210.9535	1500.5656
1013.8528	2694.0000	295.6560	209.0630	1416.6676
1014.0052	2644.0000	295.3512	207.2075	1399.6035
1014.1576	2717.0000	295.3512	205.3680	1416.6676
1014.3100	2625.0000	295.9608	203.4955	1387.1610
1014.4624	2681.0000	295.0464	201.6560	1441.5525
1014.6148	2695.0000	295.3512	199.8000	1426.6216
1014.7672	2727.0000	294.1320	197.9285	1399.6035
1014.9196	2475.0000	299.6184	196.0730	1255.6261
1015.0720	2513.0000	298.7040	194.2500	1323.8821
1015.2244	2617.0000	297.4848	192.4110	1350.5446
1015.3768	2645.0000	297.1800	190.5880	1362.2760
1015.5292	2720.0000	295.9608	188.7495	1418.4451
1015.6816	2658.0000	296.2656	186.8775	1393.5601
1015.8340	2611.0000	296.2656	185.0385	1360.8540
1015.9864	2646.0000	295.6560	183.1820	1408.1355
1016.1388	2627.0000	295.3512	181.3270	1397.1150
1016.2912	2666.0000	295.0464	179.4880	1425.5551
1016.4436	2493.0000	299.0088	177.6150	1290.4651
1016.5960	2311.0000	301.4472	175.7765	1169.5951
1016.7484	2433.0000	299.9232	173.9720	1279.8000
1016.9008	2534.0000	297.7896	172.1495	1358.3656
1017.0532	2676.0000	297.1800	170.2925	1428.0436
1017.2056	2668.0000	297.4848	168.4520	1446.5295
1017.3580	2482.0000	299.0088	166.5970	1293.6646
1017.5104	2453.0000	297.7896	164.7925	1302.9076
1017.6628	2576.0000	296.5704	162.9535	1340.9460
1017.8152	2673.0000	295.0464	161.0985	1390.0050
1017.9676	2709.0000	295.0464	159.2595	1391.7826
1018.1200	2663.0000	295.9608	157.3865	1389.6495
1018.2724	2684.0000	297.1800	155.5320	1365.8311
1018.4248	2409.0000	299.9232	153.6755	1213.3215
1018.5772	2365.0000	299.9232	151.8515	1232.8740
1018.7296	2557.0000	297.1800	150.0300	1332.7695
1018.8820	2565.0000	298.3992	148.1895	1332.7695
1019.0344	2866.0000	292.9128	146.3500	1496.2996
1019.1868	2538.0000	301.1424	144.4790	1291.8871
1019.3392	2241.0000	303.8856	142.6580	1172.7946
1019.4916	2396.0000	300.5328	140.8520	1270.9126
1019.6440	2496.0000	297.4848	139.0290	1335.9690
1019.7964	2544.0000	296.2656	137.2075	1359.0765
1019.9488	2617.0000	295.3512	135.3510	1397.4706
1020.1012	2737.0000	294.7416	133.4945	1487.7676
1020.2536	2694.0000	296.5704	131.6400	1438.3530
1020.4060	2673.0000	297.1800	129.7860	1413.8236
1020.5584	2652.0000	297.1800	127.9300	1398.8926
1020.7108	2517.0000	299.3136	126.0910	1322.4601
1020.8632	2547.0000	298.0944	124.2525	1358.3656
1021.0156	2576.0000	297.4848	122.4295	1396.4041
1021.1680	2644.0000	296.2656	120.5895	1393.2046
1021.3204	2587.0000	296.5704	118.7340	1371.8745
1021.4728	2753.0000	294.7416	116.8955	1466.4375
1021.6252	2551.0000	298.0944	115.0395	1297.2196
1021.7776	2335.0000	299.0088	113.1845	1204.0785
1021.9300	2397.0000	298.0944	111.3610	1253.4930
1022.0824	2594.0000	296.5704	109.5210	1350.1891
1022.2348	2681.0000	296.2656	107.6665	1392.1381
1022.3872	2757.0000	294.7416	105.8285	1450.4401
1022.5396	2555.0000	298.3992	103.9555	1339.8795
1022.6920	2564.0000	297.4848	102.1155	1351.6111
1022.8444	2660.0000	296.8752	100.2935	1383.6061
1022.9968	2695.0000	296.5704	98.4380	1417.7340
1023.1492	2642.0000	297.7896	96.5830	1374.3630
1023.3016	2744.0000	296.5704	94.7605	1437.2865
1023.4540	2551.0000	297.4848	92.9050	1334.9026
1023.6064	2541.0000	296.5704	91.0490	1349.1226
1023.7588	2611.0000	295.6560	89.2105	1372.2301
1023.9112	2656.0000	295.0464	87.3720	1397.8260
1024.0636	2756.0000	295.0464	85.4985	1430.5321
1024.2160	2596.0000	296.5704	83.6425	1368.3196
1024.3684	2764.0000	295.0464	81.7855	1472.8365
1024.5208	2487.0000	298.7040	79.9475	1303.9740
1024.6732	2218.0000	305.4096	78.1090	1060.1011
1024.8256	2200.0000	305.7144	76.3035	1113.0706
1024.9780	2433.0000	299.9232	74.5315	1280.1555
1025.1304	2668.0000	295.3512	72.6930	1428.3990
1025.2828	2600.0000	296.5704	70.8195	1320.6825
1025.4352	2243.0000	300.5328	68.9790	1159.2855
1025.5876	2447.0000	299.0088	67.1570	1266.6465
1025.7400	2568.0000	295.6560	65.3365	1333.4806
1025.8924	2750.0000	293.8272	63.4815	1455.0615
1026.0448	2604.0000	297.1800	61.6080	1353.3885
1026.1972	2573.0000	296.5704	59.7525	1344.1455
1026.3496	2670.0000	295.3512	57.9305	1422.7111
1026.5020	2609.0000	299.0088	56.0565	1343.0791
1026.6544	2443.0000	299.0088	54.2165	1278.3781
1026.8068	2568.0000	297.7896	52.3940	1355.1660
1026.9592	2737.0000	295.0464	50.5555	1445.4630
1027.1116	2738.0000	294.7416	48.7155	1437.2865
1027.2640	2678.0000	294.7416	46.8435	1408.8466
1027.4164	2620.0000	295.0464	44.9715	1393.2046
1027.5688	2691.0000	294.4368	43.1320	1442.9746
1027.7212	2567.0000	296.8752	41.2590	1318.1941
1027.8736	2571.0000	296.5704	39.4025	1355.8771
1028.0260	2623.0000	295.6560	37.5630	1377.2070
1028.1784	2743.0000	294.1320	35.7230	1400.3146
1028.3308	2725.0000	293.8272	33.8670	1445.8186
1028.4832	2376.0000	303.5808	31.9955	1131.2010
1028.6356	2258.0000	303.8856	30.1730	1106.3160
1028.7880	2119.0000	312.1152	28.3845	1045.5255
1028.9404	3419.0000	281.3304	26.6135	2035.2375
