HOLE:	U1351B
EXPEDITION:	317
TOP:	70.8680
BOTTOM:	485.7008
DEPTH_WMSF	C1	C2
m	in	in
70.8680	-999.2500	-999.2500
71.0204	-999.2500	-999.2500
71.1728	-999.2500	-999.2500
71.3252	-999.2500	-999.2500
71.4776	-999.2500	-999.2500
71.6300	-999.2500	-999.2500
71.7824	-999.2500	-999.2500
71.9348	-999.2500	-999.2500
72.0872	-999.2500	-999.2500
72.2396	-999.2500	-999.2500
72.3920	-999.2500	-999.2500
72.5444	-999.2500	-999.2500
72.6968	-999.2500	-999.2500
72.8492	-999.2500	-999.2500
73.0016	2.7289	2.5718
73.1540	2.7296	2.5717
73.3064	2.7295	2.5715
73.4588	2.7295	2.5715
73.6112	2.7298	2.5738
73.7636	2.7295	2.5715
73.9160	2.7286	2.5715
74.0684	2.7291	2.5712
74.2208	2.7280	2.5706
74.3732	2.7295	2.5715
74.5256	2.7295	2.5715
74.6780	2.7298	2.5719
74.8304	2.7296	2.5716
74.9828	2.7296	2.5717
75.1352	2.7298	2.5719
75.2876	2.7296	2.5716
75.4400	2.7298	2.5720
75.5924	2.7297	2.5717
75.7448	2.7295	2.5715
75.8972	2.7295	2.5715
76.0496	2.7295	2.5715
76.2020	2.7295	2.5715
76.3544	2.7290	2.5715
76.5068	2.7295	2.5715
76.6592	2.7284	2.5708
76.8116	2.7295	2.5715
76.9640	2.7295	2.5715
77.1164	2.7295	2.5715
77.2688	2.7295	2.5715
77.4212	2.7295	2.5715
77.5736	2.7295	2.5715
77.7260	2.7295	2.5715
77.8784	2.7295	2.5715
78.0308	2.7295	2.5715
78.1832	2.7295	2.5715
78.3356	2.7295	2.5715
78.4880	2.7295	2.5715
78.6404	2.7295	2.5715
78.7928	2.7295	2.5715
78.9452	2.7295	2.5715
79.0976	2.7295	2.5715
79.2500	2.7295	2.5715
79.4024	2.7295	2.5715
79.5548	2.7295	2.5715
79.7072	2.7295	2.5715
79.8596	2.7295	2.5715
80.0120	2.7295	2.5715
80.1644	2.7295	2.5715
80.3168	2.7191	2.5715
80.4692	2.7295	2.5715
80.6216	2.7220	2.5715
80.7740	2.7191	2.5715
80.9264	2.7200	2.5715
81.0788	2.7197	2.5715
81.2312	2.7295	2.5715
81.3836	2.7295	2.5715
81.5360	2.7295	2.5715
81.6884	2.7295	2.5715
81.8408	2.7295	2.5715
81.9932	2.7297	2.5717
82.1456	2.7295	2.5715
82.2980	2.7295	2.5715
82.4504	2.7295	2.5715
82.6028	2.7295	2.5715
82.7552	2.7295	2.5715
82.9076	2.7295	2.5715
83.0600	2.7295	2.5715
83.2124	2.7295	2.5715
83.3648	2.7295	2.5715
83.5172	2.7295	2.5715
83.6696	2.7295	2.5715
83.8220	2.7295	2.5715
83.9744	2.7295	2.5715
84.1268	2.7295	2.5715
84.2792	2.7295	2.5715
84.4316	2.7295	2.5715
84.5840	2.7295	2.5715
84.7364	2.7295	2.5715
84.8888	2.7295	2.5715
85.0412	2.7295	2.5715
85.1936	2.7295	2.5715
85.3460	2.7295	2.5715
85.4984	2.7295	2.5715
85.6508	2.7295	2.5715
85.8032	2.7295	2.5715
85.9556	2.7296	2.5716
86.1080	2.7297	2.5717
86.2604	2.7295	2.5715
86.4128	2.7298	2.5719
86.5652	2.7295	2.5715
86.7176	2.7295	2.5715
86.8700	2.7295	2.5715
87.0224	2.7286	2.5710
87.1748	2.7295	2.5715
87.3272	2.7295	2.5715
87.4796	2.7295	2.5715
87.6320	2.7295	2.5715
87.7844	2.7295	2.5715
87.9368	2.7295	2.5715
88.0892	2.7295	2.5715
88.2416	2.7295	2.5715
88.3940	2.7290	2.5715
88.5464	2.7282	2.5715
88.6988	2.7295	2.5715
88.8512	2.7295	2.5715
89.0036	2.7295	2.5715
89.1560	2.7295	2.5715
89.3084	2.7295	2.5715
89.4608	2.7295	2.5715
89.6132	2.7295	2.5715
89.7656	2.7295	2.5715
89.9180	2.7295	2.5715
90.0704	2.7289	2.5711
90.2228	2.7298	2.5719
90.3752	2.7286	2.5715
90.5276	2.7295	2.5715
90.6800	2.7295	2.5715
90.8324	2.7286	2.5815
90.9848	2.7295	2.5815
91.1372	2.7295	2.5815
91.2896	2.7295	2.5815
91.4420	2.7295	2.5815
91.5944	2.7295	2.5815
91.7468	2.7295	2.5815
91.8992	2.7295	2.5815
92.0516	2.7295	2.5815
92.2040	2.7298	2.5820
92.3564	2.7296	2.5816
92.5088	2.7295	2.5815
92.6612	2.7295	2.5815
92.8136	2.7295	2.5815
92.9660	2.7280	2.5807
93.1184	2.7295	2.5815
93.2708	2.7295	2.5815
93.4232	2.7295	2.5815
93.5756	2.7295	2.5815
93.7280	2.7295	2.5815
93.8804	2.7295	2.5815
94.0328	2.7295	2.5815
94.1852	2.7295	2.5815
94.3376	2.7295	2.5815
94.4900	2.7295	2.5815
94.6424	2.7295	2.5815
94.7948	2.7295	2.5815
94.9472	2.7295	2.5815
95.0996	2.7295	2.5815
95.2520	2.7295	2.5815
95.4044	2.7295	2.5815
95.5568	2.7268	2.5815
95.7092	2.7292	2.5815
95.8616	2.7235	2.5815
96.0140	2.7247	2.5804
96.1664	2.7267	2.5749
96.3188	2.7295	2.5716
96.4712	2.7295	2.5715
96.6236	2.7244	2.5715
96.7760	2.7209	2.5815
96.9284	2.7220	2.5815
97.0808	2.7295	2.5815
97.2332	2.7295	2.5815
97.3856	2.7295	2.5815
97.5380	2.7295	2.5815
97.6904	2.7295	2.5815
97.8428	2.7295	2.5815
97.9952	2.7265	2.5815
98.1476	2.7295	2.5815
98.3000	2.7295	2.5815
98.4524	2.7295	2.5815
98.6048	2.7295	2.5815
98.7572	2.7295	2.5815
98.9096	2.7295	2.5815
99.0620	2.7295	2.5815
99.2144	2.7295	2.5815
99.3668	2.7295	2.5815
99.5192	2.7295	2.5815
99.6716	2.7295	2.5815
99.8240	2.7295	2.5815
99.9764	2.7295	2.5815
100.1288	2.7295	2.5815
100.2812	2.7295	2.5815
100.4336	2.7295	2.5815
100.5860	2.7295	2.5815
100.7384	2.7295	2.5815
100.8908	2.7295	2.5815
101.0432	2.7295	2.5815
101.1956	2.7295	2.5815
101.3480	2.7295	2.5815
101.5004	2.7297	2.5819
101.6528	2.7299	2.5822
101.8052	2.7296	2.5816
101.9576	2.7291	2.5813
102.1100	2.7295	2.5815
102.2624	2.7295	2.5815
102.4148	2.7295	2.5815
102.5672	2.7295	2.5815
102.7196	2.7295	2.5815
102.8720	2.7295	2.5815
103.0244	2.7295	2.5815
103.1768	2.7295	2.5815
103.3292	2.7295	2.5815
103.4816	2.7295	2.5815
103.6340	2.7297	2.5819
103.7864	2.7296	2.5817
103.9388	2.7295	2.5815
104.0912	2.7295	2.5815
104.2436	2.7295	2.5815
104.3960	2.7295	2.5815
104.5484	2.7295	2.5815
104.7008	2.7295	2.5815
104.8532	2.7295	2.5815
105.0056	2.7297	2.5819
105.1580	2.7297	2.5818
105.3104	2.7291	2.5813
105.4628	2.7298	2.5820
105.6152	2.7295	2.5816
105.7676	2.7295	2.5815
105.9200	2.7295	2.5815
106.0724	2.7295	2.5815
106.2248	2.7295	2.5815
106.3772	2.7292	2.5814
106.5296	2.7295	2.5815
106.6820	2.7295	2.5815
106.8344	2.7291	2.5815
106.9868	2.7295	2.5815
107.1392	2.7295	2.5815
107.2916	2.7295	2.5751
107.4440	2.7191	2.5715
107.5964	2.7191	2.5715
107.7488	2.7191	2.5715
107.9012	2.7263	2.5715
108.0536	2.7203	2.5715
108.2060	2.7213	2.5792
108.3584	2.7191	2.5759
108.5108	2.7191	2.5721
108.6632	2.7191	2.5765
108.8156	2.7191	2.5815
108.9680	2.7191	2.5815
109.1204	2.7191	2.5815
109.2728	2.7191	2.5815
109.4252	2.7191	2.5815
109.5776	2.7191	2.5815
109.7300	2.7191	2.5815
109.8824	2.7191	2.5815
110.0348	2.7191	2.5815
110.1872	2.7191	2.5815
110.3396	2.7191	2.5815
110.4920	2.7191	2.5815
110.6444	2.7191	2.5815
110.7968	2.7191	2.5807
110.9492	2.7191	2.5815
111.1016	2.7191	2.5815
111.2540	2.7191	2.5815
111.4064	2.7191	2.5797
111.5588	2.7191	2.5815
111.7112	2.7191	2.5815
111.8636	2.7191	2.5807
112.0160	2.7191	2.5815
112.1684	2.7191	2.5807
112.3208	2.7191	2.5815
112.4732	2.7191	2.5815
112.6256	2.7191	2.5815
112.7780	2.7191	2.5815
112.9304	2.7191	2.5815
113.0828	2.7191	2.5815
113.2352	2.7191	2.5815
113.3876	2.7191	2.5751
113.5400	2.7191	2.5715
113.6924	2.7191	2.5715
113.8448	2.7191	2.5740
113.9972	2.7191	2.5740
114.1496	2.7191	2.5733
114.3020	2.7191	2.5715
114.4544	2.7191	2.5740
114.6068	2.7191	2.5715
114.7592	2.7191	2.5721
114.9116	2.7191	2.5765
115.0640	2.7191	2.5815
115.2164	2.7191	2.5790
115.3688	2.7191	2.5769
115.5212	2.7191	2.5815
115.6736	2.7191	2.5751
115.8260	2.7191	2.5715
115.9784	2.7191	2.5715
116.1308	2.7191	2.5715
116.2832	2.7191	2.5715
116.4356	2.7191	2.5715
116.5880	2.7191	2.5715
116.7404	2.7191	2.5715
116.8928	2.7186	2.5712
117.0452	2.7191	2.5715
117.1976	2.7191	2.5715
117.3500	2.7191	2.5715
117.5024	2.7191	2.5715
117.6548	2.7191	2.5715
117.8072	2.7191	2.5715
117.9596	2.7191	2.5715
118.1120	2.7191	2.5715
118.2644	2.7191	2.5715
118.4168	2.7191	2.5715
118.5692	2.7191	2.5715
118.7216	2.7191	2.5715
118.8740	2.7191	2.5715
119.0264	2.7191	2.5715
119.1788	2.7191	2.5715
119.3312	2.7194	2.5719
119.4836	2.7191	2.5715
119.6360	2.7191	2.5745
119.7884	2.7188	2.5814
119.9408	2.7191	2.5815
120.0932	2.7191	2.5740
120.2456	2.7191	2.5715
120.3980	2.7104	2.5795
120.5504	2.7088	2.5715
120.7028	2.7088	2.5715
120.8552	2.7088	2.5712
121.0076	15.9955	15.6400
121.1600	15.9379	15.4643
121.3124	15.9203	15.3724
121.4648	15.9281	15.3136
121.6172	15.9341	15.3258
121.7696	15.9351	15.3812
121.9220	15.9972	15.5777
122.0744	16.0316	15.8036
122.2268	16.0671	15.9997
122.3792	16.0828	16.1189
122.5316	16.0838	16.1170
122.6840	16.0890	16.1170
122.8364	16.0870	16.1170
122.9888	16.0870	16.1099
123.1412	16.0807	16.1052
123.2936	16.0807	16.1045
123.4460	16.0849	16.1211
123.5984	16.0883	16.1170
123.7508	16.0890	16.1170
123.9032	16.0890	16.1170
124.0556	16.0870	16.1170
124.2080	16.0821	16.1170
124.3604	16.0876	16.1170
124.5128	16.0838	16.1009
124.6652	16.0631	15.9730
124.8176	16.0807	16.1008
124.9700	16.0807	16.1008
125.1224	16.0807	16.1008
125.2748	16.0807	16.1008
125.4272	16.0807	16.1008
125.5796	16.0807	16.1008
125.7320	16.0807	16.1008
125.8844	16.0797	16.1006
126.0368	16.0805	16.1006
126.1892	16.0807	16.1008
126.3416	16.0807	16.1008
126.4940	16.0807	16.1008
126.6464	16.0807	16.1008
126.7988	16.0786	16.1008
126.9512	16.0807	16.1008
127.1036	16.0807	16.1008
127.2560	16.0807	16.1048
127.4084	16.0804	16.1006
127.5608	16.0807	16.1008
127.7132	16.0807	16.1008
127.8656	16.0786	16.1008
128.0180	16.0807	16.1008
128.1704	16.0807	16.1008
128.3228	16.0807	16.1008
128.4752	16.0807	16.1008
128.6276	16.0807	16.1008
128.7800	16.0807	16.1008
128.9324	16.0807	16.1008
129.0848	16.0807	16.1008
129.2372	16.0807	16.1008
129.3896	16.0807	16.1008
129.5420	16.0807	16.1008
129.6944	16.0807	16.1008
129.8468	16.0807	16.1008
129.9992	16.0807	16.1008
130.1516	16.0807	16.1008
130.3040	16.0807	16.1008
130.4564	16.0807	16.1008
130.6088	16.0807	16.1008
130.7612	16.0805	16.1006
130.9136	16.0804	16.0986
131.0660	16.0807	16.1008
131.2184	16.0807	16.1008
131.3708	16.0807	16.1008
131.5232	16.0807	16.1008
131.6756	16.0807	16.1008
131.8280	16.0807	16.1008
131.9804	16.0807	16.1008
132.1328	16.0807	16.1008
132.2852	16.0807	16.1008
132.4376	16.0807	16.1008
132.5900	16.0807	16.1008
132.7424	16.0807	16.1008
132.8948	16.0807	16.0941
133.0472	16.0807	16.1008
133.1996	16.0807	16.1008
133.3520	16.0807	16.1008
133.5044	16.0807	16.1008
133.6568	16.0807	16.1008
133.8092	16.0807	16.1008
133.9616	16.0807	16.0927
134.1140	16.0807	16.0927
134.2664	16.0807	16.0927
134.4188	16.0807	16.0927
134.5712	16.0807	16.0927
134.7236	16.0807	16.0927
134.8760	16.0807	16.0927
135.0284	16.0807	16.0927
135.1808	16.0807	16.0927
135.3332	16.0807	16.0947
135.4856	16.0807	16.0927
135.6380	16.0807	16.0927
135.7904	16.0807	16.0927
135.9428	16.0807	16.0927
136.0952	16.0807	16.0954
136.2476	16.0807	16.1008
136.4000	16.0786	16.0847
136.5524	16.0807	16.1008
136.7048	16.0807	16.1008
136.8572	16.0807	16.1008
137.0096	16.0807	16.1008
137.1620	16.0807	16.1008
137.3144	16.0786	16.1008
137.4668	16.0807	16.0997
137.6192	16.0807	16.1008
137.7716	16.0786	16.1008
137.9240	16.0807	16.0967
138.0764	16.0807	16.0941
138.2288	16.0769	16.0994
138.3812	16.0807	16.1008
138.5336	16.0807	16.1008
138.6860	16.0807	16.1008
138.8384	16.0766	16.0738
138.9908	16.0807	16.1008
139.1432	16.0807	16.0934
139.2956	16.0807	16.0957
139.4480	16.0807	16.0846
139.6004	16.0786	16.0664
139.7528	16.0807	16.0795
139.9052	16.0807	16.0764
140.0576	16.0807	16.0764
140.2100	16.0807	16.0771
140.3624	16.0807	16.0764
140.5148	16.0807	16.0764
140.6672	16.0807	16.0764
140.8196	16.0807	16.0784
140.9720	16.0807	16.0784
141.1244	16.0807	16.0764
141.2768	16.0807	16.0764
141.4292	16.0807	16.0764
141.5816	16.0806	16.0519
141.7340	16.0801	16.0509
141.8864	16.0805	16.0478
142.0388	16.0786	16.0500
142.1912	16.0804	16.0518
142.3436	16.0783	16.0518
142.4960	16.0763	16.0518
142.6484	16.0751	16.0518
142.8008	16.0762	16.0520
142.9532	16.0807	16.0581
143.1056	16.0475	15.8866
143.2580	16.0199	15.7595
143.4104	16.0055	15.7222
143.5628	16.0108	15.7299
143.7152	16.0139	15.7299
143.8676	16.0201	15.7653
144.0200	16.0461	15.8924
144.1724	16.0776	16.1008
144.3248	16.0807	16.1008
144.4772	16.0807	16.1008
144.6296	16.0744	16.0520
144.7820	16.0471	15.8959
144.9344	16.0807	16.1008
145.0868	16.0796	16.1018
145.2392	16.0776	16.0780
145.3916	16.0807	16.1002
145.5440	16.0807	16.1008
145.6964	16.0807	16.1001
145.8488	16.0807	16.1001
146.0012	16.0807	16.0988
146.1536	16.0807	16.1008
146.3060	16.0807	16.1008
146.4584	16.0807	16.1008
146.6108	16.0776	16.0706
146.7632	16.0807	16.1008
146.9156	16.0807	16.1008
147.0680	16.0807	16.0977
147.2204	16.0807	16.1001
147.3728	16.0800	16.0954
147.5252	16.0807	16.0941
147.6776	16.0807	16.0927
147.8300	16.0807	16.0987
147.9824	16.0796	16.0837
148.1348	16.0172	15.7536
148.2872	16.0094	15.7184
148.4396	16.0024	15.6912
148.5920	15.8010	15.4293
148.7444	15.6839	15.2846
148.8968	15.6598	15.2779
149.0492	15.6655	15.2779
149.2016	15.6410	15.2779
149.3540	15.6554	15.2721
149.5064	15.6773	15.3135
149.6588	15.7729	15.3981
149.8112	15.7984	15.4332
149.9636	15.8006	15.4303
150.1160	15.8780	15.5159
150.2684	15.9977	15.6612
150.4208	16.0717	16.1007
150.5732	16.0724	16.1095
150.7256	16.0728	16.1008
150.8780	16.0762	16.1111
151.0304	16.0807	16.1170
151.1828	16.0807	16.1170
151.3352	16.0807	16.1170
151.4876	16.0807	16.1170
151.6400	16.0807	16.1170
151.7924	16.0807	16.1170
151.9448	16.0807	16.1170
152.0972	16.0807	16.1127
152.2496	15.9397	15.6923
152.4020	15.9692	15.6456
152.5544	16.0670	16.0384
152.7068	16.0644	16.0216
152.8592	16.0640	15.9949
153.0116	16.0640	15.9949
153.1640	16.0640	15.9949
153.3164	16.0640	16.0098
153.4688	16.0590	15.9946
153.6212	16.0676	16.0263
153.7736	16.0724	16.0602
153.9260	16.0604	16.0039
154.0784	16.0640	16.0439
154.2308	16.0640	16.0439
154.3832	16.0640	16.0439
154.5356	16.0640	16.0439
154.6880	16.0640	16.0439
154.8404	16.0546	15.9825
154.9928	16.0474	15.9127
155.1452	16.0474	15.9127
155.2976	16.0546	15.9372
155.4500	16.0706	16.0519
155.6024	16.0640	16.0384
155.7548	16.0649	16.0373
155.9072	16.0640	16.0457
156.0596	16.0660	16.0462
156.2120	16.0640	16.0350
156.3644	16.0640	16.0295
156.5168	16.0640	16.0276
156.6692	16.0640	16.0276
156.8216	16.0640	16.0281
156.9740	16.0640	16.0439
157.1264	16.0603	16.0255
157.2788	16.0063	15.7166
157.4312	16.0139	15.7466
157.5836	16.0211	15.7604
157.7360	16.0253	15.8079
157.8884	16.0421	15.9216
158.0408	16.0293	15.8408
158.1932	16.0039	15.7215
158.3456	15.6987	15.3880
158.4980	15.6497	15.3227
158.6504	15.7036	15.3871
158.8028	15.8392	15.4800
158.9552	15.9880	15.6586
159.1076	16.0556	15.9722
159.2600	16.0694	16.0488
159.4124	16.0706	16.0507
159.5648	16.0704	16.0492
159.7172	16.0714	16.0518
159.8696	16.0692	16.0527
160.0220	16.0686	16.0460
160.1744	16.0640	16.0467
160.3268	16.0640	16.0363
160.4792	16.0640	16.0366
160.6316	16.0640	16.0409
160.7840	16.0640	16.0215
160.9364	16.0640	15.9883
161.0888	16.0640	15.9703
161.2412	16.0609	15.9534
161.3936	16.0488	15.9029
161.5460	16.0168	15.7554
161.6984	16.0138	15.7471
161.8508	16.0221	15.7967
162.0032	16.0206	15.7830
162.1556	15.9542	15.5014
162.3080	15.9978	15.6948
162.4604	16.0390	15.8879
162.6128	16.0390	15.8879
162.7652	16.0390	15.8879
162.9176	16.0390	15.8966
163.0700	16.0369	15.8705
163.2224	16.0307	15.8466
163.3748	16.0349	15.8699
163.5272	16.0368	15.8661
163.6796	16.0379	15.9027
163.8320	16.0303	15.8383
163.9844	16.0010	15.7300
164.1368	15.9972	15.7159
164.2892	15.9972	15.6969
164.4416	15.9972	15.6964
164.5940	15.9972	15.6964
164.7464	15.9972	15.6981
164.8988	15.9964	15.6904
165.0512	15.9053	15.5770
165.2036	15.8418	15.5096
165.3560	15.8655	15.5187
165.5084	15.8498	15.5104
165.6608	15.8489	15.5101
165.8132	15.8457	15.4991
165.9656	15.7414	15.4115
166.1180	15.6838	15.3506
166.2704	15.7145	15.3823
166.4228	15.7731	15.4500
166.5752	15.6866	15.3779
166.7276	15.6050	15.3131
166.8800	15.6112	15.3170
167.0324	15.6081	15.3061
167.1848	15.5911	15.2779
167.3372	15.5971	15.2779
167.4896	15.5740	15.2779
167.6420	15.5365	15.2779
167.7944	15.5267	15.2711
167.9468	15.5950	15.3392
168.0992	15.5233	15.2683
168.2516	15.5180	15.2432
168.4040	15.5281	15.2713
168.5564	15.7575	15.4407
168.7088	15.9932	15.6908
168.8612	16.0052	15.7798
169.0136	16.0055	15.7965
169.1660	16.0367	15.8922
169.3184	16.0390	15.9108
169.4708	16.0390	15.9098
169.6232	16.0438	15.9147
169.7756	16.0338	15.8529
169.9280	16.0077	15.7781
170.0804	15.9950	15.6894
170.2328	15.9505	15.6343
170.3852	15.4807	15.3430
170.5376	14.9176	15.0628
170.6900	14.8643	14.6829
170.8424	14.8577	14.6423
170.9948	14.8866	14.6470
171.1472	15.0704	15.1237
171.2996	15.4239	15.2310
171.4520	15.5025	15.2703
171.6044	15.5285	15.2937
171.7568	15.7151	15.4620
171.9092	15.6640	15.3460
172.0616	15.6089	15.2921
172.2140	15.6042	15.2817
172.3664	15.5724	15.2784
172.5188	15.4026	15.2840
172.6712	15.4122	15.2739
172.8236	15.3164	15.2770
172.9760	14.9036	15.1098
173.1284	14.6947	15.0062
173.2808	13.8191	13.9447
173.4332	12.1407	13.6941
173.5856	13.6123	13.0468
173.7380	14.0336	13.0406
173.8904	14.0294	13.0959
174.0428	13.6765	13.0484
174.1952	13.7906	13.0292
174.3476	13.6826	13.1693
174.5000	12.5454	12.4263
174.6524	12.8463	12.9336
174.8048	12.7326	12.8008
174.9572	12.6411	12.6186
175.1096	12.6948	12.5903
175.2620	12.6950	12.5726
175.4144	12.6950	12.5644
175.5668	12.6592	12.5355
175.7192	12.7632	12.9056
175.8716	13.1073	12.8641
176.0240	12.8323	12.1888
176.1764	13.2179	12.2104
176.3288	13.3494	12.7330
176.4812	13.2415	12.7886
176.6336	13.2059	12.7886
176.7860	13.2668	12.7922
176.9384	13.2837	12.8053
177.0908	13.2999	12.8392
177.2432	13.3278	12.8932
177.3956	14.7348	13.6811
177.5480	15.3822	14.7000
177.7004	15.4826	14.8623
177.8528	15.5251	14.9429
178.0052	15.5425	15.0018
178.1576	15.5496	15.0897
178.3100	15.4591	15.1580
178.4624	15.4037	15.1379
178.6148	15.3448	15.0919
178.7672	15.3521	15.0651
178.9196	15.3089	15.0452
179.0720	15.3327	14.9998
179.2244	15.2323	14.9663
179.3768	15.1900	14.8540
179.5292	15.1005	14.8071
179.6816	15.0647	14.7396
179.8340	15.0830	14.7469
179.9864	15.0830	14.7469
180.1388	15.0763	14.7379
180.2912	15.0573	14.7111
180.4436	15.0284	14.5714
180.5960	14.9195	14.5041
180.7484	14.9900	14.7968
180.9008	15.1154	15.0364
181.0532	15.1182	15.1278
181.2056	15.0863	15.1066
181.3580	15.0878	15.0558
181.5104	15.0527	14.9582
181.6628	15.0836	15.0836
181.8152	15.0634	15.1001
181.9676	15.0081	15.0118
182.1200	14.9977	14.9205
182.2724	14.9818	14.9553
182.4248	15.0602	15.0365
182.5772	15.1008	15.1269
182.7296	15.2212	15.1987
182.8820	15.3563	15.2432
183.0344	15.3680	15.2519
183.1868	15.3864	15.2519
183.3392	15.3830	15.2523
183.4916	15.4494	15.2779
183.6440	15.4919	15.2758
183.7964	15.4067	15.2828
183.9488	15.3565	15.2586
184.1012	15.1761	15.2521
184.2536	14.9382	15.2362
184.4060	14.9870	15.2519
184.5584	14.9834	15.2519
184.7108	14.9834	15.2519
184.8632	14.9834	15.2519
185.0156	14.9862	15.2452
185.1680	14.9327	15.2430
185.3204	15.1745	15.2229
185.4728	15.2392	15.1122
185.6252	15.3519	15.1449
185.7776	15.3599	15.1447
185.9300	15.3563	15.1324
186.0824	15.3249	15.1161
186.2348	15.3495	15.1648
186.3872	15.3727	15.2105
186.5396	15.4774	15.2519
186.6920	15.4387	15.2461
186.8444	15.5084	15.2518
186.9968	15.4717	15.1882
187.1492	15.4482	15.0893
187.3016	15.5414	15.2454
187.4540	15.5671	15.2517
187.6064	15.5635	15.2702
187.7588	15.5442	15.2779
187.9112	15.5275	15.2778
188.0636	15.5196	15.2777
188.2160	15.4532	15.2779
188.3684	15.3650	15.2684
188.5208	15.2110	15.2541
188.6732	15.0839	14.9415
188.8256	14.9300	14.5894
188.9780	14.9257	14.5837
189.1304	14.9178	14.5650
189.2828	14.8599	14.4743
189.4352	14.4972	14.2622
189.5876	14.1429	13.9304
189.7400	13.9002	13.8094
189.8924	13.5862	14.1050
190.0448	13.3283	14.3328
190.1972	13.3268	14.4594
190.3496	13.3452	14.6579
190.5020	13.3468	14.6757
190.6544	13.3460	14.6961
190.8068	13.4655	14.9471
190.9592	13.4523	14.9663
191.1116	13.4941	14.8987
191.2640	13.4867	14.8414
191.4164	13.4867	14.7986
191.5688	13.6067	14.7200
191.7212	14.3040	14.9213
191.8736	14.3899	15.0010
192.0260	14.3899	14.9972
192.1784	14.3896	14.9706
192.3308	14.3899	14.9617
192.4832	14.3899	14.9617
192.6356	14.4084	14.9616
192.7880	14.5907	15.1671
192.9404	14.9806	15.2519
193.0928	15.1008	15.2160
193.2452	15.1134	15.2367
193.3976	15.1324	15.2301
193.5500	15.2251	15.2464
193.7024	15.2266	15.2650
193.8548	15.2266	15.2605
194.0072	15.2266	15.2605
194.1596	15.2266	15.2670
194.3120	15.3951	15.2865
194.4644	15.4665	15.3684
194.6168	15.4153	15.3764
194.7692	15.5015	15.3659
194.9216	15.4404	15.3957
195.0740	15.4556	15.3729
195.2264	15.5278	15.3989
195.3788	15.5282	15.3989
195.5312	15.5234	15.3989
195.6836	15.5180	15.3989
195.8360	15.5180	15.4067
195.9884	15.4054	15.4108
196.1408	15.3637	15.4075
196.2932	15.4347	15.4000
196.4456	15.4140	15.3936
196.5980	15.3526	15.2965
196.7504	15.2793	15.2787
196.9028	15.2601	15.2779
197.0552	15.3124	15.2715
197.2076	15.2809	15.2605
197.3600	15.1847	15.2562
197.5124	15.0094	15.2558
197.6648	14.9988	15.3059
197.8172	15.1315	15.3956
197.9696	15.1378	15.3824
198.1220	15.1371	15.3881
198.2744	15.1371	15.3903
198.4268	15.1146	15.3881
198.5792	15.1237	15.3847
198.7316	15.0918	15.3772
198.8840	15.0715	15.3558
199.0364	14.9509	15.2888
199.1888	14.5388	15.2648
199.3412	14.3993	15.2518
199.4936	14.4088	15.2519
199.6460	14.3822	15.2519
199.7984	14.1853	15.2519
199.9508	13.7488	14.9202
200.1032	13.6342	14.7477
200.2556	13.6022	14.7559
200.4080	13.6059	14.7559
200.5604	13.5899	14.7559
200.7128	13.5328	14.7469
200.8652	13.4867	14.7020
201.0176	13.4984	14.7430
201.1700	13.3912	14.2429
201.3224	13.3869	14.8186
201.4748	13.4668	14.8345
201.6272	13.5163	15.3112
201.7796	13.4566	15.3987
201.9320	13.3796	15.3968
202.0844	13.2352	15.3814
202.2368	13.1965	15.3770
202.3892	13.1985	15.3618
202.5416	13.3164	15.2953
202.6940	13.7529	15.3126
202.8464	13.7922	15.3372
202.9988	13.8159	15.3634
203.1512	13.8471	15.3715
203.3036	13.9268	15.4075
203.4560	14.0166	15.4245
203.6084	14.0722	15.4245
203.7608	14.4951	15.4247
203.9132	14.7288	15.4247
204.0656	14.7225	15.4247
204.2180	14.7251	15.4247
204.3704	14.7214	15.4201
204.5228	14.7497	15.4213
204.6752	14.8399	15.4226
204.8276	14.8381	15.4199
204.9800	14.8227	15.4161
205.1324	14.7993	15.4161
205.2848	14.8413	15.4161
205.4372	14.8580	15.4161
205.5896	15.0022	15.4159
205.7420	15.0405	15.4096
205.8944	14.9368	15.4075
206.0468	14.7648	15.3987
206.1992	14.8153	15.3972
206.3516	14.8823	15.3989
206.5040	14.8287	15.3988
206.6564	14.5540	15.3862
206.8088	13.4817	15.2843
206.9612	12.9120	15.2691
207.1136	12.9110	15.2692
207.2660	12.8905	15.2692
207.4184	12.8814	15.2692
207.5708	12.8896	15.2692
207.7232	12.8668	15.2692
207.8756	12.8067	15.2692
208.0280	12.7201	15.2692
208.1804	12.6846	15.2692
208.3328	12.6846	15.2692
208.4852	12.6846	15.2692
208.6376	12.6846	15.2692
208.7900	12.6846	15.2692
208.9424	12.6755	15.2692
209.0948	12.6743	15.2509
209.2472	12.6728	15.2519
209.3996	12.5294	15.2519
209.5520	12.4860	15.0945
209.7044	12.4545	14.7942
209.8568	12.4456	14.7469
210.0092	12.4495	14.7523
210.1616	12.5698	14.9380
210.3140	12.7267	15.0398
210.4664	12.6783	14.9884
210.6188	12.7679	15.1121
210.7712	12.9017	15.0918
210.9236	12.8976	15.0241
211.0760	12.9083	15.0441
211.2284	12.9046	15.0752
211.3808	12.9516	15.1374
211.5332	12.9519	15.1329
211.6856	12.9996	15.1254
211.8380	13.3783	15.0958
211.9904	13.7790	15.1471
212.1428	14.4860	15.2675
212.2952	14.5124	15.2692
212.4476	14.5101	15.2692
212.6000	14.5068	15.2691
212.7524	14.5403	15.2691
212.9048	14.7367	15.2753
213.0572	14.9714	15.2775
213.2096	15.3674	15.2918
213.3620	15.4025	15.3980
213.5144	15.4852	15.3976
213.6668	15.5180	15.3887
213.8192	15.4934	15.3989
213.9716	15.4682	15.3820
214.1240	15.4477	15.3871
214.2764	15.4392	15.3071
214.4288	15.4277	15.2873
214.5812	15.4871	15.2953
214.7336	15.5354	15.2977
214.8860	15.5309	15.2953
215.0384	15.5313	15.2938
215.1908	15.5730	15.2964
215.3432	15.6479	15.3368
215.4956	15.5950	15.3466
215.6480	15.4499	15.2830
215.8004	15.3888	15.2779
215.9528	15.3599	15.2779
216.1052	15.3692	15.2779
216.2576	15.3599	15.2779
216.4100	15.3599	15.2779
216.5624	15.3130	15.2729
216.7148	15.3718	15.2779
216.8672	15.2257	15.2779
217.0196	15.1123	15.2748
217.1720	15.1110	15.2779
217.3244	15.0724	15.2759
217.4768	15.1069	15.2692
217.6292	15.0868	15.2692
217.7816	15.0965	15.2692
217.9340	15.2542	15.2692
218.0864	15.3412	15.2692
218.2388	15.3415	15.2692
218.3912	15.3422	15.2692
218.5436	15.3402	15.2692
218.6960	15.3418	15.2700
218.8484	15.3339	15.2784
219.0008	15.3417	15.2858
219.1532	15.3682	15.2866
219.3056	15.3356	15.2866
219.4580	15.3419	15.2864
219.6104	15.3405	15.2778
219.7628	15.3414	15.2873
219.9152	15.3408	15.2895
220.0676	15.3422	15.2934
220.2200	15.3376	15.2881
220.3724	15.3315	15.2758
220.5248	15.3440	15.2717
220.6772	15.4083	15.3457
220.8296	15.4427	15.3454
220.9820	15.4394	15.3530
221.1344	15.4356	15.3470
221.2868	15.4198	15.3467
221.4392	15.4308	15.2869
221.5916	15.5671	15.2797
221.7440	15.6493	15.3066
221.8964	15.6994	15.3438
222.0488	15.6968	15.3384
222.2012	15.7434	15.3943
222.3536	15.7803	15.4248
222.5060	15.8239	15.4675
222.6584	15.8423	15.4759
222.8108	15.8535	15.5021
222.9632	15.8788	15.5706
223.1156	15.8715	15.5526
223.2680	15.8718	15.5528
223.4204	15.8474	15.5316
223.5728	15.8452	15.5028
223.7252	15.8452	15.5095
223.8776	15.9277	15.5823
224.0300	15.9432	15.5888
224.1824	15.9629	15.6268
224.3348	15.9593	15.6404
224.4872	15.9587	15.6457
224.6396	15.9571	15.6426
224.7920	15.9580	15.6374
224.9444	15.9521	15.6206
225.0968	15.9069	15.5931
225.2492	15.8112	15.4868
225.4016	15.6957	15.3624
225.5540	15.6814	15.3559
225.7064	15.6741	15.3472
225.8588	15.6568	15.3289
226.0112	15.6482	15.3052
226.1636	15.6435	15.2953
226.3160	15.6449	15.3061
226.4684	15.6331	15.2968
226.6208	15.5349	15.2700
226.7732	15.6297	15.2855
226.9256	15.7071	15.3731
227.0780	15.6861	15.3624
227.2304	15.6277	15.2866
227.3828	15.6223	15.2866
227.5352	15.6453	15.3319
227.6876	15.7383	15.4233
227.8400	15.8601	15.5612
227.9924	15.8799	15.5612
228.1448	15.8611	15.5528
228.2972	15.8389	15.5148
228.4496	15.8442	15.5102
228.6020	15.8294	15.5102
228.7544	15.8325	15.5208
228.9068	15.8839	15.5808
229.0592	15.8915	15.5749
229.2116	15.8020	15.4753
229.3640	15.7751	15.4761
229.5164	15.7494	15.4846
229.6688	15.7085	15.4761
229.8212	15.6489	15.4207
229.9736	15.6943	15.4589
230.1260	15.6547	15.4489
230.2784	15.6795	15.4746
230.4308	15.6806	15.4761
230.5832	15.7031	15.4697
230.7356	15.6998	15.4739
230.8880	15.7514	15.4761
231.0404	15.7927	15.4931
231.1928	15.8113	15.5528
231.3452	15.9065	15.5845
231.4976	15.9573	15.5867
231.6500	15.9158	15.5712
231.8024	15.9183	15.5623
231.9548	15.8989	15.5612
232.1072	15.9580	15.6005
232.2596	15.9656	15.6121
232.4120	15.9580	15.6121
232.5644	15.9583	15.6121
232.7168	15.9653	15.5973
232.8692	15.9510	15.5920
233.0216	15.9299	15.5867
233.1740	15.9043	15.5581
233.3264	15.8824	15.5528
233.4788	15.7951	15.5528
233.6312	15.8664	15.5612
233.7836	15.8707	15.5612
233.9360	15.8792	15.5612
234.0884	15.8686	15.5528
234.2408	15.8622	15.5528
234.3932	15.8480	15.5338
234.5456	15.8141	15.5280
234.6980	15.7543	15.4761
234.8504	15.7750	15.4482
235.0028	15.8027	15.4761
235.1552	15.8027	15.4761
235.3076	15.7864	15.4761
235.4600	15.7671	15.4761
235.6124	15.7406	15.4930
235.7648	15.7942	15.5187
235.9172	15.7794	15.4944
236.0696	15.7507	15.5157
236.2220	15.7514	15.5528
236.3744	15.7493	15.5528
236.5268	15.7428	15.5528
236.6792	15.7332	15.5528
236.8316	15.8012	15.5860
236.9840	15.7876	15.5726
237.1364	15.9072	15.5973
237.2888	15.9573	15.6036
237.4412	15.9499	15.6036
237.5936	15.9467	15.6036
237.7460	15.9614	15.6036
237.8984	15.9583	15.6036
238.0508	15.9489	15.6036
238.2032	15.9583	15.5994
238.3556	15.9332	15.5896
238.5080	15.8889	15.5625
238.6604	15.9145	15.5867
238.8128	15.9109	15.5825
238.9652	15.8915	15.5867
239.1176	15.8806	15.5867
239.2700	15.8838	15.5867
239.4224	15.8792	15.5612
239.5748	15.8283	15.5612
239.7272	15.8619	15.5717
239.8796	15.9563	15.6434
240.0320	15.9245	15.6017
240.1844	15.9276	15.6067
240.3368	15.9544	15.6290
240.4892	15.9622	15.6487
240.6416	16.0052	15.7860
240.7940	16.0099	15.7882
240.9464	16.0106	15.7964
241.0988	16.0126	15.7963
241.2512	16.0139	15.7967
241.4036	16.0139	15.7874
241.5560	16.0001	15.7758
241.7084	16.0125	15.7911
241.8608	16.0133	15.7880
242.0132	16.0134	15.7901
242.1656	16.0136	15.7882
242.3180	16.0136	15.7965
242.4704	16.0223	15.8081
242.6228	16.0223	15.8217
242.7752	16.0209	15.8155
242.9276	16.0202	15.8175
243.0800	16.0223	15.8243
243.2324	16.0220	15.8215
243.3848	16.0220	15.8131
243.5372	16.0220	15.8017
243.6896	16.0220	15.8277
243.8420	16.0223	15.8217
243.9944	16.0223	15.8237
244.1468	16.0220	15.8048
244.2992	16.0303	15.8215
244.4516	16.0230	15.8217
244.6040	16.0216	15.8213
244.7564	16.0217	15.8296
244.9088	16.0259	15.8296
245.0612	16.0222	15.8247
245.2136	16.0470	15.9124
245.3660	16.0474	15.9199
245.5184	16.0474	15.8901
245.6708	16.0390	15.8631
245.8232	16.0390	15.8556
245.9756	16.0254	15.8320
246.1280	16.0390	15.8487
246.2804	16.0463	15.9178
246.4328	16.0640	16.0187
246.5852	16.0640	16.0224
246.7376	16.0640	16.0269
246.8900	16.0557	15.9822
247.0424	16.0620	16.0153
247.1948	16.0516	16.0164
247.3472	16.0637	16.0161
247.4996	16.0644	16.0267
247.6520	16.0700	16.0437
247.8044	16.0696	16.0439
247.9568	16.0662	16.0285
248.1092	16.0640	16.0276
248.2616	16.0640	16.0236
248.4140	16.0557	15.9669
248.5664	16.0631	16.0293
248.7188	16.0637	16.0274
248.8712	16.0707	16.0673
249.0236	16.0731	16.0844
249.1760	16.0662	16.0439
249.3284	16.0693	16.0506
249.4808	16.0703	16.0643
249.6332	16.0703	16.0338
249.7856	16.0724	16.0695
249.9380	16.0807	16.0764
250.0904	16.0783	16.0837
250.2428	16.0763	16.0814
250.3952	16.0800	16.1008
250.5476	16.0755	16.0753
250.7000	16.0793	16.0846
250.8524	16.0796	16.0785
251.0048	16.0807	16.0887
251.1572	16.0755	16.0815
251.3096	16.0682	16.0317
251.4620	16.0679	16.0471
251.6144	16.0651	16.0479
251.7668	16.0724	16.0704
251.9192	16.0640	16.0262
252.0716	16.0637	16.0192
252.2240	16.0638	16.0193
252.3764	16.0660	16.0179
252.5288	16.0644	16.0169
252.6812	16.0651	16.0194
252.8336	16.0640	16.0208
252.9860	16.0703	16.0368
253.1384	16.0710	16.0450
253.2908	16.0745	16.0583
253.4432	16.0655	16.0370
253.5956	16.0724	16.0616
253.7480	16.0724	16.0744
253.9004	16.0724	16.0695
254.0528	16.0640	16.0265
254.2052	16.0613	15.9867
254.3576	16.0571	15.9581
254.5100	16.0536	15.9463
254.6624	16.0557	15.9395
254.8148	16.0536	15.9536
254.9672	16.0640	16.0166
255.1196	16.0703	16.0439
255.2720	16.0724	16.0764
255.4244	16.0731	16.0674
255.5768	16.0724	16.0276
255.7292	16.0724	16.0357
255.8816	16.0692	16.0418
256.0340	16.0724	16.0764
256.1864	16.0762	16.0764
256.3388	16.0786	16.0764
256.4912	16.0793	16.0764
256.6436	16.0796	16.0764
256.7960	16.0772	16.0892
256.9484	16.0776	16.0799
257.1008	16.0776	16.0764
257.2532	16.0793	16.0805
257.4056	16.0734	16.0764
257.5580	16.0800	16.0764
257.7104	16.0776	16.0734
257.8628	16.0744	16.0717
258.0152	16.0755	16.0648
258.1676	16.0796	16.0846
258.3200	16.0738	16.0771
258.4724	16.0662	16.0225
258.6248	16.0640	16.0096
258.7772	16.0598	16.0007
258.9296	16.0640	16.0276
259.0820	16.0686	16.0194
259.2344	16.0661	16.0275
259.3868	16.0724	16.0623
259.5392	16.0734	16.0724
259.6916	16.0683	16.0317
259.8440	16.0765	16.0732
259.9964	16.0738	16.0548
260.1488	16.0766	16.0835
260.3012	16.0779	16.0805
260.4536	16.0724	16.0602
260.6060	16.0703	16.0276
260.7584	16.0640	16.0276
260.9108	16.0640	16.0245
261.0632	16.0640	16.0268
261.2156	16.0686	16.0290
261.3680	16.0724	16.0439
261.5204	16.0710	16.0357
261.6728	16.0648	16.0388
261.8252	16.0689	16.0439
261.9776	16.0648	16.0439
262.1300	16.0724	16.0439
262.2824	16.0741	16.0620
262.4348	16.0640	16.0215
262.5872	16.0662	16.0359
262.7396	16.0724	16.0357
262.8920	16.0703	16.0262
263.0444	16.0640	16.0194
263.1968	16.0640	16.0194
263.3492	16.0640	16.0194
263.5016	16.0571	15.9615
263.6540	16.0557	15.9593
263.8064	16.0640	16.0059
263.9588	16.0640	16.0276
264.1112	16.0686	16.0276
264.2636	16.0703	16.0283
264.4160	16.0578	15.9674
264.5684	16.0474	15.8860
264.7208	16.0390	15.8383
264.8732	16.0390	15.8590
265.0256	16.0501	15.9405
265.1780	16.0640	16.0364
265.3304	16.0744	16.0764
265.4828	16.0786	16.0562
265.6352	16.0724	16.0562
265.7876	16.0655	16.0201
265.9400	16.0640	16.0194
266.0924	16.0648	16.0315
266.2448	16.0748	16.0681
266.3972	16.0796	16.0764
266.5496	16.0735	16.0518
266.7020	16.0794	16.0763
266.8544	16.0772	16.0704
267.0068	16.0786	16.0743
267.1592	16.0776	16.0764
267.3116	16.0759	16.0771
267.4640	16.0745	16.0603
267.6164	16.0724	16.0520
267.7688	16.0724	16.0480
267.9212	16.0724	16.0459
268.0736	16.0640	16.0194
268.2260	16.0689	16.0465
268.3784	16.0717	16.0506
268.5308	16.0713	16.0591
268.6832	16.0807	16.0764
268.8356	16.0769	16.0764
268.9880	16.0724	16.0683
269.1404	16.0724	16.0786
269.2928	16.0789	16.0972
269.4452	16.0806	16.0887
269.5976	16.0793	16.1043
269.7500	16.0807	16.1089
269.9024	16.0807	16.1155
270.0548	16.0807	16.1005
270.2072	16.0795	16.1035
270.3596	16.0807	16.1051
270.5120	16.0807	16.1011
270.6644	16.0807	16.0797
270.8168	16.0792	16.1036
270.9692	16.0807	16.1084
271.1216	16.0807	16.1089
271.2740	16.0807	16.1114
271.4264	16.0807	16.1042
271.5788	16.0807	16.1072
271.7312	16.0773	16.0743
271.8836	16.0766	16.0874
272.0360	16.0784	16.0860
272.1884	16.0807	16.1089
272.3408	16.0807	16.1167
272.4932	16.0807	16.1036
272.6456	16.0805	16.1142
272.7980	16.0805	16.1049
272.9504	16.0790	16.0906
273.1028	16.0795	16.0967
273.2552	16.0807	16.1069
273.4076	16.0793	16.0943
273.5600	16.0807	16.1089
273.7124	16.0807	16.1089
273.8648	16.0807	16.0835
274.0172	16.0802	16.0776
274.1696	16.0807	16.1089
274.3220	16.0807	16.1062
274.4744	16.0807	16.1008
274.6268	16.0807	16.1277
274.7792	16.0807	16.1089
274.9316	16.0807	16.1128
275.0840	16.0824	16.1110
275.2364	16.0807	16.1246
275.3888	16.0807	16.1332
275.5412	16.0809	16.1332
275.6936	16.0807	16.1225
275.8460	16.0807	16.1288
275.9984	16.0824	16.1332
276.1508	16.0833	16.1332
276.3032	16.0847	16.1322
276.4556	16.0858	16.1255
276.6080	16.0843	16.1278
276.7604	16.0807	16.1251
276.9128	16.0807	16.1089
277.0652	16.0807	16.1089
277.2176	16.0807	16.1175
277.3700	16.0807	16.1332
277.5224	16.0807	16.1131
277.6748	16.0807	16.1332
277.8272	16.0807	16.1332
277.9796	16.0807	16.1316
278.1320	16.0807	16.1122
278.2844	16.0807	16.1138
278.4368	16.0807	16.1170
278.5892	16.0807	16.1238
278.7416	16.0807	16.1008
278.8940	16.0807	16.1044
279.0464	16.0807	16.1089
279.1988	16.0807	16.1136
279.3512	16.0807	16.1332
279.5036	16.0830	16.1316
279.6560	16.0807	16.1242
279.8084	16.0802	16.1287
279.9608	16.0807	16.1153
280.1132	16.0807	16.1111
280.2656	16.0807	16.1071
280.4180	16.0807	16.1269
280.5704	16.0829	16.1332
280.7228	16.0828	16.1332
280.8752	16.0808	16.1332
281.0276	16.0797	16.1181
281.1800	16.0801	16.1320
281.3324	16.0807	16.1170
281.4848	16.0806	16.1331
281.6372	16.0811	16.1115
281.7896	16.0802	16.1168
281.9420	16.0803	16.1235
282.0944	16.0807	16.1211
282.2468	16.0776	16.1078
282.3992	16.0821	16.1226
282.5516	16.0807	16.1044
282.7040	16.0807	16.0870
282.8564	16.0787	16.0817
283.0088	16.0807	16.1014
283.1612	16.0807	16.0999
283.3136	16.0807	16.0945
283.4660	16.0807	16.0764
283.6184	16.0760	16.0684
283.7708	16.0724	16.0545
283.9232	16.0762	16.0826
284.0756	16.0807	16.0967
284.2280	16.0807	16.1089
284.3804	16.0779	16.1089
284.5328	16.0802	16.1089
284.6852	16.0807	16.1089
284.8376	16.0807	16.1008
284.9900	16.0807	16.1008
285.1424	16.0807	16.1008
285.2948	16.0807	16.1008
285.4472	16.0807	16.1089
285.5996	16.0807	16.1257
285.7520	16.0807	16.1254
285.9044	16.0881	16.1349
286.0568	16.0807	16.1266
286.2092	16.0807	16.1223
286.3616	16.0807	16.1293
286.5140	16.0807	16.1064
286.6664	16.0807	16.1248
286.8188	16.0807	16.1097
286.9712	16.0807	16.1297
287.1236	16.0807	16.1332
287.2760	16.0859	16.1332
287.4284	16.0807	16.1332
287.5808	16.0745	16.0732
287.7332	16.0804	16.0985
287.8856	16.0801	16.0770
288.0380	16.0798	16.0846
288.1904	16.0807	16.0775
288.3428	16.0783	16.0711
288.4952	16.0724	16.0655
288.6476	16.0803	16.1065
288.8000	16.0807	16.1157
288.9524	16.0807	16.1332
289.1048	16.0804	16.1190
289.2572	16.0865	16.1249
289.4096	16.0872	16.1254
289.5620	16.0811	16.1251
289.7144	16.0818	16.1070
289.8668	16.0807	16.1176
290.0192	16.0817	16.1081
290.1716	16.0806	16.0994
290.3240	16.0807	16.1090
290.4764	16.0807	16.1089
290.6288	16.0807	16.1062
290.7812	16.0807	16.1008
290.9336	16.0807	16.1008
291.0860	16.0807	16.1008
291.2384	16.0807	16.1008
291.3908	16.0807	16.1008
291.5432	16.0804	16.1039
291.6956	16.0767	16.0762
291.8480	16.0807	16.1038
292.0004	16.0807	16.1161
292.1528	16.0852	16.1170
292.3052	16.0807	16.0947
292.4576	16.0778	16.0788
292.6100	16.0807	16.0764
292.7624	16.0807	16.0779
292.9148	16.0807	16.0753
293.0672	16.0680	16.0333
293.2196	16.0716	16.0549
293.3720	16.0791	16.0934
293.5244	16.0807	16.1089
293.6768	16.0807	16.1081
293.8292	16.0807	16.0979
293.9816	16.0807	16.0771
294.1340	16.0807	16.0967
294.2864	16.0807	16.0911
294.4388	16.0807	16.0949
294.5912	16.0807	16.1029
294.7436	16.0807	16.0994
294.8960	16.0807	16.1129
295.0484	16.0807	16.1170
295.2008	16.0807	16.0897
295.3532	16.0807	16.0869
295.5056	16.0807	16.0904
295.6580	16.0771	16.0913
295.8104	16.0802	16.0818
295.9628	16.0807	16.0846
296.1152	16.0782	16.0878
296.2676	16.0791	16.0746
296.4200	16.0807	16.0846
296.5724	16.0781	16.0810
296.7248	16.0800	16.0802
296.8772	16.0779	16.0764
297.0296	16.0807	16.0764
297.1820	16.0795	16.0764
297.3344	16.0807	16.0764
297.4868	16.0794	16.0764
297.6392	16.0750	16.0550
297.7916	16.0724	16.0602
297.9440	16.0734	16.0520
298.0964	16.0724	16.0444
298.2488	16.0755	16.0663
298.4012	16.0783	16.0675
298.5536	16.0724	16.0602
298.7060	16.0721	16.0600
298.8584	16.0702	16.0311
299.0108	16.0734	16.0530
299.1632	16.0726	16.0468
299.3156	16.0739	16.0494
299.4680	16.0734	16.0527
299.6204	16.0796	16.0630
299.7728	16.0724	16.0547
299.9252	16.0770	16.0764
300.0776	16.0724	16.0479
300.2300	16.0758	16.0467
300.3824	16.0645	16.0196
300.5348	16.0628	16.0152
300.6872	16.0724	16.0196
300.8396	16.0697	16.0265
300.9920	16.0640	16.0113
301.1444	16.0640	16.0151
301.2968	16.0539	15.9366
301.4492	16.0503	15.9321
301.6016	16.0588	15.9606
301.7540	16.0633	15.9785
301.9064	16.0640	15.9825
302.0588	16.0564	15.9642
302.2112	16.0474	15.9114
302.3636	16.0390	15.8515
302.5160	16.0351	15.8464
302.6684	16.0390	15.8395
302.8208	16.0390	15.8383
302.9732	16.0367	15.8383
303.1256	16.0474	15.9293
303.2780	16.0651	16.0231
303.4304	16.0710	16.0453
303.5828	16.0671	16.0222
303.7352	16.0724	16.0448
303.8876	16.0724	16.0488
304.0400	16.0724	16.0393
304.1924	16.0665	16.0218
304.3448	16.0640	16.0145
304.4972	16.0597	15.9657
304.6496	16.0552	15.9516
304.8020	16.0640	15.9957
304.9544	16.0627	15.9828
305.1068	16.0653	16.0243
305.2592	16.0720	16.0439
305.4116	16.0724	16.0439
305.5640	16.0724	16.0326
305.7164	16.0704	16.0190
305.8688	16.0595	15.9531
306.0212	16.0544	15.9516
306.1736	16.0640	15.9984
306.3260	16.0557	15.9582
306.4784	16.0602	15.9856
306.6308	16.0724	16.0478
306.7832	16.0649	16.0068
306.9356	16.0557	15.9376
307.0880	16.0504	15.9416
307.2404	16.0638	15.9911
307.3928	16.0640	16.0050
307.5452	16.0574	15.9606
307.6976	16.0697	16.0186
307.8500	16.0703	16.0250
308.0024	16.0724	16.0276
308.1548	16.0689	16.0300
308.3072	16.0655	16.0211
308.4596	16.0714	16.0334
308.6120	16.0651	16.0209
308.7644	16.0640	16.0113
308.9168	16.0723	16.0356
309.0692	16.0723	16.0357
309.2216	16.0666	16.0245
309.3740	16.0641	16.0127
309.5264	16.0704	16.0355
309.6788	16.0724	16.0412
309.8312	16.0651	16.0265
309.9836	16.0641	16.0135
310.1360	16.0724	16.0520
310.2884	16.0724	16.0433
310.4408	16.0693	16.0125
310.5932	16.0647	16.0182
310.7456	16.0724	16.0281
310.8980	16.0705	16.0207
311.0504	16.0718	16.0264
311.2028	16.0724	16.0357
311.3552	16.0724	16.0313
311.5076	16.0724	16.0207
311.6600	16.0687	16.0199
311.8124	16.0554	15.9368
311.9648	16.0061	15.7185
312.1172	15.8626	15.5782
312.2696	15.8018	15.6149
312.4220	16.0146	15.8319
312.5744	16.0512	15.9371
312.7268	16.0625	16.0018
312.8792	16.0640	16.0112
313.0316	16.0632	16.0049
313.1840	16.0601	15.9798
313.3364	16.0631	15.9657
313.4888	16.0557	15.9539
313.6412	16.0554	15.9537
313.7936	16.0557	15.9538
313.9460	16.0557	15.9414
314.0984	16.0367	15.8537
314.2508	16.0139	15.7884
314.4032	16.0138	15.7649
314.5556	16.0008	15.7172
314.7080	16.0095	15.7397
314.8604	16.0139	15.7964
315.0128	16.0399	15.8930
315.1652	16.0600	15.9858
315.3176	16.0684	16.0237
315.4700	16.0720	16.0401
315.6224	16.0802	16.0764
315.7748	16.0724	16.0708
315.9272	16.0725	16.0541
316.0796	16.0724	16.0471
316.2320	16.0724	16.0549
316.3844	16.0695	16.0531
316.5368	16.0724	16.0480
316.6892	16.0793	16.0921
316.8416	16.0807	16.1008
316.9940	16.0807	16.1026
317.1464	16.0807	16.0833
317.2988	16.0744	16.0764
317.4512	16.0766	16.0764
317.6036	16.0766	16.0795
317.7560	16.0807	16.0912
317.9084	16.0807	16.1078
318.0608	16.0807	16.1170
318.2132	16.0807	16.0980
318.3656	16.0807	16.0783
318.5180	16.0807	16.0905
318.6704	16.0798	16.0870
318.8228	16.0804	16.1084
318.9752	16.0798	16.0992
319.1276	16.0807	16.1078
319.2800	16.0807	16.1089
319.4324	16.0807	16.1089
319.5848	16.0802	16.1021
319.7372	16.0807	16.0991
319.8896	16.0782	16.0934
320.0420	16.0807	16.1179
320.1944	16.0807	16.1332
320.3468	16.0807	16.1325
320.4992	16.0807	16.1147
320.6516	16.0807	16.1238
320.8040	16.0807	16.1199
320.9564	16.0807	16.1080
321.1088	16.0807	16.1255
321.2612	16.0807	16.1260
321.4136	16.0807	16.1240
321.5660	16.0807	16.1298
321.7184	16.0839	16.1332
321.8708	16.0890	16.1332
322.0232	16.0828	16.1285
322.1756	16.0831	16.1286
322.3280	16.0807	16.1134
322.4804	16.0807	16.1119
322.6328	16.0807	16.1089
322.7852	16.0807	16.1022
322.9376	16.0807	16.0764
323.0900	16.0807	16.0795
323.2424	16.0807	16.0820
323.3948	16.0807	16.0764
323.5472	16.0807	16.0764
323.6996	16.0802	16.0934
323.8520	16.0807	16.1087
324.0044	16.0807	16.1089
324.1568	16.0807	16.1089
324.3092	16.0807	16.1170
324.4616	16.0807	16.1170
324.6140	16.0807	16.1170
324.7664	16.0807	16.1249
324.9188	16.0807	16.1251
325.0712	16.0807	16.1289
325.2236	16.0807	16.1118
325.3760	16.0807	16.1028
325.5284	16.0807	16.1008
325.6808	16.0807	16.1008
325.8332	16.0800	16.0852
325.9856	16.0807	16.0927
326.1380	16.0807	16.0927
326.2904	16.0807	16.1008
326.4428	16.0807	16.1008
326.5952	16.0807	16.1008
326.7476	16.0807	16.0959
326.9000	16.0807	16.1008
327.0524	16.0807	16.1209
327.2048	16.0804	16.1066
327.3572	16.0806	16.0867
327.5096	16.0807	16.1068
327.6620	16.0807	16.1089
327.8144	16.0807	16.1008
327.9668	16.0807	16.1008
328.1192	16.0807	16.1008
328.2716	16.0793	16.0945
328.4240	16.0807	16.1251
328.5764	16.0807	16.1170
328.7288	16.0807	16.1190
328.8812	16.0807	16.1210
329.0336	16.0807	16.1149
329.1860	16.0804	16.1249
329.3384	16.0807	16.1325
329.4908	16.0807	16.1170
329.6432	16.0807	16.1251
329.7956	16.0807	16.1171
329.9480	16.0807	16.1332
330.1004	16.0807	16.1251
330.2528	16.0807	16.1258
330.4052	16.0807	16.1220
330.5576	16.0804	16.1303
330.7100	16.0805	16.1270
330.8624	16.0807	16.1325
331.0148	16.0807	16.1251
331.1672	16.0807	16.1251
331.3196	16.0811	16.1249
331.4720	16.0806	16.1250
331.6244	16.0807	16.1292
331.7768	16.0807	16.1332
331.9292	16.0806	16.1331
332.0816	16.0804	16.1330
332.2340	16.0807	16.1271
332.3864	16.0807	16.1332
332.5388	16.0807	16.1252
332.6912	16.0807	16.1089
332.8436	16.0807	16.1281
332.9960	16.0807	16.1251
333.1484	16.0807	16.1258
333.3008	16.0807	16.1251
333.4532	16.0807	16.1270
333.6056	16.0807	16.1312
333.7580	16.0807	16.1258
333.9104	16.0807	16.1251
334.0628	16.0807	16.1251
334.2152	16.0807	16.1008
334.3676	16.0807	16.1170
334.5200	16.0807	16.1170
334.6724	16.0807	16.1170
334.8248	16.0807	16.1170
334.9772	16.0807	16.1243
335.1296	16.0807	16.1288
335.2820	16.0807	16.1251
335.4344	16.0807	16.1251
335.5868	16.0807	16.1251
335.7392	16.0807	16.1251
335.8916	16.0807	16.1251
336.0440	16.0807	16.1251
336.1964	16.0807	16.1251
336.3488	16.0807	16.1285
336.5012	16.0807	16.1244
336.6536	16.0807	16.1251
336.8060	16.0807	16.1251
336.9584	16.0807	16.1190
337.1108	16.0807	16.1251
337.2632	16.0807	16.1332
337.4156	16.0807	16.1251
337.5680	16.0807	16.1301
337.7204	16.0807	16.1278
337.8728	16.0852	16.1332
338.0252	16.0835	16.1311
338.1776	16.0804	16.1330
338.3300	16.0818	16.1272
338.4824	16.0807	16.1332
338.6348	16.0807	16.1332
338.7872	16.0814	16.1332
338.9396	16.0807	16.1332
339.0920	16.0807	16.1325
339.2444	16.0838	16.1251
339.3968	16.0807	16.1251
339.5492	16.0807	16.1251
339.7016	16.0807	16.1251
339.8540	16.0807	16.1251
340.0064	16.0807	16.1251
340.1588	16.0807	16.1251
340.3112	16.0824	16.1188
340.4636	16.0827	16.1318
340.6160	16.0845	16.1332
340.7684	16.0835	16.1332
340.9208	16.0890	16.1332
341.0732	16.0890	16.1332
341.2256	16.0828	16.1332
341.3780	16.0828	16.1312
341.5304	16.0807	16.1332
341.6828	16.0828	16.1332
341.8352	16.0828	16.1332
341.9876	16.0807	16.1332
342.1400	16.0807	16.1332
342.2924	16.0807	16.1244
342.4448	16.0807	16.1251
342.5972	16.0807	16.1237
342.7496	16.0807	16.1251
342.9020	16.0807	16.1170
343.0544	16.0828	16.1251
343.2068	16.0814	16.1332
343.3592	16.0821	16.1265
343.5116	16.0807	16.1251
343.6640	16.0816	16.1251
343.8164	16.0887	16.1251
343.9688	16.0819	16.1251
344.1212	16.0807	16.1251
344.2736	16.0806	16.1250
344.4260	16.0804	16.1208
344.5784	16.0807	16.1251
344.7308	16.0807	16.1321
344.8832	16.0807	16.1251
345.0356	16.0828	16.1251
345.1880	16.0807	16.1251
345.3404	16.0807	16.1251
345.4928	16.0819	16.1293
345.6452	16.0826	16.1296
345.7976	16.0807	16.1218
345.9500	16.0807	16.1245
346.1024	16.0807	16.1251
346.2548	16.0807	16.1251
346.4072	16.0807	16.1223
346.5596	16.0807	16.1251
346.7120	16.0864	16.1251
346.8644	16.0808	16.1251
347.0168	16.0807	16.1251
347.1692	16.0820	16.1251
347.3216	16.0821	16.1251
347.4740	16.0826	16.1270
347.6264	16.0831	16.1268
347.7788	16.0822	16.1241
347.9312	16.0807	16.1251
348.0836	16.0837	16.1267
348.2360	16.0807	16.1251
348.3884	16.0807	16.1251
348.5408	16.0807	16.1251
348.6932	16.0809	16.1251
348.8456	16.0807	16.1251
348.9980	16.0807	16.1189
349.1504	16.0807	16.1251
349.3028	16.0807	16.1251
349.4552	16.0807	16.1251
349.6076	16.0807	16.1249
349.7600	16.0807	16.1221
349.9124	16.0807	16.1251
350.0648	16.0807	16.1241
350.2172	16.0807	16.1240
350.3696	16.0838	16.1275
350.5220	16.0821	16.1251
350.6744	16.0853	16.1251
350.8268	16.0820	16.1249
350.9792	16.0870	16.1249
351.1316	16.0804	16.1249
351.2840	16.0835	16.1251
351.4364	16.0820	16.1251
351.5888	16.0851	16.1251
351.7412	16.0807	16.1251
351.8936	16.0811	16.1232
352.0460	16.0804	16.1249
352.1984	16.0807	16.1251
352.3508	16.0807	16.1251
352.5032	16.0807	16.1246
352.6556	16.0807	16.1251
352.8080	16.0807	16.1251
352.9604	16.0807	16.1251
353.1128	16.0807	16.1251
353.2652	16.0807	16.1251
353.4176	16.0807	16.1251
353.5700	16.0807	16.1251
353.7224	16.0807	16.1241
353.8748	16.0807	16.1251
354.0272	16.0807	16.1251
354.1796	16.0807	16.1247
354.3320	16.0807	16.1251
354.4844	16.0807	16.1251
354.6368	16.0807	16.1251
354.7892	16.0807	16.1251
354.9416	16.0807	16.1251
355.0940	16.0807	16.1251
355.2464	16.0807	16.1251
355.3988	16.0807	16.1251
355.5512	16.0807	16.1251
355.7036	16.0807	16.1251
355.8560	16.0807	16.1251
356.0084	16.0807	16.1251
356.1608	16.0807	16.1251
356.3132	16.0807	16.1251
356.4656	16.0807	16.1251
356.6180	16.0807	16.1251
356.7704	16.0807	16.1251
356.9228	16.0807	16.1251
357.0752	16.0807	16.1251
357.2276	16.0807	16.1251
357.3800	16.0807	16.1251
357.5324	16.0807	16.1251
357.6848	16.0807	16.1251
357.8372	16.0807	16.1251
357.9896	16.0807	16.1251
358.1420	16.0825	16.1251
358.2944	16.0807	16.1238
358.4468	16.0811	16.1238
358.5992	16.0807	16.1251
358.7516	16.0807	16.1231
358.9040	16.0807	16.1247
359.0564	16.0807	16.1248
359.2088	16.0807	16.1231
359.3612	16.0807	16.1242
359.5136	16.0807	16.1198
359.6660	16.0807	16.1249
359.8184	16.0807	16.1202
359.9708	16.0807	16.1251
360.1232	16.0807	16.1251
360.2756	16.0807	16.1251
360.4280	16.0807	16.1251
360.5804	16.0807	16.1251
360.7328	16.0807	16.1251
360.8852	16.0807	16.1251
361.0376	16.0807	16.1251
361.1900	16.0805	16.1250
361.3424	16.0817	16.1249
361.4948	16.0807	16.1251
361.6472	16.0807	16.1251
361.7996	16.0807	16.1251
361.9520	16.0807	16.1251
362.1044	16.0807	16.1248
362.2568	16.0806	16.1227
362.4092	16.0807	16.1087
362.5616	16.0807	16.1251
362.7140	16.0807	16.1251
362.8664	16.0807	16.1232
363.0188	16.0807	16.1238
363.1712	16.0807	16.1216
363.3236	16.0807	16.1221
363.4760	16.0833	16.1203
363.6284	16.0807	16.1251
363.7808	16.0807	16.1251
363.9332	16.0842	16.1251
364.0856	16.0807	16.1251
364.2380	16.0807	16.1251
364.3904	16.0807	16.1251
364.5428	16.0807	16.1251
364.6952	16.0807	16.1251
364.8476	16.0807	16.1251
365.0000	16.0807	16.1251
365.1524	16.0804	16.1249
365.3048	16.0834	16.1251
365.4572	16.0843	16.1251
365.6096	16.0828	16.1247
365.7620	16.0807	16.1251
365.9144	16.0807	16.1251
366.0668	16.0807	16.1251
366.2192	16.0807	16.1251
366.3716	16.0807	16.1251
366.5240	16.0807	16.1251
366.6764	16.0807	16.1251
366.8288	16.0807	16.1251
366.9812	16.0807	16.1251
367.1336	16.0807	16.1237
367.2860	16.0807	16.1170
367.4384	16.0807	16.1170
367.5908	16.0807	16.1195
367.7432	16.0807	16.1173
367.8956	16.0807	16.1089
368.0480	16.0807	16.1081
368.2004	16.0807	16.1008
368.3528	16.0807	16.1009
368.5052	16.0807	16.1224
368.6576	16.0807	16.1221
368.8100	16.0807	16.1251
368.9624	16.0807	16.1251
369.1148	16.0825	16.1249
369.2672	16.0804	16.1249
369.4196	16.0807	16.1251
369.5720	16.0807	16.1251
369.7244	16.0807	16.1251
369.8768	16.0807	16.1251
370.0292	16.0807	16.1251
370.1816	16.0807	16.1251
370.3340	16.0807	16.1251
370.4864	16.0807	16.1251
370.6388	16.0807	16.1251
370.7912	16.0807	16.1251
370.9436	16.0807	16.1251
371.0960	16.0824	16.1251
371.2484	16.0812	16.1251
371.4008	16.0807	16.1251
371.5532	16.0807	16.1251
371.7056	16.0807	16.1251
371.8580	16.0807	16.1251
372.0104	16.0807	16.1251
372.1628	16.0807	16.1251
372.3152	16.0817	16.1251
372.4676	16.0807	16.1251
372.6200	16.0807	16.1251
372.7724	16.0807	16.1251
372.9248	16.0807	16.1251
373.0772	16.0807	16.1251
373.2296	16.0807	16.1251
373.3820	16.0807	16.1251
373.5344	16.0807	16.1251
373.6868	16.0807	16.1251
373.8392	16.0807	16.1251
373.9916	16.0807	16.1251
374.1440	16.0807	16.1251
374.2964	16.0807	16.1251
374.4488	16.0807	16.1251
374.6012	16.0807	16.1251
374.7536	16.0807	16.1251
374.9060	16.0807	16.1251
375.0584	16.0804	16.1249
375.2108	16.0807	16.1251
375.3632	16.0807	16.1251
375.5156	16.0807	16.1251
375.6680	16.0807	16.1251
375.8204	16.0807	16.1211
375.9728	16.0807	16.1223
376.1252	16.0807	16.1251
376.2776	16.0807	16.1251
376.4300	16.0807	16.1251
376.5824	16.0807	16.1251
376.7348	16.0807	16.1251
376.8872	16.0807	16.1251
377.0396	16.0807	16.1251
377.1920	16.0807	16.1251
377.3444	16.0807	16.1251
377.4968	16.0807	16.1251
377.6492	16.0807	16.1251
377.8016	16.0807	16.1251
377.9540	16.0807	16.1251
378.1064	16.0807	16.1251
378.2588	16.0807	16.1251
378.4112	16.0807	16.1251
378.5636	16.0804	16.1249
378.7160	16.0805	16.1249
378.8684	16.0807	16.1251
379.0208	16.0807	16.1251
379.1732	16.0807	16.1251
379.3256	16.0807	16.1251
379.4780	16.0807	16.1251
379.6304	16.0820	16.1263
379.7828	16.0807	16.1203
379.9352	16.0807	16.1190
380.0876	16.0807	16.1150
380.2400	16.0807	16.1170
380.3924	16.0807	16.1114
380.5448	16.0807	16.0979
380.6972	16.0804	16.1210
380.8496	16.0807	16.1251
381.0020	16.0807	16.1251
381.1544	16.0807	16.1251
381.3068	16.0807	16.1251
381.4592	16.0807	16.1251
381.6116	16.0807	16.1251
381.7640	16.0807	16.1196
381.9164	16.0807	16.1223
382.0688	16.0807	16.1251
382.2212	16.0807	16.1251
382.3736	16.0828	16.1251
382.5260	16.0852	16.1251
382.6784	16.0745	16.0767
382.8308	16.0807	16.1008
382.9832	16.0802	16.0796
383.1356	16.0769	16.0814
383.2880	16.0807	16.0945
383.4404	16.0807	16.1170
383.5928	16.0804	16.1249
383.7452	16.0804	16.1249
383.8976	16.0807	16.1247
384.0500	16.0758	16.0687
384.2024	16.0724	16.0449
384.3548	16.0724	16.0505
384.5072	16.0724	16.0509
384.6596	16.0724	16.0306
384.8120	16.0724	16.0199
384.9644	16.0685	16.0207
385.1168	16.0640	16.0194
385.2692	16.0640	16.0206
385.4216	16.0640	16.0145
385.5740	16.0640	16.0185
385.7264	16.0709	16.0589
385.8788	16.0807	16.0920
386.0312	16.0804	16.0948
386.1836	16.0807	16.1008
386.3360	16.0807	16.1008
386.4884	16.0807	16.1008
386.6408	16.0807	16.1008
386.7932	16.0807	16.1251
386.9456	16.0807	16.1251
387.0980	16.0807	16.1251
387.2504	16.0807	16.1251
387.4028	16.0807	16.1251
387.5552	16.0807	16.1251
387.7076	16.0807	16.1216
387.8600	16.0807	16.1170
388.0124	16.0807	16.1039
388.1648	16.0807	16.1008
388.3172	16.0804	16.1047
388.4696	16.0805	16.1088
388.6220	16.0807	16.1089
388.7744	16.0807	16.1089
388.9268	16.0807	16.1089
389.0792	16.0807	16.1170
389.2316	16.0807	16.1170
389.3840	16.0807	16.1170
389.5364	16.0807	16.1170
389.6888	16.0807	16.1170
389.8412	16.0807	16.1170
389.9936	16.0807	16.1170
390.1460	16.0807	16.1170
390.2984	16.0807	16.1170
390.4508	16.0807	16.1170
390.6032	16.0807	16.1170
390.7556	16.0807	16.1189
390.9080	16.0807	16.1251
391.0604	16.0807	16.1178
391.2128	16.0807	16.1226
391.3652	16.0807	16.1204
391.5176	16.0807	16.1245
391.6700	16.0807	16.1247
391.8224	16.0807	16.1251
391.9748	16.0807	16.1251
392.1272	16.0807	16.1251
392.2796	16.0807	16.1213
392.4320	16.0807	16.1170
392.5844	16.0807	16.1170
392.7368	16.0807	16.1170
392.8892	16.0807	16.1170
393.0416	16.0807	16.1170
393.1940	16.0807	16.1170
393.3464	16.0807	16.1170
393.4988	16.0807	16.1170
393.6512	16.0807	16.1170
393.8036	16.0807	16.1170
393.9560	16.0807	16.1170
394.1084	16.0807	16.1170
394.2608	16.0807	16.1170
394.4132	16.0807	16.1170
394.5656	16.0807	16.1170
394.7180	16.0807	16.1170
394.8704	16.0807	16.1170
395.0228	16.0807	16.1170
395.1752	16.0807	16.1177
395.3276	16.0807	16.1170
395.4800	16.0807	16.1170
395.6324	16.0807	16.1170
395.7848	16.0807	16.1170
395.9372	16.0807	16.1170
396.0896	16.0807	16.1125
396.2420	16.0807	16.0973
396.3944	16.0807	16.1170
396.5468	16.0807	16.1170
396.6992	16.0807	16.1170
396.8516	16.0807	16.1170
397.0040	16.0807	16.1170
397.1564	16.0807	16.1170
397.3088	16.0807	16.1088
397.4612	16.0807	16.1008
397.6136	16.0807	16.1008
397.7660	16.0807	16.1008
397.9184	16.0807	16.1018
398.0708	16.0807	16.1008
398.2232	16.0807	16.1008
398.3756	16.0807	16.1008
398.5280	16.0806	16.1008
398.6804	16.0807	16.1008
398.8328	16.0807	16.1008
398.9852	16.0807	16.0927
399.1376	16.0786	16.0725
399.2900	16.0724	16.0526
399.4424	16.0729	16.0767
399.5948	16.0804	16.1008
399.7472	16.0776	16.1008
399.8996	16.0807	16.1008
400.0520	16.0807	16.1008
400.2044	16.0807	16.1008
400.3568	16.0807	16.1008
400.5092	16.0807	16.1008
400.6616	16.0807	16.1008
400.8140	16.0807	16.1008
400.9664	16.0795	16.0840
401.1188	16.0676	16.0266
401.2712	16.0745	16.0686
401.4236	16.0786	16.0774
401.5760	16.0807	16.1232
401.7284	16.0807	16.1219
401.8808	16.0807	16.1054
402.0332	16.0807	16.1116
402.1856	16.0807	16.1251
402.3380	16.0807	16.1251
402.4904	16.0807	16.1251
402.6428	16.0807	16.1251
402.7952	16.0807	16.1251
402.9476	16.0807	16.1251
403.1000	16.0807	16.1251
403.2524	16.0807	16.1251
403.4048	16.0807	16.1251
403.5572	16.0807	16.1251
403.7096	16.0807	16.1251
403.8620	16.0807	16.1251
404.0144	16.0807	16.1251
404.1668	16.0807	16.1251
404.3192	16.0807	16.1251
404.4716	16.0807	16.1251
404.6240	16.0807	16.1251
404.7764	16.0807	16.1251
404.9288	16.0807	16.1251
405.0812	16.0807	16.1251
405.2336	16.0807	16.1251
405.3860	16.0807	16.1251
405.5384	16.0807	16.1166
405.6908	16.0807	16.1251
405.8432	16.0807	16.1251
405.9956	16.0822	16.1214
406.1480	16.0807	16.1162
406.3004	16.0807	16.1251
406.4528	16.0807	16.1251
406.6052	16.0807	16.1240
406.7576	16.0807	16.1159
406.9100	16.0807	16.1116
407.0624	16.0807	16.1170
407.2148	16.0807	16.1170
407.3672	16.0807	16.1170
407.5196	16.0807	16.1170
407.6720	16.0807	16.1170
407.8244	16.0807	16.1170
407.9768	16.0807	16.1170
408.1292	16.0807	16.1170
408.2816	16.0807	16.1170
408.4340	16.0807	16.1170
408.5864	16.0807	16.1170
408.7388	16.0807	16.1181
408.8912	16.0807	16.1237
409.0436	16.0807	16.1230
409.1960	16.0807	16.1251
409.3484	16.0807	16.1251
409.5008	16.0807	16.1211
409.6532	16.0807	16.1170
409.8056	16.0807	16.1170
409.9580	16.0807	16.1170
410.1104	16.0807	16.1170
410.2628	16.0807	16.1170
410.4152	16.0807	16.1170
410.5676	16.0807	16.1170
410.7200	16.0807	16.1170
410.8724	16.0807	16.1170
411.0248	16.0807	16.1200
411.1772	16.0807	16.1170
411.3296	16.0807	16.1170
411.4820	16.0807	16.1170
411.6344	16.0807	16.1170
411.7868	16.0807	16.1200
411.9392	16.0807	16.1170
412.0916	16.0807	16.1163
412.2440	16.0807	16.1170
412.3964	16.0807	16.1170
412.5488	16.0807	16.1180
412.7012	16.0807	16.1170
412.8536	16.0807	16.1170
413.0060	16.0807	16.1170
413.1584	16.0807	16.1170
413.3108	16.0807	16.1170
413.4632	16.0807	16.1170
413.6156	16.0807	16.1170
413.7680	16.0807	16.1170
413.9204	16.0807	16.1170
414.0728	16.0807	16.1170
414.2252	16.0807	16.1170
414.3776	16.0807	16.1170
414.5300	16.0807	16.1170
414.6824	16.0807	16.1170
414.8348	16.0807	16.1170
414.9872	16.0807	16.1170
415.1396	16.0807	16.1170
415.2920	16.0807	16.1170
415.4444	16.0807	16.1180
415.5968	16.0807	16.1170
415.7492	16.0807	16.1170
415.9016	16.0807	16.1170
416.0540	16.0807	16.1170
416.2064	16.0807	16.1170
416.3588	16.0807	16.1170
416.5112	16.0807	16.1170
416.6636	16.0807	16.1163
416.8160	16.0807	16.1170
416.9684	16.0807	16.1130
417.1208	16.0807	16.1126
417.2732	16.0807	16.1150
417.4256	16.0807	16.1170
417.5780	16.0807	16.1170
417.7304	16.0807	16.1170
417.8828	16.0807	16.1170
418.0352	16.0807	16.1170
418.1876	16.0807	16.1170
418.3400	16.0807	16.1170
418.4924	16.0807	16.1170
418.6448	16.0807	16.1170
418.7972	16.0807	16.1014
418.9496	16.0807	16.1170
419.1020	16.0807	16.1170
419.2544	16.0807	16.1170
419.4068	16.0807	16.1170
419.5592	16.0807	16.1170
419.7116	16.0807	16.1170
419.8640	16.0807	16.1170
420.0164	16.0807	16.1170
420.1688	16.0807	16.1110
420.3212	16.0807	16.1163
420.4736	16.0807	16.1170
420.6260	16.0807	16.1170
420.7784	16.0807	16.1170
420.9308	16.0807	16.1136
421.0832	16.0807	16.1089
421.2356	16.0807	16.1089
421.3880	16.0807	16.1089
421.5404	16.0807	16.1089
421.6928	16.0807	16.1089
421.8452	16.0807	16.1089
421.9976	16.0807	16.1163
422.1500	16.0807	16.1170
422.3024	16.0807	16.1130
422.4548	16.0807	16.1133
422.6072	16.0807	16.1119
422.7596	16.0807	16.1096
422.9120	16.0807	16.1089
423.0644	16.0807	16.1089
423.2168	16.0807	16.1096
423.3692	16.0807	16.1109
423.5216	16.0807	16.1130
423.6740	16.0807	16.1103
423.8264	16.0807	16.1096
423.9788	16.0807	16.1096
424.1312	16.0807	16.1119
424.2836	16.0807	16.1089
424.4360	16.0807	16.1129
424.5884	16.0807	16.1089
424.7408	16.0807	16.1129
424.8932	16.0807	16.1089
425.0456	16.0807	16.1089
425.1980	16.0807	16.1129
425.3504	16.0807	16.1089
425.5028	16.0807	16.1089
425.6552	16.0807	16.1089
425.8076	16.0807	16.1089
425.9600	16.0807	16.1116
426.1124	16.0807	16.1110
426.2648	16.0807	16.1089
426.4172	16.0807	16.1163
426.5696	16.0807	16.1139
426.7220	16.0807	16.1103
426.8744	16.0807	16.1126
427.0268	16.0807	16.1150
427.1792	16.0807	16.1150
427.3316	16.0807	16.1150
427.4840	16.0807	16.1156
427.6364	16.0807	16.1096
427.7888	16.0807	16.1109
427.9412	16.0807	16.1089
428.0936	16.0807	16.1089
428.2460	16.0807	16.1096
428.3984	16.0807	16.1089
428.5508	16.0807	16.1096
428.7032	16.0807	16.1126
428.8556	16.0807	16.1129
429.0080	16.0807	16.1163
429.1604	16.0807	16.1160
429.3128	16.0807	16.1089
429.4652	16.0807	16.1149
429.6176	16.0807	16.1150
429.7700	16.0807	16.1140
429.9224	16.0807	16.1150
430.0748	16.0807	16.1163
430.2272	16.0807	16.1170
430.3796	16.0807	16.1109
430.5320	16.0807	16.1089
430.6844	16.0807	16.1089
430.8368	16.0807	16.1096
430.9892	16.0807	16.1099
431.1416	16.0807	16.1089
431.2940	16.0807	16.1089
431.4464	16.0807	16.1089
431.5988	16.0807	16.1089
431.7512	16.0807	16.1170
431.9036	16.0807	16.1170
432.0560	16.0807	16.1170
432.2084	16.0807	16.1170
432.3608	16.0807	16.1170
432.5132	16.0807	16.1170
432.6656	16.0807	16.1170
432.8180	16.0807	16.1170
432.9704	16.0807	16.1170
433.1228	16.0807	16.1170
433.2752	16.0807	16.1170
433.4276	16.0807	16.1170
433.5800	16.0807	16.1170
433.7324	16.0807	16.1170
433.8848	16.0807	16.1170
434.0372	16.0807	16.1170
434.1896	16.0807	16.1170
434.3420	16.0807	16.1170
434.4944	16.0807	16.1170
434.6468	16.0807	16.1170
434.7992	16.0807	16.1170
434.9516	16.0807	16.1170
435.1040	16.0807	16.1170
435.2564	16.0807	16.1170
435.4088	16.0807	16.1170
435.5612	16.0807	16.1170
435.7136	16.0807	16.1170
435.8660	16.0807	16.1170
436.0184	16.0807	16.1170
436.1708	16.0807	16.1170
436.3232	16.0807	16.1170
436.4756	16.0807	16.1170
436.6280	16.0807	16.1170
436.7804	16.0807	16.1170
436.9328	16.0807	16.1170
437.0852	16.0807	16.1170
437.2376	16.0807	16.1170
437.3900	16.0807	16.1170
437.5424	16.0807	16.1089
437.6948	16.0807	16.1170
437.8472	16.0807	16.1170
437.9996	16.0807	16.1170
438.1520	16.0807	16.1170
438.3044	16.0807	16.1170
438.4568	16.0807	16.1170
438.6092	16.0807	16.1170
438.7616	16.0807	16.1170
438.9140	16.0807	16.1170
439.0664	16.0807	16.1170
439.2188	16.0807	16.1170
439.3712	16.0807	16.1170
439.5236	16.0807	16.1170
439.6760	16.0807	16.1170
439.8284	16.0807	16.1170
439.9808	16.0807	16.1170
440.1332	16.0807	16.1170
440.2856	16.0807	16.1170
440.4380	16.0807	16.1170
440.5904	16.0807	16.1170
440.7428	16.0807	16.1170
440.8952	16.0807	16.1170
441.0476	16.0807	16.1170
441.2000	16.0807	16.1170
441.3524	16.0807	16.1170
441.5048	16.0807	16.1170
441.6572	16.0807	16.1170
441.8096	16.0807	16.1170
441.9620	16.0807	16.1170
442.1144	16.0807	16.1170
442.2668	16.0807	16.1170
442.4192	16.0807	16.1170
442.5716	16.0807	16.1170
442.7240	16.0807	16.1170
442.8764	16.0807	16.1170
443.0288	16.0807	16.1170
443.1812	16.0807	16.1170
443.3336	16.0807	16.1170
443.4860	16.0807	16.1170
443.6384	16.0807	16.1170
443.7908	16.0807	16.1170
443.9432	16.0807	16.1170
444.0956	16.0807	16.1170
444.2480	16.0807	16.1170
444.4004	16.0806	16.1169
444.5528	16.0804	16.1168
444.7052	16.0807	16.1170
444.8576	16.0807	16.1170
445.0100	16.0807	16.1170
445.1624	16.0807	16.1170
445.3148	16.0807	16.1170
445.4672	16.0807	16.1170
445.6196	16.0807	16.1170
445.7720	16.0807	16.1170
445.9244	16.0807	16.1170
446.0768	16.0807	16.1170
446.2292	16.0807	16.1170
446.3816	16.0807	16.1170
446.5340	16.0807	16.1170
446.6864	16.0807	16.1170
446.8388	16.0807	16.1170
446.9912	16.0807	16.1170
447.1436	16.0807	16.1170
447.2960	16.0807	16.1170
447.4484	16.0807	16.1170
447.6008	16.0807	16.1170
447.7532	16.0807	16.1170
447.9056	16.0807	16.1170
448.0580	16.0807	16.1170
448.2104	16.0807	16.1170
448.3628	16.0807	16.1170
448.5152	16.0807	16.1170
448.6676	16.0807	16.1170
448.8200	16.0807	16.1170
448.9724	16.0807	16.1170
449.1248	16.0807	16.1170
449.2772	16.0807	16.1170
449.4296	16.0807	16.1170
449.5820	16.0807	16.1170
449.7344	16.0807	16.1170
449.8868	16.0807	16.1170
450.0392	16.0807	16.1170
450.1916	16.0807	16.1170
450.3440	16.0807	16.1170
450.4964	16.0807	16.1170
450.6488	16.0807	16.1170
450.8012	16.0807	16.1170
450.9536	16.0807	16.1170
451.1060	16.0807	16.1170
451.2584	16.0807	16.1170
451.4108	16.0807	16.1170
451.5632	16.0807	16.1170
451.7156	16.0807	16.1170
451.8680	16.0807	16.1170
452.0204	16.0807	16.1170
452.1728	16.0807	16.1170
452.3252	16.0807	16.1170
452.4776	16.0807	16.1170
452.6300	16.0807	16.1170
452.7824	16.0807	16.1170
452.9348	16.0807	16.1170
453.0872	16.0807	16.1170
453.2396	16.0807	16.1170
453.3920	16.0807	16.1170
453.5444	16.0807	16.1170
453.6968	16.0807	16.1170
453.8492	16.0807	16.1170
454.0016	16.0807	16.1170
454.1540	16.0807	16.1170
454.3064	16.0807	16.1170
454.4588	16.0807	16.1170
454.6112	16.0807	16.1170
454.7636	16.0807	16.1170
454.9160	16.0807	16.1110
455.0684	16.0807	16.1170
455.2208	16.0807	16.1170
455.3732	16.0807	16.1170
455.5256	16.0807	16.1170
455.6780	16.0807	16.1170
455.8304	16.0807	16.1170
455.9828	16.0807	16.1170
456.1352	16.0807	16.1170
456.2876	16.0807	16.1170
456.4400	16.0807	16.1170
456.5924	16.0807	16.1170
456.7448	16.0807	16.1170
456.8972	16.0807	16.1130
457.0496	16.0807	16.1036
457.2020	16.0807	16.1008
457.3544	16.0807	16.1008
457.5068	16.0807	16.1008
457.6592	16.0807	16.1008
457.8116	16.0807	16.1008
457.9640	16.0807	16.1008
458.1164	16.0703	16.0421
458.2688	16.0640	16.0194
458.4212	16.0640	16.0194
458.5736	16.0640	16.0133
458.7260	16.0544	15.9520
458.8784	16.0359	15.8714
459.0308	16.0442	15.9198
459.1832	16.0619	16.0035
459.3356	16.0640	16.0112
459.4880	16.0640	16.0065
459.6404	16.0640	16.0224
459.7928	16.0755	16.0785
459.9452	16.0807	16.1170
460.0976	16.0807	16.1170
460.2500	16.0807	16.1170
460.4024	16.0807	16.1170
460.5548	16.0807	16.1170
460.7072	16.0807	16.1170
460.8596	16.0807	16.1170
461.0120	16.0807	16.1170
461.1644	16.0807	16.1170
461.3168	16.0807	16.1170
461.4692	16.0807	16.1170
461.6216	16.0807	16.1170
461.7740	16.0807	16.1170
461.9264	16.0807	16.1170
462.0788	16.0807	16.1170
462.2312	16.0807	16.1170
462.3836	16.0807	16.1170
462.5360	16.0807	16.1190
462.6884	16.0807	16.1170
462.8408	16.0805	16.1169
462.9932	16.0804	16.1094
463.1456	16.0807	16.1008
463.2980	16.0745	16.0920
463.4504	16.0724	16.0927
463.6028	16.0731	16.0893
463.7552	16.0762	16.0927
463.9076	16.0786	16.0866
464.0600	16.0724	16.0690
464.2124	16.0807	16.1230
464.3648	16.0807	16.1170
464.5172	16.0807	16.1170
464.6696	16.0807	16.1170
464.8220	16.0807	16.1170
464.9744	16.0807	16.1170
465.1268	16.0807	16.1170
465.2792	16.0807	16.1170
465.4316	16.0807	16.1170
465.5840	16.0807	16.1160
465.7364	16.0807	16.1170
465.8888	16.0807	16.1170
466.0412	16.0807	16.1170
466.1936	16.0807	16.1170
466.3460	16.0807	16.1170
466.4984	16.0807	16.1170
466.6508	16.0807	16.1170
466.8032	16.0807	16.1170
466.9556	16.0807	16.1170
467.1080	16.0807	16.1170
467.2604	16.0807	16.1170
467.4128	16.0807	16.1170
467.5652	16.0807	16.1170
467.7176	16.0807	16.1070
467.8700	16.0807	16.0974
468.0224	16.0807	16.0934
468.1748	16.0734	16.0645
468.3272	16.0564	15.9739
468.4796	16.0717	16.0583
468.6320	16.0807	16.1170
468.7844	16.0807	16.1170
468.9368	16.0807	16.1170
469.0892	16.0807	16.1089
469.2416	16.0807	16.1119
469.3940	16.0807	16.1170
469.5464	16.0807	16.1170
469.6988	16.0807	16.1156
469.8512	16.0807	16.1170
470.0036	16.0807	16.1170
470.1560	16.0807	16.1170
470.3084	16.0807	16.1170
470.4608	16.0807	16.1170
470.6132	16.0807	16.1170
470.7656	16.0807	16.1170
470.9180	16.0807	16.1150
471.0704	16.0807	16.1163
471.2228	16.0807	16.1059
471.3752	16.0506	15.9369
471.5276	15.8372	15.5178
471.6800	15.9837	15.7244
471.8324	16.0640	15.9837
471.9848	16.0447	15.8917
472.1372	15.8882	15.5745
472.2896	15.5004	15.3418
472.4420	15.2661	15.2762
472.5944	15.0076	15.2779
472.7468	14.9023	15.2779
472.8992	14.3864	15.2595
473.0516	13.9917	15.2779
473.2040	14.3087	15.2779
473.3564	14.1424	15.2779
473.5088	13.8603	15.2779
473.6612	13.7955	15.2866
473.8136	13.6242	15.2866
473.9660	13.5705	15.2859
474.1184	13.5019	15.2779
474.2708	13.1429	15.2779
474.4232	13.1267	15.2779
474.5756	13.4941	15.2779
474.7280	13.6256	15.2779
474.8804	13.6158	15.2779
475.0328	13.5841	15.2650
475.1852	13.5674	15.2692
475.3376	13.5393	15.2692
475.4900	13.3319	15.2620
475.6424	13.1846	15.2671
475.7948	13.1251	15.2627
475.9472	12.9706	15.2779
476.0996	12.7756	15.3601
476.2520	12.6795	15.3594
476.4044	12.6121	15.3537
476.5568	12.4071	15.3039
476.7092	11.7929	15.3039
476.8616	12.5658	15.2953
477.0140	14.3875	15.3989
477.1664	13.9681	15.3968
477.3188	13.2622	15.2955
477.4712	13.1148	15.2725
477.6236	13.1334	15.2692
477.7760	13.0125	15.2692
477.9284	12.9613	15.2692
478.0808	12.9672	15.2930
478.2332	12.9000	15.3198
478.3856	12.7554	15.2787
478.5380	12.6860	15.2779
478.6904	12.6528	15.2571
478.8428	12.5986	15.1241
478.9952	12.4554	15.1881
479.1476	12.3503	15.1176
479.3000	12.0793	14.9863
479.4524	11.4232	14.4946
479.6048	11.4782	14.1604
479.7572	11.3680	13.8533
479.9096	10.3221	13.3268
480.0620	10.2813	13.3540
480.2144	10.1992	13.0932
480.3668	10.0490	12.5248
480.5192	9.6812	11.7560
480.6716	9.6542	11.5340
480.8240	7.9933	8.2748
480.9764	9.3777	8.4016
481.1288	8.5903	7.3408
481.2812	7.9871	6.7704
481.4336	7.9514	6.7398
481.5860	7.7753	6.5938
481.7384	7.5407	6.5154
481.8908	9.2973	8.2642
482.0432	10.6894	8.3622
482.1956	10.7645	8.8465
482.3480	10.6978	8.6367
482.5004	10.3360	8.0640
482.6528	10.1169	7.8307
482.8052	9.4922	7.1264
482.9576	7.0137	5.8747
483.1100	6.5295	4.6572
483.2624	6.2846	4.4249
483.4148	6.1248	4.2849
483.5672	6.0978	4.2315
483.7196	6.0865	4.2302
483.8720	6.0823	4.2302
484.0244	6.0781	4.2302
484.1768	6.0752	4.2302
484.3292	6.0710	4.2195
484.4816	6.0536	4.2195
484.6340	6.0526	4.2195
484.7864	6.0526	4.2143
484.9388	6.0526	4.2089
485.0912	6.0526	4.2089
485.2436	6.0498	4.2089
485.3960	6.0526	4.2089
485.5484	6.0451	4.2089
485.7008	6.0414	4.2107
