HOLE:	U1351B
EXPEDITION:	317
TOP:	873.0352
BOTTOM:	1008.9760
DEPTH_WMSF	RHOM	DRH	PEFL	NRHB
m	g/cm3	g/cm3	barns/e-	g/cm3
873.0352	2.1797	0.1227	2.8662	2.1797
873.1876	2.1797	0.1227	2.8662	2.1797
873.3400	2.1994	0.1311	2.8587	2.1994
873.4924	2.2204	0.1299	2.8354	2.2204
873.6448	2.2101	0.1260	2.8533	2.2101
873.7972	2.1983	0.1260	2.9140	2.1983
873.9496	2.1664	0.1162	2.9366	2.1664
874.1020	2.1719	0.1115	2.9177	2.1719
874.2544	2.2071	0.1209	2.7982	2.2071
874.4068	2.2003	0.1178	2.7106	2.2003
874.5592	2.1938	0.1030	2.7475	2.1938
874.7116	2.1874	0.0978	2.8322	2.1874
874.8640	2.1914	0.0993	3.0260	2.1914
875.0164	2.1643	0.1034	3.0160	2.1643
875.1688	2.1252	0.0941	3.0778	2.1252
875.3212	2.1279	0.1050	3.0114	2.1279
875.4736	2.1445	0.1258	2.9317	2.1445
875.6260	2.1463	0.1289	2.8719	2.1463
875.7784	2.1381	0.1159	2.8750	2.1381
875.9308	2.1420	0.1079	2.9476	2.1420
876.0832	2.1420	0.0968	3.0075	2.1420
876.2356	2.1263	0.0776	2.9447	2.1263
876.3880	2.1343	0.0732	2.9565	2.1343
876.5404	2.1465	0.0731	2.9076	2.1465
876.6928	2.1875	0.0757	2.9019	2.1875
876.8452	2.2286	0.0779	2.8066	2.2286
876.9976	2.2622	0.0800	2.7972	2.2622
877.1500	2.2443	0.0707	2.8704	2.2443
877.3024	2.2365	0.0668	2.9465	2.2365
877.4548	2.2199	0.0640	2.7934	2.2199
877.6072	2.2501	0.0806	2.7822	2.2501
877.7596	2.2557	0.0865	2.8163	2.2557
877.9120	2.2708	0.1013	2.9279	2.2708
878.0644	2.2314	0.0949	2.4930	2.2314
878.2168	2.1753	0.1187	2.1379	2.1753
878.3692	1.7648	0.0457	1.7162	1.7648
878.5216	1.3975	-0.0065	1.6492	1.3975
878.6740	1.2309	0.0027	1.5895	1.2309
878.8264	1.1728	0.0164	1.6183	1.1728
878.9788	1.1639	0.0083	1.6580	1.1639
879.1312	1.1626	0.0087	1.6655	1.1626
879.2836	1.1646	0.0081	1.7168	1.1646
879.4360	1.2033	0.0169	1.7210	1.2033
879.5884	1.2784	0.0471	1.7157	1.2784
879.7408	1.3538	0.0752	1.7608	1.3538
879.8932	1.4123	0.0885	1.9073	1.4123
880.0456	1.4987	0.1034	2.1633	1.4987
880.1980	1.5772	0.0995	2.2694	1.5772
880.3504	1.5689	0.0740	2.2029	1.5689
880.5028	1.4926	0.0509	2.1787	1.4926
880.6552	1.4582	0.0529	2.2335	1.4582
880.8076	1.4783	0.0582	2.3943	1.4783
880.9600	1.5478	0.0870	2.5117	1.5478
881.1124	1.6126	0.1187	2.4426	1.6126
881.2648	1.6570	0.1396	2.2727	1.6570
881.4172	1.7027	0.1383	2.1256	1.7027
881.5696	1.7922	0.1212	2.1907	1.7922
881.7220	1.8819	0.1018	2.2705	1.8819
881.8744	2.0187	0.1113	2.3432	2.0187
882.0268	2.0629	0.1020	2.2591	2.0629
882.1792	2.1006	0.1048	2.4168	2.1006
882.3316	2.1222	0.1456	2.6014	2.1222
882.4840	2.0838	0.1674	2.6838	2.0838
882.6364	2.0662	0.1743	2.6169	2.0662
882.7888	2.0594	0.1799	2.5370	2.0594
882.9412	2.1162	0.1988	2.5917	2.1162
883.0936	2.1405	0.1935	2.7189	2.1405
883.2460	2.1472	0.1748	2.7660	2.1472
883.3984	2.1447	0.1596	2.7852	2.1447
883.5508	2.1516	0.1507	2.8082	2.1516
883.7032	2.1657	0.1468	2.8712	2.1657
883.8556	2.1623	0.1380	2.8896	2.1623
884.0080	2.1503	0.1361	2.8114	2.1503
884.1604	2.1459	0.1410	2.8302	2.1459
884.3128	2.1441	0.1415	2.8893	2.1441
884.4652	2.1493	0.1562	2.9595	2.1493
884.6176	2.1542	0.1721	2.9334	2.1542
884.7700	2.1491	0.1765	2.8665	2.1491
884.9224	2.1649	0.1893	2.8574	2.1649
885.0748	2.1831	0.2077	2.8721	2.1831
885.2272	2.1803	0.2072	2.8883	2.1803
885.3796	2.1632	0.1970	2.8543	2.1632
885.5320	2.1462	0.1897	2.8373	2.1462
885.6844	2.1099	0.1764	2.7687	2.1099
885.8368	2.0872	0.1535	2.7902	2.0872
885.9892	2.1011	0.1317	2.8054	2.1011
886.1416	2.1482	0.1226	2.9216	2.1482
886.2940	2.1696	0.1083	2.9709	2.1696
886.4464	2.1478	0.0859	2.9921	2.1478
886.5988	2.1408	0.0805	3.0010	2.1408
886.7512	2.1475	0.0847	2.9605	2.1475
886.9036	2.1728	0.0933	2.8907	2.1728
887.0560	2.2610	0.1204	2.7661	2.2610
887.2084	2.3561	0.1475	2.6007	2.3561
887.3608	2.4171	0.1592	2.5475	2.4171
887.5132	2.3931	0.1444	2.6127	2.3931
887.6656	2.3575	0.1282	2.7457	2.3575
887.8180	2.2645	0.1025	2.7986	2.2645
887.9704	2.1596	0.0893	2.7529	2.1596
888.1228	2.0934	0.1023	2.6745	2.0934
888.2752	2.0867	0.1316	2.6525	2.0867
888.4276	2.1044	0.1600	2.6141	2.1044
888.5800	2.1166	0.1748	2.5557	2.1166
888.7324	2.1249	0.1741	2.5522	2.1249
888.8848	2.1486	0.1683	2.5493	2.1486
889.0372	2.1797	0.1599	2.6181	2.1797
889.1896	2.1968	0.1450	2.6412	2.1968
889.3420	2.1889	0.1231	2.7870	2.1889
889.4944	2.1746	0.1069	2.9113	2.1746
889.6468	2.1633	0.0993	2.9850	2.1633
889.7992	2.1588	0.0971	2.9409	2.1588
889.9516	2.1707	0.0991	2.8420	2.1707
890.1040	2.1786	0.0983	2.7473	2.1786
890.2564	2.1738	0.0907	2.7555	2.1738
890.4088	2.1565	0.0812	2.8065	2.1565
890.5612	2.1483	0.0763	2.8553	2.1483
890.7136	2.1480	0.0753	2.9182	2.1480
890.8660	2.1508	0.0781	3.0390	2.1508
891.0184	2.1519	0.0822	3.1014	2.1519
891.1708	2.1506	0.0833	3.0271	2.1506
891.3232	2.1593	0.0859	2.9123	2.1593
891.4756	2.1685	0.0832	2.8551	2.1685
891.6280	2.1713	0.0796	2.8877	2.1713
891.7804	2.1645	0.0749	2.8916	2.1645
891.9328	2.1530	0.0732	2.8461	2.1530
892.0852	2.1450	0.0790	2.8558	2.1450
892.2376	2.1403	0.0917	2.8884	2.1403
892.3900	2.1393	0.1052	2.9616	2.1393
892.5424	2.1494	0.1237	2.9327	2.1494
892.6948	2.1642	0.1417	2.8794	2.1642
892.8472	2.1747	0.1498	2.7728	2.1747
892.9996	2.2003	0.1533	2.7614	2.2003
893.1520	2.2280	0.1585	2.8912	2.2280
893.3044	2.2099	0.1557	2.9934	2.2099
893.4568	2.1487	0.1364	3.0208	2.1487
893.6092	2.0918	0.1078	2.8863	2.0918
893.7616	2.1043	0.0998	2.7759	2.1043
893.9140	2.1763	0.1222	2.8055	2.1763
894.0664	2.2327	0.1387	2.9073	2.2327
894.2188	2.2248	0.1355	2.9572	2.2248
894.3712	2.1845	0.1331	2.9143	2.1845
894.5236	2.1581	0.1409	2.8268	2.1581
894.6760	2.1654	0.1398	2.7689	2.1654
894.8284	2.2095	0.1428	2.7508	2.2095
894.9808	2.2624	0.1548	2.8156	2.2624
895.1332	2.2655	0.1558	2.7967	2.2655
895.2856	2.2299	0.1438	2.7230	2.2299
895.4380	2.2025	0.1341	2.7331	2.2025
895.5904	2.1918	0.1305	2.8464	2.1918
895.7428	2.1891	0.1276	2.9669	2.1891
895.8952	2.1823	0.1227	3.0849	2.1823
896.0476	2.1723	0.1155	3.1802	2.1723
896.2000	2.1537	0.1058	3.1957	2.1537
896.3524	2.1343	0.0960	3.0891	2.1343
896.5048	2.1251	0.0904	2.9362	2.1251
896.6572	2.1243	0.0898	2.8677	2.1243
896.8096	2.1244	0.0909	2.8929	2.1244
896.9620	2.1340	0.1094	2.9059	2.1340
897.1144	2.1093	0.1348	2.8505	2.1093
897.2668	2.0621	0.1583	2.7741	2.0621
897.4192	2.0435	0.1975	2.7010	2.0435
897.5716	2.0831	0.2598	2.5839	2.0831
897.7240	2.1107	0.2731	2.4800	2.1107
897.8764	2.1185	0.2302	2.4615	2.1185
898.0288	2.1916	0.2008	2.6603	2.1916
898.1812	2.2986	0.1777	2.9647	2.2986
898.3336	2.3792	0.1543	2.9919	2.3792
898.4860	2.3897	0.1451	2.8796	2.3897
898.6384	2.3619	0.1459	2.8233	2.3619
898.7908	2.2928	0.1282	2.8930	2.2928
898.9432	2.2248	0.1271	2.9126	2.2248
899.0956	2.1779	0.1452	2.8670	2.1779
899.2480	2.1324	0.1387	2.8691	2.1324
899.4004	2.1169	0.1305	2.8829	2.1169
899.5528	2.1336	0.1392	2.8587	2.1336
899.7052	2.1319	0.1386	2.8224	2.1319
899.8576	2.1102	0.1269	2.8281	2.1102
900.0100	2.0986	0.1315	2.8352	2.0986
900.1624	2.0992	0.1436	2.8051	2.0992
900.3148	2.1117	0.1604	2.7751	2.1117
900.4672	2.1158	0.1659	2.7861	2.1158
900.6196	2.1085	0.1618	2.7308	2.1085
900.7720	2.1091	0.1431	2.7427	2.1091
900.9244	2.1324	0.1328	2.7605	2.1324
901.0768	2.1644	0.1327	2.8932	2.1644
901.2292	2.1641	0.1290	2.9075	2.1641
901.3816	2.1515	0.1266	2.8565	2.1515
901.5340	2.1664	0.1470	2.8351	2.1664
901.6864	2.1942	0.1611	2.7994	2.1942
901.8388	2.2039	0.1613	2.8607	2.2039
901.9912	2.2063	0.1573	2.8426	2.2063
902.1436	2.1843	0.1439	2.8397	2.1843
902.2960	2.1705	0.1330	2.7866	2.1705
902.4484	2.1796	0.1301	2.8568	2.1796
902.6008	2.2238	0.1609	2.9514	2.2238
902.7532	2.2989	0.2218	2.9890	2.2989
902.9056	2.3464	0.2615	2.8664	2.3464
903.0580	2.3984	0.3048	2.7573	2.3984
903.2104	2.3845	0.3154	2.6383	2.3845
903.3628	2.2913	0.2412	2.5368	2.2913
903.5152	2.1988	0.1618	2.5027	2.1988
903.6676	2.1801	0.1353	2.5474	2.1801
903.8200	2.1442	0.1062	2.6216	2.1442
903.9724	2.1178	0.0841	2.6106	2.1178
904.1248	2.1263	0.0833	2.6155	2.1263
904.2772	2.1495	0.0873	2.6756	2.1495
904.4296	2.1500	0.0796	2.7426	2.1500
904.5820	2.1456	0.0763	2.7383	2.1456
904.7344	2.1464	0.0814	2.6873	2.1464
904.8868	2.1599	0.0872	2.6513	2.1599
905.0392	2.1978	0.1056	2.7275	2.1978
905.1916	2.2303	0.1291	2.7808	2.2303
905.3440	2.2299	0.1271	2.7723	2.2299
905.4964	2.2160	0.1124	2.8702	2.2160
905.6488	2.1712	0.0938	2.6605	2.1712
905.8012	2.0401	0.0619	2.6804	2.0401
905.9536	1.9278	0.0364	2.6436	1.9278
906.1060	1.8818	0.0377	2.7577	1.8818
906.2584	1.9198	0.0579	2.8842	1.9198
906.4108	1.8602	0.0611	2.1339	1.8602
906.5632	1.5406	0.0223	1.8056	1.5406
906.7156	1.3214	0.0099	1.6610	1.3214
906.8680	1.1957	0.0047	1.7000	1.1957
907.0204	1.1889	0.0079	1.7982	1.1889
907.1728	1.1966	0.0066	1.8504	1.1966
907.3252	1.2154	0.0078	1.8770	1.2154
907.4776	1.2627	0.0196	1.9080	1.2627
907.6300	1.3051	0.0245	1.9473	1.3051
907.7824	1.3060	0.0301	1.9264	1.3060
907.9348	1.2833	0.0332	1.8701	1.2833
908.0872	1.2575	0.0349	1.8187	1.2575
908.2396	1.2506	0.0271	1.8634	1.2506
908.3920	1.3020	0.0290	1.9143	1.3020
908.5444	1.3274	0.0258	2.0132	1.3274
908.6968	1.3442	0.0246	1.9686	1.3442
908.8492	1.2975	0.0214	1.9552	1.2975
909.0016	1.2953	0.0175	1.9448	1.2953
909.1540	1.2990	0.0181	1.9758	1.2990
909.3064	1.2929	0.0179	1.9757	1.2929
909.4588	1.2805	0.0188	1.9637	1.2805
909.6112	1.3514	0.0362	2.0299	1.3514
909.7636	1.4526	0.0450	2.2476	1.4526
909.9160	1.5657	0.0571	2.4184	1.5657
910.0684	1.5893	0.0608	2.3559	1.5893
910.2208	1.5904	0.0600	2.3069	1.5904
910.3732	1.5176	0.0338	2.1161	1.5176
910.5256	1.3940	0.0184	2.0156	1.3940
910.6780	1.4014	0.0269	1.9657	1.4014
910.8304	1.3934	0.0269	2.0862	1.3934
910.9828	1.4391	0.0262	2.1790	1.4391
911.1352	1.3941	0.0226	2.1680	1.3941
911.2876	1.4072	0.0229	2.1311	1.4072
911.4400	1.4031	0.0122	2.0935	1.4031
911.5924	1.4596	0.0155	1.9684	1.4596
911.7448	1.5469	0.0208	1.7757	1.5469
911.8972	1.6920	0.0363	1.6187	1.6920
912.0496	1.7613	0.0504	1.6696	1.7613
912.2020	1.7921	0.0563	1.7307	1.7921
912.3544	1.8539	0.0638	2.0132	1.8539
912.5068	1.9703	0.0856	2.3970	1.9703
912.6592	2.0876	0.1080	3.0236	2.0876
912.8116	2.1581	0.1126	2.9861	2.1581
912.9640	2.1655	0.1074	2.8975	2.1655
913.1164	2.1588	0.1084	2.8571	2.1588
913.2688	2.1528	0.1072	2.8682	2.1528
913.4212	2.1502	0.1113	2.8125	2.1502
913.5736	2.1623	0.1222	2.6295	2.1623
913.7260	2.1719	0.1050	2.4842	2.1719
913.8784	2.1681	0.0932	2.5519	2.1681
914.0308	2.1543	0.1082	2.6820	2.1543
914.1832	2.1065	0.1143	2.7909	2.1065
914.3356	2.1111	0.1126	2.8363	2.1111
914.4880	2.1935	0.1433	2.9119	2.1935
914.6404	2.2713	0.1621	2.9919	2.2713
914.7928	2.2480	0.1275	2.9845	2.2480
914.9452	2.2024	0.0885	2.9413	2.2024
915.0976	2.1770	0.0858	2.8635	2.1770
915.2500	2.1763	0.0908	2.8288	2.1763
915.4024	2.1775	0.0899	2.8672	2.1775
915.5548	2.2005	0.0985	2.8764	2.2005
915.7072	2.1967	0.1055	2.9462	2.1967
915.8596	2.1654	0.0912	2.8982	2.1654
916.0120	2.1470	0.0839	2.9307	2.1470
916.1644	2.1474	0.0899	2.8926	2.1474
916.3168	2.1310	0.1014	2.9614	2.1310
916.4692	2.0762	0.1210	2.9815	2.0762
916.6216	1.9780	0.1367	3.0018	1.9780
916.7740	1.9192	0.1627	2.9801	1.9192
916.9264	1.9068	0.2013	2.7886	1.9068
917.0788	1.9620	0.2192	2.6104	1.9620
917.2312	2.0168	0.1830	2.3941	2.0168
917.3836	2.1320	0.1594	2.5052	2.1320
917.5360	2.2034	0.1305	2.7314	2.2034
917.6884	2.2224	0.1168	3.0050	2.2224
917.8408	2.2502	0.1317	3.1952	2.2502
917.9932	2.2427	0.1398	3.1350	2.2427
918.1456	2.2288	0.1601	2.9568	2.2288
918.2980	2.1993	0.1842	2.8231	2.1993
918.4504	2.1253	0.1676	2.6950	2.1253
918.6028	2.0792	0.1554	2.6505	2.0792
918.7552	2.0773	0.1590	2.6905	2.0773
918.9076	2.0970	0.1596	2.8131	2.0970
919.0600	2.1249	0.1641	2.8611	2.1249
919.2124	2.1410	0.1661	2.7834	2.1410
919.3648	2.1374	0.1614	2.7792	2.1374
919.5172	2.1332	0.1637	2.7660	2.1332
919.6696	2.1573	0.1760	2.7599	2.1573
919.8220	2.1885	0.1757	2.7374	2.1885
919.9744	2.2295	0.1752	2.7477	2.2295
920.1268	2.2426	0.1612	2.7894	2.2426
920.2792	2.2187	0.1389	2.7983	2.2187
920.4316	2.1836	0.1219	2.8087	2.1836
920.5840	2.1477	0.1137	2.8432	2.1477
920.7364	2.1263	0.1120	2.8176	2.1263
920.8888	2.1284	0.1237	2.7906	2.1284
921.0412	2.1336	0.1346	2.7564	2.1336
921.1936	2.1364	0.1362	2.8008	2.1364
921.3460	2.1430	0.1353	2.8351	2.1430
921.4984	2.1505	0.1318	2.8540	2.1505
921.6508	2.1474	0.1235	2.8268	2.1474
921.8032	2.1423	0.1189	2.8602	2.1423
921.9556	2.1443	0.1266	2.8214	2.1443
922.1080	2.1389	0.1333	2.8404	2.1389
922.2604	2.1450	0.1356	2.9676	2.1450
922.4128	2.1989	0.1768	2.9879	2.1989
922.5652	2.2337	0.1841	2.7341	2.2337
922.7176	2.2060	0.1409	2.3734	2.2060
922.8700	2.1787	0.1103	2.2541	2.1787
923.0224	2.1131	0.0946	2.2367	2.1131
923.1748	2.0328	0.0699	2.1864	2.0328
923.3272	2.0115	0.0858	2.1177	2.0115
923.4796	2.0794	0.1532	2.1103	2.0794
923.6320	2.1528	0.2210	2.1311	2.1528
923.7844	2.1861	0.2548	2.2930	2.1861
923.9368	2.1745	0.2505	2.5705	2.1745
924.0892	2.0909	0.2090	2.8559	2.0909
924.2416	1.9957	0.1651	2.9780	1.9957
924.3940	1.9452	0.1431	2.9401	1.9452
924.5464	1.9518	0.1353	2.6110	1.9518
924.6988	1.8959	0.1172	2.1167	1.8959
924.8512	1.8043	0.0751	1.7567	1.8043
925.0036	1.7263	0.0176	1.5130	1.7263
925.1560	1.7188	-0.0192	1.4231	1.9100
925.3084	1.7157	-0.0436	1.4402	1.8698
925.4608	1.6550	-0.0904	1.5880	1.6550
925.6132	1.6821	-0.0874	2.1050	1.6821
925.7656	1.7440	-0.0315	2.8758	1.7440
925.9180	1.7544	0.0047	3.2009	1.7544
926.0704	1.7813	0.0324	2.9436	1.7813
926.2228	1.9061	0.0811	2.5723	1.9061
926.3752	2.0326	0.1227	2.4719	2.0326
926.5276	2.0664	0.1376	2.6391	2.0664
926.6800	2.0586	0.1365	2.8548	2.0586
926.8324	2.1248	0.1555	3.0141	2.1248
926.9848	2.2311	0.2031	2.9540	2.2311
927.1372	2.2423	0.2110	2.7060	2.2423
927.2896	2.1953	0.1667	2.5205	2.1953
927.4420	2.1463	0.1327	2.5462	2.1463
927.5944	2.1037	0.1060	2.6765	2.1037
927.7468	2.0524	0.0649	2.7423	2.0524
927.8992	2.0248	0.0458	2.7186	2.0248
928.0516	2.0370	0.0606	2.5616	2.0370
928.2040	1.9886	0.0708	2.2565	1.9886
928.3564	1.9084	0.0759	1.9648	1.9084
928.5088	1.8833	0.0946	1.7687	1.8833
928.6612	1.9142	0.1156	1.7158	1.9142
928.8136	1.9817	0.1405	1.8044	1.9817
928.9660	2.0102	0.1452	1.8981	2.0102
929.1184	2.0191	0.1404	2.0275	2.0191
929.2708	2.0321	0.1327	2.1899	2.0321
929.4232	2.0362	0.1059	2.4354	2.0362
929.5756	2.0297	0.0839	2.6094	2.0297
929.7280	2.0144	0.0711	2.6848	2.0144
929.8804	2.0117	0.0539	2.8157	2.0117
930.0328	2.0775	0.0772	2.8847	2.0775
930.1852	2.1842	0.1411	2.9529	2.1842
930.3376	2.2210	0.1689	2.8762	2.2210
930.4900	2.2030	0.1535	2.6845	2.2030
930.6424	2.2044	0.1275	2.4959	2.2044
930.7948	2.1993	0.0911	2.4530	2.1993
930.9472	2.1945	0.0491	2.7676	2.1945
931.0996	2.1977	0.0174	3.1573	2.1915
931.2520	2.2086	-0.0022	3.3594	2.1636
931.4044	2.2261	-0.0008	3.1903	2.1900
931.5568	2.2173	-0.0053	3.0510	2.2721
931.7092	2.2152	-0.0089	2.9907	2.2290
931.8616	2.2233	-0.0009	3.0953	2.2303
932.0140	2.2272	0.0254	3.2399	2.2540
932.1664	2.2263	0.0534	3.3248	2.2263
932.3188	2.2364	0.0714	3.2938	2.2364
932.4712	2.2761	0.0997	3.2992	2.2761
932.6236	2.2989	0.1195	3.2698	2.2989
932.7760	2.2675	0.0937	3.4070	2.2675
932.9284	2.2470	0.0853	3.3557	2.2470
933.0808	2.2621	0.1008	3.4088	2.2621
933.2332	2.2589	0.1107	3.3326	2.2589
933.3856	2.2467	0.1189	3.1673	2.2467
933.5380	2.2210	0.1481	3.0098	2.2210
933.6904	2.1784	0.1534	2.9322	2.1784
933.8428	2.1883	0.1586	3.0036	2.1883
933.9952	2.2726	0.1972	2.9840	2.2726
934.1476	2.3558	0.2263	2.9345	2.3558
934.3000	2.3292	0.1858	2.9941	2.3292
934.4524	2.3119	0.1522	3.0687	2.3119
934.6048	2.2917	0.1299	3.1472	2.2917
934.7572	2.1985	0.0988	3.0771	2.1985
934.9096	2.0645	0.0677	3.0684	2.0645
935.0620	1.9703	0.0622	3.0898	1.9703
935.2144	1.8485	0.0630	2.7874	1.8485
935.3668	1.6536	0.0690	2.3294	1.6536
935.5192	1.5873	0.0739	2.0210	1.5873
935.6716	1.6538	0.0842	1.7771	1.6538
935.8240	1.8970	0.1201	2.0585	1.8970
935.9764	2.1191	0.1543	2.4153	2.1191
936.1288	2.1613	0.1397	2.4981	2.1613
936.2812	2.1414	0.1078	2.4411	2.1414
936.4336	2.1175	0.0674	2.4018	2.1175
936.5860	2.1106	0.0428	2.6504	2.1106
936.7384	2.0662	0.0421	2.9782	2.0662
936.8908	1.9215	0.0164	3.1452	1.9215
937.0432	1.9355	0.0117	3.1877	1.9355
937.1956	2.0517	0.0461	3.1750	2.0517
937.3480	2.3014	0.1199	3.1247	2.3014
937.5004	2.2846	0.0973	2.9703	2.2846
937.6528	2.2233	0.0744	2.7109	2.2233
937.8052	2.1170	0.0631	2.5640	2.1170
937.9576	2.0353	0.0459	2.4127	2.0353
938.1100	1.9953	0.0425	2.4780	1.9953
938.2624	2.0105	0.0617	2.8622	2.0105
938.4148	1.8480	0.0538	3.1549	1.8480
938.5672	1.7243	0.0616	3.2193	1.7243
938.7196	1.6643	0.0898	3.0687	1.6643
938.8720	1.7782	0.1226	2.8872	1.7782
939.0244	1.9593	0.1578	2.7021	1.9593
939.1768	2.1871	0.1955	2.8588	2.1871
939.3292	2.2053	0.1638	2.9260	2.2053
939.4816	2.1938	0.1401	3.0194	2.1938
939.6340	2.1832	0.1602	3.0061	2.1832
939.7864	2.1313	0.1657	2.8277	2.1313
939.9388	2.0833	0.1644	2.6662	2.0833
940.0912	2.0806	0.1755	2.5799	2.0806
940.2436	2.0984	0.1936	2.5650	2.0984
940.3960	2.0693	0.1678	2.6589	2.0693
940.5484	2.0741	0.1626	2.6908	2.0741
940.7008	2.1113	0.1720	2.7515	2.1113
940.8532	2.1557	0.1862	2.6653	2.1557
941.0056	2.1762	0.1888	2.6751	2.1762
941.1580	2.1896	0.1987	2.6696	2.1896
941.3104	2.2053	0.2155	2.7444	2.2053
941.4628	2.2009	0.2190	2.7266	2.2009
941.6152	2.1772	0.1983	2.7128	2.1772
941.7676	2.1526	0.1798	2.5516	2.1526
941.9200	2.1313	0.1564	2.6280	2.1313
942.0724	2.1229	0.1499	2.7129	2.1229
942.2248	2.1251	0.1502	2.8477	2.1251
942.3772	2.1269	0.1525	2.7402	2.1269
942.5296	2.1326	0.1549	2.6647	2.1326
942.6820	2.1439	0.1669	2.6484	2.1439
942.8344	2.1301	0.1539	2.8202	2.1301
942.9868	2.1139	0.1433	2.9586	2.1139
943.1392	2.1231	0.1525	3.0019	2.1231
943.2916	2.1228	0.1545	2.9072	2.1228
943.4440	2.0756	0.1660	2.7814	2.0756
943.5964	2.0135	0.1795	2.7448	2.0135
943.7488	2.0419	0.2202	2.7185	2.0419
943.9012	2.1307	0.2646	2.7453	2.1307
944.0536	2.2446	0.3346	2.5462	2.2446
944.2060	2.0789	0.2627	2.5895	2.0789
944.3584	1.8932	0.1767	2.5001	1.8932
944.5108	1.8193	0.1446	2.4277	1.8193
944.6632	1.8672	0.1647	2.2952	1.8672
944.8156	1.8827	0.1553	2.2099	1.8827
944.9680	1.8062	0.1464	2.0752	1.8062
945.1204	1.7337	0.1373	1.8653	1.7337
945.2728	1.7322	0.1554	1.6402	1.7322
945.4252	1.7704	0.1600	1.5633	1.7704
945.5776	1.8179	0.1817	1.5180	1.8179
945.7300	1.8109	0.1758	1.5310	1.8109
945.8824	1.8389	0.2013	1.6682	1.8389
946.0348	1.7421	0.1604	1.7852	1.7421
946.1872	1.7899	0.1640	1.9483	1.7899
946.3396	1.8522	0.1720	1.9425	1.8522
946.4920	2.0707	0.2484	1.8536	2.0707
946.6444	2.0666	0.2527	1.7719	2.0666
946.7968	2.0647	0.2795	1.7697	2.0647
946.9492	2.0304	0.2648	1.8535	2.0304
947.1016	2.0396	0.2486	2.1104	2.0396
947.2540	2.0989	0.2569	2.4710	2.0989
947.4064	2.1378	0.2527	2.8212	2.1378
947.5588	2.1324	0.2411	2.8925	2.1324
947.7112	2.1232	0.2452	2.9962	2.1232
947.8636	2.0771	0.2305	2.5927	2.0771
948.0160	1.7808	0.1312	2.1494	1.7808
948.1684	1.5029	0.0734	1.9775	1.5029
948.3208	1.3762	0.0540	1.8886	1.3762
948.4732	1.3503	0.0477	1.8900	1.3503
948.6256	1.4040	0.0606	1.8559	1.4040
948.7780	1.4884	0.0897	1.8865	1.4884
948.9304	1.6498	0.1270	1.9983	1.6498
949.0828	1.8635	0.1638	2.2793	1.8635
949.2352	2.0582	0.2113	2.2726	2.0582
949.3876	2.0871	0.2156	2.2871	2.0871
949.5400	2.0851	0.2160	2.3733	2.0851
949.6924	2.0722	0.2180	2.4465	2.0722
949.8448	2.0622	0.2275	2.4307	2.0622
949.9972	2.0854	0.2519	2.4514	2.0854
950.1496	2.0972	0.2617	2.3956	2.0972
950.3020	2.0639	0.2564	2.3575	2.0639
950.4544	2.0204	0.2466	2.3743	2.0204
950.6068	2.0042	0.2483	2.4775	2.0042
950.7592	2.0171	0.2527	2.6701	2.0171
950.9116	2.0337	0.2693	2.5912	2.0337
951.0640	1.9984	0.2719	2.4778	1.9984
951.2164	1.9405	0.2482	2.5229	1.9405
951.3688	1.9117	0.2216	2.6896	1.9117
951.5212	1.9317	0.2075	2.8913	1.9317
951.6736	1.9325	0.1878	2.9422	1.9325
951.8260	1.9056	0.1651	3.0681	1.9056
951.9784	1.8804	0.1608	3.1014	1.8804
952.1308	1.8807	0.1620	3.0598	1.8807
952.2832	1.9003	0.1625	2.8867	1.9003
952.4356	1.9218	0.1589	2.9258	1.9218
952.5880	1.9307	0.1529	2.9817	1.9307
952.7404	1.8925	0.1535	3.0559	1.8925
952.8928	1.8605	0.1640	3.0386	1.8605
953.0452	1.8573	0.1972	2.9644	1.8573
953.1976	1.9048	0.2489	2.7982	1.9048
953.3500	1.9328	0.2799	2.5346	1.9328
953.5024	1.9417	0.2852	2.3650	1.9417
953.6548	1.9497	0.2827	2.2597	1.9497
953.8072	1.9746	0.2796	2.3000	1.9746
953.9596	1.9967	0.2828	2.3280	1.9967
954.1120	2.0103	0.2842	2.3428	2.0103
954.2644	2.0063	0.2790	2.3425	2.0063
954.4168	2.0151	0.2747	2.2767	2.0151
954.5692	2.0311	0.2699	2.2983	2.0311
954.7216	2.0543	0.2695	2.3113	2.0543
954.8740	2.0655	0.2609	2.3475	2.0655
955.0264	2.0609	0.2513	2.3350	2.0609
955.1788	2.0484	0.2499	2.3108	2.0484
955.3312	2.0333	0.2525	2.2605	2.0333
955.4836	2.0282	0.2442	2.2646	2.0282
955.6360	2.0634	0.2573	2.2149	2.0634
955.7884	2.0987	0.2637	2.2321	2.0987
955.9408	2.1011	0.2480	2.1045	2.1011
956.0932	2.0235	0.2096	2.0491	2.0235
956.2456	2.0385	0.2282	1.9512	2.0385
956.3980	2.0368	0.2347	1.9946	2.0368
956.5504	2.0936	0.2532	2.0808	2.0936
956.7028	2.0882	0.2463	2.2487	2.0882
956.8552	2.0488	0.2615	2.3430	2.0488
957.0076	1.9815	0.2454	2.3842	1.9815
957.1600	1.9189	0.2303	2.3687	1.9189
957.3124	1.9535	0.2605	2.1944	1.9535
957.4648	1.9315	0.2684	2.0276	1.9315
957.6172	1.9350	0.2490	1.9004	1.9350
957.7696	1.9405	0.2385	1.8336	1.9405
957.9220	2.0029	0.2459	1.8265	2.0029
958.0744	2.0073	0.2284	1.9811	2.0073
958.2268	2.0670	0.2391	2.2075	2.0670
958.3792	2.1434	0.2554	2.5747	2.1434
958.5316	2.1654	0.2458	2.6129	2.1654
958.6840	2.1669	0.2534	2.6822	2.1669
958.8364	2.1757	0.2691	2.6358	2.1757
958.9888	2.1628	0.2763	2.5087	2.1628
959.1412	2.1526	0.2673	2.4895	2.1526
959.2936	2.1800	0.2899	2.3990	2.1800
959.4460	2.2018	0.2904	2.5351	2.2018
959.5984	2.1975	0.2821	2.5393	2.1975
959.7508	2.1871	0.2757	2.6094	2.1871
959.9032	2.1807	0.2748	2.5826	2.1807
960.0556	2.1679	0.2597	2.6272	2.1679
960.2080	2.1611	0.2492	2.6580	2.1611
960.3604	2.1478	0.2355	2.6038	2.1478
960.5128	2.1223	0.2064	2.5783	2.1223
960.6652	2.1425	0.2197	2.6568	2.1425
960.8176	2.1452	0.2169	2.7119	2.1452
960.9700	2.1272	0.2050	2.7165	2.1272
961.1224	2.1034	0.1737	2.6513	2.1034
961.2748	2.1058	0.1661	2.7061	2.1058
961.4272	2.1028	0.1472	2.7507	2.1028
961.5796	2.0940	0.1381	2.7837	2.0940
961.7320	2.0968	0.1418	2.7416	2.0968
961.8844	2.1120	0.1530	2.7631	2.1120
962.0368	2.1417	0.1643	2.7453	2.1417
962.1892	2.1878	0.1893	2.8668	2.1878
962.3416	2.2124	0.2008	2.8066	2.2124
962.4940	2.2104	0.2036	2.8441	2.2104
962.6464	2.1896	0.1900	2.8580	2.1896
962.7988	2.1798	0.1814	2.9240	2.1798
962.9512	2.1620	0.1709	2.9645	2.1620
963.1036	2.1652	0.2040	2.9425	2.1652
963.2560	2.1538	0.2272	2.9206	2.1538
963.4084	2.1667	0.2549	2.9288	2.1667
963.5608	2.2050	0.2809	2.8413	2.2050
963.7132	2.2553	0.3118	2.7508	2.2553
963.8656	2.2145	0.2538	2.6052	2.2145
964.0180	2.1636	0.1861	2.5175	2.1636
964.1704	2.1576	0.1611	2.5684	2.1576
964.3228	2.1652	0.1570	2.6893	2.1652
964.4752	2.1713	0.1578	2.8130	2.1713
964.6276	2.1918	0.1763	2.7668	2.1918
964.7800	2.1884	0.1701	2.7305	2.1884
964.9324	2.1894	0.2042	2.4644	2.1894
965.0848	1.8897	0.1266	2.1828	1.8897
965.2372	1.5801	0.0623	2.0678	1.5801
965.3896	1.4029	0.0364	2.0231	1.4029
965.5420	1.3470	0.0398	1.9800	1.3470
965.6944	1.2923	0.0150	1.8944	1.2923
965.8468	1.3522	0.0277	1.7511	1.3522
965.9992	1.4328	0.0509	1.6457	1.4328
966.1516	1.5593	0.0737	1.6103	1.5593
966.3040	1.6062	0.0912	1.6857	1.6062
966.4564	1.7319	0.1152	1.8827	1.7319
966.6088	1.9147	0.1417	2.5126	1.9147
966.7612	2.1076	0.1705	2.7800	2.1076
966.9136	2.1218	0.1582	2.8003	2.1218
967.0660	2.1042	0.1573	2.7994	2.1042
967.2184	2.0989	0.1736	2.8350	2.0989
967.3708	2.1019	0.2081	2.6942	2.1019
967.5232	2.1019	0.2355	2.6022	2.1019
967.6756	2.1691	0.2593	2.6451	2.1691
967.8280	2.2299	0.2578	2.8311	2.2299
967.9804	2.2877	0.2468	2.8995	2.2877
968.1328	2.1699	0.1626	2.7473	2.1699
968.2852	2.0944	0.1201	2.6985	2.0944
968.4376	2.0881	0.1242	2.6858	2.0881
968.5900	2.0978	0.1316	2.7073	2.0978
968.7424	2.0992	0.1267	2.7829	2.0992
968.8948	2.0918	0.1307	2.7851	2.0918
969.0472	1.9495	0.1309	2.6247	1.9495
969.1996	1.8440	0.1335	2.4801	1.8440
969.3520	1.7735	0.1447	2.3596	1.7735
969.5044	1.8196	0.1896	2.3178	1.8196
969.6568	1.8754	0.2038	2.3891	1.8754
969.8092	1.9831	0.1726	2.6226	1.9831
969.9616	2.1966	0.1910	3.3759	2.1966
970.1140	2.4086	0.2216	3.6314	2.4086
970.2664	2.3377	0.1597	3.6380	2.3377
970.4188	2.3234	0.1492	3.3348	2.3234
970.5712	2.2379	0.1454	3.0419	2.2379
970.7236	2.1472	0.1687	2.8039	2.1472
970.8760	2.1038	0.2104	2.7565	2.1038
971.0284	2.1462	0.2796	2.8007	2.1462
971.1808	2.2185	0.3453	2.8782	2.2185
971.3332	2.2766	0.3827	2.9765	2.2766
971.4856	2.2725	0.3601	2.9564	2.2725
971.6380	2.2533	0.3153	3.0987	2.2533
971.7904	2.2442	0.2907	3.1968	2.2442
971.9428	2.2101	0.2700	3.4190	2.2101
972.0952	2.1834	0.2566	3.2775	2.1834
972.2476	2.1082	0.2149	3.0716	2.1082
972.4000	2.1718	0.2156	2.8723	2.1718
972.5524	2.2245	0.1987	2.8505	2.2245
972.7048	2.3224	0.1874	3.0492	2.3224
972.8572	2.2720	0.1513	2.7306	2.2720
973.0096	2.0222	0.1092	2.4047	2.0222
973.1620	1.9009	0.0803	2.2059	1.9009
973.3144	1.8416	0.0559	2.0225	1.8416
973.4668	1.9763	0.0742	2.0786	1.9763
973.6192	2.0470	0.0683	2.1024	2.0470
973.7716	2.0326	0.0176	2.0803	2.0326
973.9240	2.0479	0.0048	2.2615	2.0482
974.0764	2.0385	0.0328	2.4827	2.0385
974.2288	2.0716	0.0977	2.7134	2.0716
974.3812	2.0881	0.1624	2.7795	2.0881
974.5336	2.2119	0.2870	2.9676	2.2119
974.6860	2.3027	0.3961	2.8896	2.3027
974.8384	2.2833	0.4041	2.9523	2.2833
974.9908	2.2544	0.3308	2.8792	2.2544
975.1432	2.2693	0.2779	2.9420	2.2693
975.2956	2.3403	0.2451	2.9952	2.3403
975.4480	2.2611	0.1614	2.9968	2.2611
975.6004	2.2156	0.1256	2.9673	2.2156
975.7528	2.1907	0.1279	2.8307	2.1907
975.9052	2.1827	0.1200	2.8849	2.1827
976.0576	2.1960	0.1234	3.0996	2.1960
976.2100	2.2390	0.1419	3.3857	2.2390
976.3624	2.2185	0.1342	3.1962	2.2185
976.5148	2.1953	0.1274	3.0441	2.1953
976.6672	2.1914	0.1294	2.8837	2.1914
976.8196	2.2133	0.1398	2.9475	2.2133
976.9720	2.1977	0.1333	2.9046	2.1977
977.1244	2.1660	0.1121	2.8555	2.1660
977.2768	2.1214	0.0842	2.7225	2.1214
977.4292	2.1309	0.0838	2.7719	2.1309
977.5816	2.1270	0.0730	2.7252	2.1270
977.7340	2.1086	0.0724	2.6485	2.1086
977.8864	2.0945	0.0719	2.5761	2.0945
978.0388	2.0683	0.0657	2.5274	2.0683
978.1912	2.0807	0.0722	2.7039	2.0807
978.3436	2.0640	0.1018	2.5840	2.0640
978.4960	2.0256	0.0770	2.7284	2.0256
978.6484	2.0749	0.0913	2.8803	2.0749
978.8008	2.1926	0.1369	3.3512	2.1926
978.9532	2.2458	0.1551	3.3164	2.2458
979.1056	2.0722	0.1072	3.0906	2.0722
979.2580	1.9158	0.1021	3.1031	1.9158
979.4104	1.8087	0.1081	3.0738	1.8087
979.5628	1.7664	0.1201	2.9908	1.7664
979.7152	1.7720	0.1309	2.8115	1.7720
979.8676	1.8322	0.1217	2.7891	1.8322
980.0200	1.8902	0.1270	2.9203	1.8902
980.1724	1.9496	0.1406	3.0087	1.9496
980.3248	1.8929	0.1220	3.0419	1.8929
980.4772	1.9093	0.1194	3.0559	1.9093
980.6296	1.9528	0.1262	2.9643	1.9528
980.7820	1.9958	0.1313	2.9054	1.9958
980.9344	2.0828	0.1145	3.0278	2.0828
981.0868	2.1885	0.1161	3.6271	2.1885
981.2392	2.3410	0.1485	3.6296	2.3410
981.3916	2.2714	0.1285	3.4265	2.2714
981.5440	2.1019	0.0866	2.9752	2.1019
981.6964	1.9572	0.0786	2.7212	1.9572
981.8488	1.9460	0.0926	2.4736	1.9460
982.0012	2.0226	0.1289	2.4523	2.0226
982.1536	2.1417	0.1628	2.4443	2.1417
982.3060	2.1295	0.1501	2.4679	2.1295
982.4584	2.1399	0.1403	2.5603	2.1399
982.6108	2.1420	0.1330	2.6407	2.1420
982.7632	2.1334	0.1162	2.7226	2.1334
982.9156	2.0908	0.1074	2.6560	2.0908
983.0680	2.0637	0.1019	2.6689	2.0637
983.2204	2.0579	0.1020	2.6849	2.0579
983.3728	2.1058	0.0992	2.7593	2.1058
983.5252	2.1917	0.0994	2.9417	2.1917
983.6776	2.2906	0.1179	3.2696	2.2906
983.8300	2.2952	0.1462	3.6269	2.2952
983.9824	2.2137	0.1559	3.8601	2.2137
984.1348	2.1732	0.1965	3.6895	2.1732
984.2872	2.2234	0.2979	3.1015	2.2234
984.4396	2.2342	0.2992	2.5438	2.2342
984.5920	2.1998	0.1905	2.0541	2.1998
984.7444	2.2420	0.1287	1.9410	2.2420
984.8968	2.2664	0.0731	2.1772	2.2664
985.0492	2.2052	0.0126	2.5942	2.4193
985.2016	2.1189	-0.0023	2.9141	2.3909
985.3540	2.1110	0.0327	2.7899	2.1110
985.5064	2.0937	0.0564	2.4263	2.0937
985.6588	2.1646	0.0992	2.3226	2.1646
985.8112	2.2046	0.1296	2.4876	2.2046
985.9636	2.2111	0.1345	2.7689	2.2111
986.1160	2.2264	0.1395	2.9392	2.2264
986.2684	2.2570	0.1460	3.1048	2.2570
986.4208	2.2826	0.1663	3.1093	2.2826
986.5732	2.2497	0.1475	3.0623	2.2497
986.7256	2.2361	0.1188	2.8923	2.2361
986.8780	2.2809	0.1242	2.9159	2.2809
987.0304	2.3290	0.1306	3.0034	2.3290
987.1828	2.2696	0.1050	2.9827	2.2696
987.3352	2.2057	0.0800	2.9431	2.2057
987.4876	2.1688	0.0768	2.7790	2.1688
987.6400	2.1867	0.0890	2.8419	2.1867
987.7924	2.2047	0.0999	2.9414	2.2047
987.9448	2.2041	0.0928	3.1070	2.2041
988.0972	2.1967	0.0944	3.0496	2.1967
988.2496	2.1906	0.0942	2.8970	2.1906
988.4020	2.1860	0.0894	2.7947	2.1860
988.5544	2.1902	0.0894	2.8545	2.1902
988.7068	2.2191	0.1048	2.9106	2.2191
988.8592	2.2284	0.1045	2.9560	2.2284
989.0116	2.2219	0.0981	2.8651	2.2219
989.1640	2.1782	0.1267	2.9663	2.1782
989.3164	2.1336	0.1519	2.9866	2.1336
989.4688	2.0753	0.1632	2.8693	2.0753
989.6212	2.0841	0.1998	2.6403	2.0841
989.7736	2.0878	0.2035	2.4552	2.0878
989.9260	2.0361	0.1417	2.4241	2.0361
990.0784	2.0151	0.1066	2.4836	2.0151
990.2308	1.9691	0.0716	2.5285	1.9691
990.3832	1.9531	0.0533	2.6446	1.9531
990.5356	2.0171	0.0706	2.7333	2.0171
990.6880	2.0911	0.0895	2.8390	2.0911
990.8404	2.1541	0.1056	2.8034	2.1541
990.9928	2.1558	0.0988	2.8411	2.1558
991.1452	2.1944	0.1045	2.9068	2.1944
991.2976	2.2100	0.1114	2.8323	2.2100
991.4500	2.2314	0.1164	2.7297	2.2314
991.6024	2.2146	0.1078	2.6409	2.2146
991.7548	2.2441	0.1170	2.7041	2.2441
991.9072	2.2423	0.1129	2.8823	2.2423
992.0596	2.2258	0.1084	2.9073	2.2258
992.2120	2.1656	0.1043	2.7611	2.1656
992.3644	2.1173	0.0969	2.5680	2.1173
992.5168	2.0872	0.0949	2.5037	2.0872
992.6692	2.1114	0.1092	2.5840	2.1114
992.8216	2.1332	0.1138	2.7343	2.1332
992.9740	2.1441	0.1112	2.7875	2.1441
993.1264	2.1657	0.1187	2.8667	2.1657
993.2788	2.1570	0.1162	2.8247	2.1570
993.4312	2.1551	0.1142	2.9267	2.1551
993.5836	2.1580	0.1110	2.9035	2.1580
993.7360	2.1836	0.1292	2.8945	2.1836
993.8884	2.1892	0.1437	2.8684	2.1892
994.0408	2.1831	0.1549	2.8745	2.1831
994.1932	2.1761	0.1675	2.8252	2.1761
994.3456	2.2145	0.2084	2.6512	2.2145
994.4980	2.1928	0.2194	2.4879	2.1928
994.6504	2.1576	0.2026	2.5402	2.1576
994.8028	2.1654	0.2121	2.7102	2.1654
994.9552	2.2057	0.2290	2.8589	2.2057
995.1076	2.2338	0.2375	2.8126	2.2338
995.2600	2.1896	0.1908	2.7308	2.1896
995.4124	2.1812	0.1701	2.7653	2.1812
995.5648	2.1771	0.1540	2.7060	2.1771
995.7172	2.1541	0.1247	2.6847	2.1541
995.8696	2.1270	0.0944	2.6673	2.1270
996.0220	2.1350	0.1134	2.8783	2.1350
996.1744	2.1200	0.1481	2.8079	2.1200
996.3268	2.0313	0.1569	2.6243	2.0313
996.4792	2.0465	0.2304	2.3739	2.0465
996.6316	2.1057	0.3166	2.3278	2.1057
996.7840	2.1680	0.3678	2.3809	2.1680
996.9364	2.1697	0.3525	2.3218	2.1697
997.0888	2.0312	0.2731	2.2224	2.0312
997.2412	2.0301	0.2603	2.1323	2.0301
997.3936	2.0231	0.2539	2.1232	2.0231
997.5460	2.1310	0.2822	2.1860	2.1310
997.6984	2.1882	0.3215	2.3617	2.1882
997.8508	2.2257	0.3404	2.5723	2.2257
998.0032	2.2470	0.2965	2.7424	2.2470
998.1556	2.2711	0.2541	2.8178	2.2711
998.3080	2.2948	0.2040	2.8241	2.2948
998.4604	2.2531	0.1454	2.8507	2.2531
998.6128	2.2473	0.1322	2.8429	2.2473
998.7652	2.2463	0.1320	2.8790	2.2463
998.9176	2.2263	0.1285	2.8878	2.2263
999.0700	2.1763	0.1249	2.9181	2.1763
999.2224	2.1122	0.1118	2.9683	2.1122
999.3748	2.0656	0.1024	2.9920	2.0656
999.5272	2.0638	0.1058	3.0153	2.0638
999.6796	2.0617	0.1037	3.0123	2.0617
999.8320	2.0541	0.0927	3.0346	2.0541
999.9844	2.0842	0.0969	3.0008	2.0842
1000.1368	2.1072	0.1225	3.0108	2.1072
1000.2892	2.0948	0.1321	2.8591	2.0948
1000.4416	2.0429	0.1259	2.6572	2.0429
1000.5940	2.0436	0.1263	2.4107	2.0436
1000.7464	2.0724	0.1359	2.3233	2.0724
1000.8988	2.0776	0.1178	2.5123	2.0776
1001.0512	2.0892	0.1005	2.6838	2.0892
1001.2036	2.1358	0.1035	2.9074	2.1358
1001.3560	2.1779	0.1189	2.8386	2.1779
1001.5084	2.1642	0.1149	2.9233	2.1642
1001.6608	2.1194	0.1032	2.8883	2.1194
1001.8132	2.1136	0.1095	2.8784	2.1136
1001.9656	2.1124	0.1115	2.8495	2.1124
1002.1180	2.1152	0.1115	2.8350	2.1152
1002.2704	2.1238	0.1145	2.8443	2.1238
1002.4228	2.1257	0.1105	2.7815	2.1257
1002.5752	2.1325	0.1085	2.8369	2.1325
1002.7276	2.1310	0.1073	2.8513	2.1310
1002.8800	2.1308	0.1062	2.8871	2.1308
1003.0324	2.1405	0.1049	2.7910	2.1405
1003.1848	2.1823	0.1243	2.8616	2.1823
1003.3372	2.1833	0.1272	2.8628	2.1833
1003.4896	2.1613	0.1208	2.9920	2.1613
1003.6420	2.1275	0.1101	2.9361	2.1275
1003.7944	2.1332	0.1130	2.9402	2.1332
1003.9468	2.1263	0.1153	2.8569	2.1263
1004.0992	2.0977	0.1026	2.8712	2.0977
1004.2516	2.0933	0.1017	2.9395	2.0933
1004.4040	2.1204	0.1394	3.0720	2.1204
1004.5564	2.1490	0.1742	3.1107	2.1490
1004.7088	2.1537	0.1966	3.1101	2.1537
1004.8612	2.2308	0.2758	3.1058	2.2308
1005.0136	2.2916	0.3354	3.0916	2.2916
1005.1660	2.2548	0.2994	3.0420	2.2548
1005.3184	2.1642	0.2322	3.0544	2.1642
1005.4708	2.0837	0.1758	3.0297	2.0837
1005.6232	2.0204	0.1361	2.9210	2.0204
1005.7756	2.0158	0.1049	2.8148	2.0158
1005.9280	2.0767	0.0993	2.8416	2.0767
1006.0804	2.1706	0.1180	3.0712	2.1706
1006.2328	2.2167	0.1242	2.9128	2.2167
1006.3852	2.1313	0.1148	2.7579	2.1313
1006.5376	2.0486	0.1006	2.6430	2.0486
1006.6900	1.9867	0.0944	2.6004	1.9867
1006.8424	2.0028	0.0946	2.7537	2.0028
1006.9948	2.0469	0.1203	2.7034	2.0469
1007.1472	2.0188	0.1228	2.8761	2.0188
1007.2996	2.0077	0.1558	2.9512	2.0077
1007.4520	1.9720	0.1951	2.7793	1.9720
1007.6044	1.9690	0.2371	2.5360	1.9690
1007.7568	1.9195	0.2219	2.2707	1.9195
1007.9092	1.8763	0.1798	2.2365	1.8763
1008.0616	1.8655	0.1350	2.2435	1.8655
1008.2140	1.9190	0.0997	2.1425	1.9190
1008.3664	2.0287	0.1009	2.1404	2.0287
1008.5188	2.1331	0.1129	2.0398	2.1331
1008.6712	2.1124	0.0944	2.3546	2.1124
1008.8236	2.0916	0.1106	2.6201	2.0916
1008.9760	2.0506	0.1221	2.6633	2.0506
