HOLE:	U1351B
EXPEDITION:	317
TOP:	872.5780
BOTTOM:	1004.8612
DEPTH_WMSF	HSGR	HCGR	HFK	HTHO	HURA	HBHK
m	gAPI	gAPI	%	ppm	ppm	%
872.5780	64.1602	45.6791	1.1556	7.8812	2.3225	-0.2154
872.7304	65.5259	46.8211	1.1614	8.2133	2.3949	-0.2154
872.8828	64.7579	46.6650	1.1450	8.2593	2.2721	-0.2154
873.0352	64.4389	48.6408	1.1399	8.9228	2.1064	-0.2154
873.1876	62.5102	48.9645	1.1399	9.0263	1.8574	-0.2154
873.3400	62.4852	49.4877	1.1651	9.0465	1.8602	-0.2154
873.4924	61.5711	47.5967	1.1524	8.5150	1.9378	-0.2154
873.6448	60.9049	46.6757	1.1289	8.3568	2.0379	-0.2154
873.7972	61.1770	47.4758	1.1791	8.3196	1.9979	-0.2154
873.9496	63.8137	49.7053	1.2447	8.6506	2.0053	-0.2154
874.1020	64.5874	49.4814	1.2498	8.5490	2.1555	-0.2154
874.2544	65.4028	50.7629	1.2702	8.8405	2.0245	-0.2154
874.4068	64.6948	50.6890	1.2519	8.9237	1.9454	-0.2154
874.5592	66.6956	51.6427	1.2342	9.3331	2.1413	-0.2154
874.7116	66.1131	48.8834	1.2034	8.6288	2.3830	-0.2154
874.8640	66.4268	46.9243	1.2027	8.0048	2.6844	-0.2154
875.0164	65.6868	46.6165	1.2255	7.7726	2.5735	-0.2154
875.1688	66.9714	46.3646	1.2606	7.4859	2.7848	-0.2154
875.3212	66.8910	46.0502	1.2482	7.4583	2.8062	-0.2154
875.4736	67.0730	45.9737	1.1915	7.7657	2.7374	-0.2154
875.6260	67.4894	46.5701	1.1754	8.0508	2.7511	-0.2154
875.7784	68.6071	47.4999	1.1856	8.2893	2.7150	-0.2154
875.9308	70.0465	46.2558	1.1736	7.9606	3.0587	-0.2154
876.0832	69.3614	45.8168	1.1590	7.9055	3.0144	-0.2154
876.2356	67.9622	44.5261	1.1738	7.4047	2.9632	-0.2154
876.3880	66.8978	43.8457	1.1808	7.1458	2.8615	-0.2154
876.5404	66.8990	43.7349	1.1468	7.3092	2.8254	-0.2154
876.6928	68.3725	43.0657	1.0643	7.5775	3.1782	-0.2154
876.8452	68.1182	44.4882	1.0504	8.1154	2.9575	-0.2154
876.9976	67.7144	43.9588	1.0660	7.8542	2.8501	-0.2154
877.1500	65.7457	42.1826	1.0396	7.4390	2.9272	-0.2154
877.3024	65.7176	41.7200	1.0520	7.2181	3.0006	-0.2154
877.4548	65.9338	41.0739	1.0645	6.9381	3.1036	-0.2154
877.6072	66.4095	42.0404	1.0829	7.1399	3.0042	-0.2154
877.7596	65.1131	40.9283	1.0595	6.9205	2.9485	-0.2154
877.9120	63.6060	40.8263	1.0575	6.8992	2.7870	-0.2154
878.0644	63.1642	40.9313	0.9953	7.2975	2.7418	-0.2154
878.2168	59.6496	41.0401	0.9135	7.8113	2.3443	-0.2154
878.3692	50.3549	35.7509	0.8239	6.6399	1.7859	-0.2154
878.5216	38.2441	27.0893	0.6331	4.9793	1.3128	-0.2154
878.6740	30.9458	22.1249	0.5060	4.1320	1.0909	-0.2154
878.8264	30.5452	21.3612	0.5089	3.8698	1.1158	-0.2154
878.9788	31.0390	22.7044	0.5315	4.1681	1.0073	-0.2154
879.1312	29.1445	21.7759	0.5080	4.0079	0.9139	-0.2154
879.2836	27.9779	21.4652	0.5220	3.8266	0.8613	-0.2154
879.4360	32.2061	24.9040	0.5956	4.4981	0.9298	-0.2154
879.5884	36.3883	28.1551	0.6369	5.2988	1.0336	-0.2154
879.7408	39.2247	30.2009	0.7152	5.4966	1.1508	-0.2154
879.8932	40.2865	29.6192	0.8159	4.7206	1.2697	-0.2154
880.0456	44.6635	33.1321	0.9050	5.3251	1.4284	-0.2154
880.1980	47.5411	35.3822	0.9354	5.8685	1.5409	-0.2154
880.3504	46.0552	34.1460	0.9162	5.5846	1.4999	-0.2154
880.5028	42.7705	33.2604	0.8361	5.7696	1.2233	-0.2154
880.6552	41.4811	31.8140	0.8330	5.3242	1.2295	-0.2154
880.8076	42.3544	34.8491	0.8467	6.2168	0.9996	-0.2154
880.9600	43.1825	34.6834	0.8417	6.1934	1.1453	-0.2154
881.1124	45.6119	36.3618	0.8971	6.4071	1.2518	-0.2154
881.2648	48.6721	38.2334	0.9784	6.5309	1.3895	-0.2154
881.4172	52.3172	40.1755	1.0341	6.8276	1.5642	-0.2154
881.5696	56.2137	42.1986	1.0782	7.2183	1.7590	-0.2154
881.7220	60.2375	45.9003	1.1667	7.8870	1.7797	-0.2154
881.8744	61.2676	49.2269	1.1402	9.1090	1.4889	-0.2154
882.0268	59.6045	47.8260	1.1029	8.8782	1.4569	-0.2154
882.1792	56.6488	43.9672	1.0400	8.0090	1.5380	-0.2154
882.3316	55.8932	43.5100	1.0079	8.0504	1.4493	-0.2154
882.4840	56.6410	42.5527	1.0340	7.5906	1.6733	-0.2154
882.6364	57.6190	43.8123	1.0728	7.7674	1.6479	-0.2154
882.7888	57.4800	43.8576	1.0995	7.6253	1.5992	-0.2154
882.9412	56.0057	42.2118	1.0586	7.3371	1.6484	-0.2154
883.0936	56.5913	43.0182	1.0750	7.4998	1.6017	-0.2154
883.2460	56.8500	43.4120	1.0671	7.6724	1.6596	-0.2154
883.3984	59.4005	44.4985	1.1034	7.8081	1.7868	-0.2154
883.5508	58.8829	41.5993	1.1293	6.7267	2.0431	-0.2154
883.7032	60.8565	42.2804	1.1649	6.7370	2.1634	-0.2154
883.8556	59.6489	42.1398	1.1522	6.7662	2.0773	-0.2154
884.0080	59.9191	41.5009	1.1505	6.5711	2.1885	-0.2154
884.1604	59.4303	40.1447	1.0987	6.4397	2.2381	-0.2154
884.3128	60.2692	40.1839	1.0684	6.6294	2.2649	-0.2154
884.4652	61.1600	39.3209	1.0366	6.5393	2.5412	-0.2154
884.6176	61.0172	39.1453	1.0255	6.5479	2.5372	-0.2154
884.7700	59.7630	38.8539	1.0152	6.5147	2.4480	-0.2154
884.9224	59.3485	38.0432	1.0014	6.3356	2.5154	-0.2154
885.0748	59.2327	37.0716	0.9814	6.1413	2.6305	-0.2154
885.2272	61.0569	37.4008	1.0161	6.0433	2.8407	-0.2154
885.3796	60.6792	37.6796	1.0025	6.2124	2.7721	-0.2154
885.5320	60.5935	37.1148	1.0067	6.0071	2.7540	-0.2154
885.6844	60.8270	37.6166	1.0051	6.1770	2.7311	-0.2154
885.8368	61.3244	39.2268	1.0640	6.3483	2.6395	-0.2154
885.9892	62.9601	41.1046	1.1882	6.2236	2.6404	-0.2154
886.1416	63.5885	42.5822	1.2210	6.5051	2.4937	-0.2154
886.2940	64.3273	44.4369	1.2677	6.8264	2.3003	-0.2154
886.4464	64.6669	46.7545	1.2512	7.6661	2.0545	-0.2154
886.5988	63.3438	47.9430	1.2317	8.1616	1.7525	-0.2154
886.7512	62.7822	47.9226	1.2242	8.1987	1.6877	-0.2154
886.9036	62.0350	47.4800	1.2175	8.0963	1.6039	-0.2154
887.0560	61.6566	46.9066	1.2137	7.9343	1.6377	-0.2154
887.2084	61.2091	46.3819	1.1852	7.9334	1.7417	-0.2154
887.3608	61.4426	47.4200	1.2023	8.1660	1.6545	-0.2154
887.5132	61.8447	48.8958	1.2059	8.6179	1.4798	-0.2154
887.6656	62.4231	50.3101	1.1382	9.4678	1.4195	-0.2154
887.8180	62.1338	50.3461	1.1400	9.4691	1.3947	-0.2154
887.9704	61.7528	49.2098	1.1318	9.1526	1.5197	-0.2154
888.1228	61.3013	46.6193	1.1433	8.2545	1.8281	-0.2154
888.2752	60.5427	44.3866	1.1304	7.6142	1.9831	-0.2154
888.4276	60.2401	44.8232	1.1349	7.7280	1.8789	-0.2154
888.5800	59.9454	44.8046	1.1200	7.8089	1.8908	-0.2154
888.7324	59.9489	44.9195	1.1187	7.8535	1.8789	-0.2154
888.8848	60.1620	45.1078	1.1421	7.7770	1.8311	-0.2154
889.0372	60.5822	44.7950	1.1623	7.5584	1.9254	-0.2154
889.1896	60.6304	43.0031	1.1717	6.9288	2.1415	-0.2154
889.3420	61.2505	42.3342	1.2332	6.3545	2.2466	-0.2154
889.4944	62.8106	42.4300	1.2611	6.2217	2.4154	-0.2154
889.6468	65.9365	43.9442	1.3008	6.4746	2.6144	-0.2154
889.7992	67.9963	45.3178	1.3331	6.7264	2.6878	-0.2154
889.9516	67.4853	45.1959	1.3115	6.8134	2.6473	-0.2154
890.1040	65.1308	44.4222	1.2531	6.9074	2.5260	-0.2154
890.2564	64.0019	45.2658	1.2130	7.4128	2.3195	-0.2154
890.4088	64.5829	46.3997	1.1804	7.9670	2.2819	-0.2154
890.5612	66.0504	47.3615	1.1829	8.2610	2.3540	-0.2154
890.7136	66.5540	47.4880	1.1591	8.4408	2.4197	-0.2154
890.8660	67.5814	47.6178	1.1361	8.6167	2.5782	-0.2154
891.0184	66.9285	47.1393	1.1194	8.5613	2.5610	-0.2154
891.1708	66.1782	47.5579	1.1390	8.5805	2.4328	-0.2154
891.3232	63.7923	45.8473	1.1086	8.2104	2.3572	-0.2154
891.4756	63.2690	45.5147	1.0989	8.1603	2.2782	-0.2154
891.6280	63.7978	45.8221	1.1133	8.1748	2.3007	-0.2154
891.7804	64.8204	44.9907	1.1320	7.7983	2.5594	-0.2154
891.9328	64.8838	43.7876	1.1655	7.2164	2.7083	-0.2154
892.0852	63.5767	42.9388	1.1792	6.8645	2.6182	-0.2154
892.2376	62.6805	42.7737	1.1708	6.8606	2.5341	-0.2154
892.3900	62.2911	42.6828	1.1808	6.7728	2.4811	-0.2154
892.5424	62.9204	43.5994	1.2192	6.8417	2.3943	-0.2154
892.6948	63.1226	43.1054	1.1950	6.8254	2.4801	-0.2154
892.8472	63.1956	42.6787	1.1674	6.8499	2.5333	-0.2154
892.9996	62.5664	42.3593	1.1692	6.7370	2.4637	-0.2154
893.1520	60.7743	40.6515	1.1287	6.4265	2.4670	-0.2154
893.3044	59.8550	39.8144	1.1035	6.3058	2.4416	-0.2154
893.4568	59.6596	39.8650	1.1107	6.2798	2.3433	-0.2154
893.6092	60.2965	40.0533	1.1219	6.2748	2.3705	-0.2154
893.7616	60.0607	39.7646	1.1261	6.1574	2.3930	-0.2154
893.9140	59.9010	39.2424	1.1433	5.8891	2.4477	-0.2154
894.0664	60.3870	38.8455	1.1526	5.7074	2.5642	-0.2154
894.2188	60.2892	38.7042	1.1253	5.8220	2.5870	-0.2154
894.3712	60.6855	39.7532	1.1212	6.1827	2.5343	-0.2154
894.5236	61.6618	40.7532	1.1287	6.4590	2.5652	-0.2154
894.6760	63.0241	42.0856	1.1498	6.7631	2.6059	-0.2154
894.8284	62.7782	42.9104	1.1905	6.7891	2.5025	-0.2154
894.9808	61.7760	42.8452	1.2105	6.6511	2.4184	-0.2154
895.1332	60.9209	42.3684	1.1936	6.5971	2.3866	-0.2154
895.2856	60.6597	41.7159	1.1769	6.4858	2.4313	-0.2154
895.4380	60.9509	41.1430	1.1428	6.5019	2.5271	-0.2154
895.5904	60.9585	41.2624	1.1094	6.7355	2.4704	-0.2154
895.7428	60.9773	42.0674	1.1130	6.9723	2.3414	-0.2154
895.8952	61.1216	42.6629	1.1434	6.9854	2.2799	-0.2154
896.0476	62.0341	44.5594	1.1888	7.3279	2.1413	-0.2154
896.2000	63.0847	46.9371	1.2281	7.8599	1.9738	-0.2154
896.3524	63.3213	47.1695	1.2237	7.9605	1.9629	-0.2154
896.5048	62.9090	46.1366	1.1807	7.8812	2.0421	-0.2154
896.6572	61.6642	45.0327	1.1359	7.7892	2.0157	-0.2154
896.8096	59.9949	44.7781	1.1004	7.9154	1.8314	-0.2154
896.9620	58.2456	45.0805	1.0557	8.2742	1.6146	-0.2154
897.1144	57.8155	45.9725	1.0695	8.4790	1.4627	-0.2154
897.2668	58.5480	46.7115	1.0878	8.6090	1.5029	-0.2154
897.4192	59.5950	46.7493	1.0916	8.5992	1.7165	-0.2154
897.5716	61.2240	47.1148	1.1145	8.5823	1.8787	-0.2154
897.7240	61.9753	46.5471	1.1134	8.4068	1.9950	-0.2154
897.8764	61.7044	45.6645	1.0974	8.2172	2.0166	-0.2154
898.0288	60.8101	44.3490	1.0660	7.9795	2.1110	-0.2154
898.1812	60.4667	43.7637	1.0391	7.9490	2.1673	-0.2154
898.3336	60.8319	43.6470	1.0377	7.9200	2.1966	-0.2154
898.4860	60.7036	42.0519	1.0368	7.4137	2.3637	-0.2154
898.6384	60.4651	40.2881	1.0679	6.6659	2.5200	-0.2154
898.7908	61.1679	40.2755	1.1073	6.4313	2.6529	-0.2154
898.9432	62.0998	40.4631	1.1422	6.2872	2.7169	-0.2154
899.0956	63.4511	41.2468	1.1708	6.3708	2.7204	-0.2154
899.2480	63.1321	41.3654	1.1537	6.5093	2.6773	-0.2154
899.4004	62.6465	39.8262	1.1268	6.1728	2.8299	-0.2154
899.5528	63.3158	39.4397	1.1296	6.0328	2.9979	-0.2154
899.7052	63.8109	40.5391	1.1586	6.2152	2.8687	-0.2154
899.8576	63.5956	40.7048	1.1500	6.3191	2.8002	-0.2154
900.0100	61.2852	39.3093	1.0974	6.1797	2.7243	-0.2154
900.1624	59.6229	38.9948	1.0620	6.2861	2.6009	-0.2154
900.3148	59.5048	39.2079	1.0335	6.5208	2.5314	-0.2154
900.4672	59.7530	39.3473	1.0195	6.6479	2.4975	-0.2154
900.6196	60.1174	40.1505	1.0219	6.8913	2.4653	-0.2154
900.7720	60.5287	40.6703	1.0312	7.0036	2.4277	-0.2154
900.9244	62.2055	42.0771	1.0860	7.1336	2.4662	-0.2154
901.0768	63.3907	44.0925	1.1356	7.4897	2.3579	-0.2154
901.2292	63.1247	44.2947	1.1265	7.6076	2.2725	-0.2154
901.3816	60.7181	42.6619	1.0760	7.3797	2.1808	-0.2154
901.5340	60.1257	47.5015	1.1036	8.7697	1.5622	-0.2154
901.6864	59.3601	49.2363	1.1337	9.1500	1.2898	-0.2154
901.8388	59.7979	50.4153	1.1569	9.3919	1.2053	-0.2154
901.9912	60.6330	51.8654	1.1949	9.6345	1.1952	-0.2154
902.1436	61.2069	55.4958	1.2254	10.6200	0.8272	-0.2154
902.2960	62.5909	58.8791	1.2721	11.4315	0.5455	-0.2154
902.4484	62.4978	59.7709	1.2838	11.6492	0.4575	-0.2154
902.6008	63.3703	61.6011	1.2795	12.2611	0.3371	-0.2154
902.7532	63.3960	61.8895	1.2879	12.3045	0.3184	-0.2154
902.9056	62.4449	60.2803	1.2769	11.8525	0.4018	-0.2154
903.0580	61.0465	58.6166	1.2561	11.4410	0.4462	-0.2154
903.2104	58.9498	50.5986	1.2061	9.1631	1.1003	-0.2154
903.3628	57.2311	48.7395	1.1334	8.9926	1.0695	-0.2154
903.5152	57.3259	49.3396	1.1199	9.2636	1.0252	-0.2154
903.6676	57.1353	49.9533	1.1156	9.4859	0.9026	-0.2154
903.8200	59.7093	49.6941	1.1672	9.1004	1.2304	-0.2154
903.9724	60.0700	48.9455	1.1442	8.9954	1.4257	-0.2154
904.1248	61.7313	49.7589	1.1677	9.1186	1.5504	-0.2154
904.2772	61.1485	47.4342	1.1321	8.5815	1.7733	-0.2154
904.4296	61.5889	47.5597	1.1261	8.6570	1.8305	-0.2154
904.5820	61.7999	50.8415	1.1418	9.6169	1.4370	-0.2154
904.7344	62.2772	52.6576	1.1665	10.0550	1.2679	-0.2154
904.8868	62.1654	54.0348	1.1585	10.5432	1.0706	-0.2154
905.0392	62.2054	53.0338	1.1861	10.0607	1.2254	-0.2154
905.1916	61.4089	50.9284	1.1876	9.3768	1.3379	-0.2154
905.3440	59.5993	48.4783	1.1439	8.8470	1.4462	-0.2154
905.4964	60.1896	47.5467	1.1069	8.7654	1.6293	-0.2154
905.6488	60.5874	46.9775	1.1118	8.5538	1.7492	-0.2154
905.8012	58.7153	44.8274	1.0409	8.2794	1.7388	-0.2154
905.9536	50.3441	38.9908	0.9228	7.0993	1.4203	-0.2154
906.1060	43.8870	34.3960	0.8278	6.1825	1.2157	-0.2154
906.2584	41.6588	29.6153	0.7661	5.0106	1.5568	-0.2154
906.4108	43.5982	30.1891	0.7839	5.0903	1.7046	-0.2154
906.5632	40.7477	27.8255	0.7074	4.7808	1.7059	-0.2154
906.7156	37.8125	24.8327	0.6225	4.3177	1.7347	-0.2154
906.8680	34.0145	22.7850	0.5427	4.1285	1.5063	-0.2154
907.0204	34.2457	23.2723	0.5380	4.3123	1.4425	-0.2154
907.1728	34.6148	24.0555	0.5743	4.3513	1.4198	-0.2154
907.3252	37.1869	26.1605	0.6279	4.7119	1.4462	-0.2154
907.4776	41.3592	29.7930	0.7222	5.3247	1.5141	-0.2154
907.6300	43.8331	33.3914	0.7483	6.3258	1.3738	-0.2154
907.7824	45.5473	35.1905	0.7373	6.9672	1.2797	-0.2154
907.9348	44.5113	35.9001	0.7197	7.2977	1.0661	-0.2154
908.0872	45.7407	36.8390	0.7474	7.4367	1.1469	-0.1550
908.2396	46.1619	37.0229	0.7901	7.2456	1.1039	-0.1485
908.3920	48.0587	39.1280	0.8523	7.5566	1.0595	-0.1485
908.5444	48.1973	38.9003	0.8849	7.2927	1.1029	-0.1485
908.6968	46.2700	37.6373	0.8661	6.9981	1.0225	-0.1485
908.8492	44.4670	36.6732	0.8449	6.8131	0.8812	-0.1485
909.0016	44.1120	36.5234	0.8538	6.7125	0.8585	-0.1485
909.1540	44.9030	37.5021	0.8561	7.0131	0.8622	-0.1485
909.3064	45.0197	36.2432	0.8702	6.5268	1.0073	-0.1485
909.4588	45.2014	35.6490	0.9052	6.1311	1.1476	-0.1485
909.6112	46.0280	35.7934	0.9545	5.8890	1.1868	-0.1485
909.7636	47.6204	36.5526	0.9522	6.1461	1.2363	-0.1485
909.9160	50.1102	38.0200	0.9960	6.3602	1.4091	-0.1485
910.0684	50.7163	37.6581	0.9879	6.2917	1.4610	-0.1485
910.2208	49.7116	36.7611	0.9290	6.3489	1.4658	-0.1485
910.3732	46.5037	33.1378	0.8778	5.4865	1.4737	-0.1485
910.5256	46.2359	32.9081	0.8920	5.3299	1.4409	-0.1485
910.6780	46.7486	32.3725	0.8794	5.2316	1.5553	-0.1485
910.8304	46.6220	32.4668	0.9009	5.1361	1.5176	-0.1485
910.9828	45.6697	31.5678	0.9119	4.7836	1.5570	-0.1485
911.1352	44.7629	30.0192	0.8694	4.5359	1.7290	-0.1485
911.2876	42.8711	28.7163	0.8260	4.3719	1.6992	-0.1485
911.4400	41.9650	28.4843	0.8647	4.0712	1.6216	-0.1485
911.5924	43.5543	29.5849	0.8766	4.3542	1.6355	-0.1485
911.7448	47.5581	34.0169	1.0252	4.9056	1.5715	-0.1485
911.8972	52.0752	36.9646	1.1590	5.0673	1.7220	-0.1485
912.0496	58.0648	41.5996	1.3093	5.6736	1.8662	-0.1485
912.2020	64.1795	45.0690	1.4116	6.1872	2.2917	-0.1485
912.3544	69.4952	48.6889	1.5378	6.6091	2.4807	-0.1485
912.5068	70.2617	49.0422	1.5477	6.6642	2.6388	-0.1485
912.6592	69.4290	50.2578	1.5164	7.2372	2.3403	-0.1485
912.8116	67.3229	50.3250	1.4896	7.4160	1.9529	-0.1485
912.9640	67.1391	50.6537	1.4870	7.5366	1.9534	-0.1485
913.1164	66.1026	50.4387	1.4719	7.5560	1.8717	-0.1485
913.2688	66.3614	50.9208	1.4858	7.6290	1.9256	-0.1485
913.4212	64.7237	48.5999	1.4009	7.3821	2.0270	-0.1485
913.5736	65.5407	50.0028	1.4200	7.7203	1.9901	-0.1485
913.7260	64.7425	49.8803	1.3601	8.0313	1.9630	-0.1485
913.8784	65.1692	50.5211	1.3315	8.4044	1.9006	-0.1485
914.0308	62.5712	49.5271	1.2662	8.4681	1.7753	-0.1485
914.1832	62.0852	49.4870	1.2746	8.4061	1.6902	-0.1485
914.3356	61.1066	47.2299	1.2199	8.0023	1.8964	-0.1485
914.4880	62.1512	47.3125	1.2180	8.0401	2.0797	-0.1485
914.6404	63.8646	49.0319	1.2264	8.5423	2.0402	-0.1485
914.7928	63.7135	48.9528	1.2092	8.6176	2.0487	-0.1485
914.9452	65.4874	50.2221	1.2632	8.7086	2.0561	-0.1485
915.0976	64.2189	49.2282	1.2659	8.3736	2.0546	-0.1485
915.2500	64.6739	48.8810	1.2455	8.3820	2.1503	-0.1485
915.4024	62.1181	45.7341	1.1933	7.6786	2.2749	-0.1485
915.5548	61.9168	44.5025	1.1828	7.3450	2.4246	-0.1485
915.7072	61.5999	42.9426	1.1613	6.9706	2.5392	-0.1485
915.8596	61.7262	42.3929	1.1444	6.8933	2.5934	-0.1485
916.0120	60.9320	41.9247	1.1558	6.6768	2.5299	-0.1485
916.1644	59.2999	41.8835	1.1657	6.6054	2.3089	-0.1485
916.3168	59.2919	41.8667	1.1938	6.4356	2.2898	-0.1485
916.4692	58.7840	41.7281	1.1892	6.4177	2.2476	-0.1485
916.6216	59.0818	40.9371	1.1447	6.4248	2.4391	-0.1485
916.7740	59.6164	41.4805	1.1070	6.8197	2.4412	-0.1485
916.9264	60.7287	42.4247	1.1406	6.9258	2.4735	-0.1485
917.0788	61.9626	45.0237	1.1983	7.4214	2.2656	-0.1485
917.2312	62.6565	46.1938	1.2608	7.4309	2.1432	-0.1485
917.3836	62.7978	46.8673	1.2899	7.4765	2.0589	-0.1485
917.5360	63.2500	47.5869	1.2847	7.7374	2.0054	-0.1485
917.6884	64.0072	47.5746	1.2628	7.8615	2.0845	-0.1485
917.8408	64.8670	46.6679	1.2312	7.7563	2.2695	-0.1485
917.9932	65.0773	46.0920	1.2244	7.6114	2.3570	-0.1485
918.1456	63.3391	44.7558	1.1693	7.5051	2.2961	-0.1485
918.2980	61.0538	44.4128	1.1728	7.3748	2.0350	-0.1485
918.4504	60.7971	43.7906	1.1751	7.1618	2.0408	-0.1485
918.6028	62.1544	45.0802	1.1985	7.4384	2.0307	-0.1485
918.7552	64.2573	46.4711	1.2013	7.8678	2.0860	-0.1485
918.9076	63.3676	46.4556	1.1615	8.0960	2.0032	-0.1485
919.0600	61.6186	46.0615	1.1523	8.0234	1.8444	-0.1485
919.2124	59.6615	44.6460	1.1433	7.6224	1.8105	-0.1485
919.3648	59.5525	44.7884	1.1711	7.5050	1.7721	-0.1485
919.5172	59.3244	44.1782	1.1776	7.2713	1.8640	-0.1485
919.6696	59.6144	44.0624	1.1752	7.2486	1.9043	-0.1485
919.8220	60.1023	44.1347	1.1937	7.1630	1.9351	-0.1485
919.9744	60.6369	44.3541	1.1942	7.2306	1.9516	-0.1485
920.1268	61.6826	45.0367	1.2020	7.4038	2.0068	-0.1485
920.2792	62.7682	44.7380	1.1753	7.4647	2.2363	-0.1485
920.4316	64.5199	45.0917	1.2071	7.3918	2.4673	-0.1485
920.5840	64.6427	45.3704	1.2190	7.4112	2.4733	-0.1485
920.7364	63.8411	44.3680	1.1783	7.3284	2.5302	-0.1485
920.8888	61.9051	42.8267	1.1135	7.2133	2.4820	-0.1485
921.0412	61.1804	42.4890	1.0724	7.3460	2.4416	-0.1485
921.1936	61.0614	43.1478	1.0676	7.5850	2.3126	-0.1485
921.3460	61.7114	43.8640	1.0828	7.7255	2.2901	-0.1485
921.4984	62.7712	45.2202	1.0840	8.1536	2.2518	-0.1485
921.6508	63.3397	45.5414	1.1023	8.1494	2.2759	-0.1485
921.8032	64.2726	46.5097	1.1274	8.3132	2.2697	-0.1485
921.9556	64.2539	47.8195	1.1674	8.4987	2.0669	-0.1485
922.1080	63.4754	48.6938	1.1875	8.6613	1.8423	-0.1485
922.2604	62.6726	48.5402	1.1767	8.6752	1.7394	-0.1485
922.4128	62.5930	48.6637	1.1719	8.7434	1.6739	-0.1485
922.5652	63.8962	49.6632	1.2086	8.8488	1.6961	-0.1485
922.7176	64.3601	49.9766	1.2229	8.8658	1.6819	-0.1485
922.8700	63.5759	48.7166	1.1933	8.6350	1.7275	-0.1485
923.0224	61.9606	47.9956	1.1647	8.5714	1.6406	-0.1485
923.1748	61.4303	47.6896	1.1513	8.5513	1.6121	-0.1485
923.3272	62.4726	49.2019	1.1664	8.9482	1.5414	-0.1485
923.4796	62.7572	49.8978	1.1884	9.0421	1.4943	-0.1485
923.6320	63.3490	49.9870	1.1827	9.1044	1.6045	-0.1485
923.7844	62.9162	49.1373	1.1514	9.0151	1.6829	-0.1485
923.9368	63.0049	48.8574	1.1476	8.9478	1.7834	-0.1485
924.0892	63.6073	48.9005	1.1622	8.8760	1.9117	-0.1485
924.2416	63.8188	49.2122	1.1769	8.8897	1.8875	-0.1485
924.3940	63.7922	49.4217	1.1876	8.8944	1.8707	-0.1485
924.5464	62.6042	49.4944	1.1986	8.8533	1.7377	-0.1485
924.6988	62.1283	48.9111	1.1945	8.6900	1.7423	-0.1485
924.8512	61.9617	47.4276	1.1807	8.2953	1.9135	-0.1485
925.0036	61.4301	45.9313	1.1558	7.9615	2.0609	-0.1485
925.1560	62.1179	46.3488	1.1678	8.0246	2.1532	-0.1485
925.3084	64.0064	48.7645	1.2633	8.2402	2.0892	-0.1485
925.4608	65.3615	50.4229	1.3428	8.3064	2.0545	-0.1485
925.6132	65.0881	49.9380	1.3432	8.1488	2.0937	-0.1485
925.7656	64.1726	49.1325	1.3216	8.0173	2.0604	-0.1485
925.9180	64.2945	49.0444	1.3246	7.9713	2.0660	-0.1485
926.0704	64.1003	49.3254	1.3357	7.9962	1.9869	-0.1485
926.2228	62.9923	49.0746	1.3242	7.9835	1.8489	-0.1485
926.3752	61.4765	47.8706	1.2921	7.7851	1.8118	-0.1485
926.5276	59.6872	46.6112	1.2632	7.5508	1.7821	-0.1485
926.6800	59.0880	46.5271	1.2531	7.5827	1.7072	-0.1485
926.8324	59.8631	47.1845	1.2439	7.8472	1.6670	-0.1485
926.9848	61.8761	48.7066	1.2564	8.2622	1.6773	-0.1485
927.1372	63.5892	49.6368	1.2561	8.5621	1.7073	-0.1485
927.2896	64.1745	49.7086	1.2543	8.5958	1.7093	-0.1485
927.4420	65.2328	50.4717	1.2803	8.6880	1.7068	-0.1485
927.5944	66.2355	51.3134	1.2873	8.9174	1.6953	-0.1485
927.7468	66.7872	51.8266	1.3078	8.9615	1.6955	-0.1485
927.8992	66.8200	51.2107	1.3083	8.7612	1.8117	-0.1485
928.0516	65.3881	49.8093	1.2657	8.5612	1.8627	-0.1485
928.2040	63.1205	48.9092	1.2289	8.4881	1.7039	-0.1485
928.3564	60.1993	46.9024	1.1846	8.1039	1.6139	-0.1485
928.5088	56.6613	43.2822	1.1363	7.2262	1.6614	-0.1485
928.6612	53.7806	40.6159	1.0879	6.6544	1.6527	-0.1485
928.8136	52.2002	39.6599	1.0493	6.5741	1.5909	-0.1485
928.9660	54.1739	42.0113	1.0843	7.1228	1.5330	-0.1485
929.1184	57.2093	44.9946	1.1407	7.7495	1.5654	-0.1485
929.2708	58.1994	46.5715	1.1789	8.0315	1.5508	-0.1485
929.4232	59.7099	47.3498	1.1908	8.2114	1.6703	-0.1485
929.5756	60.9478	47.9148	1.1792	8.4604	1.7324	-0.1485
929.7280	61.8694	48.2610	1.1882	8.5188	1.7319	-0.1485
929.8804	61.2154	46.9762	1.1792	8.1593	1.7571	-0.1485
930.0328	60.4714	46.2643	1.1821	7.9138	1.7390	-0.1485
930.1852	61.2036	47.4790	1.1997	8.2007	1.6379	-0.1485
930.3376	62.3515	47.8202	1.2133	8.2303	1.7275	-0.1485
930.4900	62.9379	46.9354	1.2126	7.9506	1.9353	-0.1485
930.6424	64.3685	46.9396	1.2290	7.8560	2.1523	-0.1485
930.7948	64.7384	46.6345	1.2305	7.7497	2.2228	-0.1485
930.9472	65.8269	47.2165	1.2398	7.8814	2.2394	-0.1485
931.0996	65.5621	47.9951	1.2365	8.1505	2.1481	-0.1485
931.2520	64.9449	48.1788	1.2394	8.1922	2.1531	-0.1485
931.4044	64.0703	47.5277	1.2318	8.0280	2.1832	-0.1485
931.5568	63.7286	46.8958	1.2108	7.9484	2.2358	-0.1485
931.7092	64.5190	46.9039	1.1939	8.0503	2.3455	-0.1485
931.8616	64.9593	47.8604	1.2019	8.3099	2.2953	-0.1485
932.0140	65.4485	48.9595	1.2134	8.5952	2.2434	-0.1485
932.1664	65.3565	49.4785	1.2469	8.5654	2.1908	-0.1485
932.3188	65.1110	49.5401	1.2640	8.4851	2.1902	-0.1485
932.4712	64.1118	49.0106	1.2299	8.5148	2.1597	-0.1485
932.6236	62.9998	47.5142	1.1821	8.3149	2.2578	-0.1485
932.7760	62.7096	46.3461	1.1781	7.9637	2.3604	-0.1485
932.9284	63.6995	46.0935	1.1885	7.8220	2.4576	-0.1485
933.0808	64.6749	46.5571	1.1896	7.9644	2.5135	-0.1485
933.2332	64.8010	46.9304	1.1620	8.2455	2.4873	-0.1485
933.3856	64.0051	46.4491	1.1608	8.0982	2.4228	-0.1485
933.5380	63.3824	46.4242	1.1773	7.9932	2.3364	-0.1485
933.6904	63.3222	46.3540	1.1739	7.9909	2.3209	-0.1485
933.8428	63.7433	45.7952	1.1543	7.9261	2.3988	-0.1485
933.9952	64.1856	45.1683	1.1430	7.7915	2.4878	-0.1485
934.1476	66.3238	46.4095	1.1971	7.8728	2.6139	-0.1485
934.3000	68.2918	48.3177	1.2729	8.0411	2.6204	-0.1485
934.4524	69.8421	48.3307	1.2450	8.2083	2.8249	-0.1485
934.6048	68.4438	47.6014	1.2308	8.0579	2.7059	-0.1485
934.7572	65.4644	46.1684	1.2065	7.7405	2.5199	-0.1485
934.9096	61.9817	43.8611	1.1922	7.0842	2.3754	-0.1485
935.0620	60.6174	42.8678	1.1610	6.9483	2.3287	-0.1485
935.2144	60.0906	41.5451	1.1394	6.6511	2.4237	-0.1485
935.3668	57.4774	39.4506	1.0920	6.2566	2.3488	-0.1485
935.5192	53.0372	37.0218	1.0078	5.9710	2.1048	-0.1485
935.6716	50.7178	36.3631	1.0033	5.7858	1.8999	-0.1485
935.8240	51.1231	36.9438	1.0137	5.9111	1.8661	-0.1485
935.9764	53.1481	37.6500	1.0097	6.1610	2.0291	-0.1485
936.1288	52.9827	37.3686	1.0476	5.8490	2.0387	-0.1485
936.2812	53.5663	36.8109	1.0157	5.8568	2.1932	-0.1485
936.4336	54.3467	37.1965	1.0014	6.0646	2.2217	-0.1485
936.5860	55.6555	38.0160	1.0046	6.3084	2.2679	-0.1485
936.7384	56.6148	38.9980	1.0368	6.4348	2.2567	-0.1485
936.8908	56.2991	38.6778	1.0008	6.5429	2.2497	-0.1485
937.0432	56.7599	38.2728	1.0034	6.3975	2.3274	-0.1485
937.1956	56.0155	36.8348	0.9769	6.0918	2.4018	-0.1485
937.3480	56.5440	37.5771	0.9761	6.3348	2.3409	-0.1485
937.5004	56.2314	36.9357	0.9788	6.1133	2.3374	-0.1485
937.6528	56.1280	37.4290	1.0320	5.9600	2.2241	-0.1485
937.8052	54.7411	38.4223	1.0135	6.3864	1.8811	-0.1485
937.9576	54.8126	39.9885	1.0620	6.6050	1.7089	-0.1485
938.1100	54.7777	40.0849	1.0831	6.5120	1.6807	-0.1485
938.2624	54.9751	41.4207	1.1354	6.6346	1.5733	-0.1485
938.4148	53.9039	41.4812	1.1384	6.6361	1.4203	-0.1485
938.5672	54.0320	40.8924	1.1551	6.3496	1.5217	-0.1485
938.7196	54.5804	40.9057	1.1355	6.4685	1.6437	-0.1485
938.8720	55.6935	42.3841	1.1429	6.8996	1.5974	-0.1485
939.0244	55.8758	41.7358	1.1258	6.7916	1.7163	-0.1485
939.1768	58.1277	43.8229	1.1651	7.2307	1.7413	-0.1485
939.3292	58.0420	43.7873	1.1476	7.3218	1.7612	-0.1485
939.4816	58.3621	42.9003	1.1481	7.0344	1.9205	-0.1485
939.6340	57.2803	42.0056	1.1460	6.7600	1.8913	-0.1485
939.7864	57.1034	42.0626	1.1460	6.7781	1.8371	-0.1485
939.9388	57.7287	40.3852	1.1277	6.3474	2.1216	-0.1485
940.0912	56.9109	38.4650	1.0728	6.0531	2.2582	-0.1485
940.2436	58.1068	38.9877	1.0783	6.1885	2.3729	-0.1485
940.3960	58.8990	39.8047	1.0987	6.3310	2.3774	-0.1485
940.5484	61.4498	40.9426	1.1376	6.4685	2.5251	-0.1485
940.7008	61.7991	40.3584	1.0859	6.5837	2.6445	-0.1485
940.8532	60.8875	39.5137	1.0417	6.5717	2.6206	-0.1485
941.0056	57.6333	36.0123	0.9460	6.0088	2.6795	-0.1485
941.1580	55.0157	33.6410	0.8606	5.7485	2.6614	-0.1485
941.3104	55.0202	33.0318	0.8387	5.6815	2.7587	-0.1485
941.4628	55.3339	31.9680	0.7853	5.6532	3.0165	-0.1485
941.6152	55.6339	32.9979	0.7741	6.0485	2.9078	-0.1485
941.7676	54.1356	32.9214	0.7862	5.9532	2.7379	-0.1485
941.9200	54.3623	32.8201	0.7608	6.0697	2.7642	-0.1485
942.0724	56.3264	34.2234	0.7811	6.4007	2.7947	-0.1485
942.2248	60.6397	36.4466	0.8570	6.6690	3.1111	-0.1485
942.3772	66.8369	41.2854	1.0467	7.1103	3.3123	-0.1485
942.5296	68.8433	41.5819	1.0986	6.9014	3.5493	-0.1485
942.6820	66.3727	41.4056	1.1224	6.7058	3.2109	-0.1485
942.8344	61.1656	39.2020	1.0594	6.3677	2.8334	-0.1485
942.9868	59.6080	36.8605	0.9867	6.0428	2.9511	-0.1485
943.1392	58.4193	35.7752	0.9978	5.6296	2.8878	-0.1485
943.2916	56.2724	33.3201	0.9266	5.2592	2.9367	-0.1485
943.4440	54.9663	32.2537	0.8391	5.4297	2.9140	-0.1485
943.5964	52.7451	31.9212	0.8374	5.3331	2.6955	-0.1485
943.7488	49.0358	29.5987	0.7938	4.8438	2.5022	-0.1485
943.9012	43.5244	27.1009	0.6948	4.6221	2.1231	-0.1485
944.0536	40.2891	25.3217	0.6221	4.4775	1.9230	-0.1485
944.2060	39.6167	26.4929	0.6177	4.8785	1.6959	-0.1485
944.3584	38.7312	26.5339	0.5922	5.0412	1.5737	-0.1485
944.5108	40.2028	27.3231	0.6079	5.2024	1.6830	-0.1485
944.6632	42.3850	30.4224	0.6778	5.7870	1.4982	-0.1485
944.8156	44.3931	32.2862	0.7219	6.1262	1.5109	-0.1485
944.9680	46.0659	34.5106	0.7959	6.4062	1.4405	-0.1485
945.1204	47.1198	34.7393	0.8075	6.4116	1.5754	-0.1485
945.2728	48.8045	36.4450	0.8203	6.8839	1.6041	-0.1485
945.4252	47.7738	35.8080	0.8036	6.7770	1.5944	-0.1485
945.5776	47.6636	36.4847	0.8315	6.8306	1.4618	-0.1485
945.7300	44.0013	34.4680	0.7890	6.4330	1.2309	-0.1485
945.8824	43.0097	32.8759	0.7797	5.9767	1.3348	-0.1485
946.0348	42.0842	32.3265	0.7994	5.6854	1.3529	-0.1485
946.1872	44.5785	34.7662	0.8973	5.8944	1.3705	-0.1485
946.3396	46.4893	36.5167	0.9323	6.2509	1.4226	-0.1485
946.4920	46.3434	36.9204	0.9158	6.4769	1.3134	-0.1485
946.6444	45.9155	37.3005	0.9067	6.6522	1.2274	-0.1485
946.7968	46.3489	38.4127	0.9569	6.7151	1.0851	-0.1485
946.9492	45.6458	37.3482	0.9697	6.2986	1.0589	-0.1485
947.1016	43.9715	36.1840	0.9664	5.9444	1.0101	-0.1485
947.2540	41.7176	33.6902	0.9219	5.4053	1.0270	-0.1485
947.4064	42.7296	33.0626	0.9122	5.2608	1.2590	-0.1485
947.5588	44.1181	33.8685	0.9186	5.4820	1.2652	-0.1485
947.7112	45.2202	33.8197	0.8979	5.5876	1.3781	-0.1485
947.8636	43.5462	31.6406	0.8161	5.3677	1.3840	-0.1485
948.0160	43.3332	31.1578	0.8228	5.1736	1.4597	-0.1485
948.1684	43.0726	31.5629	0.8442	5.1781	1.3426	-0.1485
948.3208	42.6173	31.5250	0.8505	5.1291	1.2502	-0.1485
948.4732	41.6850	29.8896	0.8355	4.6927	1.2957	-0.1485
948.6256	39.2982	27.9874	0.7734	4.4463	1.2567	-0.1485
948.7780	39.1176	27.6548	0.7541	4.4524	1.2576	-0.1485
948.9304	40.9867	28.6219	0.7844	4.5856	1.3542	-0.1485
949.0828	44.5212	31.7284	0.8743	5.0554	1.4104	-0.1485
949.2352	47.6136	33.8630	0.9603	5.2361	1.5602	-0.1485
949.3876	48.6411	34.6739	1.0177	5.1598	1.5808	-0.1485
949.5400	49.6506	35.4584	1.0565	5.1846	1.6379	-0.1485
949.6924	49.8394	35.5619	1.0443	5.2892	1.6456	-0.1485
949.8448	51.2022	36.6321	1.0720	5.4698	1.6915	-0.1485
949.9972	52.5881	37.1805	1.1044	5.4564	1.7913	-0.1485
950.1496	54.1152	39.1089	1.1375	5.8806	1.8372	-0.1485
950.3020	55.2598	40.1972	1.1716	6.0302	1.8820	-0.1485
950.4544	57.6924	41.4878	1.2244	6.1350	2.0543	-0.1485
950.6068	66.8410	49.3926	1.4989	7.0623	2.2427	-0.1485
950.7592	74.8191	55.8162	1.6929	7.9861	2.4256	-0.1485
950.9116	80.1832	60.4322	1.8216	8.7133	2.5396	-0.1485
951.0640	79.0787	60.2717	1.7635	9.0018	2.3790	-0.1485
951.2164	77.1908	59.0056	1.7061	8.9319	2.3283	-0.1485
951.3688	75.6611	57.6463	1.6715	8.6987	2.3102	-0.1485
951.5212	78.0595	58.7658	1.7479	8.6102	2.5030	-0.1485
951.6736	81.0738	61.3228	1.8117	9.0564	2.5373	-0.1485
951.8260	82.8443	62.9830	1.8397	9.4252	2.5717	-0.1485
951.9784	79.2285	58.7804	1.7138	8.8144	2.5648	-0.1485
952.1308	72.3906	54.3888	1.5622	8.2939	2.2203	-0.1485
952.2832	63.5866	46.4327	1.2961	7.3007	2.1457	-0.1485
952.4356	56.5834	40.9335	1.1490	6.3987	1.9558	-0.1485
952.5880	51.4071	36.7286	1.0221	5.7929	1.7872	-0.1485
952.7404	50.3592	35.5795	0.9710	5.7241	1.8426	-0.1485
952.8928	48.4389	34.0654	0.9501	5.3605	1.7253	-0.1485
953.0452	49.2314	34.8919	0.9658	5.5336	1.7073	-0.1485
953.1976	49.2617	35.0198	0.8961	5.9828	1.6792	-0.1485
953.3500	50.4774	34.7505	0.8826	5.9757	1.8633	-0.1485
953.5024	50.7658	34.2603	0.8728	5.8755	1.8939	-0.1485
953.6548	50.0879	35.2275	0.8802	6.1426	1.7253	-0.1485
953.8072	48.1321	33.1798	0.8286	5.7882	1.7517	-0.1485
953.9596	47.1263	33.2522	0.8087	5.9279	1.5616	-0.1485
954.1120	46.8653	32.6836	0.7644	6.0049	1.5979	-0.1485
954.2644	48.1430	32.9746	0.7672	6.0818	1.7360	-0.1485
954.4168	49.2242	33.3982	0.8410	5.7857	1.7309	-0.1485
954.5692	49.7770	33.3372	0.7994	6.0098	1.9102	-0.1485
954.7216	50.3328	33.1544	0.7937	5.9841	1.9196	-0.1485
954.8740	49.6159	32.4938	0.8411	5.4948	1.9431	-0.1485
955.0264	50.5883	34.7271	0.8963	5.8880	1.9394	-0.1485
955.1788	49.9830	35.0837	0.9233	5.8439	1.8805	-0.1485
955.3312	48.7025	33.2190	0.9240	5.2424	2.0075	-0.1485
955.4836	46.7353	33.0199	0.9299	5.1436	1.7949	-0.1485
955.6360	46.1708	33.3502	0.9337	5.2276	1.7192	-0.1485
955.7884	47.2860	34.5340	0.9787	5.3437	1.7040	-0.1485
955.9408	47.7259	35.3707	1.0331	5.2932	1.6828	-0.1485
956.0932	47.2824	36.2966	1.0177	5.6801	1.5618	-0.1485
956.2456	48.7211	38.3693	1.0639	6.0747	1.4531	-0.1485
956.3980	49.1070	38.8394	1.0954	6.0411	1.4604	-0.1485
956.5504	50.7666	40.2836	1.1051	6.4471	1.5334	-0.1485
956.7028	51.4110	39.5379	1.1006	6.2345	1.6074	-0.1485
956.8552	54.9866	41.4728	1.1480	6.5774	1.7862	-0.1485
957.0076	57.1204	43.6504	1.1501	7.2635	1.7372	-0.1485
957.1600	56.8753	43.1246	1.1156	7.2965	1.7019	-0.1485
957.3124	52.9425	39.7945	0.9930	6.9463	1.6354	-0.1485
957.4648	49.1522	37.3764	0.8974	6.7294	1.4992	-0.1485
957.6172	47.4866	36.6478	0.8645	6.6879	1.3349	-0.1485
957.7696	47.9833	35.7661	0.8485	6.4986	1.5240	-0.1485
957.9220	48.5801	36.5171	0.9043	6.4121	1.4826	-0.1485
958.0744	50.6888	38.5396	0.9563	6.7551	1.5400	-999.2500
958.2268	51.7420	39.5214	0.9936	6.8510	1.4866	-999.2500
958.3792	51.5825	39.9368	1.0067	6.9067	1.4380	-999.2500
958.5316	50.5607	38.8518	0.9928	6.6403	1.4765	-999.2500
958.6840	51.0393	39.6526	1.0172	6.7530	1.4189	-999.2500
958.8364	51.2817	39.1041	1.0096	6.6213	1.5488	-999.2500
958.9888	51.4359	38.9368	1.0516	6.3220	1.6213	-999.2500
959.1412	50.2667	37.6114	1.0305	6.0208	1.6344	-999.2500
959.2936	50.6369	37.5549	1.0006	6.1774	1.7028	-999.2500
959.4460	50.5447	37.1050	0.9740	6.1891	1.7160	-999.2500
959.5984	50.7914	36.4015	0.9514	6.0962	1.8327	-999.2500
959.7508	51.5217	36.6337	0.9301	6.2955	1.8762	-999.2500
959.9032	51.5298	35.9424	0.9104	6.1888	1.9925	-999.2500
960.0556	50.8035	36.2366	0.9042	6.3198	1.8434	-999.2500
960.2080	51.0308	36.0779	0.9019	6.2822	1.8546	-999.2500
960.3604	49.5723	35.2711	0.9142	5.9521	1.7706	-999.2500
960.5128	51.3297	36.9319	0.9386	6.3415	1.7798	-999.2500
960.6652	51.2681	35.9932	0.9242	6.1247	1.9174	-999.2500
960.8176	53.5231	37.5554	0.9820	6.2874	1.9169	-999.2500
960.9700	52.7916	36.9501	0.9791	6.1103	1.9228	-999.2500
961.1224	52.5022	37.9914	0.9951	6.3505	1.7684	-999.2500
961.2748	51.9709	38.3957	1.0092	6.3968	1.6602	-999.2500
961.4272	50.6636	38.0847	1.0226	6.2188	1.4804	-999.2500
961.5796	51.2122	38.5026	1.0362	6.2735	1.5165	-999.2500
961.7320	51.9424	38.2416	1.0425	6.1526	1.5749	-999.2500
961.8844	53.0192	39.5186	1.0567	6.4790	1.5396	-999.2500
962.0368	52.1921	37.5138	0.9817	6.2751	1.6922	-999.2500
962.1892	51.6163	37.7355	0.9959	6.2633	1.5521	-999.2500
962.3416	52.8339	39.3880	1.0315	6.5843	1.4589	-999.2500
962.4940	53.8206	39.4979	1.0144	6.7194	1.6447	-999.2500
962.6464	53.1983	38.7992	0.9931	6.6203	1.6469	-999.2500
962.7988	53.1826	38.6239	0.9932	6.5636	1.6569	-999.2500
962.9512	53.3862	38.3199	0.9639	6.6379	1.7230	-999.2500
963.1036	55.2078	38.6342	0.9712	6.6958	1.9631	-999.2500
963.2560	54.5427	39.4087	0.9745	6.9248	1.7536	-999.2500
963.4084	54.2472	38.6459	0.9315	6.9318	1.8547	-999.2500
963.5608	52.3888	38.1245	0.9278	6.7865	1.7476	-999.2500
963.7132	52.8661	40.2452	0.9668	7.2379	1.5416	-999.2500
963.8656	53.6535	41.0082	0.9887	7.3546	1.6087	-999.2500
964.0180	54.2203	41.7231	1.0100	7.4585	1.5965	-999.2500
964.1704	53.9559	43.2965	1.0383	7.7971	1.3605	-999.2500
964.3228	52.9553	42.6550	1.0266	7.6603	1.3170	-999.2500
964.4752	53.3976	42.4640	1.0151	7.6661	1.4238	-999.2500
964.6276	53.1271	42.4258	1.0300	7.5669	1.3702	-999.2500
964.7800	52.9838	43.2104	1.0208	7.8723	1.2540	-999.2500
964.9324	51.3461	41.1501	0.9929	7.3753	1.3045	-999.2500
965.0848	49.7762	39.5642	0.9461	7.1411	1.3350	-999.2500
965.2372	48.1713	37.1887	0.9023	6.6360	1.3740	-999.2500
965.3896	45.1993	33.6724	0.8371	5.8910	1.4470	-999.2500
965.5420	42.8539	30.5840	0.7586	5.3607	1.4634	-999.2500
965.6944	41.2284	28.4672	0.7079	4.9789	1.4646	-999.2500
965.8468	41.3714	26.3926	0.6947	4.3913	1.7418	-999.2500
965.9992	40.4039	25.3221	0.6470	4.3278	1.7685	-999.2500
966.1516	39.1858	24.7074	0.6451	4.1414	1.6929	-999.2500
966.3040	40.0717	24.3480	0.6402	4.0550	1.8537	-999.2500
966.4564	42.5741	25.9760	0.6838	4.3218	1.9708	-999.2500
966.6088	45.2251	26.9753	0.7057	4.5134	2.2136	-999.2500
966.7612	45.8225	28.2250	0.7544	4.6290	2.0893	-999.2500
966.9136	46.1397	28.3760	0.7392	4.7667	2.1507	-999.2500
967.0660	47.7124	31.3095	0.7882	5.4200	1.9820	-999.2500
967.2184	48.7308	32.1565	0.8125	5.5491	2.0369	-999.2500
967.3708	49.1295	33.5957	0.8397	5.8510	1.9263	-999.2500
967.5232	48.0302	33.1765	0.8292	5.7781	1.8567	-999.2500
967.6756	49.0006	32.9830	0.8569	5.5538	1.9456	-999.2500
967.8280	50.5766	33.6386	0.8828	5.6123	2.0756	-999.2500
967.9804	51.7370	34.7308	0.9091	5.8083	2.1177	-999.2500
968.1328	51.6037	34.5187	0.9134	5.7152	2.1077	-999.2500
968.2852	51.0142	34.8310	0.8910	5.9463	1.9675	-999.2500
968.4376	51.2128	34.5255	0.8785	5.9213	2.0788	-999.2500
968.5900	51.3689	35.3618	0.9191	5.9523	1.9512	-999.2500
968.7424	51.9653	34.6996	0.9240	5.7111	2.1380	-999.2500
968.8948	51.6529	34.2354	0.9335	5.5065	2.1663	-999.2500
969.0472	52.4302	34.7308	0.9439	5.6043	2.1895	-999.2500
969.1996	51.8242	34.8107	0.9391	5.6579	2.0704	-999.2500
969.3520	54.9669	37.2130	0.9968	6.0902	2.2201	-999.2500
969.5044	54.4171	37.4633	0.9840	6.2456	2.1222	-999.2500
969.6568	56.8904	39.5594	1.0410	6.5836	2.1617	-999.2500
969.8092	55.4028	38.4103	0.9995	6.4583	2.1202	-999.2500
969.9616	57.8629	39.0819	1.0559	6.3433	2.3793	-999.2500
970.1140	58.2682	38.7401	1.0478	6.2815	2.4588	-999.2500
970.2664	58.6808	39.3808	1.0648	6.3874	2.4028	-999.2500
970.4188	57.3682	38.3604	1.0442	6.1808	2.3532	-999.2500
970.5712	56.1550	37.6513	0.9923	6.2571	2.3001	-999.2500
970.7236	53.5837	36.3222	0.9612	6.0130	2.2146	-999.2500
970.8760	53.8212	35.4276	0.9285	5.9179	2.3396	-999.2500
971.0284	54.8194	36.9607	0.9631	6.2071	2.2612	-999.2500
971.1808	58.0310	38.3381	1.0595	6.0838	2.5024	-999.2500
971.3332	59.9449	38.4476	1.0797	6.0011	2.6824	-999.2500
971.4856	57.7192	36.1102	1.0272	5.5588	2.7181	-999.2500
971.6380	56.3760	36.1002	0.9870	5.7916	2.4774	-999.2500
971.7904	53.5511	36.3159	1.0019	5.7734	2.1033	-999.2500
971.9428	53.7717	36.7591	0.9725	6.0873	2.1293	-999.2500
972.0952	53.1310	36.9418	0.9591	6.2245	2.0132	-999.2500
972.2476	53.5360	38.5704	1.0118	6.4376	1.8665	-999.2500
972.4000	54.9115	37.5571	0.9937	6.2189	2.0965	-999.2500
972.5524	55.2647	38.2331	1.0317	6.2134	2.0612	-999.2500
972.7048	55.9013	38.8263	1.0466	6.3160	2.0696	-999.2500
972.8572	56.5385	39.7948	1.0001	6.8986	1.9913	-999.2500
973.0096	56.4284	41.1484	1.0383	7.1088	1.8068	-999.2500
973.1620	55.1270	40.2750	1.0224	6.9217	1.7382	-999.2500
973.3144	53.1868	38.3299	0.9869	6.5064	1.7997	-999.2500
973.4668	53.4162	37.9047	0.9905	6.3488	1.8849	-999.2500
973.6192	54.0385	37.6275	1.0182	6.0979	1.9254	-999.2500
973.7716	55.1479	37.9513	1.0423	6.0605	2.0450	-999.2500
973.9240	54.8106	38.5102	1.0044	6.4618	2.0157	-999.2500
974.0764	54.4694	39.0352	1.0104	6.5947	1.9046	-999.2500
974.2288	53.7371	38.6442	0.9922	6.5760	1.8891	-999.2500
974.3812	54.4968	40.0603	1.0187	6.8750	1.7874	-999.2500
974.5336	55.7415	40.9863	1.0410	7.0412	1.8115	-999.2500
974.6860	55.8442	40.3350	0.9997	7.0739	1.9198	-999.2500
974.8384	55.9096	40.2386	1.0097	6.9841	1.9637	-999.2500
974.9908	54.7082	40.2186	1.0406	6.7968	1.7842	-999.2500
975.1432	54.7337	39.7813	0.9884	6.9624	1.8375	-999.2500
975.2956	55.0638	40.4386	0.9883	7.1739	1.8601	-999.2500
975.4480	58.1477	42.3586	1.0252	7.5732	1.9810	-999.2500
975.6004	59.2818	41.6680	1.0466	7.2266	2.1131	-999.2500
975.7528	58.9968	41.5375	1.0247	7.3129	2.0870	-999.2500
975.9052	55.9864	39.3038	0.9697	6.9191	2.0068	-999.2500
976.0576	55.1207	38.7131	0.9508	6.8400	2.0135	-999.2500
976.2100	55.5372	38.7004	0.9850	6.6360	2.1122	-999.2500
976.3624	55.3404	39.6016	0.9997	6.8390	1.9308	-999.2500
976.5148	54.6563	40.2539	1.0366	6.8321	1.7386	-999.2500
976.6672	55.3799	40.7957	1.0242	7.0783	1.7441	-999.2500
976.8196	57.1485	43.0275	1.1224	7.2184	1.6648	-999.2500
976.9720	59.5530	45.4772	1.2041	7.5253	1.6077	-999.2500
977.1244	57.9281	43.8622	1.1701	7.2068	1.6007	-999.2500
977.2768	57.3477	43.1234	1.1731	6.9529	1.5594	-999.2500
977.4292	57.1444	44.2296	1.2114	7.0829	1.4337	-999.2500
977.5816	57.4483	45.6915	1.2441	7.3597	1.2493	-999.2500
977.7340	58.8191	46.0281	1.2763	7.2793	1.3176	-999.2500
977.8864	59.1922	46.3563	1.2559	7.5036	1.3701	-999.2500
978.0388	60.5590	46.1242	1.2892	7.2344	1.6298	-999.2500
978.1912	61.3087	46.1481	1.2174	7.6623	1.7506	-999.2500
978.3436	59.4815	46.2526	1.1925	7.8417	1.5859	-999.2500
978.4960	58.5623	45.8527	1.1920	7.7162	1.5516	-999.2500
978.6484	58.3173	45.1072	1.1918	7.4785	1.6045	-999.2500
978.8008	61.7233	48.0930	1.2889	7.8671	1.6653	-999.2500
978.9532	64.7439	50.2552	1.3822	8.0139	1.7886	-999.2500
979.1056	64.7371	48.6708	1.3389	7.7591	1.9552	-999.2500
979.2580	66.6373	51.4016	1.3891	8.3408	1.8315	-999.2500
979.4104	66.2730	52.2097	1.3869	8.6123	1.6704	-999.2500
979.5628	65.5464	52.1431	1.4000	8.5147	1.4787	-999.2500
979.7152	63.0897	51.7625	1.3542	8.6609	1.1940	-999.2500
979.8676	64.4819	52.9791	1.4230	8.6478	1.1826	-999.2500
980.0200	65.1576	51.2470	1.4076	8.1831	1.4013	-999.2500
980.1724	65.8096	51.1869	1.3730	8.3663	1.4484	-999.2500
980.3248	65.7259	50.8026	1.3429	8.4196	1.5329	-999.2500
980.4772	66.0831	50.7067	1.3271	8.4811	1.6023	-999.2500
980.6296	64.4096	50.1320	1.2742	8.6071	1.5605	-999.2500
980.7820	61.6671	48.3850	1.2544	8.1628	1.4155	-999.2500
980.9344	59.5197	44.0429	1.1539	7.3597	1.7502	-999.2500
981.0868	56.9311	41.8320	1.1074	6.9232	1.7181	-999.2500
981.2392	52.7296	37.9519	0.9856	6.3928	1.6939	-999.2500
981.3916	50.4755	35.3844	0.9324	5.8818	1.7699	-999.2500
981.5440	49.7601	35.5981	0.9438	5.8834	1.6393	-999.2500
981.6964	51.6814	37.3335	1.0140	6.0285	1.7262	-999.2500
981.8488	53.8204	37.6908	1.0559	5.8977	1.9541	-999.2500
982.0012	55.1068	37.4787	1.0489	5.8705	2.1612	-999.2500
982.1536	57.4597	38.3667	1.0765	5.9940	2.3821	-999.2500
982.3060	57.2715	37.9563	1.0560	5.9820	2.3650	-999.2500
982.4584	57.7437	38.5109	1.0475	6.2098	2.4063	-999.2500
982.6108	56.2796	37.9654	1.0660	5.9266	2.2591	-999.2500
982.7632	53.8418	35.9039	1.0374	5.4335	2.2190	-999.2500
982.9156	53.1641	36.0822	1.0431	5.4574	2.1302	-999.2500
983.0680	52.3477	36.0231	1.0394	5.4602	2.0122	-999.2500
983.2204	53.9692	35.8848	1.0379	5.4247	2.2335	-999.2500
983.3728	54.4691	36.5633	1.0329	5.6709	2.2139	-999.2500
983.5252	53.9795	35.9973	1.0132	5.6052	2.1902	-999.2500
983.6776	53.8746	36.9610	1.0418	5.7465	2.0417	-999.2500
983.8300	52.0746	36.9379	1.0311	5.8020	1.7738	-999.2500
983.9824	50.3115	35.1372	0.9952	5.4347	1.7640	-999.2500
984.1348	49.2863	35.0503	0.9874	5.4526	1.6173	-999.2500
984.2872	49.2545	35.4794	0.9851	5.6035	1.5827	-999.2500
984.4396	50.5325	35.8189	0.9812	5.7353	1.7192	-999.2500
984.5920	49.0163	35.0986	0.9793	5.5160	1.6463	-999.2500
984.7444	49.1130	34.9334	0.9596	5.5781	1.6821	-999.2500
984.8968	47.8572	33.0211	0.9030	5.2968	1.8301	-999.2500
985.0492	49.2049	33.3577	0.8936	5.4595	1.9468	-999.2500
985.2016	49.7529	34.3250	0.8879	5.8026	1.9130	-999.2500
985.3540	51.0559	35.0351	0.8974	5.9747	2.0024	-999.2500
985.5064	51.4327	35.3531	0.9007	6.0571	2.0330	-999.2500
985.6588	52.6140	36.6048	0.8862	6.5436	2.0604	-999.2500
985.8112	53.0930	37.0125	0.9137	6.5131	2.1521	-999.2500
985.9636	53.8722	38.1152	0.9115	6.8793	2.1081	-999.2500
986.1160	54.0355	37.5826	0.9075	6.7323	2.2408	-999.2500
986.2684	54.8749	38.0738	0.9256	6.7834	2.2434	-999.2500
986.4208	55.8988	38.8366	0.9533	6.8656	2.3283	-999.2500
986.5732	54.4209	39.1464	0.9822	6.7959	2.0455	-999.2500
986.7256	53.0243	39.3868	1.0117	6.6997	1.8218	-999.2500
986.8780	53.3663	39.0854	1.0085	6.6224	1.9127	-999.2500
987.0304	54.6176	41.2955	1.0609	7.0238	1.7357	-999.2500
987.1828	55.8928	42.3572	1.0795	7.2550	1.7179	-999.2500
987.3352	56.7010	43.7357	1.1748	7.1388	1.6541	-999.2500
987.4876	57.6292	44.8348	1.1967	7.3628	1.5327	-999.2500
987.6400	59.0749	45.3162	1.2515	7.1968	1.6328	-999.2500
987.7924	58.9465	45.9245	1.2503	7.3984	1.4643	-999.2500
987.9448	59.1624	46.3300	1.2797	7.3565	1.4755	-999.2500
988.0972	59.1121	47.0707	1.2819	7.5809	1.3123	-999.2500
988.2496	58.5295	46.1358	1.2225	7.6293	1.3566	-999.2500
988.4020	56.3955	44.7428	1.1864	7.3942	1.2380	-999.2500
988.5544	54.7795	44.1572	1.1875	7.1999	1.1184	-999.2500
988.7068	56.2465	44.2993	1.2209	7.0502	1.2704	-999.2500
988.8592	58.3353	46.0673	1.2971	7.1705	1.3063	-999.2500
989.0116	58.0789	45.0004	1.2431	7.1447	1.3754	-999.2500
989.1640	56.7400	43.5829	1.2107	6.8799	1.4143	-999.2500
989.3164	57.1544	44.2836	1.2202	7.0490	1.4101	-999.2500
989.4688	59.1899	46.3569	1.2923	7.2912	1.4406	-999.2500
989.6212	58.4098	45.2632	1.2486	7.1963	1.4310	-999.2500
989.7736	57.2677	43.2210	1.1921	6.8729	1.6030	-999.2500
989.9260	59.0671	46.5901	1.2906	7.3755	1.4303	-999.2500
990.0784	60.8315	47.1746	1.2990	7.5139	1.5587	-999.2500
990.2308	59.8803	46.0602	1.2824	7.2539	1.6301	-999.2500
990.3832	56.6678	43.8409	1.1986	7.0334	1.5786	-999.2500
990.5356	56.9558	42.5805	1.1438	6.9501	1.7862	-999.2500
990.6880	58.4510	43.8492	1.1842	7.1204	1.8581	-999.2500
990.8404	59.2110	43.4712	1.1766	7.0437	2.0695	-999.2500
990.9928	60.0991	42.9610	1.1696	6.9214	2.2263	-999.2500
991.1452	63.2427	45.1830	1.1994	7.4586	2.3744	-999.2500
991.2976	65.2542	47.0718	1.2223	7.9298	2.4197	-999.2500
991.4500	62.0615	44.4878	1.1889	7.2975	2.3036	-999.2500
991.6024	59.3903	40.6928	1.1248	6.4563	2.4055	-999.2500
991.7548	57.4710	40.7367	1.0963	6.6372	2.2216	-999.2500
991.9072	57.7977	42.4268	1.1187	7.0478	2.0499	-999.2500
992.0596	57.2173	42.3814	1.1092	7.0892	1.9361	-999.2500
992.2120	55.9700	42.3314	1.1259	6.9753	1.8069	-999.2500
992.3644	55.0690	42.4250	1.1224	7.0253	1.6377	-999.2500
992.5168	54.6325	42.6871	1.1405	7.0035	1.4811	-999.2500
992.6692	58.2044	47.4274	1.2503	7.8800	1.3202	-999.2500
992.8216	58.3616	48.0445	1.2689	7.9688	1.2174	-999.2500
992.9740	57.4553	46.1857	1.2170	7.6770	1.4011	-999.2500
993.1264	53.5267	43.8037	1.1308	7.4182	1.2267	-999.2500
993.2788	55.8719	45.8807	1.1387	8.0374	1.2750	-999.2500
993.4312	54.8634	43.2470	1.0976	7.4340	1.5046	-999.2500
993.5836	54.5726	42.6514	1.0688	7.4119	1.4776	-999.2500
993.7360	53.6665	42.5388	1.0424	7.5300	1.4140	-999.2500
993.8884	55.6825	44.0529	1.0796	7.7979	1.4765	-999.2500
994.0408	55.6776	43.7719	1.0843	7.6800	1.5140	-999.2500
994.1932	52.9380	42.7138	1.0404	7.5979	1.3140	-999.2500
994.3456	52.6154	41.7373	0.9976	7.5354	1.4378	-999.2500
994.4980	54.7620	42.8120	1.0507	7.5692	1.6245	-999.2500
994.6504	59.9856	47.3739	1.1889	8.2220	1.7219	-999.2500
994.8028	60.6431	47.9323	1.1988	8.3430	1.7942	-999.2500
994.9552	61.5692	48.1732	1.2159	8.3201	1.8356	-999.2500
995.1076	58.4326	45.5437	1.1504	7.8610	1.7161	-999.2500
995.2600	57.8024	42.9883	1.1168	7.2390	2.0263	-999.2500
995.4124	56.4196	40.7848	1.0972	6.6476	2.1052	-999.2500
995.5648	57.2036	40.7806	1.0724	6.7915	2.2034	-999.2500
995.7172	58.6499	41.8960	1.0734	7.1427	2.2589	-999.2500
995.8696	58.3867	40.9359	1.0425	7.0164	2.3730	-999.2500
996.0220	59.0310	41.9026	1.0890	7.0536	2.3222	-999.2500
996.1744	60.1217	43.3825	1.0748	7.6111	2.2621	-999.2500
996.3268	61.2643	46.0555	1.1402	8.0852	1.9993	-999.2500
996.4792	62.4839	47.4156	1.2164	8.0746	1.8635	-999.2500
996.6316	63.1312	48.4751	1.2808	8.0375	1.8479	-999.2500
996.7840	64.1192	50.6680	1.3459	8.3592	1.6846	-999.2500
996.9364	64.2125	52.3919	1.3867	8.6727	1.4513	-999.2500
997.0888	63.5753	52.8040	1.3692	8.9074	1.3108	-999.2500
997.2412	63.3775	53.6139	1.4099	8.9283	1.1736	-999.2500
997.3936	63.0093	53.2241	1.4269	8.7039	1.1819	-999.2500
997.5460	61.6636	50.0704	1.4029	7.8339	1.4143	-999.2500
997.6984	60.7414	48.7157	1.3849	7.5051	1.4252	-999.2500
997.8508	59.1021	46.9551	1.3866	6.9310	1.4466	-999.2500
998.0032	59.6114	46.5113	1.3862	6.7911	1.6010	-999.2500
998.1556	59.2020	44.7778	1.3257	6.5897	1.8292	-999.2500
998.3080	57.6689	43.0760	1.2211	6.6564	1.9438	-999.2500
998.4604	56.2528	41.0903	1.1633	6.3586	2.0288	-999.2500
998.6128	54.7758	41.7888	1.1674	6.5585	1.7652	-999.2500
998.7652	56.6993	41.7028	1.1853	6.4261	1.9654	-999.2500
998.9176	57.5020	42.3808	1.1840	6.6508	1.9596	-999.2500
999.0700	59.0460	42.6559	1.1691	6.8264	2.0808	-999.2500
999.2224	58.9452	44.3991	1.1580	7.4502	1.8455	-999.2500
999.3748	57.8343	42.5922	1.1091	7.1574	2.0136	-999.2500
999.5272	56.4703	40.7128	1.0292	7.0230	2.0562	-999.2500
999.6796	53.9584	37.6076	0.9266	6.6280	2.1281	-999.2500
999.8320	54.6473	38.6268	0.9301	6.9343	2.0879	-999.2500
999.9844	55.7461	40.6585	1.0078	7.1305	1.8422	-999.2500
1000.1368	56.8363	41.3415	1.0059	7.3606	1.9199	-999.2500
1000.2892	54.9865	38.4392	0.9180	6.9450	2.0779	-999.2500
1000.4416	53.3739	37.6408	0.8937	6.8310	2.0746	-999.2500
1000.5940	54.2399	38.6013	0.9316	6.9174	2.0861	-999.2500
1000.7464	57.1796	41.1841	1.0177	7.2406	2.1547	-999.2500
1000.8988	56.8865	41.0475	1.0183	7.1933	2.1571	-999.2500
1001.0512	56.1626	40.1414	0.9745	7.1597	2.1561	-999.2500
1001.2036	54.0949	38.9373	0.9507	6.9129	2.0824	-999.2500
1001.3560	55.3361	39.1387	0.9740	6.8414	2.2282	-999.2500
1001.5084	55.7045	38.9198	1.0037	6.5970	2.3039	-999.2500
1001.6608	55.2118	38.2950	0.9957	6.4436	2.3235	-999.2500
1001.8132	56.2005	38.5332	1.0283	6.3291	2.4020	-999.2500
1001.9656	55.8743	37.9151	1.0380	6.0746	2.3823	-999.2500
1002.1180	56.2490	37.5218	1.0611	5.8135	2.4336	-999.2500
1002.2704	55.1828	37.4941	1.0278	5.9997	2.3387	-999.2500
1002.4228	55.8931	37.3442	1.0282	5.9491	2.4503	-999.2500
1002.5752	57.3171	37.5551	1.0312	5.9990	2.5914	-999.2500
1002.7276	57.9131	38.2144	1.0423	6.1454	2.5733	-999.2500
1002.8800	56.2726	38.5799	1.0752	6.0699	2.3096	-999.2500
1003.0324	54.2412	38.6472	1.0636	6.1592	2.0500	-999.2500
1003.1848	54.3727	38.9876	1.0531	6.3302	2.0252	-999.2500
1003.3372	55.1774	38.7047	1.0283	6.3844	2.2378	-999.2500
1003.4896	57.2947	40.6318	1.0846	6.6723	2.2588	-999.2500
1003.6420	56.1921	40.6577	1.0817	6.6972	2.1522	-999.2500
1003.7944	56.4205	41.3824	1.0661	7.0208	2.1247	-999.2500
1003.9468	56.0382	39.9714	1.0792	6.4922	2.2256	-999.2500
1004.0992	57.0039	40.8456	1.1233	6.5142	2.2442	-999.2500
1004.2516	57.8773	40.9215	1.1278	6.5119	2.3130	-999.2500
1004.4040	57.4914	40.5513	1.1229	6.4216	2.2943	-999.2500
1004.5564	57.7589	38.6598	1.0543	6.2170	2.5300	-999.2500
1004.7088	56.3170	36.4813	0.9979	5.8493	2.5900	-999.2500
1004.8612	54.4830	34.6524	0.9419	5.5910	2.5773	-999.2500
