HOLE:	U1507B
EXPEDITION:	371
TOP:	743.8307
BOTTOM:	860.4166
DEPTH_WMSF	DTCO	DT1	DT2	VELP	VS1	VS2
m	us/ft	us/ft	us/ft	km/s	km/s	km/s
743.8307	114.7947	260.2873	267.8214	2.6552	1.1710	1.1381
743.9831	114.1114	241.2426	259.3913	2.6711	1.2635	1.1751
744.1355	112.9226	257.7299	257.4937	2.6992	1.1826	1.1837
744.2879	112.9432	259.4308	256.0685	2.6987	1.1749	1.1903
744.4403	113.2855	260.2792	255.9572	2.6905	1.1711	1.1908
744.5927	112.929	252.2378	255.7334	2.6990	1.2084	1.1919
744.7451	113.1129	255.1171	257.64	2.6947	1.1947	1.1830
744.8975	115.7967	261.1064	267.9576	2.6322	1.1673	1.1375
745.0499	117.0911	279.3925	278.0937	2.6031	1.0909	1.0960
745.2023	118.6157	282.2054	280.5982	2.5696	1.0801	1.0863
745.3547	119.4579	280.9684	280.9348	2.5515	1.0848	1.0849
745.5071	119.7456	282.1394	281.0599	2.5454	1.0803	1.0845
745.6595	119.6178	280.7698	280.856	2.5481	1.0856	1.0853
745.8119	119.2655	281.0717	282.1056	2.5556	1.0844	1.0804
745.9643	118.738	280.8636	286.2844	2.5670	1.0852	1.0647
746.1167	114.9601	267.1054	273.823	2.6514	1.1411	1.1131
746.2691	115.9347	275.4533	268.2888	2.6291	1.1065	1.1361
746.4215	116.1063	272.2338	277.2946	2.6252	1.1196	1.0992
746.5739	116.0053	280.1134	277.1742	2.6275	1.0881	1.0997
746.7263	116.19	274.6981	277.3303	2.6233	1.1096	1.0991
746.8787	116.8484	274.7097	277.1565	2.6085	1.1095	1.0997
747.0311	117.3025	276.5452	277.3203	2.5984	1.1022	1.0991
747.1835	117.3387	273.7032	276.3996	2.5976	1.1136	1.1028
747.3359	116.9984	271.6584	274.006	2.6052	1.1220	1.1124
747.4883	115.988	266.3421	265.6258	2.6279	1.1444	1.1475
747.6407	113.1981	253.4358	256.0169	2.6926	1.2027	1.1905
747.7931	112.2912	250.4217	254.5526	2.7144	1.2171	1.1974
747.9455	111.9932	257.7957	251.6401	2.7216	1.1823	1.2113
748.0979	111.5227	257.0396	254.0641	2.7331	1.1858	1.1997
748.2503	111.5846	260.2734	251.9022	2.7316	1.1711	1.2100
748.4027	111.9962	254.4412	257.6205	2.7215	1.1979	1.1831
748.5551	114.1283	257.4054	263.9525	2.6707	1.1841	1.1548
748.7075	115.5373	256.4275	261.925	2.6381	1.1886	1.1637
748.8599	114.4427	265.9278	262.1468	2.6633	1.1462	1.1627
749.0123	114.1245	253.1175	260.4749	2.6708	1.2042	1.1702
749.1647	113.381	254.8768	256.6719	2.6883	1.1959	1.1875
749.3171	112.9446	262.4319	259.4473	2.6987	1.1614	1.1748
749.4695	112.1333	261.2838	258.839	2.7182	1.1665	1.1776
749.6219	111.7123	254.2611	258.6588	2.7284	1.1988	1.1784
749.7743	111.4224	254.322	256.3452	2.7355	1.1985	1.1890
749.9267	112.5083	252.3311	253.5976	2.7091	1.2079	1.2019
750.0791	112.3737	253.0379	246.8763	2.7124	1.2046	1.2346
750.2315	112.7243	252.8408	246.5733	2.7039	1.2055	1.2361
750.3839	112.1708	253.687	249.7437	2.7173	1.2015	1.2205
750.5363	111.6341	243.6881	251.1866	2.7303	1.2508	1.2134
750.6887	111.1688	256.1962	247.6248	2.7418	1.1897	1.2309
750.8411	109.9542	241.5854	244.813	2.7721	1.2617	1.2450
750.9935	110.5879	251.6001	246.8933	2.7562	1.2114	1.2345
751.1459	111.5093	251.8105	251.4497	2.7334	1.2104	1.2122
751.2983	112.8418	253.3643	252.9014	2.7011	1.2030	1.2052
751.4507	113.7318	265.2053	257.9036	2.6800	1.1493	1.1818
751.6031	115.6288	256.5833	267.1488	2.6360	1.1879	1.1409
751.7555	116.2214	265.5397	269.2192	2.6226	1.1479	1.1322
751.9079	115.7454	268.2522	269.2615	2.6334	1.1362	1.1320
752.0603	115.1815	263.7352	267.1404	2.6463	1.1557	1.1410
752.2127	114.9052	261.3991	264.6008	2.6526	1.1660	1.1519
752.3651	113.7669	257.3426	257.6555	2.6792	1.1844	1.1830
752.5175	112.7262	240.4057	252.7189	2.7039	1.2679	1.2061
752.6699	112.2958	250.2458	250.2131	2.7143	1.2180	1.2182
752.8223	112.7301	250.6094	252.9612	2.7038	1.2162	1.2049
752.9747	112.6604	254.1302	252.8085	2.7055	1.1994	1.2057
753.1271	112.8905	259.1794	255.0862	2.7000	1.1760	1.1949
753.2795	112.8681	259.9218	259.0861	2.7005	1.1727	1.1764
753.4319	113.4249	252.9475	257.1952	2.6872	1.2050	1.1851
753.5843	113.6861	254.9568	256.8292	2.6811	1.1955	1.1868
753.7367	113.984	256.5827	254.8671	2.6741	1.1879	1.1959
753.8891	114.3025	255.8659	254.9588	2.6666	1.1912	1.1955
754.0415	114.5974	261.4008	255.414	2.6597	1.1660	1.1934
754.1939	115.7804	252.2043	260.8123	2.6326	1.2085	1.1687
754.3463	117.5213	258.6553	268.028	2.5936	1.1784	1.1372
754.4987	118.7907	270.8931	269.6247	2.5659	1.1252	1.1305
754.6511	119.5383	272.278	270.3295	2.5498	1.1194	1.1275
754.8035	118.6928	272.3565	270.2341	2.5680	1.1191	1.1279
754.9559	119.4955	273.7242	272.6017	2.5507	1.1135	1.1181
755.1083	119.498	272.584	274.5326	2.5507	1.1182	1.1103
755.2607	120.0017	267.0087	273.0381	2.5400	1.1415	1.1163
755.4131	119.8926	272.4103	270.4664	2.5423	1.1189	1.1269
755.5655	119.6199	273.4711	269.7926	2.5481	1.1146	1.1298
755.7179	118.9549	264.3223	267.972	2.5623	1.1531	1.1374
755.8703	119.1809	264.5107	264.7766	2.5575	1.1523	1.1512
756.0227	118.1065	264.7643	267.4651	2.5807	1.1512	1.1396
756.1751	118.6668	269.7326	270.063	2.5685	1.1300	1.1286
756.3275	118.1652	269.0102	270.2442	2.5794	1.1330	1.1279
756.4799	118.9928	273.4235	270.5122	2.5615	1.1148	1.1268
756.6323	119.0565	266.2066	273.0167	2.5601	1.1450	1.1164
756.7847	119.5397	270.8781	279.0646	2.5498	1.1252	1.0922
756.9371	119.3995	271.5409	278.2995	2.5528	1.1225	1.0952
757.0895	118.4191	278.4702	276.6683	2.5739	1.0946	1.1017
757.2419	117.3526	277.9541	273.3578	2.5973	1.0966	1.1150
757.3943	117.6644	261.751	269.4328	2.5904	1.1645	1.1313
757.5467	118.3098	273.514	268.9711	2.5763	1.1144	1.1332
757.6991	118.8637	273.9573	275.3637	2.5643	1.1126	1.1069
757.8515	119.9906	275.9999	277.3174	2.5402	1.1043	1.0991
758.0039	120.9752	277.0284	277.5134	2.5195	1.1002	1.0983
758.1563	120.0589	276.2391	278.1899	2.5388	1.1034	1.0957
758.3087	122.0472	277.8441	278.6247	2.4974	1.0970	1.0939
758.4611	120.134	278.7052	277.5187	2.5372	1.0936	1.0983
758.6135	117.5477	263.8488	263.6895	2.5930	1.1552	1.1559
758.7659	116.9724	251.368	256.081	2.6057	1.2126	1.1902
758.9183	116.7109	254.3625	260.4528	2.6116	1.1983	1.1703
759.0707	117.0724	257.0433	262.4857	2.6035	1.1858	1.1612
759.2231	117.0656	262.2365	262.9168	2.6037	1.1623	1.1593
759.3755	117.287	260.6382	264.2477	2.5988	1.1694	1.1535
759.5279	118.4172	260.2153	262.8047	2.5740	1.1713	1.1598
759.6803	119.309	261.9456	267.8723	2.5547	1.1636	1.1379
759.8327	118.652	261.5502	265.1867	2.5689	1.1654	1.1494
759.9851	118.3648	263.8121	263.8459	2.5751	1.1554	1.1552
760.1375	118.2927	258.8831	263.9102	2.5767	1.1774	1.1549
760.2899	118.3314	264.0043	263.7008	2.5758	1.1545	1.1559
760.4423	118.0133	264.6274	263.6858	2.5828	1.1518	1.1559
760.5947	120.8847	261.9071	268.1951	2.5214	1.1638	1.1365
760.7471	120.2526	271.8863	280.9103	2.5347	1.1211	1.0850
760.8995	120.7952	280.362	284.593	2.5233	1.0872	1.0710
761.0519	120.6989	278.1776	280.8808	2.5253	1.0957	1.0852
761.2043	120.6593	283.5116	280.3059	2.5261	1.0751	1.0874
761.3567	122.2397	282.9916	280.22	2.4935	1.0771	1.0877
761.5091	121.6665	277.7317	280.2669	2.5052	1.0975	1.0875
761.6615	121.599	283.6143	280.0967	2.5066	1.0747	1.0882
761.8139	121.5504	283.0366	279.9956	2.5076	1.0769	1.0886
761.9663	122.255	284.1815	280.0796	2.4931	1.0726	1.0883
762.1187	121.2978	283.3162	280.0581	2.5128	1.0758	1.0883
762.2711	120.6821	280.1112	279.9885	2.5256	1.0881	1.0886
762.4235	119.6511	271.2646	271.5362	2.5474	1.1236	1.1225
762.5759	120.4716	286.2419	287.4552	2.5301	1.0648	1.0603
762.7283	121.5467	292.751	296.5385	2.5077	1.0412	1.0279
762.8807	121.8049	297.5807	293.1765	2.5024	1.0243	1.0396
763.0331	121.3654	295.9416	293.288	2.5114	1.0299	1.0393
763.1855	121.574	297.3831	296.6393	2.5071	1.0249	1.0275
763.3379	121.3378	296.7148	293.2024	2.5120	1.0272	1.0396
763.4903	121.516	295.5777	296.5628	2.5083	1.0312	1.0278
763.6427	121.9178	297.8967	293.175	2.5000	1.0232	1.0397
763.7951	122.7513	296.4612	293.3269	2.4831	1.0281	1.0391
763.9475	122.9691	296.3826	292.8715	2.4787	1.0284	1.0407
764.0999	123.006	288.9806	296.4918	2.4779	1.0547	1.0280
764.2523	123.0265	297.3953	292.8864	2.4775	1.0249	1.0407
764.4047	122.9447	290.3056	293.257	2.4792	1.0499	1.0394
764.5571	122.6043	289.4237	292.812	2.4860	1.0531	1.0409
764.7095	121.8224	287.9387	289.4293	2.5020	1.0586	1.0531
764.8619	120.6148	290.8393	288.92	2.5271	1.0480	1.0550
765.0143	121.2704	291.7125	287.2784	2.5134	1.0449	1.0610
765.1667	121.0179	289.4315	287.0365	2.5186	1.0531	1.0619
765.3191	120.5843	288.3472	286.9257	2.5277	1.0571	1.0623
765.4715	120.555	286.2316	286.9328	2.5283	1.0649	1.0623
765.6239	120.0272	280.1448	286.9642	2.5394	1.0880	1.0622
765.7763	119.6245	267.1352	271.5068	2.5480	1.1410	1.1226
765.9287	118.9566	260.731	271.0936	2.5623	1.1690	1.1243
766.0811	119.1065	277.7895	276.5833	2.5591	1.0972	1.1020
766.2335	119.461	280.8306	276.4043	2.5515	1.0854	1.1027
766.3859	119.8717	279.8559	276.4488	2.5427	1.0891	1.1026
766.5383	121.206	277.6642	276.474	2.5147	1.0977	1.1025
766.6907	121.3359	280.2536	276.4345	2.5120	1.0876	1.1026
766.8431	121.3397	270.4056	280.8091	2.5120	1.1272	1.0854
766.9955	121.2553	281.9178	279.6316	2.5137	1.0812	1.0900
767.1479	121.3836	280.4583	279.2188	2.5110	1.0868	1.0916
767.3003	121.4479	267.9526	277.0152	2.5097	1.1375	1.1003
767.4527	121.2234	267.9564	275.3953	2.5144	1.1375	1.1068
767.6051	119.9481	265.7589	271.0013	2.5411	1.1469	1.1247
767.7575	120.5019	273.72	268.5937	2.5294	1.1135	1.1348
767.9099	120.1437	273.835	270.8015	2.5370	1.1131	1.1255
768.0623	120.3725	271.7289	268.5789	2.5321	1.1217	1.1349
768.2147	120.2959	269.9255	268.0149	2.5338	1.1292	1.1373
768.3671	120.2302	267.8682	268.5501	2.5351	1.1379	1.1350
768.5195	120.6089	273.0703	272.0239	2.5272	1.1162	1.1205
768.6719	120.4615	273.1867	275.4092	2.5303	1.1157	1.1067
768.8243	121.5225	268.9619	277.4703	2.5082	1.1332	1.0985
768.9767	121.9265	275.8568	277.7205	2.4999	1.1049	1.0975
769.1291	122.1526	276.9906	277.5038	2.4952	1.1004	1.0984
769.2815	122.0239	273.3182	277.3655	2.4979	1.1152	1.0989
769.4339	120.9644	273.1575	275.9625	2.5197	1.1158	1.1045
769.5863	119.6145	264.903	271.4533	2.5482	1.1506	1.1228
769.7387	119.1436	265.6642	265.5318	2.5583	1.1473	1.1479
769.8911	119.4789	266.7824	268.1124	2.5511	1.1425	1.1368
770.0435	120.273	267.4386	270.3842	2.5342	1.1397	1.1273
770.1959	120.1882	275.6678	273.0967	2.5360	1.1057	1.1161
770.3483	120.3748	275.9809	274.0103	2.5321	1.1044	1.1124
770.5007	120.5997	275.8407	274.4337	2.5274	1.1050	1.1107
770.6531	121.1287	273.7879	276.2451	2.5163	1.1133	1.1034
770.8055	122.6884	272.1658	278.5465	2.4843	1.1199	1.0943
770.9579	121.4458	273.9944	275.4173	2.5098	1.1124	1.1067
771.1103	120.7199	265.9711	268.5541	2.5249	1.1460	1.1350
771.2627	118.8508	263.7282	265.0072	2.5646	1.1557	1.1502
771.4151	119.6808	261.0664	263.7624	2.5468	1.1675	1.1556
771.5675	119.1432	260.0497	262.1253	2.5583	1.1721	1.1628
771.7199	119.6986	257.6475	260.5069	2.5464	1.1830	1.1700
771.8723	119.4887	257.2869	260.1915	2.5509	1.1847	1.1714
772.0247	119.4213	257.4284	259.6055	2.5523	1.1840	1.1741
772.1771	119.3405	253.0699	258.7612	2.5540	1.2044	1.1779
772.3295	118.2839	257.477	257.7632	2.5769	1.1838	1.1825
772.4819	118.8332	253.6753	257.2205	2.5649	1.2015	1.1850
772.6343	119.0683	258.4816	258.3571	2.5599	1.1792	1.1798
772.7867	118.9185	258.9145	258.4649	2.5631	1.1772	1.1793
772.9391	119.1116	258.0167	258.5101	2.5589	1.1813	1.1791
773.0915	119.2231	260.2226	259.533	2.5566	1.1713	1.1744
773.2439	119.1352	255.3582	259.7746	2.5584	1.1936	1.1733
773.3963	119.2178	262.796	266.0642	2.5567	1.1598	1.1456
773.5487	119.366	266.8251	266.9728	2.5535	1.1423	1.1417
773.7011	119.559	259.5043	267.7847	2.5494	1.1745	1.1382
773.8535	119.7964	259.1044	264.3174	2.5443	1.1764	1.1532
774.0059	119.2546	264.8332	262.8512	2.5559	1.1509	1.1596
774.1583	117.6392	264.6968	262.3565	2.5910	1.1515	1.1618
774.3107	119.1351	264.0868	261.5276	2.5584	1.1542	1.1655
774.4631	119.6025	255.0461	261.3918	2.5484	1.1951	1.1661
774.6155	119.602	261.6175	267.8301	2.5485	1.1651	1.1380
774.7679	120.4925	266.5664	266.867	2.5296	1.1434	1.1421
774.9203	121.0832	263.0402	267.1935	2.5173	1.1588	1.1407
775.0727	121.0714	269.5546	267.3782	2.5175	1.1308	1.1400
775.2251	121.4156	268.7251	267.2663	2.5104	1.1342	1.1404
775.3775	121.588	274.0837	267.4256	2.5068	1.1121	1.1398
775.5299	122.806	268.0948	272.037	2.4820	1.1369	1.1204
775.6823	123.2751	264.9862	274.4772	2.4725	1.1502	1.1105
775.8347	123.3633	267.481	274.0751	2.4708	1.1395	1.1121
775.9871	123.2112	271.0492	273.5639	2.4738	1.1245	1.1142
776.1395	122.1464	272.6116	273.4825	2.4954	1.1181	1.1145
776.2919	122.2598	274.8874	273.4219	2.4931	1.1088	1.1148
776.4443	122.202	267.3021	272.9963	2.4942	1.1403	1.1165
776.5967	123.4137	270.6141	275.1983	2.4697	1.1263	1.1076
776.7491	124.1858	276.2343	279.528	2.4544	1.1034	1.0904
776.9015	124.1832	280.774	279.6224	2.4544	1.0856	1.0900
777.0539	124.3616	281.5369	279.6528	2.4509	1.0826	1.0899
777.2063	124.4737	283.002	279.5519	2.4487	1.0770	1.0903
777.3587	124.5443	282.8777	279.7503	2.4473	1.0775	1.0895
777.5111	124.8475	276.2288	280.9738	2.4414	1.1034	1.0848
777.6635	124.1805	263.2709	275.0558	2.4545	1.1577	1.1081
777.8159	123.4538	260.143	268.3586	2.4689	1.1717	1.1358
777.9683	122.9709	263.174	267.938	2.4786	1.1582	1.1376
778.1207	122.3216	264.6513	267.9964	2.4918	1.1517	1.1373
778.2731	121.9862	264.1945	267.5382	2.4986	1.1537	1.1393
778.4255	121.8024	255.3345	262.0472	2.5024	1.1937	1.1631
778.5779	121.478	251.4988	257.0453	2.5091	1.2119	1.1858
778.7303	120.9129	263.0605	258.517	2.5208	1.1587	1.1790
778.8827	120.8188	266.1751	264.5314	2.5228	1.1451	1.1522
779.0351	120.7756	264.9683	264.6674	2.5237	1.1503	1.1516
779.1875	120.935	263.8159	264.8458	2.5204	1.1554	1.1509
779.3399	120.7939	265.4887	265.9185	2.5233	1.1481	1.1462
779.4923	120.5043	265.3765	266.0642	2.5294	1.1486	1.1456
779.6447	120.036	259.9715	262.6102	2.5392	1.1724	1.1607
779.7971	119.9968	258.193	267.902	2.5401	1.1805	1.1377
779.9495	119.7808	276.8126	272.7548	2.5446	1.1011	1.1175
780.1019	121.0794	277.5307	276.7439	2.5174	1.0983	1.1014
780.2543	121.4597	278.7059	279.8562	2.5095	1.0936	1.0891
780.4067	123.2278	280.1263	280.7156	2.4735	1.0881	1.0858
780.5591	123.256	279.6972	280.8988	2.4729	1.0897	1.0851
780.7115	123.0792	276.8789	282.0675	2.4765	1.1008	1.0806
780.8639	122.9931	279.3336	282.8383	2.4782	1.0912	1.0776
781.0163	121.5151	276.1855	279.0348	2.5083	1.1036	1.0923
781.1687	121.5541	274.7151	275.3061	2.5075	1.1095	1.1071
781.3211	121.3962	275.1021	274.8649	2.5108	1.1080	1.1089
781.4735	120.8566	277.0805	274.8311	2.5220	1.1000	1.1090
781.6259	120.8303	276.6634	274.8049	2.5225	1.1017	1.1092
781.7783	120.5551	272.9692	275.1706	2.5283	1.1166	1.1077
781.9307	120.5748	273.8908	274.6508	2.5279	1.1129	1.1098
782.0831	120.4419	268.5984	274.2166	2.5307	1.1348	1.1115
782.2355	119.1682	266.4426	269.6181	2.5577	1.1440	1.1305
782.3879	118.6309	270.7633	267.0843	2.5693	1.1257	1.1412
782.5403	118.4259	269.2214	266.8185	2.5738	1.1322	1.1423
782.6927	117.9993	268.7431	266.7261	2.5831	1.1342	1.1427
782.8451	117.6595	268.4636	266.695	2.5905	1.1353	1.1429
782.9975	117.3946	262.1007	267.7111	2.5964	1.1629	1.1385
783.1499	118.9519	266.1919	266.0798	2.5624	1.1450	1.1455
783.3023	119.0196	262.9061	263.6013	2.5609	1.1593	1.1563
783.4547	119.2687	262.7733	262.8387	2.5556	1.1599	1.1596
783.6071	119.6425	262.5723	262.7074	2.5476	1.1608	1.1602
783.7595	119.324	261.0764	262.6962	2.5544	1.1675	1.1603
783.9119	119.7155	261.597	261.5921	2.5460	1.1652	1.1652
784.0643	118.3482	251.7443	258.8994	2.5755	1.2108	1.1773
784.2167	115.6723	249.9195	251.1902	2.6350	1.2196	1.2134
784.3691	115.1544	252.9795	248.8272	2.6469	1.2048	1.2249
784.5215	116.2787	254.3663	249.0424	2.6213	1.1983	1.2239
784.6739	116.415	253.3259	253.4446	2.6182	1.2032	1.2026
784.8263	116.0816	252.239	254.3337	2.6257	1.2084	1.1984
784.9787	116.3008	259.0351	257.2496	2.6208	1.1767	1.1848
785.1311	118.5384	254.4695	261.0049	2.5713	1.1978	1.1678
785.2835	119.0175	260.42	262.0825	2.5610	1.1704	1.1630
785.4359	120.0165	266.5945	267.5786	2.5397	1.1433	1.1391
785.5883	120.0068	266.9229	269.9269	2.5399	1.1419	1.1292
785.7407	119.5505	265.074	267.2899	2.5496	1.1499	1.1403
785.8931	119.4285	262.3997	260.7261	2.5522	1.1616	1.1690
786.0455	118.8135	260.0798	259.0992	2.5654	1.1719	1.1764
786.1979	118.3582	257.0685	258.0121	2.5752	1.1857	1.1813
786.3503	118.5788	253.0918	252.7747	2.5704	1.2043	1.2058
786.5027	117.8553	241.7952	243.7456	2.5862	1.2606	1.2505
786.6551	117.2701	243.1468	241.5092	2.5991	1.2536	1.2621
786.8075	117.0971	241.7692	239.8723	2.6030	1.2607	1.2707
786.9599	115.7025	240.3158	239.3053	2.6343	1.2683	1.2737
787.1123	115.6723	239.1743	238.6102	2.6350	1.2744	1.2774
787.2647	115.0367	239.4314	238.3409	2.6496	1.2730	1.2788
787.4171	114.8864	240.8312	237.3291	2.6531	1.2656	1.2843
787.5695	115.8026	243.2982	240.6375	2.6321	1.2528	1.2666
787.7219	117.3206	255.6034	261.0542	2.5980	1.1925	1.1676
787.8743	116.7371	260.7561	265.5471	2.6110	1.1689	1.1478
788.0267	116.9001	263.7107	265.5198	2.6074	1.1558	1.1479
788.1791	118.1862	262.7182	265.3617	2.5790	1.1602	1.1486
788.3315	118.4345	262.107	265.3575	2.5736	1.1629	1.1486
788.4839	118.2785	261.386	263.9552	2.5770	1.1661	1.1547
788.6363	118.0052	255.5908	258.264	2.5829	1.1925	1.1802
788.7887	118.7182	256.0524	256.6297	2.5674	1.1904	1.1877
788.9411	118.3479	257.6148	256.0378	2.5755	1.1832	1.1904
789.0935	117.6765	256.5697	255.2088	2.5902	1.1880	1.1943
789.2459	118.2357	254.8313	252.3423	2.5779	1.1961	1.2079
789.3983	118.3099	256.4722	249.6921	2.5763	1.1884	1.2207
789.5507	118.9557	248.4108	259.2089	2.5623	1.2270	1.1759
789.7031	119.3228	261.1013	261.4477	2.5544	1.1674	1.1658
789.8555	119.3708	264.0589	262.0384	2.5534	1.1543	1.1632
790.0079	119.6783	255.2185	265.6503	2.5468	1.1943	1.1474
790.1603	119.5931	255.9705	268.0107	2.5486	1.1908	1.1373
790.3127	118.7619	242.7359	251.6256	2.5665	1.2557	1.2113
790.4651	116.7517	239.0188	244.9013	2.6107	1.2752	1.2446
790.6175	116.4168	238.4515	244.4596	2.6182	1.2782	1.2468
790.7699	116.1011	238.6622	241.7446	2.6253	1.2771	1.2608
790.9223	115.8011	238.2861	239.7951	2.6321	1.2791	1.2711
791.0747	115.9112	232.97	237.3457	2.6296	1.3083	1.2842
791.2271	116.0964	232.2249	241.5538	2.6254	1.3125	1.2618
791.3795	116.3357	240.9911	245.4413	2.6200	1.2648	1.2418
791.5319	117.7188	241.6065	248.8961	2.5892	1.2616	1.2246
791.6843	118.2436	250.5249	258.4407	2.5777	1.2166	1.1794
791.8367	118.7527	258.4912	265.7777	2.5667	1.1792	1.1468
791.9891	118.8186	262.4558	268.0337	2.5653	1.1613	1.1372
792.1415	119.7427	260.861	269.0249	2.5455	1.1684	1.1330
792.2939	119.8451	266.7155	268.8061	2.5433	1.1428	1.1339
792.4463	119.9527	259.6967	265.3167	2.5410	1.1737	1.1488
792.5987	119.9443	260.7943	263.8576	2.5412	1.1687	1.1552
792.7511	119.6268	259.8119	262.821	2.5479	1.1732	1.1597
792.9035	119.6276	263.9387	262.5239	2.5479	1.1548	1.1610
793.0559	119.4402	255.0976	262.7542	2.5519	1.1948	1.1600
793.2083	118.5446	259.126	263.2801	2.5712	1.1763	1.1577
793.3607	118.3855	261.0377	264.3376	2.5746	1.1676	1.1531
793.5131	118.4322	261.1765	269.4264	2.5736	1.1670	1.1313
793.6655	118.8878	264.1594	273.3499	2.5638	1.1538	1.1151
793.8179	119.5375	270.8246	274.8932	2.5498	1.1255	1.1088
793.9703	119.9749	274.29	277.3131	2.5405	1.1112	1.0991
794.1227	119.983	278.3838	277.4543	2.5404	1.0949	1.0986
794.2751	119.376	278.1713	277.5379	2.5533	1.0957	1.0982
794.4275	119.8866	281.4139	277.3551	2.5424	1.0831	1.0990
794.5799	120.3329	273.3574	275.8632	2.5330	1.1150	1.1049
794.7323	120.5803	268.7076	278.8344	2.5278	1.1343	1.0931
794.8847	121.4552	277.7309	281.1802	2.5096	1.0975	1.0840
795.0371	121.5648	280.8315	281.1768	2.5073	1.0853	1.0840
795.1895	121.9859	282.2185	281.4515	2.4986	1.0800	1.0830
795.3419	121.6353	280.4391	282.3515	2.5059	1.0869	1.0795
795.4943	121.1274	279.7831	283.4049	2.5164	1.0894	1.0755
795.6467	120.9578	275.1402	281.9274	2.5199	1.1078	1.0811
795.7991	120.8462	275.1366	278.7322	2.5222	1.1078	1.0935
795.9515	121.5935	276.5905	279.5444	2.5067	1.1020	1.0903
796.1039	121.7278	282.1527	279.1352	2.5039	1.0803	1.0919
796.2563	121.505	279.1286	277.5696	2.5085	1.0920	1.0981
796.4087	122.0252	277.9344	277.2891	2.4978	1.0967	1.0992
796.5611	122.0646	278.758	277.34	2.4970	1.0934	1.0990
796.7135	122.3088	279.4693	277.5927	2.4921	1.0906	1.0980
796.8659	122.6733	273.8279	276.9567	2.4846	1.1131	1.1005
797.0183	120.4733	264.2824	271.1318	2.5300	1.1533	1.1242
797.1707	119.9881	264.541	270.7355	2.5403	1.1522	1.1258
797.3231	120.4911	275.0738	276.4779	2.5296	1.1081	1.1024
797.4755	120.0993	275.0164	276.8277	2.5379	1.1083	1.1010
797.6279	120.1809	274.1345	276.6935	2.5362	1.1119	1.1016
797.7803	120.2479	274.0602	276.6601	2.5348	1.1122	1.1017
797.9327	119.9147	275.134	273.2348	2.5418	1.1078	1.1155
798.0851	119.876	267.0301	273.8271	2.5426	1.1414	1.1131
798.2375	118.5089	262.7167	260.7528	2.5720	1.1602	1.1689
798.3899	118.0081	251.3327	253.6618	2.5829	1.2127	1.2016
798.5423	118.2343	251.4741	252.8071	2.5779	1.2121	1.2057
798.6947	117.8857	252.8101	252.4322	2.5856	1.2056	1.2075
798.8471	118.1051	251.2068	249.6198	2.5808	1.2133	1.2211
798.9995	118.4666	251.2165	249.9832	2.5729	1.2133	1.2193
799.1519	118.7263	254.3607	255.8919	2.5672	1.1983	1.1911
799.3043	119.1854	257.4462	256.9718	2.5574	1.1839	1.1861
799.4567	119.5442	256.7711	257.003	2.5497	1.1870	1.1860
799.6091	119.8984	255.4478	257.1897	2.5422	1.1932	1.1851
799.7615	120.1727	256.0728	257.4486	2.5363	1.1903	1.1839
799.9139	120.1205	252.8596	260.3985	2.5375	1.2054	1.1705
800.0663	119.8768	254.8458	261.5	2.5426	1.1960	1.1656
800.2187	119.7831	262.3738	262.0673	2.5446	1.1617	1.1631
800.3711	119.7868	260.6174	262.1986	2.5445	1.1695	1.1625
800.5235	119.7056	261.2879	261.918	2.5462	1.1665	1.1637
800.6759	119.708	261.4623	262.2817	2.5462	1.1658	1.1621
800.8283	119.7048	263.9781	261.8724	2.5463	1.1546	1.1639
800.9807	119.0909	262.5769	265.4904	2.5594	1.1608	1.1481
801.1331	119	262.494	263.3781	2.5613	1.1612	1.1573
801.2855	118.7249	260.3081	258.7956	2.5673	1.1709	1.1778
801.4379	118.4742	255.8056	257.7599	2.5727	1.1915	1.1825
801.5903	118.5993	257.9367	257.4643	2.5700	1.1817	1.1839
801.7427	119.0726	254.4425	257.2515	2.5598	1.1979	1.1848
801.8951	119.552	245.4409	257.0113	2.5495	1.2418	1.1859
802.0475	119.1945	254.4481	255.2106	2.5572	1.1979	1.1943
802.1999	119.2839	243.8339	252.5595	2.5552	1.2500	1.2068
802.3523	119.2475	249.1625	250.821	2.5560	1.2233	1.2152
802.5047	118.7654	249.1138	248.9672	2.5664	1.2235	1.2243
802.6571	118.7464	248.4826	249.0291	2.5668	1.2266	1.2240
802.8095	117.9135	255.1534	248.7565	2.5849	1.1946	1.2253
802.9619	115.3358	236.4326	242.0665	2.6427	1.2892	1.2592
803.1143	113.1677	234.6593	234.8014	2.6933	1.2989	1.2981
803.2667	111.5637	231.8933	235.6215	2.7321	1.3144	1.2936
803.4191	112.8388	238.2465	241.3533	2.7012	1.2793	1.2629
803.5715	114.5797	239.4297	245.7108	2.6602	1.2730	1.2405
803.7239	115.8266	243.7899	248.1242	2.6315	1.2503	1.2284
803.8763	116.4201	249.4059	250.3365	2.6181	1.2221	1.2176
804.0287	117.5692	253.921	259.8335	2.5925	1.2004	1.1731
804.1811	114.785	254.1752	264.4839	2.6554	1.1992	1.1524
804.3335	111.7337	250.5461	246.8846	2.7279	1.2165	1.2346
804.4859	112.2885	236.7768	245.5928	2.7144	1.2873	1.2411
804.6383	113.6299	240.8636	249.2592	2.6824	1.2654	1.2228
804.7907	114.4825	254.8147	256.0656	2.6624	1.1962	1.1903
804.9431	116.7351	258.5685	256.7634	2.6110	1.1788	1.1871
805.0955	118.3729	254.9976	257.408	2.5749	1.1953	1.1841
805.2479	119.9962	266.9676	265.6826	2.5401	1.1417	1.1472
805.4003	120.8541	273.4953	277.93	2.5220	1.1145	1.0967
805.5527	120.918	274.6655	275.1839	2.5207	1.1097	1.1076
805.7051	120.4574	263.9162	268.8226	2.5304	1.1549	1.1338
805.8575	119.6803	264.2344	265.1226	2.5468	1.1535	1.1497
806.0099	117.262	264.6568	261.9405	2.5993	1.1517	1.1636
806.1623	116.8492	254.181	260.3508	2.6085	1.1991	1.1707
806.3147	115.993	257.3578	263.4707	2.6277	1.1843	1.1569
806.4671	117.1745	263.9809	265.216	2.6012	1.1546	1.1493
806.6195	116.9842	263.9669	264.9921	2.6055	1.1547	1.1502
806.7719	115.8799	262.3488	265.5666	2.6303	1.1618	1.1477
806.9243	115.86	263.2498	265.4704	2.6308	1.1578	1.1482
807.0767	116.5549	264.3402	265.7313	2.6151	1.1531	1.1470
807.2291	117.0789	257.6715	265.9463	2.6034	1.1829	1.1461
807.3815	117.2176	263.1571	265.1436	2.6003	1.1582	1.1496
807.5339	117.7867	263.8206	265.2358	2.5877	1.1553	1.1492
807.6863	121.5566	249.2585	266.5261	2.5075	1.2228	1.1436
807.8387	121.9779	249.2571	271.3423	2.4988	1.2228	1.1233
807.9911	115.3694	249.2594	255.9104	2.6419	1.2228	1.1910
808.1435	117.251	252.7912	255.8239	2.5996	1.2057	1.1914
808.2959	117.528	251.8056	255.8423	2.5934	1.2105	1.1914
808.4483	117.5951	257.8051	255.892	2.5919	1.1823	1.1911
808.6007	117.6958	251.9459	255.7927	2.5897	1.2098	1.1916
808.7531	117.3489	252.7052	255.8588	2.5974	1.2061	1.1913
808.9055	115.3679	252.5041	255.8048	2.6420	1.2071	1.1915
809.0579	117.1234	252.1561	255.8965	2.6024	1.2088	1.1911
809.2103	115.3536	256.9813	255.7909	2.6423	1.1861	1.1916
809.3627	115.8532	252.8841	255.8598	2.6309	1.2053	1.1913
809.5151	115.7256	252.9222	255.9268	2.6338	1.2051	1.1910
809.6675	115.3413	255.7281	255.8822	2.6426	1.1919	1.1912
809.8199	114.8166	252.388	255.834	2.6547	1.2077	1.1914
809.9723	115.1889	255.0215	258.9669	2.6461	1.1952	1.1770
810.1247	115.6759	258.1881	262.0391	2.6349	1.1805	1.1632
810.2771	115.963	267.5204	262.2389	2.6284	1.1394	1.1623
810.4295	115.9839	263.9004	262.2628	2.6280	1.1550	1.1622
810.5819	116.2916	263.9339	262.1444	2.6210	1.1548	1.1627
810.7343	115.2019	264.7803	262.1048	2.6458	1.1511	1.1629
810.8867	114.3826	265.0938	262.0208	2.6647	1.1498	1.1633
811.0391	113.6987	261.6926	261.4685	2.6808	1.1647	1.1657
811.1915	113.1041	263.1357	259.3288	2.6949	1.1583	1.1753
811.3439	114.1292	249.5605	260.7591	2.6707	1.2213	1.1689
811.4963	115.8889	251.9144	259.6261	2.6301	1.2099	1.1740
811.6487	116.1683	259.2397	259.36	2.6238	1.1757	1.1752
811.8011	115.8816	258.9535	259.4282	2.6303	1.1770	1.1749
811.9535	115.9673	258.0892	259.4928	2.6283	1.1810	1.1746
812.1059	115.9786	258.6397	259.5338	2.6281	1.1785	1.1744
812.2583	116.009	260.3268	259.5581	2.6274	1.1708	1.1743
812.4107	116.1677	260.169	260.4334	2.6238	1.1715	1.1704
812.5631	116.5675	262.6446	259.6884	2.6148	1.1605	1.1737
812.7155	117.003	261.4292	261.1631	2.6051	1.1659	1.1671
812.8679	117.5759	264.0677	261.5933	2.5924	1.1542	1.1652
813.0203	117.985	261.6095	262.4204	2.5834	1.1651	1.1615
813.1727	118.4822	265.3336	267.8931	2.5725	1.1487	1.1378
813.3251	118.1835	262.9534	264.3652	2.5790	1.1591	1.1530
813.4775	117.5312	262.8706	262.2084	2.5934	1.1595	1.1624
813.6299	117.5378	259.934	261.3988	2.5932	1.1726	1.1660
813.7823	117.0573	259.7088	260.1031	2.6039	1.1736	1.1718
813.9347	115.771	254.6347	256.4696	2.6328	1.1970	1.1884
814.0871	114.8146	243.7006	249.3798	2.6547	1.2507	1.2222
814.2395	114.3459	248.4893	249.326	2.6656	1.2266	1.2225
814.3919	113.5508	250.2254	249.622	2.6843	1.2181	1.2210
814.5443	113.2258	249.3922	249.7968	2.6920	1.2222	1.2202
814.6967	112.144	248.8588	249.6033	2.7179	1.2248	1.2211
814.8491	112.1569	250.7711	250.1591	2.7176	1.2155	1.2184
815.0015	112.923	245.1541	250.6996	2.6992	1.2433	1.2158
815.1539	113.6782	243.0687	250.1943	2.6813	1.2540	1.2183
815.3063	114.6337	252.0325	249.4743	2.6589	1.2094	1.2218
815.4587	115.019	252.0397	250.0636	2.6500	1.2093	1.2189
815.6111	114.9224	251.9108	249.8691	2.6522	1.2100	1.2198
815.7635	114.8211	256.0534	254.2961	2.6546	1.1904	1.1986
815.9159	114.6515	257.5381	259.4172	2.6585	1.1835	1.1749
816.0683	114.3511	259.4978	261.5888	2.6655	1.1746	1.1652
816.2207	114.3477	263.3651	262.9305	2.6656	1.1573	1.1592
816.3731	114.4809	263.3144	262.7024	2.6625	1.1576	1.1602
816.5255	114.6931	262.7385	262.9095	2.6575	1.1601	1.1593
816.6779	114.5402	262.1632	261.9136	2.6611	1.1626	1.1637
816.8303	114.1015	254.8141	259.6662	2.6713	1.1962	1.1738
816.9827	113.586	256.752	257.3237	2.6834	1.1871	1.1845
817.1351	113.1664	258.4609	254.4685	2.6934	1.1793	1.1978
817.2875	112.7708	245.6703	250.9574	2.7028	1.2407	1.2145
817.4399	112.6726	251.6956	249.9509	2.7052	1.2110	1.2194
817.5923	112.7226	246.8291	250.8388	2.7040	1.2349	1.2151
817.7447	112.5899	250.2825	250.8082	2.7072	1.2178	1.2153
817.8971	112.5307	251.2031	250.5466	2.7086	1.2134	1.2165
818.0495	112.6095	253.0719	251.6371	2.7067	1.2044	1.2113
818.2019	112.8271	251.5688	252.2635	2.7015	1.2116	1.2083
818.3543	112.9228	250.4123	255.7526	2.6992	1.2172	1.1918
818.5067	113.1068	255.6792	256.5023	2.6948	1.1921	1.1883
818.6591	113.1204	254.7859	256.0946	2.6945	1.1963	1.1902
818.8115	113.1207	254.2165	255.5646	2.6945	1.1990	1.1927
818.9639	112.9528	253.9001	255.523	2.6985	1.2005	1.1928
819.1163	112.7827	253.1202	255.4165	2.7025	1.2042	1.1933
819.2687	112.4771	254.6094	254.2687	2.7099	1.1971	1.1987
819.4211	112.5853	247.4598	252.6714	2.7073	1.2317	1.2063
819.5735	112.8141	252.821	253.2461	2.7018	1.2056	1.2036
819.7259	113.4813	254.1349	255.5521	2.6859	1.1994	1.1927
819.8783	113.8452	255.1789	256.6295	2.6773	1.1945	1.1877
820.0307	113.9802	255.8585	257.2484	2.6741	1.1913	1.1848
820.1831	113.8315	256.4279	257.4052	2.6776	1.1886	1.1841
820.3355	114.0019	257.4703	257.6456	2.6736	1.1838	1.1830
820.4879	114.1628	256.8598	258.6062	2.6699	1.1866	1.1786
820.6403	114.0037	258.3116	257.9174	2.6736	1.1800	1.1818
820.7927	113.8742	256.1665	255.6861	2.6766	1.1899	1.1921
820.9451	113.7756	252.5846	252.8257	2.6790	1.2067	1.2056
821.0975	113.6015	252.9519	251.5873	2.6831	1.2050	1.2115
821.2499	113.5596	251.2371	251.1048	2.6841	1.2132	1.2138
821.4023	113.4966	252.7024	250.7945	2.6855	1.2062	1.2153
821.5547	113.4717	248.2843	250.0285	2.6861	1.2276	1.2191
821.7071	113.3994	243.879	248.6178	2.6878	1.2498	1.2260
821.8595	113.7438	246.5707	249.7343	2.6797	1.2362	1.2205
822.0119	114.0472	249.6092	250.4448	2.6726	1.2211	1.2170
822.1643	114.0774	250.1896	250.8307	2.6719	1.2183	1.2152
822.3167	114.3933	249.3309	250.7645	2.6645	1.2225	1.2155
822.4691	114.9538	250.2419	251.019	2.6515	1.2180	1.2143
822.6215	115.7855	251.2428	254.5229	2.6325	1.2132	1.1975
822.7739	116.6778	258.8152	258.9506	2.6123	1.1777	1.1771
822.9263	116.6432	256.5293	259.151	2.6131	1.1882	1.1761
823.0787	116.4755	258.3571	257.6443	2.6169	1.1798	1.1830
823.2311	116.3868	256.6342	257.5669	2.6189	1.1877	1.1834
823.3835	116.2597	254.6214	256.9507	2.6217	1.1971	1.1862
823.5359	115.8751	254.2229	253.4856	2.6304	1.1989	1.2024
823.6883	116.4956	250.6363	254.0723	2.6164	1.2161	1.1997
823.8407	116.5892	253.0627	256.7069	2.6143	1.2044	1.1873
823.9931	116.5713	257.2861	256.8738	2.6147	1.1847	1.1866
824.1455	116.7467	255.9367	256.8507	2.6108	1.1909	1.1867
824.2979	116.6213	253.4072	257.1383	2.6136	1.2028	1.1854
824.4503	115.9682	254.3134	258.0232	2.6283	1.1985	1.1813
824.6027	114.8735	254.0376	252.5882	2.6534	1.1998	1.2067
824.7551	113.9352	250.8728	247.9827	2.6752	1.2150	1.2291
824.9075	113.6152	252.5658	248.9301	2.6827	1.2068	1.2244
825.0599	113.4399	249.045	247.1541	2.6869	1.2239	1.2332
825.2123	113.2521	243.957	247.0258	2.6913	1.2494	1.2339
825.3647	113.2681	248.5314	246.7448	2.6910	1.2264	1.2353
825.5171	113.6372	247.9009	247.9443	2.6822	1.2295	1.2293
825.6695	114.0255	247.0076	247.9614	2.6731	1.2340	1.2292
825.8219	114.1196	249.8824	247.7439	2.6709	1.2198	1.2303
825.9743	114.1025	248.8661	247.6078	2.6713	1.2248	1.2310
826.1267	114.2602	243.6771	247.3587	2.6676	1.2508	1.2322
826.2791	114.5912	243.4538	245.1815	2.6599	1.2520	1.2432
826.4315	114.4594	242.773	246.8855	2.6630	1.2555	1.2346
826.5839	113.6229	243.8857	250.4441	2.6826	1.2498	1.2170
826.7363	113.2983	246.958	249.4998	2.6902	1.2342	1.2216
826.8887	113.3768	247.6424	249.4657	2.6884	1.2308	1.2218
827.0411	113.4213	247.1399	249.4451	2.6873	1.2333	1.2219
827.1935	113.4421	246.0204	248.6816	2.6868	1.2389	1.2257
827.3459	113.2889	244.7759	246.9727	2.6905	1.2452	1.2341
827.4983	112.546	244.3853	245.5674	2.7082	1.2472	1.2412
827.6507	112.1652	241.8369	243.3148	2.7174	1.2604	1.2527
827.8031	111.6386	240.004	242.3607	2.7302	1.2700	1.2576
827.9555	111.4905	239.7105	242.394	2.7339	1.2715	1.2575
828.1079	111.5328	239.1975	241.3232	2.7328	1.2743	1.2630
828.2603	112.4135	237.8991	239.8217	2.7114	1.2812	1.2709
828.4127	113.0781	235.7678	240.0957	2.6955	1.2928	1.2695
828.5651	113.3145	235.8992	239.4884	2.6899	1.2921	1.2727
828.7175	113.4841	237.2654	238.8871	2.6858	1.2846	1.2759
828.8699	113.6561	237.574	238.8523	2.6818	1.2830	1.2761
829.0223	113.8171	237.4453	238.8781	2.6780	1.2837	1.2760
829.1747	113.935	237.0125	239.0114	2.6752	1.2860	1.2753
829.3271	113.7859	238.1947	238.8885	2.6787	1.2796	1.2759
829.4795	113.8856	232.4487	239.1487	2.6764	1.3113	1.2745
829.6319	114.7237	235.3039	240.9146	2.6568	1.2953	1.2652
829.7843	116.1263	242.211	247.4163	2.6247	1.2584	1.2319
829.9367	117.3803	257.315	257.7971	2.5967	1.1845	1.1823
830.0891	119.3156	264.8677	265.3585	2.5546	1.1508	1.1486
830.2415	120.7157	271.0377	271.9526	2.5249	1.1246	1.1208
830.3939	120.8885	273.476	275.4793	2.5213	1.1145	1.1064
830.5463	120.9993	272.1219	272.6744	2.5190	1.1201	1.1178
830.6987	121.1755	258.825	267.8199	2.5154	1.1776	1.1381
830.8511	120.4828	258.3513	258.7227	2.5298	1.1798	1.1781
831.0035	120.551	251.7161	256.4907	2.5284	1.2109	1.1883
831.1559	120.3446	247.2	252.3586	2.5327	1.2330	1.2078
831.3083	118.0017	243.2298	245.7485	2.5830	1.2531	1.2403
831.4607	118.289	237.7634	245.0959	2.5767	1.2819	1.2436
831.6131	118.1973	240.3748	244.7273	2.5787	1.2680	1.2455
831.7655	118.314	238.563	246.2679	2.5762	1.2776	1.2377
831.9179	119.0885	238.9792	248.0699	2.5594	1.2754	1.2287
832.0703	118.6298	247.8467	249.3659	2.5693	1.2298	1.2223
832.2227	117.7756	247.1192	252.0458	2.5880	1.2334	1.2093
832.3751	117.7432	253.3776	254.2178	2.5887	1.2029	1.1990
832.5275	118.0123	254.7175	255.4159	2.5828	1.1966	1.1933
832.6799	119.0456	255.9872	255.5667	2.5604	1.1907	1.1926
832.8323	121.7814	255.6136	256.6267	2.5028	1.1924	1.1877
832.9847	122.2644	264.8893	266.1283	2.4930	1.1507	1.1453
833.1371	125.5711	280.3174	278.2355	2.4273	1.0873	1.0955
833.2895	127.4516	292.6781	296.4344	2.3915	1.0414	1.0282
833.4419	128.0718	291.7194	296.5932	2.3799	1.0448	1.0277
833.5943	128.3255	304.6715	297.6033	2.3752	1.0004	1.0242
833.7467	127.9678	302.6595	298.7164	2.3818	1.0071	1.0204
833.8991	127.4063	303.7032	300.3614	2.3923	1.0036	1.0148
834.0515	127.5252	302.3133	301.2862	2.3901	1.0082	1.0117
834.2039	126.497	295.3977	298.894	2.4095	1.0318	1.0198
834.3563	125.5747	293.1385	299.3458	2.4272	1.0398	1.0182
834.5087	124.0975	290.5479	297.1303	2.4561	1.0491	1.0258
834.6611	124.9623	294.7928	292.3773	2.4391	1.0339	1.0425
834.8135	124.494	294.029	290.7664	2.4483	1.0366	1.0483
834.9659	124.2606	291.0736	289.3626	2.4529	1.0472	1.0533
835.1183	122.9967	279.5949	285.144	2.4781	1.0901	1.0689
835.2707	120.1948	277.4394	280.5024	2.5359	1.0986	1.0866
835.4231	119.9723	276.0816	276.6054	2.5406	1.1040	1.1019
835.5755	118.8391	275.6367	266.906	2.5648	1.1058	1.1420
835.7279	117.857	263.9498	265.3473	2.5862	1.1548	1.1487
835.8803	117.7071	257.9871	260.7328	2.5895	1.1815	1.1690
836.0327	118.555	254.2596	256.8215	2.5710	1.1988	1.1868
836.1851	117.6404	258.2741	256.273	2.5909	1.1801	1.1894
836.3375	116.1685	259.3259	256.2955	2.6238	1.1754	1.1893
836.4899	115.3051	255.6804	255.545	2.6434	1.1921	1.1927
836.6423	115.8422	254.9607	258.8877	2.6312	1.1955	1.1773
836.7947	115.116	262.8655	261.8207	2.6478	1.1595	1.1642
836.9471	116.405	261.1004	263.6959	2.6184	1.1674	1.1559
837.0995	117.361	263.4201	263.883	2.5971	1.1571	1.1551
837.2519	115.9797	261.8148	262.5814	2.6280	1.1642	1.1608
837.4043	117.9252	256.8234	261.3571	2.5847	1.1868	1.1662
837.5567	118.9303	261.2293	270.7082	2.5628	1.1668	1.1259
837.7091	119.1033	267.1794	273.5507	2.5591	1.1408	1.1142
837.8615	119.3391	267.5562	270.7959	2.5541	1.1392	1.1256
838.0139	120.5148	266.7866	270.1889	2.5291	1.1425	1.1281
838.1663	118.6617	259.8466	267.4901	2.5686	1.1730	1.1395
838.3187	117.8526	263.2662	259.5368	2.5863	1.1578	1.1744
838.4711	116.4371	256.0458	256.2654	2.6177	1.1904	1.1894
838.6234	116.3474	249.0121	256.6203	2.6197	1.2240	1.1877
838.7758	117.1921	254.6445	257.6476	2.6009	1.1970	1.1830
838.9282	117.5706	257.3275	259.7042	2.5925	1.1845	1.1736
839.0806	117.4499	257.3752	259.8423	2.5951	1.1843	1.1730
839.2330	117.5333	259.924	259.9377	2.5933	1.1727	1.1726
839.3854	117.8474	257.9142	259.7584	2.5864	1.1818	1.1734
839.5378	116.9141	260.1943	258.7577	2.6070	1.1714	1.1779
839.6902	116.5901	253.7036	256.3759	2.6143	1.2014	1.1889
839.8426	116.3449	249.3438	259.3231	2.6198	1.2224	1.1754
839.9950	117.8165	262.0253	267.4104	2.5871	1.1632	1.1398
840.1474	118.6506	275.8495	277.3638	2.5689	1.1050	1.0989
840.2998	120.9055	278.3633	280.9193	2.5210	1.0950	1.0850
840.4522	120.7121	279.1822	281.452	2.5250	1.0918	1.0830
840.6046	122.4277	277.8231	282.2897	2.4896	1.0971	1.0797
840.7570	122.6788	276.5931	280.6745	2.4845	1.1020	1.0860
840.9094	122.2684	276.1397	278.8685	2.4929	1.1038	1.0930
841.0618	121.399	263.7476	274.1902	2.5107	1.1557	1.1116
841.2142	120.9721	269.7404	272.1964	2.5196	1.1300	1.1198
841.3666	120.8411	270.1777	271.9731	2.5223	1.1281	1.1207
841.5190	120.8861	268.3119	271.8993	2.5214	1.1360	1.1210
841.6714	121.1662	266.3465	271.7744	2.5156	1.1444	1.1215
841.8238	121.2908	268.3766	271.7531	2.5130	1.1357	1.1216
841.9762	121.0842	271.8066	271.7474	2.5173	1.1214	1.1216
842.1286	121.3168	266.4529	271.5138	2.5124	1.1439	1.1226
842.2810	121.0191	268.1123	271.5999	2.5186	1.1368	1.1222
842.4334	120.8809	268.8265	271.4772	2.5215	1.1338	1.1227
842.5858	120.8174	264.8103	271.6703	2.5228	1.1510	1.1219
842.7382	120.6394	265.381	271.2081	2.5265	1.1485	1.1239
842.8906	120.7642	267.1107	270.9599	2.5239	1.1411	1.1249
843.0430	121.1306	264.6113	270.7516	2.5163	1.1519	1.1258
843.1954	121.1332	268.0882	270.7213	2.5162	1.1369	1.1259
843.3478	121.0321	267.7185	270.6522	2.5183	1.1385	1.1262
843.5002	121.4901	266.9743	270.6729	2.5088	1.1417	1.1261
843.6526	122.5353	267.2385	270.5349	2.4874	1.1406	1.1267
843.8050	123.0112	-999.2500	270.3686	2.4778	1.1457	1.1273
843.9574	123.1132	-999.2500	-999.2500	2.4758	-999.2500	-999.2500
844.1098	123.1361	-999.2500	-999.2500	2.4758	-999.2500	-999.2500
844.2622	123.1222	-999.2500	-999.2500	2.4756	-999.2500	-999.2500
844.4146	123.0105	-999.2500	-999.2500	2.4778	-999.2500	-999.2500
844.5670	122.7686	-999.2500	-999.2500	2.4827	-999.2500	-999.2500
844.7194	122.4331	-999.2500	-999.2500	2.4895	-999.2500	-999.2500
844.8718	122.1027	-999.2500	-999.2500	2.4963	-999.2500	-999.2500
845.0242	121.9132	-999.2500	-999.2500	2.5001	-999.2500	-999.2500
845.1766	121.8966	-999.2500	-999.2500	2.5005	-999.2500	-999.2500
845.3290	121.8809	-999.2500	-999.2500	2.5008	-999.2500	-999.2500
845.4814	121.9042	-999.2500	-999.2500	2.5003	-999.2500	-999.2500
845.6338	121.9573	-999.2500	-999.2500	2.4992	-999.2500	-999.2500
845.7862	122.0140	-999.2500	-999.2500	2.4981	-999.2500	-999.2500
845.9386	122.0016	-999.2500	-999.2500	2.4983	-999.2500	-999.2500
846.0910	121.9990	-999.2500	-999.2500	2.4984	-999.2500	-999.2500
846.2434	122.0005	-999.2500	-999.2500	2.4984	-999.2500	-999.2500
846.3958	121.9877	-999.2500	-999.2500	2.4986	-999.2500	-999.2500
846.5482	121.9947	-999.2500	-999.2500	2.4985	-999.2500	-999.2500
846.7006	122.0097	-999.2500	-999.2500	2.4982	-999.2500	-999.2500
846.8530	122.0113	-999.2500	-999.2500	2.4981	-999.2500	-999.2500
847.0054	122.0125	-999.2500	-999.2500	2.4981	-999.2500	-999.2500
847.1578	122.0222	-999.2500	-999.2500	2.4979	-999.2500	-999.2500
847.3102	122.0216	-999.2500	-999.2500	2.4979	-999.2500	-999.2500
847.4626	122.0159	-999.2500	-999.2500	2.4980	-999.2500	-999.2500
847.6150	122.0157	-999.2500	-999.2500	2.4980	-999.2500	-999.2500


