HOLE:	U1507B
EXPEDITION:	371
TOP:	740.1731
BOTTOM:	855.9970
DEPTH_WMSF	RLA1	RLA2	RLA3	RLA4	RLA5	RM_HRLT	RT_HRLT
m	ohm.m	ohm.m	ohm.m	ohm.m	ohm.m	ohm.m	ohm.m
740.1731	-999.25	-999.25	-999.25	-999.25	-999.25	-999.25	-999.25
740.3255	3.281782	3.16844	3.161881	3.190996	3.312568	0.2714302	3.225074
740.4779	3.281782	3.16844	3.161881	3.190996	3.312568	0.2714302	3.225074
740.6303	3.290073	3.173042	3.1654	3.204042	3.318633	0.2714425	3.232292
740.7827	3.293581	3.169813	3.162852	3.202327	3.320161	0.2715146	3.23185
740.9351	3.294058	3.173239	3.165926	3.197784	3.31885	0.2713944	3.231975
741.0875	3.28156	3.1653	3.158625	3.192513	3.312633	0.271434	3.224164
741.2399	3.293016	3.169037	3.166263	3.196877	3.313966	0.2711584	3.229756
741.3923	3.28562	3.167327	3.15834	3.190866	3.308769	0.2707883	3.224021
741.5447	3.264385	3.136014	3.117342	3.153023	3.271363	0.270806	3.190267
741.6971	3.252452	3.118856	3.097488	3.12507	3.241252	0.2704772	3.168564
741.8495	3.270864	3.128564	3.101265	3.130984	3.253553	0.2694042	3.178485
742.0019	3.227227	3.090427	3.073379	3.098487	3.226345	0.2690564	3.145076
742.1543	3.020185	2.888127	2.876839	2.897928	3.021972	0.2701802	2.943079
742.3067	2.931432	2.819271	2.79137	2.817084	2.934507	0.2705945	2.860356
742.4591	3.041833	2.919339	2.895931	2.919765	3.04052	0.270666	2.965246
742.6115	3.161188	3.029371	3.004798	3.023919	3.150706	0.2702403	3.075359
742.7639	3.294371	3.16554	3.150756	3.180303	3.308645	0.2706767	3.222034
742.9163	3.16009	3.057984	3.041606	3.064894	3.20023	0.2716839	3.106431
743.0687	3.302519	3.173419	3.168303	3.186891	3.343266	0.2709914	3.237492
743.2211	3.315217	3.181299	3.183245	3.200697	3.361896	0.2708455	3.245395
743.3735	3.310438	3.182745	3.186592	3.19536	3.358946	0.2710407	3.244255
743.5259	3.317957	3.183898	3.184866	3.206449	3.366039	0.2707859	3.248598
743.6783	3.347928	3.225333	3.215143	3.249642	3.411253	0.2708734	3.295377
743.8307	3.302391	3.179194	3.15964	3.209133	3.364653	0.271137	3.248739
743.9831	3.302328	3.179322	3.157376	3.207488	3.36329	0.2715736	3.247542
744.1355	3.292998	3.174358	3.156215	3.204339	3.360744	0.2720886	3.243011
744.2879	3.463812	3.323466	3.346489	3.402591	3.579369	0.2710503	3.445625
744.4403	3.695222	3.582485	3.556781	3.571267	3.762975	0.2699962	3.641053
744.5927	3.272968	3.146418	3.121963	3.133944	3.301285	0.2707693	3.197167
744.7451	3.260913	3.144962	3.117536	3.137293	3.304808	0.270773	3.195285
744.8975	3.266004	3.141045	3.115221	3.137259	3.301526	0.2701593	3.194187
745.0499	3.261521	3.137909	3.112764	3.137126	3.300838	0.2703313	3.192293
745.2023	3.255483	3.135694	3.105572	3.131185	3.297141	0.2701983	3.187135
745.3547	3.247054	3.122052	3.08954	3.116086	3.274725	0.2698231	3.172048
745.5071	3.137872	2.993168	2.957758	2.993594	3.140635	0.2699901	3.04703
745.6595	3.155416	2.993113	2.962123	2.999222	3.13185	0.26979	3.05052
745.8119	3.081074	2.961704	2.93478	2.967738	3.094101	0.2698486	3.009573
745.9643	3.120458	3.013327	2.988881	3.02118	3.14265	0.2705177	3.058474
746.1167	3.274465	3.180702	3.155384	3.194865	3.323574	0.2698802	3.225888
746.2691	3.678838	3.556074	3.545314	3.568388	3.70436	0.2679769	3.612984
746.4215	3.314313	3.206139	3.201767	3.219288	3.345494	0.2694343	3.260672
746.5739	3.070408	2.953949	2.951374	2.967949	3.082888	0.2706496	3.00702
746.7263	3.061883	2.936145	2.934224	2.948547	3.06884	0.2696791	2.991809
746.8787	3.054596	2.932961	2.932519	2.947117	3.066388	0.269202	2.988522
747.0311	3.059817	2.939096	2.932869	2.952836	3.070174	0.2692559	2.992757
747.1835	3.070549	2.940381	2.936477	2.958241	3.07496	0.2692678	2.998131
747.3359	3.103534	2.965195	2.960591	2.979448	3.097437	0.2688334	3.023177
747.4883	3.239468	3.102315	3.073064	3.104373	3.221786	0.269151	3.149601
747.6407	3.328684	3.217117	3.214686	3.23751	3.362316	0.2688266	3.273069
747.7931	3.735417	3.609833	3.600748	3.620043	3.772969	0.2675197	3.67187
747.9455	3.263244	3.12825	3.13153	3.135549	3.296412	0.2695143	3.186696
748.0979	3.236638	3.099075	3.103388	3.105909	3.267861	0.2701397	3.157584
748.2503	3.219154	3.086141	3.094047	3.08786	3.253166	0.2692841	3.143479
748.4027	3.212875	3.080101	3.086918	3.088207	3.246565	0.2690391	3.138369
748.5551	3.209768	3.077263	3.078115	3.079054	3.238816	0.2692425	3.13176
748.7075	3.1801	3.050802	3.052173	3.054889	3.214003	0.2694326	3.105861
748.8599	3.181474	3.054526	3.054312	3.058324	3.216622	0.2708933	3.115934
749.0123	3.14095	3.007578	2.998785	3.001172	3.154403	0.271848	3.062033
749.1647	3.646361	3.478323	3.399884	3.424133	3.578585	0.2700384	3.498152
749.3171	3.213231	3.072638	3.047313	3.053766	3.196276	0.2722766	3.118023
749.4695	3.433664	3.294406	3.26299	3.273426	3.41153	0.2727857	3.33493
749.6219	3.767928	3.615328	3.584141	3.604254	3.753912	0.2709868	3.66647
749.7743	3.799122	3.644097	3.613079	3.634357	3.783612	0.2720911	3.696184
749.9267	3.860433	3.698888	3.664459	3.682734	3.834392	0.271387	3.748654
750.0791	3.95203	3.821974	3.793888	3.84292	3.996153	0.2708962	3.886746
750.2315	3.416207	3.282798	3.278038	3.329877	3.45817	0.2725691	3.357155
750.3839	3.339621	3.181309	3.183565	3.231369	3.346194	0.2729262	3.249895
750.5363	3.312863	3.165716	3.17706	3.219251	3.339435	0.2731238	3.238247
750.6887	3.304218	3.16738	3.175654	3.224467	3.342616	0.2739747	3.238727
750.8411	3.544856	3.395244	3.376537	3.429544	3.547025	0.2726735	3.460832
750.9935	3.998837	3.897247	3.860216	3.876598	4.016486	0.27095	3.931873
751.1459	3.352951	3.232305	3.217372	3.225297	3.356355	0.2725419	3.278212
751.2983	3.23452	3.096343	3.082367	3.088594	3.213945	0.272915	3.144332
751.4507	3.202828	3.070041	3.059786	3.061323	3.191381	0.2717766	3.118493
751.6031	3.188517	3.064153	3.042406	3.053725	3.177209	0.2721033	3.106446
751.7555	3.131168	2.9833	2.938726	2.940064	3.059745	0.2727107	2.996248
751.9079	3.315594	3.174553	3.118603	3.14954	3.280709	0.2729126	3.207893
752.0603	3.35699	3.238013	3.222738	3.237953	3.377781	0.2734214	3.287525
752.2127	3.549257	3.420762	3.422286	3.43353	3.582804	0.2733448	3.477662
752.3651	3.546756	3.426856	3.431067	3.439696	3.5873	0.2742179	3.48339
752.5175	3.566197	3.437702	3.43631	3.45002	3.59108	0.2748401	3.49806
752.6699	3.613758	3.485689	3.482676	3.502113	3.643535	0.2756102	3.547517
752.8223	3.615571	3.497813	3.471626	3.51138	3.64612	0.2753022	3.549335
752.9747	3.881517	3.739632	3.714659	3.767769	3.908833	0.2740927	3.805996
753.1271	3.336044	3.182291	3.179929	3.220898	3.360884	0.2752794	3.259666
753.2795	3.20499	3.056415	3.06233	3.097814	3.23812	0.275747	3.127366
753.4319	3.195264	3.053944	3.04141	3.08695	3.219229	0.2755123	3.121726
753.5843	3.351696	3.209457	3.166076	3.214495	3.353343	0.2756295	3.261281
753.7367	3.651438	3.513135	3.475821	3.52616	3.679184	0.2746204	3.570569
753.8891	3.761959	3.632396	3.591451	3.640213	3.789461	0.2739481	3.685991
754.0415	3.468178	3.356531	3.339473	3.382966	3.525481	0.2744132	3.42143
754.1939	3.126829	3.014801	3.020657	3.059195	3.195978	0.2752429	3.089631
754.3463	2.94223	2.832467	2.825837	2.853094	2.975753	0.2755384	2.887592
754.4987	3.131564	3.00229	2.998223	3.023127	3.154798	0.2735106	3.063331
754.6511	3.296195	3.177324	3.151493	3.173146	3.32545	0.2716766	3.226962
754.8035	3.157177	3.055422	3.033183	3.067485	3.210328	0.2720675	3.110197
754.9559	2.985666	2.888496	2.869198	2.899817	3.039433	0.272193	2.941297
755.1083	2.957015	2.851003	2.83484	2.86252	2.994725	0.2716728	2.902596
755.2607	2.989282	2.87646	2.862197	2.888862	3.021188	0.2716228	2.930187
755.4131	2.961425	2.842272	2.839266	2.873044	3.001604	0.2721671	2.906153
755.5655	3.146055	3.037387	3.021096	3.064041	3.186657	0.2715031	3.093396
755.7179	3.172904	3.071575	3.061073	3.098337	3.233161	0.2713059	3.133052
755.8703	3.164354	3.060442	3.058651	3.077217	3.214594	0.2717046	3.119201
756.0227	3.157332	3.050078	3.043146	3.077739	3.213158	0.2715811	3.113575
756.1751	3.149252	3.047704	3.04226	3.065674	3.202486	0.2710956	3.105679
756.3275	3.183028	3.090878	3.105712	3.121596	3.277963	0.2702245	3.169677
756.4799	3.180714	3.057593	3.023735	3.070511	3.212053	0.2692443	3.111756
756.6323	3.04652	2.912014	2.896212	2.945028	3.092887	0.2686346	2.983366
756.7847	2.989289	2.864063	2.853191	2.892741	3.03775	0.2681754	2.93186
756.9371	2.969217	2.850391	2.839562	2.880692	3.030009	0.2679026	2.920333
757.0895	2.968396	2.845486	2.838625	2.878472	3.024101	0.267702	2.916082
757.2419	2.969523	2.851284	2.839208	2.879322	3.02548	0.2680633	2.918936
757.3943	2.942845	2.823904	2.822439	2.858939	3.008664	0.2694922	2.898388
757.5467	3.05128	2.931002	2.914155	2.937333	3.093707	0.2678487	2.986453
757.6991	3.232282	3.138836	3.139599	3.152796	3.33445	0.2678304	3.221912
757.8515	2.786543	2.658548	2.6361	2.675935	2.828056	0.2700112	2.719024
758.0039	3.024473	2.904266	2.899971	2.933836	3.108325	0.2682638	2.987269
758.1563	3.012082	2.90802	2.893908	2.926697	3.097322	0.2682477	2.980256
758.3087	3.033286	2.915701	2.904808	2.933746	3.101122	0.2687064	2.985286
758.4611	3.02519	2.910758	2.901394	2.929452	3.099615	0.2685976	2.982747
758.6135	3.009292	2.90685	2.893582	2.924492	3.095671	0.2691807	2.97842
758.7659	3.02971	2.931627	2.91811	2.94906	3.118636	0.2698354	3.003015
758.9183	3.239362	3.15882	3.152732	3.187398	3.370891	0.2686974	3.255864
759.0707	3.206367	3.099036	3.104855	3.147112	3.31856	0.2688095	3.206148
759.2231	2.913978	2.800135	2.806255	2.856545	3.01972	0.270611	2.905457
759.3755	2.832991	2.718252	2.715614	2.762482	2.926454	0.2702695	2.810508
759.5279	2.881196	2.760301	2.760068	2.803383	2.964684	0.2697653	2.849699
759.6803	2.893759	2.772897	2.770674	2.814913	2.980803	0.269769	2.861088
759.8327	3.038713	2.921584	2.911203	2.950627	3.122804	0.2684248	3.002077
759.9851	3.035556	2.952886	2.946208	2.985098	3.164247	0.2677791	3.058028
760.1375	2.958944	2.872036	2.863843	2.895126	3.062523	0.2678113	2.952734
760.2899	2.970872	2.865736	2.863673	2.887816	3.054251	0.2669218	2.942332
760.4423	2.970963	2.865391	2.868399	2.892337	3.065762	0.2666391	2.947687
760.5947	2.947451	2.838866	2.844438	2.866696	3.034918	0.2672639	2.922086
760.7471	2.842088	2.732638	2.732866	2.751326	2.920885	0.2683254	2.802792
760.8995	2.887752	2.776431	2.770482	2.796334	2.968235	0.2685548	2.851076
761.0519	2.88397	2.777329	2.768363	2.798852	2.969766	0.2688249	2.853197
761.2043	2.895453	2.787645	2.774648	2.803186	2.977245	0.2696468	2.859633
761.3567	2.957796	2.840759	2.831641	2.863103	3.035282	0.2694897	2.91626
761.5091	2.963768	2.856614	2.849183	2.881126	3.054605	0.2695328	2.936629
761.6615	2.888957	2.782525	2.782329	2.80194	2.968257	0.2699332	2.855804
761.8139	2.958636	2.854349	2.853326	2.878662	3.045698	0.2695059	2.933588
761.9663	2.959095	2.859779	2.8607	2.889826	3.056764	0.2696701	2.942188
762.1187	2.961246	2.858138	2.841774	2.866739	3.033175	0.2688867	2.917358
762.2711	3.159662	3.050758	3.040895	3.062601	3.241682	0.2676387	3.12603
762.4235	2.946567	2.822953	2.83014	2.850391	3.014371	0.2685439	2.89746
762.5759	2.86431	2.757912	2.747561	2.781436	2.94013	0.2685315	2.827467
762.7283	2.877275	2.761814	2.747834	2.780567	2.93301	0.2683947	2.825392
762.8807	2.909548	2.789705	2.772076	2.806406	2.959107	0.2689948	2.851157
763.0331	3.009731	2.875823	2.860656	2.899255	3.051752	0.2684847	2.942254
763.1855	3.08325	2.95676	2.940235	2.969498	3.131454	0.2684479	3.021641
763.3379	2.902226	2.78748	2.780128	2.797218	2.949348	0.2697147	2.847641
763.4903	2.874249	2.772534	2.766462	2.790251	2.938495	0.2697317	2.834795
763.6427	2.899722	2.794202	2.783776	2.804121	2.947914	0.2691468	2.849672
763.7951	2.932093	2.819569	2.811528	2.826521	2.975709	0.2683873	2.875448
763.9475	3.03797	2.919016	2.902565	2.928508	3.074204	0.2668839	2.975389
764.0999	2.913457	2.787812	2.780646	2.798358	2.944022	0.2670753	2.848238
764.2523	2.763647	2.645483	2.639856	2.645311	2.789923	0.2676109	2.698961
764.4047	2.802673	2.680878	2.660879	2.674731	2.812642	0.2670201	2.728384
764.5571	2.832426	2.710116	2.690588	2.701847	2.841986	0.2672627	2.757341
764.7095	2.899202	2.777925	2.750293	2.761788	2.900162	0.2669311	2.81974
764.8619	3.001693	2.873465	2.836585	2.854102	2.999065	0.2656926	2.914886
765.0143	2.947999	2.822183	2.820704	2.855157	2.999663	0.2662253	2.896693
765.1667	2.732731	2.61709	2.615434	2.634379	2.774816	0.2677346	2.678855
765.3191	2.737005	2.623709	2.622078	2.644283	2.786266	0.2676364	2.687363
765.4715	2.745944	2.638439	2.633309	2.65796	2.798418	0.268361	2.69962
765.6239	2.819207	2.708757	2.705582	2.729961	2.872718	0.2677265	2.76973
765.7763	3.247688	3.121424	3.110353	3.144665	3.303925	0.2652987	3.191238
765.9287	3.119774	3.01415	3.011886	3.033535	3.201771	0.2650807	3.090528
766.0811	3.013887	2.906135	2.910723	2.936555	3.106236	0.2655301	2.988775
766.2335	2.920227	2.807611	2.807532	2.828722	2.991653	0.2652192	2.879434
766.3859	2.919153	2.809633	2.811067	2.830159	2.993977	0.2651683	2.879502
766.5383	2.912074	2.801977	2.801698	2.81928	2.981788	0.2651471	2.869947
766.6907	3.091537	2.966588	2.943336	2.961102	3.130543	0.2638765	3.020233
766.8431	3.119162	2.989162	2.978024	3.002177	3.177446	0.2634073	3.059819
766.9955	2.956349	2.846201	2.829412	2.851479	3.02055	0.2644828	2.906549
767.1479	2.895948	2.787581	2.776731	2.798356	2.960415	0.2653517	2.850741
767.3003	2.872043	2.748438	2.719975	2.744925	2.895816	0.2655074	2.797661
767.4527	3.057256	2.921312	2.914128	2.944778	3.109943	0.2656171	2.995835
767.6051	2.879814	2.775804	2.751052	2.780275	2.929726	0.2668518	2.825939
767.7575	3.01406	2.911314	2.888596	2.928705	3.079994	0.266353	2.970874
767.9099	3.007967	2.901133	2.885863	2.922346	3.069493	0.2662144	2.963445
768.0623	3.004157	2.896366	2.881421	2.917483	3.067263	0.2660103	2.959799
768.2147	2.962138	2.852296	2.847244	2.882634	3.027509	0.2667282	2.924133
768.3671	2.851219	2.752121	2.732274	2.760319	2.897826	0.2676694	2.800575
768.5195	3.038974	2.928965	2.919343	2.932863	3.090986	0.2668064	2.985501
768.6719	3.053949	2.940071	2.936624	2.955661	3.114187	0.2665806	3.005493
768.8243	3.017647	2.906754	2.903401	2.923694	3.075354	0.2668578	2.971416
768.9767	2.87268	2.775319	2.765628	2.799975	2.941357	0.2677706	2.839922
769.1291	2.88757	2.763052	2.752955	2.804639	2.938206	0.267593	2.834463
769.2815	2.900522	2.787471	2.784012	2.832285	2.972956	0.2670957	2.865396
769.4339	2.906968	2.797703	2.791626	2.837057	2.975433	0.2670474	2.871587
769.5863	2.915992	2.810401	2.80457	2.84718	2.9884	0.2667372	2.883868
769.7387	2.930247	2.826835	2.826209	2.860309	3.00651	0.2666552	2.902273
769.8911	2.95726	2.862184	2.86749	2.897352	3.048044	0.2664174	2.940014
770.0435	3.068563	2.973499	2.974669	3.001662	3.154992	0.2652914	3.04564
770.1959	3.055483	2.968194	2.970618	2.992328	3.154842	0.2644445	3.045272
770.3483	2.874056	2.765879	2.7584	2.784973	2.930638	0.2650424	2.830035
770.5007	2.706966	2.582444	2.565988	2.594355	2.735808	0.2654708	2.640053
770.6531	2.700696	2.583907	2.569476	2.588028	2.732767	0.2646367	2.637436
770.8055	2.704532	2.588196	2.56986	2.593362	2.731936	0.264987	2.640047
770.9579	2.712926	2.59474	2.573332	2.59812	2.737118	0.2659796	2.64536
771.1103	2.807169	2.695745	2.671871	2.695473	2.842679	0.2658648	2.743323
771.2627	3.042454	2.931535	2.930912	2.955824	3.108609	0.265484	3.000958
771.4151	3.027423	2.929374	2.924586	2.968299	3.115986	0.2661282	3.00868
771.5675	3.007129	2.905643	2.907788	2.943999	3.09362	0.2666592	2.982375
771.7199	3.012893	2.902749	2.908851	2.938461	3.09268	0.2667553	2.980504
771.8723	3.009306	2.902804	2.906682	2.945622	3.097986	0.2665153	2.984395
772.0247	3.019299	2.900135	2.904233	2.940913	3.092269	0.2663187	2.977523
772.1771	3.025718	2.898662	2.904327	2.930762	3.084135	0.2666992	2.970266
772.3295	3.082781	2.976843	2.96082	2.983366	3.14873	0.2658334	3.035594
772.4819	3.00369	2.900482	2.881247	2.914629	3.076658	0.265635	2.964796
772.6343	2.883087	2.769093	2.765252	2.78367	2.944994	0.2665535	2.836148
772.7867	2.890238	2.781034	2.770278	2.788129	2.949983	0.2662048	2.841527
772.9391	2.871979	2.768023	2.757914	2.780391	2.943151	0.2657883	2.832222
773.0915	2.89075	2.776493	2.768338	2.792406	2.952875	0.2656922	2.842007
773.2439	2.890302	2.768583	2.766325	2.787605	2.949559	0.26569	2.838514
773.3963	2.886035	2.769244	2.764158	2.780254	2.945266	0.2655055	2.834573
773.5487	2.889458	2.775241	2.76492	2.790272	2.946769	0.265649	2.839208
773.7011	2.885619	2.771298	2.761737	2.783557	2.940542	0.2660831	2.833366
773.8535	2.91267	2.794924	2.781489	2.799881	2.959144	0.2658287	2.851979
774.0059	3.093161	2.974992	2.959698	2.99076	3.161271	0.2646211	3.045608
774.1583	2.887833	2.789845	2.783423	2.825244	2.9643	0.2657296	2.864531
774.3107	2.73859	2.648927	2.636874	2.674553	2.814128	0.2663903	2.713628
774.4631	2.777004	2.673574	2.662285	2.701143	2.837413	0.2654763	2.737708
774.6155	2.768103	2.676358	2.664359	2.70238	2.84299	0.2653804	2.742321
774.7679	2.767488	2.672027	2.659411	2.698241	2.836577	0.2654743	2.736892
774.9203	2.762635	2.667672	2.660818	2.689911	2.8359	0.2655793	2.734267
775.0727	2.772166	2.671191	2.662895	2.701802	2.839587	0.2655764	2.73877
775.2251	2.769692	2.676231	2.665713	2.703876	2.843215	0.2655837	2.742335
775.3775	2.7783	2.685623	2.672969	2.711143	2.851093	0.2655894	2.750646
775.5299	2.779734	2.683399	2.672655	2.708411	2.849394	0.2657728	2.748915
775.6823	2.771719	2.678801	2.673092	2.711155	2.854947	0.2658379	2.752125
775.8347	2.779751	2.685948	2.675123	2.713813	2.85186	0.2655928	2.751035
775.9871	2.807757	2.711473	2.693638	2.73927	2.875596	0.2651436	2.774064
776.1395	2.826969	2.720252	2.719116	2.755579	2.897245	0.2646462	2.795281
776.2919	2.755066	2.645178	2.650676	2.68118	2.819891	0.264573	2.715667
776.4443	2.78894	2.690273	2.686906	2.715177	2.862336	0.2638752	2.758892
776.5967	2.829102	2.732494	2.727879	2.755797	2.903767	0.2632876	2.801155
776.7491	2.834451	2.73448	2.731716	2.759669	2.905855	0.2629998	2.803076
776.9015	2.831333	2.733548	2.728114	2.763122	2.911701	0.2630939	2.806006
777.0539	2.828276	2.725335	2.722866	2.752048	2.900567	0.2627544	2.795467
777.2063	2.876741	2.773445	2.758551	2.795688	2.942216	0.263204	2.837755
777.3587	2.65328	2.545647	2.532715	2.572881	2.719399	0.2642531	2.612573
777.5111	2.775737	2.68768	2.682276	2.722623	2.876852	0.2643583	2.777469
777.6635	2.70814	2.611374	2.611737	2.642778	2.801104	0.2646142	2.69503
777.8159	2.689467	2.598577	2.59788	2.631761	2.79054	0.2643821	2.688941
777.9683	2.691309	2.60082	2.602472	2.631115	2.790982	0.2637742	2.687606
778.1207	2.698691	2.602554	2.605231	2.633311	2.792726	0.263597	2.687517
778.2731	2.687203	2.599004	2.601284	2.629771	2.792224	0.2633701	2.688696
778.4255	2.640527	2.549578	2.551951	2.57855	2.738711	0.2637028	2.63495
778.5779	2.643649	2.55809	2.555696	2.58166	2.745047	0.2638233	2.64277
778.7303	2.755223	2.667979	2.666796	2.696388	2.866931	0.2632158	2.761827
778.8827	2.798312	2.703327	2.703418	2.73378	2.905651	0.2635406	2.795438
779.0351	2.777776	2.684931	2.680615	2.721334	2.885943	0.2640587	2.780265
779.1875	2.840827	2.742485	2.748457	2.781291	2.953209	0.2642559	2.845294
779.3399	2.839689	2.7307	2.745335	2.774706	2.944303	0.2643597	2.830197
779.4923	2.943047	2.83883	2.857688	2.877493	3.05588	0.2640073	2.939822
779.6447	2.957402	2.859411	2.853211	2.87937	3.054558	0.2645189	2.939318
779.7971	2.979519	2.880823	2.86992	2.899876	3.073626	0.264276	2.956596
779.9495	3.038449	2.932718	2.920351	2.945002	3.116491	0.2630005	3.000913
780.1019	2.968172	2.853867	2.854917	2.878342	3.046238	0.2623067	2.929922
780.2543	2.728601	2.618303	2.615223	2.646267	2.804065	0.2631297	2.693785
780.4067	2.68665	2.569587	2.558095	2.579655	2.727594	0.2628462	2.626783
780.5591	2.819537	2.702062	2.677851	2.703009	2.850536	0.261794	2.752491
780.7115	2.869345	2.749827	2.736727	2.755676	2.90579	0.2622385	2.805923
780.8639	2.905044	2.780695	2.761051	2.785782	2.935368	0.2624792	2.835616
781.0163	2.972678	2.869185	2.850107	2.871027	3.025469	0.2619996	2.922502
781.1687	2.848605	2.757582	2.746623	2.760208	2.904449	0.2630261	2.809416
781.3211	2.741852	2.625966	2.61442	2.626108	2.756917	0.263899	2.674773
781.4735	2.885869	2.7747	2.759722	2.768662	2.911341	0.2632955	2.821725
781.6259	2.90186	2.797587	2.786859	2.793219	2.943443	0.2632076	2.84738
781.7783	2.903185	2.803834	2.795174	2.802398	2.945158	0.2637488	2.852661
781.9307	2.886573	2.790838	2.781084	2.795782	2.943561	0.2636544	2.843798
782.0831	2.883688	2.781263	2.770994	2.783135	2.930629	0.2637668	2.832871
782.2355	2.919851	2.811158	2.798031	2.814505	2.958887	0.2645117	2.86334
782.3879	2.942874	2.832794	2.808118	2.84138	2.983113	0.2650106	2.883888
782.5403	3.101548	2.969765	2.970782	2.997905	3.153584	0.2646925	3.03831
782.6927	2.976932	2.868693	2.859193	2.896397	3.051201	0.2657108	2.940636
782.8451	3.009536	2.916114	2.904916	2.938737	3.100345	0.2663912	2.989047
782.9975	3.05499	2.952577	2.935027	2.977883	3.141752	0.266413	3.023559
783.1499	3.149473	3.025191	3.009436	3.044459	3.208764	0.2667311	3.091965
783.3023	3.191972	3.061575	3.050746	3.095602	3.257619	0.2670804	3.140384
783.4547	3.066307	2.941057	2.934995	2.98167	3.140626	0.2677308	3.025189
783.6071	2.938021	2.824136	2.816975	2.864515	3.013777	0.2685212	2.905061
783.7595	2.694595	2.58006	2.574151	2.61408	2.753856	0.2700197	2.650126
783.9119	2.904949	2.798199	2.77354	2.814451	2.963689	0.2690596	2.856043
784.0643	2.877123	2.777738	2.765496	2.813485	2.946391	0.2694056	2.847613
784.2167	2.790774	2.712472	2.701136	2.745742	2.86974	0.2711152	2.77776
784.3691	2.822177	2.735166	2.73274	2.769742	2.90264	0.2711073	2.808473
784.5215	2.812718	2.73468	2.73778	2.774948	2.907547	0.2713356	2.812671
784.6739	2.844815	2.763551	2.766044	2.803464	2.935358	0.2699833	2.837713
784.8263	2.919271	2.830599	2.841731	2.860083	3.002563	0.268345	2.903493
784.9787	2.813833	2.72367	2.732102	2.749974	2.887752	0.2675842	2.78936
785.1311	2.855532	2.773817	2.770402	2.791958	2.929739	0.2661287	2.834506
785.2835	2.846395	2.739224	2.729746	2.751874	2.886636	0.2653138	2.793801
785.4359	2.853688	2.739536	2.737216	2.759406	2.892992	0.2650401	2.799615
785.5883	2.873424	2.751682	2.748769	2.772747	2.913211	0.2641686	2.815337
785.7407	2.869859	2.763717	2.759223	2.784509	2.927192	0.2635182	2.826472
785.8931	2.783971	2.68383	2.686791	2.714658	2.856651	0.2650237	2.754693
786.0455	2.826342	2.723174	2.684361	2.706443	2.852945	0.2654618	2.759576
786.1979	2.95415	2.842031	2.843076	2.865451	3.025462	0.2661979	2.914587
786.3503	2.864961	2.795122	2.772712	2.806408	2.955852	0.2698939	2.857087
786.5027	2.916689	2.83716	2.829035	2.857266	3.016521	0.2718422	2.913161
786.6551	2.929724	2.848854	2.841844	2.871036	3.030408	0.2736642	2.92632
786.8075	2.947617	2.857858	2.847687	2.878768	3.037088	0.2742089	2.930288
786.9599	2.968936	2.88269	2.873645	2.902279	3.063772	0.2725841	2.955771
787.1123	2.928271	2.820017	2.82408	2.848674	3.011269	0.2722611	2.897355
787.2647	2.948102	2.8377	2.835829	2.843364	3.016799	0.2701042	2.899898
787.4171	3.29153	3.19732	3.190335	3.213518	3.410617	0.2665937	3.290429
787.5695	3.096317	3.006635	2.998577	3.027081	3.216916	0.267528	3.099048
787.7219	3.084841	2.985146	2.975546	3.006778	3.190397	0.2676435	3.071386
787.8743	3.071313	2.973387	2.967745	2.995487	3.180458	0.2667019	3.061944
788.0267	2.99019	2.873745	2.867338	2.910963	3.082179	0.2674887	2.964909
788.1791	2.802636	2.677557	2.659905	2.716931	2.86596	0.2672477	2.748975
788.3315	3.066655	2.971014	2.960149	3.005901	3.18153	0.2649173	3.065048
788.4839	3.047909	2.947828	2.940682	2.982186	3.148051	0.2643672	3.034868
788.6363	3.046196	2.949172	2.938394	2.9806	3.145729	0.264089	3.033067
788.7887	3.039152	2.945768	2.935638	2.981141	3.145874	0.2632942	3.035346
788.9411	3.016591	2.921071	2.922785	2.960051	3.121261	0.2634941	3.015819
789.0935	2.799035	2.735947	2.727066	2.758236	2.907871	0.2654122	2.815186
789.2459	2.665194	2.577984	2.578161	2.617194	2.754548	0.2674037	2.656788
789.3983	2.631759	2.542873	2.530813	2.564644	2.703197	0.2690699	2.605157
789.5507	2.668467	2.571424	2.560438	2.597124	2.736107	0.2699233	2.637092
789.7031	2.662743	2.569813	2.560091	2.595581	2.732782	0.27022	2.635393
789.8555	2.654925	2.556818	2.554313	2.585362	2.731004	0.269753	2.628582
790.0079	2.765292	2.662623	2.666297	2.697304	2.842099	0.2683121	2.738193
790.1603	2.814591	2.739782	2.746977	2.79121	2.934667	0.2657041	2.840036
790.3127	2.821517	2.72867	2.734485	2.78296	2.924552	0.2647553	2.828092
790.4651	2.606639	2.514021	2.519113	2.551058	2.687729	0.2656242	2.591619
790.6175	2.591224	2.509334	2.511196	2.548274	2.682865	0.2647639	2.590094
790.7699	2.563629	2.478171	2.487003	2.519618	2.659166	0.2649606	2.567634
790.9223	2.503178	2.42852	2.431477	2.454041	2.595248	0.2670025	2.500902
791.0747	2.677938	2.601412	2.590696	2.606092	2.758651	0.2661834	2.657569
791.2271	3.030344	2.962577	2.96919	2.986079	3.168933	0.2646188	3.074303
791.3795	2.824543	2.751985	2.760318	2.776898	2.945661	0.2667295	2.853494
791.5319	2.794632	2.715605	2.722188	2.746212	2.912788	0.2671376	2.813542
791.6843	2.820754	2.717866	2.721317	2.742966	2.909352	0.2662399	2.797607
791.8367	2.881106	2.759365	2.765682	2.78328	2.960135	0.2659457	2.836937
791.9891	2.958142	2.838113	2.844514	2.853539	3.038391	0.2661795	2.913637
792.1415	2.98142	2.865512	2.859687	2.878764	3.065005	0.267053	2.941396
792.2939	3.058717	2.948158	2.939071	2.951461	3.146475	0.2673357	3.023122
792.4463	2.979981	2.891283	2.889329	2.908112	3.099473	0.2678529	2.988201
792.5987	2.908766	2.808826	2.800081	2.82616	3.004865	0.2675927	2.886111
792.7511	2.882741	2.754594	2.744477	2.766117	2.927881	0.2667038	2.818351
792.9035	3.013828	2.888619	2.877685	2.893362	3.067508	0.2652439	2.951209
793.0559	3.122906	3.015122	3.001525	3.019499	3.196283	0.2635384	3.078286
793.2083	3.074315	2.973623	2.960169	2.978037	3.153297	0.2638201	3.039683
793.3607	2.937135	2.842703	2.828513	2.849711	3.007456	0.2650537	2.902247
793.5131	2.915639	2.827792	2.816479	2.841263	3.000859	0.2647837	2.890826
793.6655	2.977236	2.856666	2.844248	2.866919	3.020478	0.2640658	2.916042
793.8179	2.819476	2.719825	2.709141	2.740649	2.882409	0.2654659	2.782411
793.9703	2.786823	2.689206	2.672838	2.708359	2.849808	0.265378	2.748204
794.1227	2.821151	2.718815	2.713022	2.742611	2.885959	0.2644682	2.784154
794.2751	2.83979	2.734255	2.728813	2.75788	2.902632	0.2640609	2.799331
794.4275	2.869256	2.762631	2.75345	2.775066	2.918902	0.2629836	2.819631
794.5799	2.956929	2.839571	2.828339	2.850272	2.990897	0.2621658	2.896942
794.7323	2.847812	2.755886	2.738317	2.773833	2.902172	0.262399	2.809753
794.8847	2.797575	2.681973	2.669429	2.699226	2.825102	0.2624561	2.737355
795.0371	2.805111	2.70236	2.701203	2.734511	2.864314	0.2626586	2.768095
795.1895	2.811021	2.707311	2.704013	2.733092	2.863101	0.2632648	2.768954
795.3419	2.816187	2.710993	2.706937	2.741364	2.870046	0.2629694	2.774597
795.4943	2.778373	2.670678	2.671884	2.699059	2.830479	0.2627357	2.730222
795.6467	2.87242	2.766471	2.766456	2.796942	2.928263	0.2617126	2.831586
795.7991	2.860445	2.766128	2.759778	2.794408	2.930784	0.2612214	2.832761
795.9515	2.798953	2.696586	2.689288	2.709969	2.848487	0.261615	2.753522
796.1039	2.801667	2.71208	2.709573	2.723794	2.869641	0.2614757	2.772068
796.2563	2.798066	2.703151	2.701394	2.723947	2.865304	0.2609361	2.767622
796.4087	2.770778	2.670653	2.664234	2.688031	2.827621	0.2608814	2.732091
796.5611	2.70288	2.610199	2.604838	2.628045	2.769274	0.2609297	2.67191
796.7135	2.749841	2.650783	2.636956	2.662099	2.809803	0.2598	2.707929
796.8659	2.760666	2.666352	2.664082	2.68785	2.839017	0.2596932	2.737048
797.0183	2.749471	2.647815	2.635349	2.653373	2.807668	0.2599069	2.704734
797.1707	2.902938	2.812154	2.800917	2.824677	2.99759	0.2589731	2.889402
797.3231	2.835386	2.735995	2.737166	2.766793	2.93676	0.2593579	2.824593
797.4755	2.824312	2.729436	2.728832	2.763141	2.936458	0.259692	2.828115
797.6279	2.847723	2.740131	2.743551	2.778667	2.954685	0.2596548	2.83727
797.7803	2.88942	2.777388	2.785074	2.82368	2.997477	0.2593246	2.881356
797.9327	2.960703	2.853066	2.859959	2.902591	3.082059	0.2594707	2.970336
798.0851	2.857583	2.763462	2.758405	2.810613	2.977633	0.2598254	2.869945
798.2375	2.934301	2.843534	2.843557	2.90837	3.082881	0.2592598	2.98558
798.3899	2.837928	2.763027	2.761184	2.829258	2.99569	0.2589868	2.912837
798.5423	2.764671	2.685639	2.690626	2.75063	2.91378	0.2586382	2.828898
798.6947	2.703217	2.620958	2.626133	2.675654	2.838308	0.2579409	2.747517
798.8471	2.693232	2.613038	2.616155	2.658921	2.825945	0.2574262	2.734496
798.9995	2.688886	2.614475	2.619037	2.65957	2.823632	0.2566653	2.734495
799.1519	2.824714	2.752071	2.754409	2.805396	2.989805	0.2556461	2.903557
799.3043	2.613923	2.545334	2.548501	2.589044	2.754382	0.25672	2.669728
799.4567	2.647507	2.561761	2.570402	2.598283	2.762292	0.2570121	2.664737
799.6091	2.665479	2.573417	2.584863	2.60714	2.774857	0.2567352	2.674549
799.7615	2.665509	2.576055	2.578868	2.604866	2.771023	0.257362	2.669146
799.9139	2.673842	2.59172	2.600118	2.61864	2.790676	0.2574022	2.690783
800.0663	2.751017	2.692711	2.689408	2.705589	2.885175	0.2567811	2.795141
800.2187	2.760389	2.68165	2.683552	2.71656	2.891402	0.2567917	2.791157
800.3711	2.746534	2.652996	2.650136	2.689665	2.857301	0.2570859	2.752009
800.5235	2.743312	2.649563	2.652867	2.680035	2.857157	0.2571425	2.747234
800.6759	2.743258	2.646167	2.64789	2.688133	2.861634	0.2574443	2.753751
800.8283	2.785196	2.687782	2.690813	2.722121	2.909009	0.2578156	2.801833
800.9807	2.848206	2.75502	2.755597	2.816415	2.991287	0.257731	2.891206
801.1331	2.91694	2.826268	2.835169	2.896288	3.078158	0.2576491	2.981242
801.2855	2.955105	2.856717	2.861513	2.921446	3.100447	0.2576788	2.995875
801.4379	2.967175	2.869844	2.880698	2.932816	3.111704	0.2569344	3.00589
801.5903	2.977974	2.890278	2.899233	2.955689	3.129879	0.2564126	3.035859
801.7427	2.776357	2.701671	2.70421	2.747173	2.90774	0.2570325	2.816076
801.8951	2.704087	2.63883	2.63089	2.66659	2.832677	0.2570968	2.741759
802.0475	2.728935	2.657517	2.653065	2.692811	2.861057	0.256594	2.768051
802.1999	2.731201	2.654932	2.65374	2.691041	2.859837	0.2564314	2.765545
802.3523	2.735468	2.659298	2.658582	2.694625	2.860697	0.2562543	2.767
802.5047	2.700782	2.618295	2.623624	2.660118	2.824767	0.2565491	2.730535
802.6571	2.671141	2.591372	2.592533	2.637007	2.791356	0.2571597	2.699389
802.8095	2.71574	2.641344	2.650166	2.690641	2.848935	0.2573524	2.760775
802.9619	2.798103	2.72488	2.735553	2.777432	2.943753	0.2571367	2.856245
803.1143	2.941782	2.874682	2.907402	2.931143	3.111561	0.2566937	3.031873
803.2667	3.041149	2.958471	3.020505	3.010626	3.209765	0.2572115	3.123055
803.4191	3.09433	3.022471	2.999223	2.983019	3.180502	0.2565402	3.065499
803.5715	3.079852	2.982262	2.975605	2.975342	3.17459	0.2556939	3.05391
803.7239	2.899173	2.772444	2.766	2.769243	2.95425	0.2569594	2.836883
803.8763	2.852764	2.723382	2.711776	2.723361	2.904179	0.2565934	2.787175
804.0287	2.852055	2.717903	2.700705	2.718929	2.895579	0.2568516	2.779976
804.1811	2.923225	2.761644	2.751433	2.762679	2.947206	0.2589631	2.832681
804.3335	2.989225	2.820917	2.82244	2.828351	3.020273	0.2636287	2.886968
804.4859	3.207926	3.053103	3.028904	3.040273	3.231305	0.2677974	3.113891
804.6383	3.623283	3.485021	3.467263	3.483143	3.700131	0.2674898	3.557943
804.7907	3.579171	3.466126	3.442304	3.486777	3.674534	0.2658162	3.547238
804.9431	3.074035	2.969557	2.944226	3.002894	3.147146	0.2639564	3.037756
805.0955	2.90075	2.763043	2.740074	2.789732	2.920715	0.2598796	2.826731
805.2479	2.681484	2.566163	2.542507	2.581362	2.699891	0.2573433	2.616709
805.4003	2.716532	2.645563	2.613905	2.658612	2.769463	0.2573293	2.685651
805.5527	2.760186	2.690756	2.670388	2.714126	2.821524	0.2575435	2.739261
805.7051	2.804186	2.74493	2.731647	2.772802	2.89479	0.2579494	2.806652
805.8575	2.830278	2.755031	2.738692	2.777897	2.8956	0.2579902	2.807759
806.0099	2.88182	2.814287	2.803781	2.840845	2.956299	0.2581363	2.870468
806.1623	2.835626	2.763458	2.768856	2.802957	2.917547	0.2577894	2.831177
806.3147	2.918473	2.852711	2.878486	2.916668	3.046003	0.2576354	2.967404
806.4671	2.893127	2.814528	2.83193	2.864446	3.003755	0.2578277	2.908877
806.6195	2.973799	2.878561	2.897599	2.927802	3.079287	0.2580926	2.975124
806.7719	3.030463	2.930589	2.954432	2.985328	3.136014	0.2580777	3.030769
806.9243	3.066597	2.962987	2.98597	3.014357	3.171768	0.2584566	3.06566
807.0767	2.964691	2.87334	2.89851	2.928715	3.089815	0.2604071	2.993814
807.2291	2.852386	2.765232	2.7647	2.794478	2.94943	0.2596683	2.840774
807.3815	3.01815	2.901753	2.894891	2.921114	3.089972	0.2582098	2.977065
807.5339	2.789713	2.6885	2.684301	2.711534	2.867326	0.2588869	2.758925
807.6863	2.882105	2.780571	2.758687	2.786844	2.944797	0.257331	2.836607
807.8387	2.91608	2.804095	2.79709	2.827176	2.988305	0.2567717	2.876279
807.9911	2.905787	2.805597	2.793252	2.820414	2.984479	0.257065	2.872962
808.1435	2.905802	2.795509	2.787975	2.821464	2.982031	0.2568071	2.869182
808.2959	2.922404	2.805848	2.797184	2.827478	2.985025	0.2563467	2.874936
808.4483	2.881635	2.772394	2.762903	2.790569	2.95067	0.2562536	2.839994
808.6007	2.874655	2.775974	2.761109	2.7951	2.950972	0.2561469	2.842537
808.7531	2.84437	2.749167	2.750983	2.788357	2.942627	0.2566024	2.835568
808.9055	2.917235	2.826179	2.831111	2.871769	3.023072	0.2564948	2.918976
809.0579	2.943689	2.856035	2.857883	2.903907	3.054573	0.256479	2.951133
809.2103	2.957321	2.85656	2.864033	2.905275	3.062118	0.2568351	2.951818
809.3627	2.960495	2.864228	2.868011	2.912602	3.06381	0.2568121	2.957219
809.5151	2.940063	2.855751	2.8628	2.903708	3.058992	0.2567691	2.956961
809.6675	2.972188	2.880369	2.886264	2.916167	3.081245	0.2565298	2.972382
809.8199	2.983613	2.893486	2.901758	2.930694	3.104756	0.2560119	2.997147
809.9723	2.906138	2.814142	2.825794	2.854246	3.036358	0.2561142	2.928704
810.1247	2.921122	2.82194	2.818505	2.855044	3.029491	0.2558965	2.917222
810.2771	2.940118	2.8362	2.841105	2.871696	3.056069	0.2551306	2.937297
810.4295	2.992402	2.887026	2.883155	2.918115	3.101685	0.2548093	2.982437
810.5819	2.936108	2.827127	2.822113	2.859735	3.036801	0.2552602	2.920779
810.7343	2.932206	2.834246	2.82762	2.8696	3.051429	0.2557028	2.935707
810.8867	2.967433	2.872366	2.865286	2.905704	3.08648	0.2557551	2.972766
811.0391	2.97014	2.869755	2.858368	2.906582	3.080299	0.2561128	2.964171
811.1915	2.963335	2.866454	2.858852	2.901047	3.07875	0.2561642	2.966495
811.3439	2.973186	2.877834	2.872422	2.920382	3.095957	0.2557958	2.986887
811.4963	2.914605	2.828757	2.830378	2.88041	3.044188	0.255799	2.941668
811.6487	2.912819	2.830667	2.835991	2.881999	3.044961	0.2555987	2.94554
811.8011	2.91539	2.838457	2.84075	2.884122	3.04885	0.2553521	2.949986
811.9535	2.914061	2.832157	2.840077	2.87654	3.043787	0.255294	2.943121
812.1059	2.92138	2.837638	2.843839	2.884908	3.045913	0.2552239	2.945606
812.2583	2.933322	2.850842	2.851454	2.895036	3.057675	0.2543468	2.954322
812.4107	2.949828	2.862526	2.868181	2.9067	3.070615	0.2535625	2.968733
812.5631	2.804586	2.721229	2.713673	2.763105	2.911531	0.253391	2.81195
812.7155	2.797513	2.697899	2.698598	2.739786	2.891935	0.2524544	2.784337
812.8679	2.801641	2.707145	2.715173	2.742934	2.906232	0.2519932	2.799632
813.0203	2.780752	2.683402	2.690745	2.726902	2.887039	0.252192	2.781
813.1727	2.786371	2.695746	2.69483	2.734931	2.893998	0.2527508	2.791875
813.3251	2.786202	2.705687	2.712221	2.741781	2.90609	0.2535099	2.80648
813.4775	2.854874	2.782826	2.790996	2.82182	2.99052	0.2538671	2.89879
813.6299	2.851047	2.775158	2.769516	2.812677	2.978181	0.2543172	2.887045
813.7823	2.744174	2.661268	2.669657	2.711389	2.872343	0.2548819	2.775518
813.9347	2.772169	2.68749	2.700122	2.738673	2.904628	0.2542661	2.810525
814.0871	2.784328	2.705575	2.713335	2.750401	2.919966	0.2535765	2.826282
814.2395	2.778854	2.697401	2.706319	2.742849	2.911389	0.253406	2.815821
814.3919	2.802711	2.728784	2.742101	2.77146	2.945796	0.2523305	2.853184
814.5443	2.986737	2.916401	2.934509	2.984929	3.166283	0.2509232	3.087561
814.6967	2.99727	2.919484	2.941946	2.987977	3.171317	0.2503304	3.088506
814.8491	2.987644	2.900668	2.92219	2.974252	3.156518	0.2502936	3.069112
815.0015	2.915388	2.835706	2.852656	2.889257	3.071357	0.2506884	2.978837
815.1539	2.925458	2.843601	2.850438	2.891119	3.073133	0.2508453	2.974486
815.3063	2.9231	2.8441	2.854599	2.889489	3.071628	0.2511783	2.97432
815.4587	2.924726	2.839113	2.845863	2.879914	3.067357	0.2516621	2.962394
815.6111	2.940363	2.855964	2.85771	2.891205	3.074618	0.2523165	2.969411
815.7635	2.880873	2.802075	2.799827	2.8407	3.01781	0.2536908	2.916588
815.9159	2.923323	2.822937	2.823164	2.849812	3.033673	0.2542053	2.915644
816.0683	2.871938	2.778019	2.78113	2.807732	2.980233	0.2543627	2.868738
816.2207	2.890101	2.805232	2.79979	2.843733	3.005301	0.2545896	2.899654
816.3731	2.924119	2.826236	2.816939	2.862232	3.01746	0.2544099	2.909187
816.5255	2.910209	2.820443	2.808747	2.859622	3.01817	0.2541497	2.909563
816.6779	2.911793	2.821457	2.809501	2.859615	3.011135	0.2537331	2.905332
816.8303	2.850801	2.760207	2.755407	2.810111	2.956597	0.2537551	2.854383
816.9827	2.833324	2.727644	2.717838	2.764194	2.90261	0.253854	2.798604
817.1351	2.883007	2.801025	2.808033	2.835302	2.986178	0.2536816	2.885701
817.2875	2.956293	2.897353	2.903157	2.933363	3.086382	0.2539277	2.99812
817.4399	3.00991	2.952333	2.962569	2.989672	3.145371	0.2539424	3.053732
817.5923	3.097183	3.01364	3.019759	3.050848	3.206796	0.2539092	3.103806
817.7447	2.960541	2.860839	2.878741	2.90125	3.058661	0.2544466	2.954767
817.8971	2.776547	2.681895	2.685001	2.706822	2.860976	0.2548718	2.754616
818.0495	2.845342	2.744499	2.750861	2.781703	2.93527	0.2541728	2.826336
818.2019	2.85443	2.760848	2.761347	2.792624	2.94744	0.2534131	2.83998
818.3543	2.878587	2.777285	2.781614	2.811458	2.970502	0.2533135	2.859359
818.5067	2.870215	2.774508	2.779161	2.810645	2.970456	0.253596	2.861451
818.6591	2.879685	2.779747	2.783797	2.820266	2.977796	0.2539158	2.867834
818.8115	2.880889	2.78684	2.789855	2.82246	2.97979	0.2539435	2.870384
818.9639	2.87904	2.779022	2.784197	2.818035	2.974249	0.2542615	2.86435
819.1163	2.888024	2.785725	2.788675	2.820718	2.979044	0.2544606	2.865314
819.2687	2.961008	2.86868	2.875535	2.91258	3.058909	0.2543338	2.95333
819.4211	2.937109	2.838362	2.832769	2.865543	3.014441	0.254735	2.909701
819.5735	2.898254	2.806402	2.800345	2.85386	2.993775	0.2551673	2.891962
819.7259	2.901172	2.813398	2.803588	2.856255	2.993956	0.255127	2.893353
819.8783	2.905443	2.812329	2.808931	2.85894	2.996839	0.2551263	2.895474
820.0307	2.903884	2.807109	2.800986	2.855588	2.992935	0.2552915	2.890592
820.1831	2.894537	2.807143	2.795008	2.854457	2.992447	0.2553554	2.89064
820.3355	2.899142	2.806088	2.798897	2.853436	2.991799	0.255268	2.890183
820.4879	2.897142	2.807916	2.798865	2.855496	2.992181	0.2551938	2.891133
820.6403	2.901471	2.807699	2.800091	2.858139	2.9949	0.2551239	2.892193
820.7927	2.894555	2.802718	2.795081	2.848692	2.987618	0.2552409	2.88566
820.9451	2.910142	2.817945	2.807659	2.864368	3.004735	0.2553743	2.902516
821.0975	2.877301	2.792591	2.783293	2.845176	2.984854	0.2553565	2.883934
821.2499	2.894259	2.80096	2.792616	2.849305	2.989239	0.2552847	2.887206
821.4023	2.883058	2.798201	2.792753	2.8454	2.986176	0.2550632	2.886299
821.5547	2.913121	2.824822	2.833528	2.875386	3.019922	0.254569	2.919198
821.7071	2.942462	2.870419	2.877006	2.916798	3.052877	0.2543279	2.961564
821.8595	2.88586	2.813057	2.818576	2.864298	2.991449	0.2549537	2.900149
822.0119	2.891109	2.815937	2.816054	2.861287	2.986391	0.2552769	2.891987
822.1643	2.886915	2.807381	2.808248	2.862079	2.98587	0.2553992	2.891397
822.3167	2.915222	2.838561	2.834514	2.882523	3.005339	0.255406	2.912932
822.4691	2.915876	2.835708	2.834502	2.886809	3.010143	0.2546045	2.917039
822.6215	2.886952	2.805094	2.811427	2.854104	2.979123	0.2535676	2.886694
822.7739	2.728585	2.635815	2.641483	2.689813	2.802871	0.2533689	2.711193
822.9263	2.754185	2.684063	2.691187	2.725125	2.844002	0.2514715	2.758008
823.0787	2.670732	2.607568	2.607219	2.613932	2.744281	0.2499332	2.660213
823.2311	2.6091	2.532741	2.532201	2.53723	2.664289	0.2491719	2.580486
823.3835	2.60621	2.527973	2.5305	2.530116	2.66159	0.2479728	2.57353
823.5359	2.603932	2.521036	2.521069	2.528639	2.656802	0.2474201	2.568285
823.6883	2.602365	2.528154	2.529083	2.529603	2.660811	0.247303	2.572856
823.8407	2.598745	2.522098	2.522508	2.528391	2.659571	0.2471888	2.569938
823.9931	2.614336	2.541002	2.54089	2.542884	2.680563	0.2473764	2.591967
824.1455	2.670941	2.598834	2.593678	2.60448	2.744783	0.2476458	2.6529
824.2979	2.779569	2.69671	2.698383	2.721065	2.863781	0.2474404	2.764186
824.4503	2.845738	2.749014	2.751192	2.778402	2.918229	0.247901	2.815389
824.6027	2.859604	2.76211	2.766807	2.803034	2.937701	0.2492101	2.837161
824.7551	2.855109	2.779353	2.76308	2.822937	2.947708	0.2496361	2.852914
824.9075	2.968938	2.887996	2.889567	2.973996	3.095212	0.249502	3.007769
825.0599	2.937812	2.848478	2.847854	2.932077	3.051407	0.2501312	2.961485
825.2123	2.912323	2.819329	2.822861	2.907864	3.020099	0.2500282	2.927966
825.3647	2.856758	2.773194	2.782128	2.854525	2.974258	0.2499701	2.888023
825.5171	2.757075	2.684065	2.703212	2.761173	2.883765	0.2493047	2.806797
825.6695	2.692747	2.65191	2.656883	2.704971	2.831174	0.2486809	2.768254
825.8219	2.420728	2.373144	2.356686	2.395187	2.508056	0.2489229	2.43359
825.9743	2.400735	2.355722	2.348029	2.380838	2.504615	0.2478533	2.430879
826.1267	2.414113	2.364795	2.355167	2.381535	2.504685	0.246542	2.427852
826.2791	2.415141	2.363436	2.3528	2.380932	2.502394	0.2452115	2.425719
826.4315	2.377104	2.32505	2.320045	2.350862	2.472513	0.2467502	2.402546
826.5839	2.206102	2.137897	2.131762	2.135428	2.269314	0.249698	2.184883
826.7363	2.573042	2.540414	2.538688	2.544667	2.714474	0.2486444	2.644724
826.8887	2.699978	2.657858	2.671763	2.695228	2.878868	0.2496902	2.817197
827.0411	2.71066	2.650928	2.671284	2.696321	2.88257	0.2514596	2.812527
827.1935	2.713874	2.647323	2.665565	2.695336	2.875952	0.2505913	2.800528
827.3459	2.525028	2.434994	2.450237	2.493159	2.659734	0.2520863	2.576338
827.4983	2.596046	2.520139	2.524444	2.588056	2.767345	0.2500683	2.689396
827.6507	2.701154	2.624888	2.63482	2.728432	2.914399	0.2478572	2.863468
827.8031	2.469828	2.401502	2.409657	2.495143	2.664876	0.2499873	2.615004
827.9555	2.42697	2.370351	2.376022	2.464051	2.632814	0.2504467	2.592678
828.1079	2.394683	2.338787	2.346633	2.432117	2.60046	0.2514764	2.559884
828.2603	2.376897	2.328026	2.326071	2.419131	2.577925	0.2519022	2.541104
828.4127	2.520483	2.477089	2.475169	2.594744	2.756361	0.2506897	2.742355
828.5651	2.441464	2.398683	2.40409	2.524457	2.678153	0.2490567	2.669475
828.7175	2.243221	2.203165	2.209115	2.309583	2.458412	0.2485629	2.445452
828.8699	2.041425	2.005762	2.019914	2.093491	2.236973	0.2477408	2.220976
829.0223	2.053835	2.034533	2.048704	2.113913	2.272172	0.2464864	2.269648
829.1747	1.988479	1.981459	1.995858	2.033629	2.201295	0.2448393	2.192484
829.3271	2.063509	2.051427	2.072162	2.111458	2.289631	0.2432784	2.288213
829.4795	1.951021	1.926229	1.941117	1.981558	2.149752	0.2434832	2.132816
829.6319	1.864705	1.838512	1.852987	1.887221	2.049159	0.245197	2.027731
829.7843	1.798175	1.767691	1.785034	1.809065	1.975488	0.2464397	1.94159
829.9367	2.07782	2.039255	2.057197	2.084512	2.287286	0.2440001	2.251218
830.0891	2.17933	2.131958	2.170156	2.212253	2.430785	0.2439278	2.419296
830.2415	1.985451	1.945148	1.9776	2.021508	2.227218	0.2469839	2.216537
830.3939	1.948463	1.910432	1.936076	1.986299	2.186358	0.2473644	2.173399
830.5463	1.937936	1.898473	1.923017	1.973105	2.174051	0.2475179	2.159238
830.6987	1.935529	1.897176	1.919581	1.975167	2.175899	0.2474148	2.161208
830.8511	2.109516	2.057396	2.080167	2.152447	2.361763	0.2449299	2.346661
831.0035	2.006867	1.953761	1.963472	2.052006	2.238431	0.2450438	2.220959
831.1559	1.926402	1.89868	1.910595	1.993652	2.177269	0.2458021	2.180136
831.3083	1.973741	1.955153	1.981691	2.056888	2.25463	0.2441052	2.275528
831.4607	1.972853	1.963968	1.99842	2.065386	2.260308	0.2435407	2.293836
831.6131	1.948698	1.937899	1.973253	2.041599	2.231391	0.2442077	2.263988
831.7655	1.943855	1.929649	1.964424	2.032233	2.218825	0.2439763	2.24617
831.9179	1.958703	1.951755	1.982132	2.048157	2.232691	0.2422873	2.261469
832.0703	1.943863	1.942948	1.989487	2.055912	2.248068	0.2422178	2.304052
832.2227	1.788482	1.768259	1.807526	1.846338	2.026326	0.2431144	2.036215
832.3751	1.859578	1.834399	1.859783	1.884912	2.066657	0.2420285	2.052178
832.5275	1.802619	1.78434	1.809306	1.828191	2.008572	0.241847	1.994343
832.6799	1.84674	1.82659	1.84587	1.863273	2.045961	0.2417806	2.024911
832.8323	1.844138	1.825917	1.844947	1.859158	2.04207	0.2425627	2.020765
832.9847	1.852708	1.832766	1.855528	1.870316	2.055692	0.243374	2.034379
833.1371	2.045565	2.031481	2.058123	2.066975	2.270693	0.243157	2.25592
833.2895	1.9767	1.929572	1.962284	1.976207	2.157467	0.2450047	2.114543
833.4419	2.13281	2.067426	2.086116	2.092965	2.281492	0.2449512	2.204729
833.5943	2.340501	2.260548	2.278014	2.274779	2.479518	0.2439536	2.387405
833.7467	2.365986	2.284439	2.300083	2.296302	2.499917	0.2449672	2.407653
833.8991	2.356388	2.282898	2.298328	2.295778	2.502776	0.2451407	2.414219
834.0515	2.392155	2.30869	2.324396	2.318389	2.524219	0.2453471	2.430486
834.2039	2.195141	2.137959	2.162825	2.159342	2.354862	0.2470421	2.282647
834.3563	2.385018	2.292317	2.279148	2.289956	2.471446	0.2466515	2.366341
834.5087	2.234791	2.145149	2.141426	2.153066	2.323687	0.2473781	2.223235
834.6611	2.178111	2.092155	2.087159	2.093263	2.258168	0.2489471	2.161114
834.8135	2.178568	2.096734	2.085893	2.09709	2.264026	0.2494962	2.165882
834.9659	2.150013	2.082131	2.076676	2.083848	2.255353	0.2509924	2.164047
835.1183	2.423961	2.371094	2.369155	2.38691	2.571508	0.2495289	2.490299
835.2707	2.634311	2.56824	2.570091	2.595064	2.777945	0.2480983	2.689935
835.4231	2.665583	2.59567	2.609149	2.629214	2.817468	0.2490846	2.731501
835.5755	2.652101	2.582088	2.596113	2.622734	2.810746	0.2491528	2.727857
835.7279	2.653059	2.585668	2.601532	2.625062	2.811923	0.2487133	2.730848
835.8803	2.652171	2.574958	2.592993	2.615886	2.798786	0.2487164	2.717352
836.0327	2.494551	2.428151	2.441926	2.466132	2.633514	0.2490637	2.551562
836.1851	2.563522	2.496363	2.49873	2.540171	2.696678	0.2485646	2.60939
836.3375	2.615974	2.529214	2.522758	2.556715	2.716285	0.2483895	2.615628
836.4899	2.630603	2.559101	2.558591	2.582471	2.749949	0.2482502	2.657627
836.6423	2.633132	2.566403	2.570639	2.594169	2.766654	0.2485902	2.67756
836.7947	2.547888	2.499319	2.51554	2.53271	2.698008	0.2484545	2.625644
836.9471	2.674255	2.620615	2.620113	2.643566	2.801508	0.2468655	2.718148
837.0995	2.639446	2.566559	2.562712	2.591862	2.747475	0.2458277	2.652518
837.2519	2.593946	2.510628	2.500196	2.52724	2.679749	0.245131	2.58018
837.4043	2.564742	2.482828	2.47375	2.500778	2.654138	0.2445115	2.554616
837.5567	2.533108	2.447804	2.437391	2.461568	2.61521	0.2444924	2.513868
837.7091	2.558881	2.468041	2.453735	2.475086	2.631331	0.2450581	2.530841
837.8615	2.464274	2.396952	2.394018	2.41859	2.571715	0.2468371	2.483741
838.0139	2.578282	2.504682	2.511059	2.545156	2.702979	0.2477997	2.614796
838.1663	2.657359	2.584629	2.597457	2.633682	2.789569	0.2478029	2.701432
838.3187	2.712978	2.646408	2.637953	2.686688	2.833998	0.2475895	2.747625
838.4711	2.666783	2.602191	2.603594	2.64821	2.800659	0.2471034	2.717746
838.6234	2.636905	2.572047	2.572128	2.620962	2.769658	0.2463465	2.689919
838.7758	2.577167	2.522623	2.524845	2.57643	2.723604	0.2461183	2.655884
838.9282	2.531358	2.474982	2.479643	2.538103	2.681389	0.2465727	2.618168
839.0806	2.536425	2.47184	2.481158	2.540537	2.6907	0.2467304	2.624102
839.2330	2.568005	2.498694	2.515509	2.565507	2.721153	0.2468973	2.65078
839.3854	2.583319	2.522333	2.543049	2.593442	2.745581	0.2472309	2.687101
839.5378	2.580947	2.531906	2.548759	2.59594	2.749008	0.2473133	2.695968
839.6902	2.633958	2.585742	2.600497	2.648437	2.799397	0.2465431	2.742139
839.8426	2.550458	2.501155	2.502393	2.553398	2.695423	0.2464221	2.631066
839.9950	2.504385	2.433108	2.44493	2.482346	2.624472	0.2464409	2.54663
840.1474	2.385408	2.322605	2.336442	2.37214	2.514793	0.2466191	2.447319
840.2998	2.356718	2.302785	2.311828	2.365693	2.501001	0.2466731	2.442991
840.4522	2.390486	2.332896	2.344991	2.39165	2.533448	0.2461061	2.472403
840.6046	2.388249	2.339407	2.350624	2.40151	2.544878	0.2460305	2.491156
840.7570	2.406319	2.35187	2.360263	2.41418	2.553715	0.2458395	2.49364
840.9094	2.417329	2.363324	2.371815	2.41843	2.559479	0.2446403	2.495957
841.0618	2.417675	2.353338	2.366692	2.413708	2.553285	0.2446966	2.487693
841.2142	2.316806	2.269685	2.272993	2.293811	2.440539	0.2455048	2.370127
841.3666	2.485736	2.45566	2.460997	2.475595	2.640695	0.2446481	2.579926
841.5190	2.521597	2.483738	2.497276	2.520402	2.693488	0.2449594	2.638378
841.6714	2.488813	2.436669	2.455783	2.476609	2.6533	0.2459447	2.590796
841.8238	2.473258	2.408593	2.425493	2.452181	2.625528	0.2465788	2.553237
841.9762	2.460223	2.374648	2.395202	2.422483	2.594787	0.2466383	2.508538
842.1286	2.578023	2.500328	2.51549	2.562499	2.743905	0.2458279	2.66663
842.2810	2.632278	2.563517	2.573498	2.628387	2.809713	0.2455789	2.739638
842.4334	2.679121	2.613813	2.621347	2.68247	2.859732	0.2454912	2.793452
842.5858	2.709399	2.643153	2.644227	2.715528	2.889487	0.2452093	2.822242
842.7382	2.671142	2.611917	2.61562	2.683831	2.857181	0.2448511	2.795852
842.8906	2.627583	2.559555	2.567681	2.629761	2.797971	0.2445465	2.731019
843.0430	2.619533	2.55357	2.564354	2.620934	2.789959	0.2439756	2.725213
843.1954	2.580085	2.514926	2.526217	2.581698	2.750081	0.242939	2.684951
843.3478	2.547335	2.492404	2.506383	2.545911	2.717281	0.2417243	2.655414
843.5002	2.498449	2.452197	2.454929	2.506208	2.67017	0.2411299	2.617939
843.6526	2.315585	2.252496	2.267729	2.303228	2.468106	0.2420987	2.406568
843.8050	2.188432	2.133734	2.129948	2.165282	2.319126	0.2425009	2.249116
843.9574	2.274545	2.222308	2.21818	2.248482	2.410408	0.2415943	2.339445
844.1098	2.299575	2.249429	2.249755	2.276243	2.443333	0.2417762	2.3737
844.2622	2.29367	2.24651	2.247202	2.278652	2.446528	0.242418	2.382565
844.4146	2.305878	2.260098	2.26464	2.29406	2.463688	0.2425371	2.401504
844.5670	2.384368	2.335667	2.337075	2.367818	2.536232	0.2427019	2.470627
844.7194	2.321319	2.279434	2.284874	2.320626	2.487439	0.2438022	2.432482
844.8718	2.453351	2.403441	2.425162	2.466585	2.648126	0.2435094	2.601903
845.0242	2.553865	2.498454	2.527047	2.577747	2.767264	0.2432529	2.725407
845.1766	2.525663	2.465003	2.495385	2.557327	2.745538	0.2442085	2.71068
845.3290	2.466985	2.412225	2.438488	2.517339	2.698953	0.2448774	2.673619
845.4814	2.47484	2.414922	2.442811	2.525167	2.70567	0.2442411	2.67789
845.6338	2.546169	2.480928	2.49897	2.591229	2.761402	0.2426324	2.725868
845.7862	2.449765	2.398829	2.413511	2.505087	2.668813	0.2419584	2.647251
845.9386	2.328756	2.292001	2.316097	2.386965	2.551947	0.2416614	2.539299
846.0910	2.273123	2.242595	2.270729	2.320733	2.490038	0.2409861	2.475327
846.2434	2.272565	2.243009	2.266014	2.310254	2.480203	0.2403523	2.458148
846.3958	2.260072	2.239385	2.262635	2.305313	2.476445	0.240553	2.463217
846.5482	2.308753	2.285407	2.30213	2.338736	2.511855	0.2405784	2.485218
846.7006	2.355454	2.335731	2.35686	2.386652	2.568835	0.2402139	2.545645
846.8530	2.362229	2.337716	2.35836	2.3805	2.559399	0.23998	2.528075
847.0054	2.294094	2.27464	2.300697	2.324997	2.504207	0.2403284	2.484152
847.1578	2.215931	2.172769	2.193583	2.210838	2.389757	0.2411975	2.339741
847.3102	2.32266	2.252564	2.275308	2.295688	2.48251	0.2404798	2.409681
847.4626	2.569564	2.507138	2.532254	2.564071	2.764877	0.2395224	2.706008
847.6150	2.575996	2.515849	2.540745	2.579472	2.77719	0.2403565	2.724323
847.7674	2.577166	2.514339	2.538008	2.576089	2.776539	0.2412993	2.719281
847.9198	2.566777	2.506041	2.529744	2.572237	2.768786	0.2418379	2.715643
848.0722	2.543059	2.49199	2.514965	2.565857	2.764129	0.2423214	2.721302
848.2246	2.611857	2.545158	2.559731	2.603766	2.793839	0.2418957	2.727332
848.3770	2.606514	2.542232	2.558092	2.602168	2.794107	0.2417586	2.730531
848.5294	2.574356	2.510873	2.530129	2.565122	2.762068	0.2415535	2.698417
848.6818	2.548834	2.489498	2.500753	2.533508	2.731483	0.2410351	2.665199
848.8342	2.515432	2.463012	2.478231	2.508165	2.703154	0.2412207	2.645856
848.9866	2.496251	2.449277	2.456756	2.502986	2.695831	0.2410401	2.641339
849.1390	2.543928	2.482234	2.485961	2.544952	2.733714	0.2405718	2.671049
849.2914	2.48575	2.418677	2.435539	2.481859	2.666403	0.2410844	2.60588
849.4438	2.459356	2.397375	2.421543	2.460135	2.644406	0.2418267	2.590388
849.5962	2.483954	2.4274	2.451199	2.489401	2.678442	0.2419676	2.626112
849.7486	2.599085	2.546906	2.576501	2.612361	2.807166	0.2414782	2.759872
849.9010	2.659255	2.632247	2.63995	2.689352	2.881065	0.2408753	2.841175
850.0534	2.710289	2.661715	2.67897	2.721112	2.912231	0.2396882	2.860625
850.2058	2.564036	2.502071	2.525966	2.568702	2.750762	0.2398044	2.697558
850.3582	2.38578	2.322187	2.33941	2.385729	2.553959	0.2402257	2.495639
850.5106	2.345069	2.278015	2.285398	2.320499	2.480739	0.2400514	2.40873
850.6630	2.338791	2.278058	2.286844	2.326758	2.489375	0.2404848	2.422132
850.8154	2.390105	2.333154	2.339503	2.378231	2.544787	0.2410818	2.475787
850.9678	2.565552	2.499376	2.509081	2.546664	2.721504	0.2404183	2.642908
851.1202	2.684856	2.613907	2.630181	2.669062	2.855173	0.2397945	2.783172
851.2726	2.563507	2.518163	2.546663	2.586166	2.762422	0.2401777	2.720116
851.4250	2.557951	2.495905	2.507891	2.549405	2.720008	0.2379417	2.650672
851.5774	2.582897	2.507558	2.532028	2.583558	2.757254	0.2358886	2.693638
851.7298	2.43408	2.374292	2.381312	2.431294	2.596571	0.2353897	2.533436
851.8822	2.419636	2.36412	2.373739	2.419745	2.587464	0.2349396	2.528133
852.0346	2.44714	2.388788	2.396549	2.444246	2.609305	0.2351301	2.54757
852.1870	2.486511	2.426118	2.434662	2.481178	2.64956	0.2351186	2.585841
852.3394	2.534282	2.479743	2.497551	2.54539	2.728971	0.2348581	2.677057
852.4918	2.558847	2.497971	2.517645	2.564627	2.750509	0.2348281	2.695952
852.6442	2.532282	2.480196	2.497977	2.546556	2.725881	0.2350492	2.678155
852.7966	2.525115	2.468923	2.49223	2.54224	2.722591	0.2349138	2.674921
852.9490	2.516825	2.468477	2.489341	2.538554	2.722028	0.2348359	2.679467
853.1014	2.530028	2.474448	2.494819	2.546841	2.72596	0.234688	2.679493
853.2538	2.533087	2.47768	2.498073	2.549314	2.7293	0.2344515	2.681391
853.4062	2.517813	2.46721	2.488771	2.542028	2.724333	0.2342377	2.681143
853.5586	2.518583	2.474071	2.490021	2.542137	2.721555	0.2342695	2.67952
853.7110	2.534359	2.47686	2.496763	2.546296	2.728523	0.2343452	2.679319
853.8634	2.528462	2.474914	2.49766	2.550525	2.734387	0.2344392	2.690261
854.0158	2.521527	2.474683	2.49649	2.546051	2.735372	0.2346503	2.695186
854.1682	2.518325	2.470162	2.488663	2.542383	2.730845	0.23465	2.68865
854.3206	2.529097	2.474398	2.496556	2.5447	2.734378	0.234577	2.688519
854.4730	2.540625	2.478475	2.499451	2.551452	2.734483	0.2345985	2.682771
854.6254	2.527674	2.472021	2.491855	2.548537	2.729503	0.2347422	2.684792
854.7778	2.523614	2.471817	2.494347	2.542732	2.731023	0.2348222	2.687624
854.9302	2.526463	2.474646	2.491068	2.547504	2.730821	0.2348881	2.686035
855.0826	2.524101	2.470874	2.487943	2.544115	2.727533	0.2349114	2.681902
855.2350	2.522475	2.471772	2.488318	2.543142	2.724803	0.2348819	2.68104
855.3874	2.522413	2.467503	2.488422	2.541549	2.726859	0.2348293	2.681194
855.5398	2.525746	2.473142	2.489376	2.544339	2.724784	0.2347228	2.677645
855.6922	2.525809	2.473181	2.489402	2.544359	2.724793	0.2346286	2.677599
855.8446	2.525825	2.47319	2.48941	2.544367	2.724798	0.2345946	2.677654
855.9970	2.525825	2.47319	2.48941	2.544367	2.724798	0.2345946	2.677649
