HOLE:	U1507B
EXPEDITION:	371
TOP:	740.1731
BOTTOM:	828.8699
DEPTH_WMSF	LCAL
m	in
740.1731	9.912256
740.3255	9.90093
740.4779	9.912256
740.6303	9.912251
740.7827	9.908144
740.9351	9.916365
741.0875	9.906086
741.2399	9.916369
741.3923	9.899899
741.5447	9.904017
741.6971	9.916368
741.8495	9.900939
742.0019	9.916361
742.1543	9.904037
742.3067	9.908133
742.4591	9.916368
742.6115	9.904023
742.7639	9.920493
742.9163	9.904018
743.0687	9.911216
743.2211	9.895787
743.3735	9.908113
743.5259	9.904022
743.6783	9.904016
743.8307	9.916367
743.9831	9.912258
744.1355	9.904016
744.2879	9.912255
744.4403	9.908134
744.5927	9.906074
744.7451	9.90402
744.8975	9.916359
745.0499	9.908144
745.2023	9.91637
745.3547	9.916376
745.5071	9.908136
745.6595	9.920493
745.8119	9.912255
745.9643	9.911222
746.1167	9.90814
746.2691	9.904022
746.4215	9.920482
746.5739	9.906083
746.7263	9.904015
746.8787	9.904014
747.0311	9.8999
747.1835	9.908134
747.3359	9.906079
747.4883	9.904017
747.6407	9.912247
747.7931	9.924606
747.9455	9.906083
748.0979	9.908137
748.2503	9.912253
748.4027	9.904017
748.5551	9.908133
748.7075	9.904024
748.8599	9.921502
749.0123	9.912266
749.1647	9.916373
749.3171	9.912257
749.4695	9.911226
749.6219	9.912252
749.7743	9.904017
749.9267	9.908131
750.0791	9.904023
750.2315	9.906073
750.3839	9.920484
750.5363	9.904024
750.6887	9.916373
750.8411	9.900927
750.9935	9.908139
751.1459	9.912252
751.2983	9.908143
751.4507	9.916364
751.6031	9.911231
751.7555	9.90814
751.9079	9.916372
752.0603	9.908136
752.2127	9.920493
752.3651	9.906082
752.5175	9.91638
752.6699	9.920489
752.8223	9.908154
752.9747	9.911223
753.1271	9.908137
753.2795	9.916373
753.4319	9.912256
753.5843	9.916374
753.7367	9.911224
753.8891	9.908135
754.0415	9.908135
754.1939	9.908137
754.3463	9.926658
754.4987	9.916382
754.6511	9.916376
754.8035	9.920496
754.9559	9.916374
755.1083	9.912251
755.2607	9.906088
755.4131	9.899905
755.5655	9.904012
755.7179	9.91225
755.8703	9.906078
756.0227	9.908137
756.1751	9.912253
756.3275	9.899909
756.4799	9.920487
756.6323	9.911243
756.7847	9.912254
756.9371	9.912256
757.0895	9.904022
757.2419	9.916371
757.3943	9.908135
757.5467	9.920491
757.6991	9.904016
757.8515	9.90403
758.0039	9.916355
758.1563	9.912262
758.3087	9.916372
758.4611	9.912259
758.6135	9.926672
758.7659	9.904017
758.9183	9.912254
759.0707	9.908139
759.2231	9.912248
759.3755	9.921511
759.5279	9.904038
759.6803	9.904016
759.8327	9.904016
759.9851	9.916374
760.1375	9.911223
760.2899	9.904021
760.4423	9.912256
760.5947	9.912256
760.7471	9.911227
760.8995	9.899908
761.0519	9.904014
761.2043	9.908134
761.3567	9.904016
761.5091	9.916373
761.6615	9.908138
761.8139	9.912248
761.9663	9.904029
762.1187	9.916359
762.2711	9.916376
762.4235	9.908141
762.5759	9.916374
762.7283	9.904016
762.8807	9.91637
763.0331	9.904023
763.1855	9.91224
763.3379	9.908142
763.4903	9.908135
763.6427	9.921515
763.7951	9.899907
763.9475	9.916373
764.0999	9.899897
764.2523	9.906076
764.4047	9.908128
764.5571	9.899911
764.7095	9.912237
764.8619	9.906083
765.0143	9.920485
765.1667	9.90814
765.3191	9.908135
765.4715	9.924612
765.6239	9.911223
765.7763	9.908133
765.9287	9.904024
766.0811	9.916359
766.2335	9.904028
766.3859	9.911221
766.5383	9.912256
766.6907	9.908137
766.8431	9.912256
766.9955	9.911223
767.1479	9.908142
767.3003	9.904023
767.4527	9.908132
767.6051	9.90402
767.7575	9.911222
767.9099	9.908136
768.0623	9.90402
768.2147	9.924605
768.3671	9.904016
768.5195	9.906072
768.6719	9.908133
768.8243	9.899905
768.9767	9.908131
769.1291	9.911225
769.2815	9.916376
769.4339	9.908136
769.5863	9.912259
769.7387	9.91636
769.8911	9.900954
770.0435	9.908125
770.1959	9.904021
770.3483	9.904016
770.5007	9.906075
770.6531	9.904016
770.8055	9.916368
770.9579	9.895782
771.1103	9.904018
771.2627	9.906072
771.4151	9.908133
771.5675	9.899903
771.7199	9.908131
771.8723	9.895779
772.0247	9.908134
772.1771	9.90402
772.3295	9.912264
772.4819	9.920481
772.6343	9.916383
772.7867	9.912261
772.9391	9.899906
773.0915	9.916368
773.2439	9.899898
773.3963	9.906076
773.5487	9.908133
773.7011	9.904025
773.8535	9.912241
774.0059	9.904029
774.1583	9.906074
774.3107	9.895783
774.4631	9.908131
774.6155	9.899896
774.7679	9.908138
774.9203	9.916361
775.0727	9.895794
775.2251	9.912228
775.3775	9.908141
775.5299	9.906077
775.6823	9.895782
775.8347	9.908133
775.9871	9.920496
776.1395	9.912253
776.2919	9.906074
776.4443	9.90402
776.5967	9.904016
776.7491	9.904016
776.9015	9.916366
777.0539	9.900933
777.2063	9.912254
777.3587	9.895778
777.5111	9.90403
777.6635	9.926654
777.8159	9.904057
777.9683	9.916358
778.1207	9.904031
778.2731	9.91225
778.4255	9.906078
778.5779	9.908135
778.7303	9.912251
778.8827	9.895794
779.0351	9.921512
779.1875	9.90816
779.3399	9.916365
779.4923	9.904029
779.6447	9.920486
779.7971	9.906079
779.9495	9.904016
780.1019	9.904013
780.2543	9.899906
780.4067	9.912231
780.5591	9.906086
780.7115	9.916363
780.8639	9.899911
781.0163	9.916368
781.1687	9.916376
781.3211	9.908137
781.4735	9.908134
781.6259	9.904016
781.7783	9.904015
781.9307	9.90093
782.0831	9.904013
782.2355	9.895782
782.3879	9.904013
782.5403	9.895776
782.6927	9.911224
782.8451	9.908138
782.9975	9.912256
783.1499	9.912256
783.3023	9.91637
783.4547	9.908144
783.6071	9.895784
783.7595	9.912251
783.9119	9.908135
784.0643	9.911222
784.2167	9.899896
784.3691	9.899896
784.5215	9.908122
784.6739	9.895792
784.8263	9.916357
784.9787	9.895787
785.1311	9.904015
785.2835	9.912254
785.4359	9.900933
785.5883	9.912249
785.7407	9.904033
785.8931	9.908131
786.0455	9.904021
786.1979	9.916366
786.3503	9.912258
786.5027	9.908137
786.6551	9.89578
786.8075	9.908143
786.9599	9.916372
787.1123	9.912264
787.2647	9.920484
787.4171	9.904034
787.5695	9.911221
787.7219	9.904018
787.8743	9.916376
788.0267	9.912258
788.1791	9.916376
788.3315	9.916376
788.4839	9.912263
788.6363	9.91637
788.7887	9.91226
788.9411	9.90814
789.0935	9.911225
789.2459	9.899899
789.3983	9.92049
789.5507	9.908143
789.7031	9.91636
789.8555	9.912263
790.0079	9.904026
790.1603	9.91225
790.3127	9.90402
790.4651	9.911224
790.6175	9.904016
790.7699	9.899911
790.9223	9.9246
791.0747	9.908166
791.2271	9.911221
791.3795	9.91637
791.5319	9.916376
791.6843	9.912258
791.8367	9.912256
791.9891	9.916373
792.1415	9.908143
792.2939	9.916359
792.4463	9.908152
792.5987	9.911222
792.7511	9.908138
792.9035	9.912253
793.0559	9.912256
793.2083	9.895777
793.3607	9.904013
793.5131	9.89578
793.6655	9.899888
793.8179	9.899896
793.9703	9.908125
794.1227	9.895786
794.2751	9.899894
794.4275	9.887537
794.5799	9.899895
794.7323	9.895773
794.8847	9.890638
795.0371	9.903992
795.1895	9.895788
795.3419	9.891662
795.4943	9.891655
795.6467	9.887538
795.7991	9.875176
795.9515	9.875179
796.1039	9.883428
796.2563	9.899861
796.4087	9.875219
796.5611	9.887519
796.7135	9.850492
796.8659	9.833985
797.0183	9.842214
797.1707	9.833977
797.3231	9.842212
797.4755	9.833971
797.6279	9.829865
797.7803	9.828828
797.9327	9.829855
798.0851	9.829855
798.2375	9.825738
798.3899	9.823675
798.5423	9.780415
798.6947	9.776295
798.8471	9.776293
798.9995	9.772183
799.1519	9.772176
799.3043	9.784521
799.4567	9.772185
799.6091	9.780412
799.7615	9.772176
799.9139	9.784532
800.0663	9.772176
800.2187	9.772176
800.3711	9.772176
800.5235	9.776289
800.6759	9.780412
800.8283	9.772182
800.9807	9.787621
801.1331	9.772177
801.2855	9.780412
801.4379	9.772184
801.5903	9.782455
801.7427	9.772193
801.8951	9.772176
802.0475	9.780408
802.1999	9.772181
802.3523	9.782475
802.5047	9.772178
802.6571	9.784534
802.8095	9.780417
802.9619	9.782473
803.1143	9.780418
803.2667	9.784531
803.4191	9.772185
803.5715	9.780412
803.7239	9.772177
803.8763	9.780416
804.0287	9.784527
804.1811	9.772176
804.3335	9.772176
804.4859	9.772176
804.6383	9.743365
804.7907	9.628056
804.9431	9.653716
805.0955	9.833976
805.2479	9.858685
805.4003	9.833982
805.5527	9.842198
805.7051	9.844273
805.8575	9.850449
806.0099	9.838107
806.1623	9.846332
806.3147	9.844275
806.4671	9.850456
806.6195	9.854571
806.7719	9.846344
806.9243	9.85456
807.0767	9.842235
807.2291	9.86279
807.3815	9.84635
807.5339	9.85869
807.6863	9.844277
807.8387	9.846337
807.9911	9.850457
808.1435	9.850456
808.2959	9.849427
808.4483	9.842226
808.6007	9.846332
808.7531	9.842218
808.9055	9.859721
809.0579	9.846336
809.2103	9.850454
809.3627	9.842228
809.5151	9.858662
809.6675	9.854583
809.8199	9.85869
809.9723	9.842232
810.1247	9.850452
810.2771	9.849425
810.4295	9.838097
810.5819	9.846336
810.7343	9.846333
810.8867	9.842223
811.0391	9.849414
811.1915	9.854569
811.3439	9.850459
811.4963	9.854574
811.6487	9.839128
811.8011	9.838096
811.9535	9.838106
812.1059	9.854556
812.2583	9.834013
812.4107	9.839118
812.5631	9.850445
812.7155	9.854573
812.8679	9.858694
813.0203	9.844276
813.1727	9.854571
813.3251	9.842218
813.4775	9.846328
813.6299	9.854562
813.7823	9.844291
813.9347	9.846334
814.0871	9.846336
814.2395	9.846334
814.3919	9.854576
814.5443	9.850461
814.6967	9.858683
814.8491	9.842248
815.0015	9.844272
815.1539	9.842218
815.3063	9.813401
815.4587	9.813375
815.6111	9.821616
815.7635	9.823674
815.9159	9.817504
816.0683	9.829851
816.2207	9.825745
816.3731	9.823679
816.5255	9.817503
816.6779	9.833962
816.8303	9.817503
816.9827	9.813375
817.1351	9.813378
817.2875	9.821611
817.4399	9.813393
817.5923	9.821603
817.7447	9.813387
817.8971	9.813375
818.0495	9.829844
818.2019	9.81338
818.3543	9.813375
818.5067	9.813375
818.6591	9.813375
818.8115	9.813375
818.9639	9.813375
819.1163	9.817491
819.2687	9.818525
819.4211	9.817497
819.5735	9.821616
819.7259	9.813377
819.8783	9.821615
820.0307	9.818529
820.1831	9.821611
820.3355	9.813388
820.4879	9.81749
820.6403	9.813378
820.7927	9.813375
820.9451	9.821614
821.0975	9.80926
821.2499	9.825727
821.4023	9.813402
821.5547	9.813375
821.7071	9.809261
821.8595	9.813371
822.0119	9.813375
822.1643	9.817493
822.3167	9.808226
822.4691	9.817494
822.6215	9.813375
822.7739	9.813375
822.9263	9.813375
823.0787	9.818519
823.2311	9.805147
823.3835	9.81749
823.5359	9.813376
823.6883	9.813375
823.8407	9.813375
823.9931	9.813361
824.1455	9.796927
824.2979	9.784554
824.4503	9.772191
824.6027	9.776293
824.7551	9.743351
824.9075	9.710378
825.0599	9.693894
825.2123	9.689778
825.3647	9.693886
825.5171	9.689783
825.6695	9.698003
825.8219	9.689784
825.9743	9.685658
826.1267	9.685656
826.2791	9.693894
826.4315	9.68978
826.5839	9.702126
826.7363	9.689801
826.8887	9.706226
827.0411	9.689797
827.1935	9.698008
827.3459	9.694927
827.4983	9.693895
827.6507	9.689775
827.8031	9.693204
827.9555	9.685657
828.1079	9.68634
828.2603	9.68977
828.4127	9.696632
828.5651	9.692721
828.7175	9.689776
828.8699	9.694922
