HOLE:	U1507B
EXPEDITION:	371
TOP:	740.1731
BOTTOM:	864.6838
DEPTH_WMSF	TENS	CS	ETIM
m	lbf	ft/h	s
740.1731	6689	1496	977.472
740.3255	6626.023	1496	976.2666
740.4779	6688.04	1496.001	975.0461
740.6303	6742.086	1498.007	973.8427
740.7827	6819.866	1503.99	972.6431
740.9351	6753.091	1504	971.4566
741.0875	6646.106	1506.997	970.2542
741.2399	6475.106	1512.996	969.0507
741.3923	6548.981	1497.004	967.8463
741.5447	6654.005	1497	966.6599
741.6971	6695.027	1497.001	965.4734
741.8495	6750.913	1499	964.269
742.0019	6649.06	1499.004	963.0496
742.1543	6697.921	1501.995	961.851
742.3067	6823.843	1501.001	960.6475
742.4591	6840.985	1502.998	959.4431
742.6115	6735.054	1502	958.2566
742.7639	6779.994	1500	957.0692
742.9163	6600.963	1499.999	955.8658
743.0687	6441.167	1497	954.6623
743.2211	6719.957	1497	953.4758
743.3735	6675.084	1497	952.2762
743.5259	6613.093	1498.997	951.0739
743.6783	6702.898	1499.999	949.8544
743.8307	6801.924	1500.999	948.6509
743.9831	6782.008	1500	947.4465
744.1355	6868.998	1497	946.2601
744.2879	6724.962	1497	945.0416
744.4403	6613.061	1496	943.8552
744.5927	6698.028	1496.002	942.6507
744.7451	6723.955	1497.996	941.4521
744.8975	6664.083	1500.996	940.2487
745.0499	6620.045	1501	939.0462
745.2023	6686.957	1505.997	937.8428
745.3547	6687	1496.003	936.6563
745.5071	6751.007	1495	935.4519
745.6595	6830.995	1494	934.2495
745.8119	6818.969	1494.001	933.047
745.9643	6781.084	1495.004	931.8426
746.1167	6851.884	1497.995	930.6429
746.2691	6612.306	1500.996	929.4395
746.4215	6631.982	1505.995	928.2361
746.5739	6549.044	1509.998	927.0167
746.7263	6531.003	1506.001	925.8302
746.8787	6595.009	1500	924.6428
747.0311	6641.098	1502.001	923.4563
747.1835	6812.91	1502.997	922.2539
747.3359	6717.182	1500.006	921.0552
747.4883	6757.938	1510.983	919.8518
747.6407	7086.618	1496.017	918.6474
747.7931	6942.115	1497.998	917.4609
747.9455	6753.08	1501.998	916.2565
748.0979	6726.001	1496	915.0541
748.2503	6651.006	1497.001	913.8516
748.4027	6668.94	1499.001	912.6492
748.5551	6581.986	1500.001	911.4288
748.7075	6569.023	1500.998	910.2441
748.8599	6581.981	1501.999	909.0577
749.0123	6499.087	1506.995	907.8543
749.1647	6551.964	1505.001	906.6518
749.3171	6087.144	1520.995	905.4484
749.4695	6469.035	1509.998	904.2789
749.6219	7064.157	1478.999	903.0755
749.7743	7431.941	1477.001	901.871
749.9267	7358.21	1478.007	900.6506
750.0791	7538.698	1483.99	899.434
750.2315	7514.033	1488.994	898.2316
750.3839	7283.216	1490.998	897.0121
750.5363	7151.075	1492.999	895.8087
750.6887	7005.029	1493	894.5883
750.8411	6804.026	1489	893.3838
750.9935	6952.892	1492.001	892.1653
751.1459	6754.015	1493.998	890.9789
751.2983	6769.969	1492.004	889.7803
751.4507	6735.055	1495.994	888.5599
751.6031	6909.792	1497.998	887.3564
751.7555	6769.116	1501.997	886.137
751.9079	6773.998	1503	884.9346
752.0603	6762.001	1501	883.7481
752.2127	6618.032	1495.001	882.5616
752.3651	6730.015	1497	881.3572
752.5175	6751.843	1497	880.1528
752.6699	6598.278	1497	878.9382
752.8223	6652.92	1497.999	877.7517
752.9747	6877.758	1500.997	876.5483
753.1271	6768.078	1500.001	875.3448
753.2795	6823.981	1503.999	874.1404
753.4319	6835.997	1503	872.9379
753.5843	6733.024	1498	871.7355
753.7367	6793.979	1499.002	870.5481
753.8891	6765.786	1501.001	869.3436
754.0415	6577.32	1501.998	868.144
754.1939	6632.925	1503.997	866.9406
754.3463	6607.025	1498.006	865.7372
754.4987	6743.919	1497.001	864.5597
754.6511	7019.938	1496	863.3643
754.8035	6933.996	1494	862.1438
754.9559	6903.965	1494.002	860.9414
755.1083	6835.961	1497.002	859.7369
755.2607	6792.085	1498.996	858.5393
755.4131	6724.108	1499.998	857.3179
755.5655	6577.179	1500.999	856.1315
755.7179	6541.03	1501	854.929
755.8703	6610.966	1498.001	853.7426
756.0227	6648.996	1499	852.5381
756.1751	6673.007	1496	851.3517
756.3275	6702.06	1494.999	850.1313
756.4799	6797.077	1493.002	848.9288
756.6323	6873.859	1494.996	847.7282
756.7847	6744.191	1496.997	846.5258
756.9371	6894.833	1497.999	845.3054
757.0895	6615.206	1505.994	844.1028
757.2419	6487.047	1507	842.9164
757.3943	6333	1514	841.713
757.5467	6256.09	1504.996	840.5256
757.6991	6498.206	1493.999	839.3212
757.8515	6776.232	1492.998	838.1517
758.0039	6985.639	1491.003	836.9521
758.1563	6948.052	1491.999	835.7316
758.3087	6991.957	1492.999	834.5292
758.4611	6680.193	1495.998	833.3087
758.6135	6661.005	1503.998	832.1073
758.7659	6603.989	1508.999	830.9039
758.9183	6508.962	1502	829.7344
759.0707	6430.958	1502	828.515
759.2231	6382.097	1502	827.3154
759.3755	6502.805	1500.003	826.1289
759.5279	6656.809	1495.006	824.9265
759.6803	6866.816	1491.004	823.723
759.8327	6796.036	1499.995	822.5026
759.9851	6710.012	1506.999	821.3162
760.1375	6730.002	1508.998	820.1138
760.2899	6740.948	1502.002	818.9272
760.4423	6655.005	1505.003	817.7238
760.5947	6659.991	1507.994	816.5242
760.7471	6620.06	1512.993	815.3218
760.8995	6579.046	1517.994	814.1514
761.0519	6675.926	1514.003	812.9649
761.2043	6868.924	1518.998	811.7615
761.3567	6913.999	1535	810.574
761.5091	6802.945	1537.001	809.3876
761.6615	6643.926	1539.001	808.2352
761.8139	6540.12	1539.995	807.0487
761.9663	6650.806	1535.009	805.8821
762.1187	6700.931	1534.001	804.7126
762.2711	6664.038	1537.996	803.5432
762.4235	6580.054	1544.995	802.3717
762.5759	6651.98	1545	801.2013
762.7283	6742.988	1547.999	800.0319
762.8807	6612.064	1539.999	798.8624
763.0331	6750.959	1536.999	797.709
763.1855	6702.098	1536.002	796.5593
763.3379	6627.123	1531.008	795.3729
763.4903	6512.146	1530.001	794.2025
763.6427	6545.969	1531.998	793.033
763.7951	6531.008	1505.014	791.8456
763.9475	6577.992	1513.999	790.6762
764.0999	6683.02	1549.998	789.4897
764.2523	6777.948	1538.002	788.3193
764.4047	6688.016	1540.999	787.1489
764.5571	6704.968	1540.002	785.9822
764.7095	6736.951	1540.998	784.8138
764.8619	6727.012	1539.002	783.6434
765.0143	6703.019	1545.995	782.4909
765.1667	6682.009	1569.99	781.3035
765.3191	6549.007	1549.001	780.134
765.4715	6583.053	1554.995	778.9636
765.6239	6749.047	1539.001	777.8102
765.7763	6816.958	1540.002	776.6568
765.9287	6777.071	1541.996	775.4901
766.0811	6792.978	1543.997	774.3206
766.2335	6636.164	1543.001	773.1512
766.3859	6611.017	1544.999	771.9808
766.5383	6631.994	1540.002	770.8113
766.6907	6709.001	1534.999	769.658
766.8431	6726.983	1510.998	768.4895
766.9955	6686.914	1506.001	767.302
767.1479	6579.219	1506.998	766.1035
767.3003	6594.973	1507.998	764.9169
767.4527	6494.131	1512.994	763.7126
767.6051	6543.954	1514.998	762.5251
767.7575	6687.919	1509.003	761.3387
767.9099	6664.004	1510	760.1522
768.0623	6902.968	1505	758.9498
768.2147	6723.979	1506	757.7633
768.3671	6685.998	1506.002	756.5669
768.5195	6684.004	1507.996	755.3763
768.6719	6619.101	1508.998	754.1898
768.8243	6618.001	1510.998	752.9854
768.9767	6759.884	1510.001	751.782
769.1291	6637.055	1507.001	750.5966
769.2815	6757.991	1506	749.4261
769.4339	6842.969	1503.001	748.2216
769.5863	6736.889	1506	747.0172
769.7387	6567.939	1505.999	745.8138
769.8911	6509.106	1505.002	744.6142
770.0435	6659.783	1503.003	743.4287
770.1959	6704.952	1504.998	742.2423
770.3483	6706.999	1504.001	741.0558
770.5007	6767.979	1507.999	739.8524
770.6531	6702.001	1509	738.6489
770.8055	6732.008	1507	737.4455
770.9579	6752.945	1507.001	736.2761
771.1103	6681.953	1508.001	735.0726
771.2627	6641.069	1508.998	733.89
771.4151	6602.052	1509	732.6856
771.5675	6561.039	1508.001	731.4832
771.7199	6600.977	1508.999	730.2957
771.8723	6757.965	1508	729.1093
772.0247	6763.99	1508	727.9218
772.1771	6699.01	1509.998	726.7194
772.3295	6719.072	1505.998	725.533
772.4819	6799.843	1504.004	724.3333
772.6343	6829.953	1504	723.1459
772.7867	6680.182	1506.996	721.9595
772.9391	6696.986	1505.002	720.756
773.0915	6598.047	1504	719.5535
773.2439	6598	1504	718.3501
773.3963	6775.998	1497.002	717.1717
773.5487	6768.011	1506	715.9753
773.7011	6784.927	1506.001	714.7718
773.8535	6712.134	1506.998	713.5722
774.0059	6724.981	1506.001	712.3867
774.1583	6729.995	1505.001	711.1833
774.3107	6770.97	1505	709.9958
774.4631	6704.024	1506	708.8084
774.6155	6633	1507	707.606
774.7679	6583.029	1507.999	706.4036
774.9203	6660.96	1504.999	705.2001
775.0727	6607.29	1504	704.0126
775.2251	6867.552	1504	702.83
775.3775	6803.088	1504	701.6266
775.5299	6729.073	1504	700.4402
775.6823	6685.027	1503.001	699.2368
775.8347	6620.016	1502	698.0343
775.9871	6716.994	1505	696.8299
776.1395	6669.046	1506.001	695.6434
776.2919	6762.885	1508.999	694.4399
776.4443	6629.264	1508.002	693.2583
776.5967	6609.032	1508.998	692.056
776.7491	6665.929	1507.002	690.8685
776.9015	6613.046	1507	689.6801
777.0539	6759.926	1504.001	688.4766
777.2063	6827.991	1479.003	687.2902
777.3587	6666.997	1501.998	686.0867
777.5111	6655.033	1495.005	684.8832
777.6635	6709.019	1503.999	683.6708
777.8159	6727.965	1503.002	682.4982
777.9683	6590.206	1503.999	681.2948
778.1207	6618.967	1506.997	680.0914
778.2731	6683.951	1505.001	678.8889
778.4255	6707.991	1507.999	677.6845
778.5779	6918.996	1506	676.514
778.7303	6878.939	1504	675.3116
778.8827	6703.904	1504.999	674.1091
779.0351	6571.22	1504	672.9227
779.1875	6773.646	1504	671.7231
779.3399	6699.104	1500.005	670.5276
779.4923	6736.961	1500	669.3332
779.6447	6714.015	1499.001	668.1458
779.7971	6610.028	1493.002	666.9433
779.9495	6710.986	1511	665.7239
780.1019	6566.074	1510.997	664.5375
780.2543	6724.988	1504	663.333
780.4067	6711.028	1504	662.1504
780.5591	6708.005	1504.998	660.9639
780.7115	6784.902	1505	659.7605
780.8639	6613.154	1505	658.5571
781.0163	6632.989	1506	657.3716
781.1687	6633	1506	656.1762
781.3211	6620.017	1507	654.9808
781.4735	6703.083	1505.999	653.7763
781.6259	6846.861	1505.001	652.5908
781.7783	6700.277	1505.998	651.3923
781.9307	6717.973	1508.995	650.1898
782.0831	6641.089	1509.999	649.0193
782.2355	6472.133	1515.995	647.8149
782.3879	6649.926	1505.005	646.6105
782.5403	6824.992	1504	645.4241
782.6927	6686.993	1503	644.2227
782.8451	6666	1504.001	643.0352
782.9975	6666.077	1505	641.8487
783.1499	6738.871	1505	640.6481
783.3023	6643.135	1506.997	639.4457
783.4547	6611.033	1510.996	638.2432
783.6071	6536.05	1506.003	637.0568
783.7595	6367.051	1512.998	635.8694
783.9119	6180.021	1523	634.6819
784.0643	6487.095	1517.999	633.4955
784.2167	6704.58	1515.979	632.308
784.3691	7425.536	1490.053	631.1264
784.5215	7322.175	1489.002	629.906
784.6739	7274.062	1489	628.7195
784.8263	7227.043	1490.998	627.4991
784.9787	7186.023	1494.998	626.2967
785.1311	7185	1498.999	625.0762
785.2835	7101.992	1501	623.8718
785.4359	7055.929	1502.001	622.6773
785.5883	6925.87	1504.002	621.4839
785.7407	6784.271	1505.996	620.2843
785.8931	6689.147	1506	619.0799
786.0455	6693.994	1507.998	617.8944
786.1979	6575.097	1508	616.691
786.3503	6737.928	1506.001	615.5215
786.5027	6844.992	1509	614.3181
786.6551	6871.004	1507	613.1146
786.8075	6884.926	1508.001	611.9112
786.9599	6773.925	1510	610.7248
787.1123	6701.131	1510	609.5261
787.2647	6483.313	1510.999	608.3567
787.4171	6544.934	1507.004	607.1533
787.5695	6644.93	1502.004	605.9669
787.7219	6829.939	1498.001	604.7634
787.8743	6889.003	1499	603.5599
788.0267	6979.957	1499.001	602.3635
788.1791	6873.966	1502.001	601.1691
788.3315	6830.09	1502.998	599.9694
788.4839	6844.975	1503.998	598.766
788.6363	6770.099	1504	597.5636
788.7887	6657.108	1504.999	596.3611
788.9411	6780.928	1505	595.1747
789.0935	6584.042	1506	593.9882
789.2459	6628.02	1506	592.7838
789.3983	6759.988	1504	591.5804
789.5507	6738.143	1503.999	590.395
789.7031	6898.688	1503.002	589.1953
789.8555	6941.932	1503.998	588.0079
790.0079	6918.029	1504.999	586.8044
790.1603	6875.036	1504.001	585.618
790.3127	6813.029	1502.001	584.4146
790.4651	6667.015	1503	583.2121
790.6175	6624.006	1502	582.0157
790.7699	6648.067	1501	580.8212
790.9223	6752.834	1501.002	579.6188
791.0747	6587.303	1502.996	578.4182
791.2271	6672.874	1502.001	577.2158
791.3795	6790.871	1502	576.0293
791.5319	6850.957	1502	574.8419
791.6843	6888.986	1503	573.6375
791.8367	6911.998	1505	572.434
791.9891	6757.002	1508	571.2316
792.1415	6762.794	1509.001	570.0451
792.2939	6487.574	1509.998	568.8624
792.4463	6476.019	1510	567.6601
792.5987	6645.771	1507.004	566.4576
792.7511	6821.827	1506.001	565.2692
792.9035	6876.966	1506	564.0667
793.0559	6769.026	1509.999	562.8803
793.2083	6758.005	1505	561.6779
793.3607	6798.99	1505	560.4904
793.5131	6778.956	1505.024	559.288
793.6655	6728.1	1532.945	558.1053
793.8179	6751.961	1504.047	556.902
793.9703	6590.2	1504	555.7155
794.1227	6668.932	1504.999	554.52
794.2751	6795.937	1505	553.3246
794.4275	6689.014	1507	552.1222
794.5799	6726.008	1506	550.9357
794.7323	6759.967	1505.999	549.7322
794.8847	6705.098	1504.999	548.5289
795.0371	6805.813	1504.002	547.3622
795.1895	6758.072	1503.001	546.1598
795.3419	6809.942	1502.001	544.9553
795.4943	6677.1	1500.001	543.7519
795.6467	6685.997	1502.999	542.5485
795.7991	6730	1503	541.362
795.9515	6633.007	1503	540.1756
796.1039	6653.1	1502	538.9722
796.2563	6791.707	1502	537.7726
796.4087	6764.049	1503.996	536.5691
796.5611	6917.788	1504.999	535.3657
796.7135	6843.076	1509.995	534.1792
796.8659	6698.093	1510	532.9927
797.0183	6644.015	1509	531.7903
797.1707	6583.991	1508	530.5879
797.3231	6487.052	1505.999	529.3995
797.4755	6598.097	1504.002	528.196
797.6279	6713.769	1505.996	527.0303
797.7803	6667.077	1505.002	525.8259
797.9327	6745.9	1508.995	524.6235
798.0851	6751.995	1505.004	523.4211
798.2375	6777.986	1509.997	522.2346
798.3899	6863.986	1501.001	521.0302
798.5423	6882.979	1500.001	519.8597
798.6947	6784.915	1504.001	518.6563
798.8471	6638.869	1505.001	517.4539
798.9995	6500.261	1505.998	516.2543
799.1519	6408.14	1506	515.0678
799.3043	6527.862	1506	513.8793
799.4567	6771.81	1506	512.6769
799.6091	6874.958	1507	511.4745
799.7615	6799.003	1509	510.2721
799.9139	6769.978	1508	509.0856
800.0663	6701.071	1507.999	507.8892
800.2187	6802.782	1506.004	506.7155
800.3711	6783.036	1505.002	505.5121
800.5235	6800.975	1505	504.3257
800.6759	6788.014	1505.999	503.1233
800.8283	6626.108	1506	501.9208
800.9807	6670.987	1506	500.7164
801.1331	6792.999	1503	499.5479
801.2855	6778.03	1499.999	498.3445
801.4379	6846.952	1497.001	497.142
801.5903	6787.121	1497.998	495.9404
801.7427	6793.988	1486.02	494.736
801.8951	6768.034	1505.974	493.5495
802.0475	6735.03	1505.001	492.3471
802.1999	6682.029	1505	491.1447
802.3523	6603.015	1505	489.9582
802.5047	6671.018	1505	488.7708
802.6571	6768.045	1503.999	487.5674
802.8095	6848.951	1503.001	486.3809
802.9619	6796.101	1503.998	485.1803
803.1143	6762.053	1506.995	483.9769
803.2667	6768.992	1507.999	482.7734
803.4191	6762.006	1508.999	481.579
803.5715	6794.985	1511.999	480.3835
803.7239	6730.004	1504.001	479.1971
803.8763	6725.031	1504	478.0106
804.0287	6827.932	1504	476.8062
804.1811	6726.006	1504.002	475.6028
804.3335	6731.989	1505.996	474.4042
804.4859	6670.089	1506.999	473.2197
804.6383	6643.029	1506.001	472.0313
804.7907	6691.966	1506	470.8278
804.9431	6883.938	1504.001	469.6244
805.0955	6971.993	1504	468.4379
805.2479	6803.986	1507	467.2345
805.4003	6769.947	1507.002	466.0491
805.5527	6702.139	1508.996	464.8665
805.7051	6574.216	1510.997	463.662
805.8575	6622.936	1505.008	462.4586
806.0099	6885.75	1505	461.2891
806.1623	6869.01	1504.001	460.0857
806.3147	6810.013	1504	458.8832
806.4671	6858.995	1504	457.6798
806.6195	6829.005	1505	456.4933
806.7719	6838.827	1504.001	455.2899
806.9243	6645.375	1504.998	454.1063
807.0767	6717.885	1505	452.9199
807.2291	6791.911	1505	451.7174
807.3815	6708.07	1505	450.514
807.5339	6815.95	1506	449.3105
807.6863	6745.007	1505	448.1081
807.8387	6694.034	1506	446.9227
807.9911	6818.973	1504	445.7352
808.1435	6777.161	1503.994	444.5328
808.2959	6936.708	1498.011	443.3492
808.4483	6927.015	1493.007	442.1458
808.6007	6877.055	1504.987	440.9423
808.7531	6770.077	1507.998	439.7229
808.9055	6669.036	1507	438.5524
809.0579	6583.001	1507	437.35
809.2103	6685.019	1503.999	436.1465
809.3627	6733.146	1501	434.9601
809.5151	6926.597	1501	433.7605
809.6675	6884.074	1502.997	432.574
809.8199	6859.034	1503	431.3716
809.9723	6910.949	1502.001	430.1672
810.1247	6837.045	1501.001	428.9647
810.2771	6871.992	1498.001	427.7873
810.4295	6866.984	1496	426.5749
810.5819	6740.954	1496.995	425.3884
810.7343	6649.021	1487.014	424.185
810.8867	6673.951	1502.969	422.9843
811.0391	6807.786	1504.997	421.7639
811.1915	6832.969	1505	420.5615
811.3439	6952.896	1507.997	419.374
811.4963	6859.046	1503.002	418.1876
811.6487	6741.015	1503	416.9842
811.8011	6746.972	1502	415.7817
811.9535	6630.107	1502.001	414.5773
812.1059	6804.813	1504.001	413.3908
812.2583	6614.354	1504.998	412.2062
812.4107	6692.882	1507.995	411.0038
812.5631	6623.078	1508.999	409.8004
812.7155	6697.944	1512.997	408.5969
812.8679	6799.961	1505.003	407.4115
813.0203	6860	1504	406.208
813.1727	6810.998	1504.999	405.0376
813.3251	6806.043	1502.999	403.8351
813.4775	6865.874	1502.002	402.6365
813.6299	6778.153	1501.002	401.4321
813.7823	6799.97	1502.997	400.2456
813.9347	6732.068	1504.998	399.0512
814.0871	6682.032	1507.998	397.8388
814.2395	6759.979	1507	396.6523
814.3919	6800.007	1506	395.4479
814.5443	6873.954	1506.999	394.2794
814.6967	6775.019	1505.001	393.076
814.8491	6796.956	1505.998	391.8764
815.0015	6826.951	1506	390.672
815.1539	6830.995	1505.001	389.4855
815.3063	6866.968	1504.001	388.2841
815.4587	6771.05	1504	387.0976
815.6111	6732.006	1504	385.8942
815.7635	6832.989	1505	384.7078
815.9159	6780.002	1504.999	383.5053
816.0683	6782.953	1504	382.3029
816.2207	6733.094	1504	381.1023
816.3731	6910.73	1503.001	379.9158
816.5255	6991.907	1503	378.7114
816.6779	6879.088	1503.999	377.5249
816.8303	6846.014	1501.001	376.3385
816.9827	6820.001	1503	375.136
817.1351	6761.988	1502	373.9336
817.2875	6726.019	1502.999	372.7312
817.4399	6752.942	1501.004	371.5306
817.5923	6726.048	1502.996	370.3441
817.7447	6905.748	1503.999	369.1397
817.8971	6920.984	1504.999	367.9362
818.0495	6864.038	1505	366.7488
818.2019	6892.992	1506	365.5464
818.3543	6834.987	1507	364.3589
818.5067	6660.95	1509	363.1555
818.6591	6549.186	1508.997	361.969
818.8115	6778.536	1505.008	360.7694
818.9639	6846.887	1504.002	359.598
819.1163	6844.004	1504.999	358.3956
819.2687	6817.025	1507.997	357.1921
819.4211	6752.036	1505.002	355.9907
819.5735	6685.012	1503	354.8042
819.7259	6615.024	1503	353.5998
819.8783	6743.174	1502.999	352.3953
820.0307	7054.89	1501.003	351.2089
820.1831	6936.227	1503.994	350.0093
820.3355	6893.066	1503.002	348.8218
820.4879	6766.149	1504.998	347.6194
820.6403	6688.063	1521.986	346.417
820.7927	6733.98	1561.983	345.2145
820.9451	6689.003	1505.004	344.0271
821.0975	6730.006	1506	342.8416
821.2499	6749.025	1505.999	341.6392
821.4023	6786.918	1505.002	340.4406
821.5547	6780.013	1505.998	339.2542
821.7071	6955.749	1505.001	338.0497
821.8595	7020.931	1505	336.8633
822.0119	6884.095	1504.001	335.6608
822.1643	6831.017	1504	334.4754
822.3167	6733.993	1504	333.2729
822.4691	6580.048	1503	332.0695
822.6215	6695.111	1502	330.8831
822.7739	6836.709	1502	329.6825
822.9263	6895.901	1503.997	328.496
823.0787	6856.053	1504	327.2936
823.2311	6877.979	1504.999	326.0911
823.3835	6820.034	1504.001	324.8867
823.5359	6712.022	1502	323.7003
823.6883	6824.998	1501	322.5118
823.8407	6808.996	1501	321.3094
823.9931	6801.932	1500.005	320.1059
824.1455	6726.147	1504.99	318.9063
824.2979	6740.977	1504.002	317.7029
824.4503	6600.169	1504	316.5094
824.6027	6637.968	1503.001	315.314
824.7551	6811.919	1501.001	314.1266
824.9075	6898.992	1501	312.9221
825.0599	6945.015	1498	311.7197
825.2123	7000.93	1498.001	310.5322
825.3647	6891.24	1498.998	309.3326
825.5171	6648.443	1484.027	308.1302
825.6695	6639.013	1505.968	306.9267
825.8219	6673.962	1505.001	305.7233
825.9743	6624.036	1502.002	304.5189
826.1267	6735.961	1502	303.3484
826.2791	6855.999	1502	302.146
826.4315	6811.005	1503.001	300.9435
826.5839	6824.007	1505	299.7391
826.7363	6832.981	1505	298.5395
826.8887	6791.072	1505.998	297.3521
827.0411	6668.165	1508.996	296.1476
827.1935	6786.884	1505.004	294.9612
827.3459	6830.974	1500.003	293.7587
827.4983	6630.047	1500	292.5723
827.6507	6696.012	1501	291.3858
827.8031	6786.98	1499	290.1814
827.9555	6747.082	1498.002	288.979
828.1079	6840.816	1499.996	287.7804
828.2603	6776.104	1490.016	286.5779
828.4127	6809.958	1506.979	285.3745
828.5651	6760.043	1509.997	284.1541
828.7175	6652.053	1509	282.9836
828.8699	6666.998	1512	281.7802
829.0223	6360.997	1513.001	280.5777
829.1747	6350.024	1515.999	279.3933
829.3271	6388.914	1514.004	278.2086
829.4795	6588.63	1514.998	277.0052
829.6319	7396.8	1515.999	275.8517
829.7843	7450.941	1495.023	274.6314
829.9367	7372.059	1497.998	273.4289
830.0891	7363.003	1495.001	272.2265
830.2415	7328	1497	271.006
830.3939	7246.003	1499.004	269.8116
830.5463	7255.948	1510.99	268.6001
830.6987	7184.151	1497.029	267.4005
830.8511	7176.014	1497.998	266.1981
831.0035	6956.301	1499.997	264.9777
831.1559	6895.061	1500.999	263.7742
831.3083	6880.009	1498.002	262.5868
831.4607	6702.047	1503.998	261.3833
831.6131	6776.016	1503	260.1799
831.7655	6929.028	1503	258.9944
831.9179	6987.914	1503.003	257.791
832.0703	6886.203	1505.994	256.6083
832.2227	6878.013	1506	255.405
832.3751	6724.193	1509.995	254.2015
832.5275	6680.039	1509.001	253.0151
832.6799	6452.118	1509	251.8126
832.8323	6566.983	1504.001	250.6242
832.9847	6729.029	1499.999	249.4377
833.1371	6862.107	1496	248.2353
833.2895	7043.592	1496	247.0357
833.4419	6956.166	1496	245.8323
833.5943	7011.916	1498.995	244.6288
833.7467	6987.028	1510.986	243.4254
833.8991	6944.033	1512.998	242.2379
834.0515	6858.035	1513	241.0345
834.2039	6819.001	1513	239.847
834.3563	6635.01	1513	238.6596
834.5087	6666.024	1513	237.4572
834.6611	6699.928	1513	236.2915
834.8135	6731.943	1510.005	235.1061
834.9659	6860.82	1510.999	233.9017
835.1183	6901.958	1511	232.7152
835.2707	6768.088	1511	231.5128
835.4231	6884.966	1510	230.3264
835.5755	6796.004	1511	229.1319
835.7279	6853.004	1507.001	227.9535
835.8803	6861.992	1509.002	226.767
836.0327	6852.02	1510.996	225.5664
836.1851	6758.155	1512.997	224.364
836.3375	6696.08	1513	223.1935
836.4899	6546.137	1511.002	221.9911
836.6423	6604.968	1512	220.8046
836.7947	6653.991	1509	219.6182
836.9471	6750.039	1507.001	218.4318
837.0995	6952.952	1510.001	217.2293
837.2519	6866.956	1512.001	216.0259
837.4043	6819.091	1512.998	214.8423
837.5567	6851.949	1512.002	213.6548
837.7091	6888.957	1512	212.4684
837.8615	6879.008	1506.005	211.282
838.0139	6673.089	1507.999	210.0785
838.1663	6763.994	1510	208.8921
838.3187	6729.98	1509	207.6886
838.4711	6664.02	1509.001	206.5032
838.6234	6692.938	1509.998	205.3036
838.7758	6824.763	1510	204.1171
838.9282	6770.078	1509.001	202.9137
839.0806	6921.839	1510.998	201.7352
839.2330	6933.992	1506.003	200.5568
839.3854	6856.025	1507	199.3544
839.5378	6852.995	1508	198.1499
839.6902	6761.982	1509	196.9455
839.8426	6720.051	1509.999	195.7591
839.9950	6784.867	1509.002	194.5764
840.1474	6910.789	1509	193.39
840.2998	6884.035	1509	192.1876
840.4522	6869.014	1509	190.9991
840.6046	6911.976	1511.998	189.8127
840.7570	6836.016	1511	188.6252
840.9094	6562.023	1511	187.4218
841.0618	6704.931	1509	186.2354
841.2142	6576.208	1508	185.0489
841.3666	6807.553	1508	183.8483
841.5190	6802.009	1508	182.6599
841.6714	6760.05	1509.998	181.4574
841.8238	6768.993	1508.002	180.27
841.9762	6786.992	1508	179.0665
842.1286	6829.996	1504	177.8971
842.2810	6811.041	1504.999	176.6937
842.4334	6957.934	1501.002	175.5072
842.5858	6856.223	1503.993	174.3066
842.7382	6859.993	1510.987	173.1042
842.8906	6718.206	1511.999	171.9007
843.0430	6642.083	1511.001	170.7233
843.1954	6645.997	1510.001	169.5278
843.3478	6568.027	1511	168.3414
843.5002	6864.001	1505	167.154
843.6526	6899.975	1505.002	165.9505
843.8050	6836.999	1510.999	164.7471
843.9574	6836.002	1510.002	163.5645
844.1098	6707.22	1513.993	162.378
844.2622	6576.175	1514	161.1756
844.4146	6628.949	1510.004	159.9892
844.5670	6668.976	1507.002	158.8017
844.7194	6733.985	1508	157.6063
844.8718	6741.993	1507	156.4288
845.0242	6693.028	1507	155.2254
845.1766	6749.053	1507.999	154.0379
845.3290	6809.881	1507.002	152.8383
845.4814	6998.699	1506.002	151.6349
845.6338	6864.165	1506.999	150.4654
845.7862	6803.052	1506.001	149.262
845.9386	6664.067	1508.999	148.0586
846.0910	6583.01	1505	146.8721
846.2434	6564.022	1503.999	145.6687
846.3958	6652.033	1498.995	144.4653
846.5482	6704.883	1491.018	143.2986
846.7006	6732.948	1509.965	142.0793
846.8530	6861.809	1510	140.8918
847.0054	6793.077	1508.002	139.6883
847.1578	6883.933	1507.001	138.5009
847.3102	6792.034	1508	137.3144
847.4626	6734	1510	136.128
847.6150	6620.986	1511	134.9256
847.7674	6582.026	1511.998	133.7221
847.9198	6617.924	1509.006	132.5385
848.0722	6608.018	1509.998	131.3511
848.2246	6824.704	1505.007	130.1636
848.3770	6894.93	1504.001	128.9612
848.5294	6947.967	1504	127.7747
848.6818	6846.026	1504	126.5713
848.8342	6875.985	1504	125.3679
848.9866	6740.952	1507	124.1804
849.1390	6640.946	1507.001	122.995
849.2914	6577.127	1507.998	121.7954
849.4438	6613.94	1507.002	120.591
849.5962	6697.895	1506.001	119.4195
849.7486	6675.021	1507.998	118.2171
849.9010	6708.982	1507	117.0136
850.0534	6794.987	1505	115.8102
850.2058	6890.015	1505	114.6237
850.3582	6954.92	1503.004	113.4193
850.5106	6820.302	1509.984	112.2367
850.6630	6695.234	1511.996	111.0512
850.8154	6712.973	1511.001	109.8498
850.9678	6476.27	1510.001	108.6634
851.1202	6444.024	1509.001	107.4769
851.2726	6653.916	1508	106.2725
851.4250	6841.994	1505	105.102
851.5774	6837.045	1503.001	103.8996
851.7298	6971.931	1504.998	102.6972
851.8822	6874.208	1502.006	101.5145
852.0346	6802.127	1509.986	100.3111
852.1870	6883.886	1510	99.10768
852.3394	6859.025	1505.005	97.92121
852.4918	6729.085	1505	96.73478
852.6442	6709.006	1506	95.53234
852.7966	6698.999	1507	94.3299
852.9490	6687.997	1509	93.14246
853.1014	6682.081	1508.001	91.93903
853.2538	6780.801	1508.998	90.74641
853.4062	6827.922	1509	89.56994
853.5586	6801.035	1503.008	88.38352
853.7110	6980.836	1502.001	87.1801
853.8634	6883.053	1500.001	85.97665
854.0158	6825.01	1501	84.77221
854.1682	6771.981	1504	83.58576
854.3206	6675.929	1506.002	82.38332
854.4730	6550.285	1508.993	81.18472
854.6254	6609.886	1509	79.98229
854.7778	6590.031	1513.992	78.79382
854.9302	6687.886	1503.013	77.60738
855.0826	6868.856	1503	76.41895
855.2350	6900.986	1503	75.21651
855.3874	6853.003	1503	74.01207
855.5398	6677.001	1503	72.82562
855.6922	6682.012	1502.999	71.62419
855.8446	6699.961	1502.002	70.43257
855.9970	6716.97	1508.987	69.23614
856.1494	6898.742	1496.018	68.03271
856.3018	6864.037	1496.999	66.84525
856.4542	6846.012	1497.999	65.63283
856.6066	6899.983	1502.998	64.43838
856.7590	6787.993	1503	63.23594
856.9114	6663.005	1503.999	62.03249
857.0638	6675.063	1500.998	60.82906
857.2162	6754.837	1499.004	59.64642
857.3686	6698.096	1499.998	58.44202
857.5210	6792.876	1495.007	57.25455
857.6734	6871.926	1495	56.05212
857.8258	6819.03	1495	54.8327
857.9782	6867.99	1497	53.63124
858.1306	6883.989	1497.001	52.4278
858.2830	6816.939	1501.999	51.22336
858.4354	6703.261	1500.005	50.03872
858.5878	6750.907	1500	48.83632
858.7402	6732.03	1495.008	47.63488
858.8926	6707.03	1493.002	46.43143
859.0450	6725.984	1493	45.22699
859.1974	6843.946	1490.001	44.02355
859.3498	6885.997	1489	42.8201
859.5022	6995.986	1489.001	41.61766
859.6546	6945.947	1491.001	40.39921
859.8070	6864.179	1491.998	39.18266
859.9594	6961.822	1492.998	37.97819
860.1118	6837.181	1490.004	36.79172
860.2642	6890.942	1489.001	35.5873
860.4166	6855.025	1489.999	34.36687
860.5690	6828.009	1491	33.16441
860.7214	6795	1494	31.94397
860.8738	6819.016	1495.001	30.75752
861.0262	6857.977	1497.018	29.53708
861.1786	6827.064	1519.953	28.33848
861.3310	6846.966	1490.051	27.13605
861.4834	6960.848	1484.008	25.9326
861.6358	6986.975	1481.003	24.72916
861.7882	6956.019	1481.999	23.52572
861.9406	6960.999	1482	22.30628
862.0930	6799.989	1484	21.08683
862.2454	6724.002	1487	19.86538
862.3978	6728.988	1486.002	18.64983
862.5502	6744.969	1486.998	17.42939
862.7026	6668.123	1487.998	16.24189
862.8550	6882.738	1487.001	15.02149
863.0074	6728.132	1482.004	13.81902
863.1598	6667.029	1491.995	12.59859
863.3122	6639.003	1517.997	11.39614
863.4646	6583.954	1529	10.1917
863.6170	6403.963	1527.969	9.021263
863.7694	6345.13	1479.108	7.839613
863.9218	6301.081	1422.105	6.652189
864.0742	6146.229	1322.147	5.413826
864.2266	6117.032	1320.002	4.077478
864.3790	6106.008	1321.999	2.707011
864.5314	6116.996	1312.004	1.354499
864.6838	5986	1221	0
