HOLE:	U1507B
EXPEDITION:	371
TOP:	97.0452
BOTTOM:	827.9558
DEPTH_WMSF	LCAL
m	in
97.0452	8.78795
97.1976	10.2932
97.3500	11.58956
97.5024	12.02986
97.6548	12.18238
97.8072	12.17003
97.9596	12.17188
98.1120	11.94762
98.2644	11.51082
98.4168	11.50671
98.5692	11.51906
98.7216	11.51084
98.8740	11.52318
99.0264	11.573
99.1788	12.82646
99.3312	14.83578
99.4836	14.93248
99.6360	14.8233
99.7884	14.73671
99.9408	14.58435
100.0932	14.58024
100.2456	14.57715
100.3980	14.57612
100.5504	14.57197
100.7028	14.53432
100.8552	14.01995
101.0076	12.15722
101.1600	14.13578
101.3124	14.88956
101.4648	15.19818
101.6172	15.35068
101.7696	15.3754
101.9220	15.3754
102.0744	15.37128
102.2268	15.37952
102.3792	15.38364
102.5316	15.38363
102.6840	15.37025
102.8364	15.36716
102.9888	15.29297
103.1412	15.17764
103.2936	15.16938
103.4460	15.15395
103.5984	15.15704
103.7508	15.15704
103.9032	15.15716
104.0556	15.29296
104.2080	15.54535
104.3604	15.54844
104.5128	15.55256
104.6652	15.5484
104.8176	15.51136
104.9700	15.50312
105.1224	15.50415
105.2748	15.50725
105.4272	15.51136
105.5796	15.499
105.7320	15.50724
105.8844	15.50724
106.0368	15.5093
106.1892	15.50312
106.3416	15.50312
106.4940	15.49899
106.6464	15.48663
106.7988	15.4784
106.9512	15.46808
107.1036	15.39599
107.2560	15.38362
107.4084	15.36716
107.5608	15.3754
107.7132	15.37025
107.8656	15.36295
108.0180	15.26831
108.1704	15.18588
108.3228	15.16116
108.4752	15.16423
108.6276	15.14424
108.7800	14.75743
108.9324	14.37007
109.0848	14.20119
109.2372	14.2012
109.3896	14.20531
109.5420	14.2012
109.6944	14.20943
109.8468	14.20119
109.9992	14.20119
110.1516	14.20119
110.3040	14.21355
110.4564	14.20532
110.6088	14.20634
110.7612	14.20532
110.9136	14.21769
111.0660	14.25888
111.2184	14.26713
111.3708	14.28359
111.5232	14.263
111.6756	14.27124
111.8280	14.2671
111.9804	14.24755
112.1328	14.2424
112.2852	14.23416
112.4376	14.23827
112.5900	14.23417
112.7424	14.24239
112.8948	14.23004
113.0472	14.23416
113.1996	14.23416
113.3520	14.24239
113.5044	14.2218
113.6568	14.24658
113.8092	14.37851
113.9616	14.55134
114.1140	14.68736
114.2664	14.75742
114.4188	14.80685
114.5712	14.81509
114.7236	14.82332
114.8760	14.82744
115.0284	14.82435
115.1808	14.82743
115.3332	14.81508
115.4856	14.88513
115.6380	14.93457
115.7904	14.96341
115.9428	14.97575
116.0952	14.97988
116.2476	14.96752
116.4000	14.97379
116.5524	15.10349
116.7048	15.11584
116.8572	15.11996
117.0096	15.11996
117.1620	15.1179
117.3144	15.11584
117.4668	15.13232
117.6192	15.11981
117.7716	14.81873
117.9240	14.27864
118.0764	14.03227
118.2288	14.0199
118.3812	13.99091
118.5336	13.76651
118.6860	11.90244
118.8384	13.19186
118.9908	13.44723
119.1432	13.439
119.2956	13.44929
119.4480	13.43899
119.6004	13.44723
119.7528	13.45135
119.9052	13.44929
120.0576	13.44723
120.2100	13.45135
120.3624	13.44312
120.5148	13.44722
120.6672	13.43899
120.8196	13.47608
120.9720	13.51315
121.1244	13.51315
121.2768	13.51315
121.4292	13.52139
121.5816	13.51727
121.7340	13.52138
121.8864	13.50904
122.0388	13.51624
122.1912	13.51315
122.3436	13.51727
122.4960	13.50904
122.6484	13.51315
122.8008	13.51109
122.9532	13.51728
123.1056	13.52551
123.2580	13.51727
123.4104	13.50595
123.5628	13.53794
123.7152	13.6739
123.8676	13.74799
124.0200	13.74799
124.1724	13.75314
124.3248	13.748
124.4772	13.75211
124.6296	13.74799
124.7820	13.75623
124.9344	13.748
125.0868	13.76034
125.2392	13.748
125.3916	13.75211
125.5440	13.748
125.6964	13.75623
125.8488	13.748
126.0012	13.75623
126.1536	13.76035
126.3060	13.75308
126.4584	13.67372
126.6108	13.56673
126.7632	13.54611
126.9156	13.51312
127.0680	13.46469
127.2204	13.41429
127.3728	13.33599
127.5252	13.26594
127.6776	13.23814
127.8300	13.24123
127.9824	13.24123
128.1348	13.21636
128.2872	12.79509
128.4396	11.17959
128.5920	12.5118
128.7444	12.89103
128.8968	12.89103
129.0492	12.89103
129.2016	12.88794
129.3540	12.89927
129.5064	12.89927
129.6588	12.89515
129.8112	12.89516
129.9636	12.90339
130.1160	12.89515
130.2684	12.89929
130.4208	12.92399
130.5732	12.91884
130.7256	12.92399
130.8780	12.92398
131.0304	12.91164
131.1828	12.91987
131.3352	12.89823
131.4876	12.76331
131.6400	12.7633
131.7924	12.7468
131.9448	12.72623
132.0972	12.71799
132.2496	12.73029
132.4020	12.65204
132.5544	12.62323
132.7068	12.62014
132.8592	12.60668
133.0116	12.49506
133.1640	12.03419
133.3164	7.695712
133.4688	7.960268
133.6212	9.892653
133.7736	11.08254
133.9260	11.24714
134.0784	11.25538
134.2308	11.24715
134.3832	11.25548
134.5356	11.34189
134.6880	11.44908
134.8404	11.72408
134.9928	11.79923
135.1452	11.79922
135.2976	11.86516
135.4500	12.03435
135.6024	12.65162
135.7548	13.3486
135.9072	13.55435
136.0596	13.55842
136.2120	13.40571
136.3644	12.9549
136.5168	12.96519
136.6692	12.91571
136.8216	12.73859
136.9740	12.73858
137.1264	12.72829
137.2788	12.73035
137.4312	12.718
137.5836	12.73446
137.7360	12.72315
137.8884	12.73035
138.0408	12.73035
138.1932	12.73035
138.3456	12.73035
138.4980	12.72829
138.6504	12.73447
138.8028	12.73035
138.9552	12.73447
139.1076	12.73344
139.2600	12.72211
139.4124	12.73859
139.5648	12.72624
139.7172	12.73446
139.8696	12.72829
140.0220	12.72623
140.1744	12.72211
140.3268	12.72623
140.4792	12.72623
140.6316	12.74374
140.7840	12.72213
140.9364	12.75507
141.0888	12.75919
141.2412	12.76331
141.3936	12.7592
141.5460	12.77154
141.6984	12.75919
141.8508	12.76331
142.0032	12.75919
142.1556	12.76742
142.3080	12.75505
142.4604	12.73859
142.6128	12.72211
142.7652	12.73858
142.9176	12.72621
143.0700	12.70152
143.2224	12.61499
143.3748	12.62323
143.5272	12.62013
143.6796	12.61079
143.8320	12.54495
143.9844	12.4584
144.1368	12.3625
144.2892	12.17003
144.4416	12.17415
144.5940	12.17003
144.7464	12.17826
144.8988	12.17724
145.0512	12.17827
145.2036	12.18239
145.3560	12.21957
145.5084	12.45436
145.6608	12.51713
145.8132	12.51199
145.9656	12.60681
146.1180	12.8169
146.2704	12.85703
146.4228	12.84571
146.5752	12.85395
146.7276	12.84984
146.8800	12.86217
147.0324	12.84674
147.1848	12.85395
147.3372	12.8416
147.4896	12.85806
147.6420	12.84574
147.7944	12.87249
147.9468	12.86219
148.0992	12.86631
148.2516	12.87455
148.4040	12.87249
148.5564	12.87867
148.7088	12.86219
148.8612	12.8622
149.0136	12.87867
149.1660	12.87249
149.3184	12.86219
149.4708	12.87043
149.6232	12.86632
149.7756	12.87249
149.9280	12.86219
150.0804	12.86631
150.2328	12.87453
150.3852	12.85807
150.5376	12.85189
150.6900	12.86219
150.8424	12.86221
150.9948	12.88278
151.1472	12.87455
151.2996	12.86219
151.4520	12.8622
151.6044	12.87042
151.7568	12.86631
151.9092	12.87867
152.0616	12.87764
152.2140	12.87867
152.3664	12.87867
152.5188	12.87455
152.6712	12.86219
152.8236	12.8704
152.9760	12.84159
153.1284	12.84571
153.2808	12.83747
153.4332	12.83644
153.5856	12.84158
153.7380	12.83335
153.8904	12.84159
154.0428	12.84159
154.1952	12.84674
154.3476	12.84571
154.5000	12.84159
154.6524	12.84577
154.8048	12.96933
154.9572	12.98581
155.1096	12.99815
155.2620	12.98992
155.4144	13.00226
155.5668	12.99095
155.7192	12.99815
155.8716	12.99404
156.0240	13.01459
156.1764	12.9487
156.3288	12.93944
156.4812	12.92399
156.6336	12.91987
156.7860	12.91165
156.9384	12.92809
157.0908	12.91369
157.2432	12.92403
157.3956	13.01882
157.5480	13.10532
157.7004	13.14647
157.8528	13.14544
158.0052	13.15471
158.1576	13.15059
158.3100	13.15059
158.4624	13.15059
158.6148	13.15059
158.7672	13.1506
158.9196	13.16294
159.0720	13.15471
159.2244	13.15059
159.3768	13.15059
159.5292	13.1506
159.6816	13.15471
159.8340	13.15883
159.9864	13.15059
160.1388	13.15471
160.2912	13.15059
160.4436	13.15883
160.5960	13.15574
160.7484	13.15882
160.9008	13.15061
161.0532	13.16295
161.2056	13.15471
161.3580	13.15574
161.5104	13.1506
161.6628	13.15883
161.8152	13.15059
161.9676	13.16295
162.1200	13.15574
162.2724	13.15883
162.4248	13.15883
162.5772	13.15883
162.7296	13.1547
162.8820	13.14541
163.0344	13.12175
163.1868	13.1094
163.3392	13.12174
163.4916	13.1094
163.6440	13.11763
163.7964	13.10939
163.9488	13.11351
164.1012	13.10528
164.2536	13.11454
164.4060	13.10527
164.5584	13.11762
164.7108	13.10116
164.8632	13.10938
165.0156	13.10115
165.1680	13.10939
165.3204	13.10527
165.4728	13.10938
165.6252	13.10424
165.7776	13.10939
165.9300	13.11351
166.0824	13.1135
166.2348	13.10527
166.3872	13.10424
166.5396	13.11351
166.6920	13.11763
166.8444	13.11762
166.9968	13.10939
167.1492	13.11968
167.3016	13.10528
167.4540	13.1135
167.6064	13.10527
167.7588	13.12998
167.9112	13.10527
168.0636	13.10938
168.2160	13.10115
168.3684	13.11351
168.5208	13.0991
168.6732	13.11351
168.8256	13.10939
168.9780	13.10527
169.1304	13.10115
169.2828	13.10424
169.4352	13.10528
169.5876	13.11763
169.7400	13.10527
169.8924	13.10115
170.0448	13.10939
170.1972	13.11351
170.3496	13.11351
170.5020	13.10115
170.6544	13.10526
170.8068	13.09912
170.9592	13.12175
171.1116	13.10116
171.2640	13.11351
171.4164	13.10527
171.5688	13.10939
171.7212	13.10527
171.8736	13.11345
172.0260	13.01039
172.1784	12.89312
172.3308	12.87867
172.4832	12.87867
172.6356	12.87867
172.7880	12.88278
172.9404	12.87764
173.0928	12.8703
173.2452	12.53658
173.3976	12.36779
173.5500	12.37191
173.7024	12.36779
173.8548	12.38013
174.0072	12.34666
174.1596	11.81583
174.3120	11.09892
174.4644	11.85794
174.6168	11.86103
174.7692	11.86925
174.9216	11.85278
175.0740	11.86521
175.2264	12.03367
175.3788	12.8911
175.5312	12.95694
175.6836	12.96931
175.8360	12.9652
175.9884	12.98064
176.1408	12.98167
176.2932	12.96931
176.4456	12.96108
176.5980	12.97033
176.7504	12.96107
176.9028	12.95695
177.0552	12.97755
177.2076	12.96931
177.3600	12.97033
177.5124	12.95695
177.6648	13.02699
177.8172	13.04759
177.9696	13.05582
178.1220	13.04759
178.2744	13.05583
178.4268	13.04759
178.5792	13.05171
178.7316	13.0517
178.8840	13.04244
179.0364	13.05583
179.1888	13.0476
179.3412	13.05583
179.4936	13.05274
179.6460	13.05583
179.7984	13.05583
179.9508	13.05171
180.1032	13.04759
180.2556	13.06304
180.4080	13.02697
180.5604	12.98577
180.7128	12.96095
180.8652	12.86631
181.0176	12.81066
181.1700	12.73847
181.3224	12.57717
181.4748	11.90232
181.6272	11.85279
181.7796	11.86308
181.9320	11.8576
182.0844	12.58184
182.2368	13.39372
182.3892	13.85103
182.5416	13.92102
182.6940	13.90859
182.8464	13.83863
182.9988	13.6366
183.1512	13.19969
183.3036	12.72803
183.4560	12.4873
183.6084	12.46255
183.7608	12.46666
183.9132	12.46065
184.0656	12.62336
184.2180	12.72211
184.3704	12.7427
184.5228	12.72212
184.6752	12.73344
184.8276	12.73035
184.9800	12.73035
185.1324	12.73035
185.2848	12.72829
185.4372	12.73035
185.5896	12.72623
185.7420	12.7427
185.8944	12.72623
186.0468	12.7283
186.1992	12.73859
186.3516	12.73035
186.5040	12.72626
186.6564	12.75918
186.8088	12.74889
186.9612	12.7633
187.1136	12.7386
187.2660	12.75507
187.4184	12.75507
187.5708	12.77464
187.7232	12.80039
187.8756	12.80451
188.0280	12.80862
188.1804	12.80554
188.3328	12.80863
188.4852	12.80451
188.6376	12.80862
188.7900	12.80039
188.9424	12.81069
189.0948	12.80451
189.2472	12.80862
189.3996	12.80451
189.5520	12.80451
189.7044	12.81584
189.8568	12.82098
190.0092	12.81688
190.1616	12.82511
190.3140	12.81687
190.4664	12.81584
190.6188	12.81274
190.7712	12.80863
190.9236	12.80039
191.0760	12.8004
191.2284	12.81582
191.3808	12.79627
191.5332	12.78389
191.6856	12.71799
191.8380	12.72828
191.9904	12.71799
192.1428	12.72211
192.2952	12.71387
192.4476	12.71385
192.6000	12.69194
192.7524	12.44196
192.9048	12.42959
193.0572	12.45022
193.2096	12.49552
193.3620	12.50684
193.5144	12.615
193.6668	12.67247
193.8192	12.32226
193.9716	12.09984
194.1240	11.99183
194.2764	11.92281
194.4288	11.88138
194.5812	11.58499
194.7336	11.5891
194.8860	11.58498
195.0384	11.58498
195.1908	11.58479
195.3432	11.40373
195.4956	11.25537
195.6480	11.16881
195.8004	11.06989
195.9528	10.9711
196.1052	10.9711
196.2576	10.97729
196.4100	10.99168
196.5624	10.96709
196.7148	11.06174
196.8672	12.0342
197.0196	12.43988
197.1720	12.43371
197.3244	12.43783
197.4768	12.43783
197.6292	12.4399
197.7816	12.47087
197.9340	12.55731
198.0864	12.55731
198.2388	12.5573
198.3912	12.55343
198.5436	12.85802
198.6960	12.81275
198.8484	12.59851
199.0008	12.59851
199.1532	12.59438
199.3056	12.59027
199.4580	12.59437
199.6104	12.48734
199.7628	12.61101
199.9152	12.76434
200.0676	12.76743
200.2200	12.76743
200.3724	12.76743
200.5248	12.76334
200.6772	12.78494
200.8296	12.79218
200.9820	12.87872
201.1344	12.95704
201.2868	13.03933
201.4392	13.02699
201.5916	13.03523
201.7440	13.03906
201.8964	12.72974
202.0488	12.25654
202.2012	12.14633
202.3536	12.14113
202.5060	12.06701
202.6584	12.05055
202.8108	12.04334
202.9632	12.05055
203.1156	12.05055
203.2680	12.05878
203.4204	12.04642
203.5728	12.02271
203.7252	11.96813
203.8776	11.95576
204.0300	11.93931
204.1824	11.94754
204.3348	11.93516
204.4872	11.90513
204.6396	10.86405
204.7920	10.18399
204.9444	9.557954
205.0968	9.586935
205.2492	9.741245
205.4016	9.879312
205.5540	9.961697
205.7064	9.961776
205.8588	10.04837
206.0112	10.16874
206.1636	10.33663
206.3160	10.36959
206.4684	10.38194
206.6208	10.37988
206.7732	10.38606
206.9256	10.39018
207.0780	10.38606
207.2304	10.39018
207.3828	10.37473
207.5352	10.38194
207.6876	10.39436
207.8400	10.46025
207.9924	10.48082
208.1448	10.49318
208.2972	10.48907
208.4496	10.50129
208.6020	10.38607
208.7544	10.25834
208.9068	10.2511
209.0592	10.20439
209.2116	9.825813
209.3640	9.714495
209.5164	9.706249
209.6688	9.694921
209.8212	9.68978
209.9736	9.693895
210.1260	9.698011
210.2784	9.689783
210.4308	9.700068
210.5832	9.693896
210.7356	9.689777
210.8880	9.698015
211.0404	9.698023
211.1928	9.705223
211.3452	9.693937
211.4976	9.953609
211.6500	10.24203
211.8024	10.43652
211.9548	10.43138
212.1072	10.4355
212.2596	10.43138
212.4120	10.43548
212.5644	10.42108
212.7168	10.42315
212.8692	10.45197
213.0216	10.43138
213.1740	10.4355
213.3264	10.43137
213.4788	10.40252
213.6312	10.36546
213.7836	10.36957
213.9360	10.36546
214.0884	10.36441
214.2408	10.31578
214.3932	10.00693
214.5456	9.928743
214.6980	9.936976
214.8504	9.936977
215.0028	9.936977
215.1552	9.93697
215.3076	9.932858
215.4600	9.941095
215.6124	9.936988
215.7648	9.949316
215.9172	9.932857
216.0696	9.941094
216.2220	9.936976
216.3744	9.937052
216.5268	10.00289
216.6792	10.08118
216.8316	10.08118
216.9840	10.08118
217.1364	10.08529
217.2888	10.08118
217.4412	10.08529
217.5936	10.08118
217.7460	10.08632
217.8984	10.07706
218.0508	10.08531
218.2032	10.13094
218.3556	10.55102
218.5080	10.69402
218.6604	10.70331
218.8128	10.73213
218.9652	10.72391
219.1176	10.73212
219.2700	10.71978
219.4224	10.7239
219.5748	10.71994
219.7272	10.9053
219.8796	11.00406
220.0320	11.13178
220.1844	11.12766
220.3368	11.12767
220.4892	11.13178
220.6416	11.13592
220.7940	11.18842
220.9464	11.17299
221.0988	11.1771
221.2512	11.17298
221.4036	11.18842
221.5560	11.17281
221.7084	10.97456
221.8608	10.44374
222.0132	10.32
222.1656	9.947117
222.3180	9.734962
222.4704	9.615628
222.6228	9.034649
222.7752	8.869689
222.9276	8.546464
223.0800	8.540257
223.2324	8.515545
223.3848	8.330097
223.5372	8.185905
223.6896	8.113876
223.8420	8.120048
223.9944	8.062355
224.1468	8.029402
224.2992	8.021191
224.4516	8.041766
224.6040	8.021169
224.7564	8.025285
224.9088	8.02118
225.0612	8.033553
225.2136	8.052073
225.3660	8.087178
225.5184	8.268637
225.6708	8.577542
225.8232	8.716422
225.9756	8.799904
226.1280	8.940132
226.2804	9.20828
226.4328	9.697956
226.5852	10.1173
226.7376	10.41909
226.8900	10.53036
227.0424	10.6336
227.1948	10.88462
227.3472	11.19361
227.4996	11.24715
227.6520	11.25537
227.8044	11.24714
227.9568	11.25127
228.1092	11.25949
228.2616	11.23481
228.4140	11.2595
228.5664	11.24303
228.7188	11.25538
228.8712	11.25538
229.0236	11.25127
229.1760	11.2595
229.3284	11.2595
229.4808	11.25949
229.6332	11.25023
229.7856	11.25126
229.9380	11.24714
230.0904	11.25538
230.2428	11.24715
230.3952	11.25538
230.5476	11.22652
230.7000	11.15239
230.8524	11.1565
231.0048	11.1524
231.1572	11.16268
231.3096	11.15234
231.4620	11.05343
231.6144	10.967
231.7668	10.98346
231.9192	10.82792
232.0716	10.79393
232.2240	10.78158
232.3764	10.78158
232.5288	10.78158
232.6812	10.78141
232.8336	10.49651
232.9860	9.689157
233.1384	9.228317
233.2908	9.087178
233.4432	8.992914
233.5956	8.311989
233.7480	6.917022
233.9004	6.233078
234.0528	6.228963
234.2052	6.233161
234.3576	6.307229
234.5100	6.554504
234.6624	6.830631
234.8148	7.077955
234.9672	7.357289
235.1196	7.712209
235.2720	8.111937
235.4244	8.379651
235.5768	8.429048
235.7292	8.42802
235.8816	8.420808
236.0340	8.416698
236.1864	8.429035
236.3388	8.416691
236.4912	8.412572
236.6436	8.424932
236.7960	8.429041
236.9484	8.420968
237.1008	8.540292
237.2532	8.55677
237.4056	8.556777
237.5580	8.565006
237.7104	8.56089
237.8628	8.548537
238.0152	8.567172
238.1676	8.709496
238.3200	8.972854
238.4724	9.203627
238.6248	9.265475
238.7772	9.3705
238.9296	9.397261
239.0820	9.401375
239.2344	9.409622
239.3868	9.426233
239.5392	9.592043
239.6916	9.689773
239.8440	9.693892
239.9964	9.685661
240.1488	9.693891
240.3012	9.689776
240.4536	9.702147
240.6060	9.755692
240.7584	9.751585
240.9108	9.761884
241.0632	9.768058
241.2156	9.784532
241.3680	9.776567
241.5204	10.10187
241.6728	10.18005
241.8252	10.2707
241.9776	10.27687
242.1300	10.27073
242.2824	10.30365
242.4348	10.46234
242.5872	10.74465
242.7396	11.01248
242.8920	11.20188
243.0444	11.24508
243.1968	11.23893
243.3492	11.29661
243.5016	11.32544
243.6540	11.33778
243.8064	11.32955
243.9588	11.34189
244.1112	11.32749
244.2636	11.33366
244.4160	11.33778
244.5684	11.33778
244.7208	11.32954
244.8732	11.32956
245.0256	11.3419
245.1780	11.32235
245.3304	11.36251
245.4828	11.36664
245.6352	11.37898
245.7876	11.37486
245.9400	11.37899
246.0924	11.38926
246.2448	11.37075
246.3972	11.3831
246.5496	11.37898
246.7020	11.37899
246.8544	11.39133
247.0068	11.37898
247.1592	11.39134
247.3116	11.37899
247.4640	11.38721
247.6164	11.37898
247.7688	11.3831
247.9212	11.37899
248.0736	11.38414
248.2260	11.38721
248.3784	11.37898
248.5308	11.37896
248.6832	11.33337
248.8356	11.01618
248.9880	10.82792
249.1404	10.71565
249.2928	10.69095
249.4452	10.69911
249.5976	10.64253
249.7500	10.36094
249.9024	9.116886
250.0548	8.816352
250.2072	8.834851
250.3596	8.82045
250.5120	8.812211
250.6644	8.812238
250.8168	8.84123
250.9692	8.979095
251.1216	9.306671
251.2740	9.438439
251.4264	9.421988
251.5788	9.434332
251.7312	9.421974
251.8836	9.42198
252.0360	9.430275
252.1884	9.48844
252.3408	9.871067
252.4932	9.931835
252.6456	9.949329
252.7980	9.941117
252.9504	9.957577
253.1028	9.941096
253.2552	9.942122
253.4076	9.936977
253.5600	9.936977
253.7124	9.953453
253.8648	9.942137
254.0172	9.957562
254.1696	9.945228
254.3220	9.953456
254.4744	9.95345
254.6268	9.942129
254.7792	9.945227
254.9316	9.953457
255.0840	9.949336
255.2364	9.947285
255.3888	9.957568
255.5412	9.949338
255.6936	9.949347
255.8460	9.982508
255.9985	10.2956
256.1509	10.47255
256.3033	10.45199
256.4557	10.53035
256.6081	10.69095
256.7605	10.69917
256.9129	10.69506
257.0653	10.69919
257.2177	10.71159
257.3701	10.77337
257.5225	10.79703
257.6749	10.78158
257.8273	10.77746
257.9797	10.78159
258.1321	10.78982
258.2845	10.78673
258.4369	10.78159
258.5893	10.79388
258.7417	10.72775
258.8941	10.51377
259.0465	10.28301
259.1989	10.17575
259.3513	9.936939
259.5037	9.904019
259.6561	9.895779
259.8085	9.904074
259.9609	9.990737
260.1133	10.18422
260.2657	10.21301
260.4181	10.15843
260.5705	10.16353
260.7229	10.11003
260.8753	10.11826
261.0277	10.11826
261.1801	10.11722
261.3325	10.1058
261.4849	10.0235
261.6373	10.03586
261.7897	10.03508
261.9421	10.41945
262.0945	10.83516
262.2469	10.85162
262.3993	10.84338
262.5517	10.84338
262.7041	10.83926
262.8565	10.84338
263.0089	10.85574
263.1613	10.8475
263.3137	10.85367
263.4661	10.8475
263.6185	10.84326
263.7709	10.41028
263.9233	9.65358
264.0757	9.512621
264.2281	9.516746
264.3805	9.58267
264.5329	9.611853
264.6853	10.01021
264.8377	10.90519
264.9901	11.25126
265.1425	11.25127
265.2949	11.25539
265.4473	11.26568
265.5997	11.24302
265.7521	11.25126
265.9045	11.25126
266.0569	11.25126
266.2093	11.25023
266.3617	11.2595
266.5141	11.25539
266.6665	11.2595
266.8189	11.2595
266.9713	11.25023
267.1237	11.25538
267.2761	11.25538
267.4285	11.25126
267.5809	11.25538
267.7333	11.24303
267.8857	11.25949
268.0381	11.25126
268.1905	11.25126
268.3429	11.22446
268.4953	11.17297
268.6477	11.1565
268.8001	11.1565
268.9525	11.16268
269.1049	11.1565
269.2573	11.15239
269.4097	11.1565
269.5621	11.16062
269.7145	11.15239
269.8669	11.16062
270.0193	11.16062
270.1717	11.1565
270.3241	11.16782
270.4765	11.1524
270.6289	11.17296
270.7813	11.1565
270.9337	11.1565
271.0861	11.15238
271.2385	11.15238
271.3909	11.15238
271.5433	11.15239
271.6957	11.16268
271.8481	11.15651
272.0005	11.16061
272.1529	11.15238
272.3053	11.16061
272.4577	11.14724
272.6101	11.15239
272.7625	11.16062
272.9149	11.15239
273.0673	11.16267
273.2197	11.15239
273.3721	11.16062
273.5245	11.15239
273.6769	11.16474
273.8293	11.16267
273.9817	11.1524
274.1341	11.16474
274.2865	11.15651
274.4389	11.16473
274.5913	11.15238
274.7437	11.15238
274.8961	11.16061
275.0485	11.14001
275.2009	11.12141
275.3533	11.05351
275.5057	10.98758
275.6581	10.97933
275.8105	10.967
275.9629	10.9824
276.1153	10.96286
276.2677	10.97522
276.4201	10.96699
276.5725	10.9711
276.7249	10.96698
276.8773	10.9711
277.0297	10.97522
277.1821	10.9711
277.3345	10.97213
277.4869	10.96698
277.6393	10.96698
277.7917	10.96699
277.9441	10.97522
278.0965	10.97522
278.2489	10.97213
278.4013	10.96696
278.5537	10.93805
278.7061	10.86398
278.8585	10.84338
279.0109	10.85368
279.1633	10.85161
279.3157	10.8432
279.4681	10.72377
279.6205	10.19962
279.7729	10.18829
279.9253	10.18418
280.0777	10.1883
280.2301	10.1883
280.3825	10.18436
280.5349	10.39077
280.6873	10.8681
280.8397	10.87222
280.9921	10.86916
281.1445	10.90522
281.2969	10.93814
281.4493	10.93402
281.6017	10.9505
281.7541	10.94123
281.9065	10.94226
282.0589	10.94226
282.2113	10.94637
282.3637	10.93403
282.5161	10.94639
282.6685	10.9505
282.8209	10.9505
282.9733	10.95461
283.1257	10.94228
283.2781	10.96181
283.4305	10.94638
283.5829	10.94226
283.7353	10.93815
283.8877	10.94639
284.0401	10.95668
284.1925	10.94639
284.3449	10.96696
284.4973	10.94637
284.6497	10.94123
284.8021	10.9505
284.9545	10.94639
285.1069	10.95461
285.2593	10.94639
285.4117	10.95153
285.5641	10.94226
285.7165	10.94639
285.8689	10.95872
286.0213	10.94638
286.1737	10.94638
286.3261	10.94638
286.4785	10.9505
286.6309	10.94638
286.7833	10.95874
286.9357	10.94633
287.0881	10.87191
287.2405	10.58747
287.3929	10.2665
287.5453	9.926627
287.6977	9.846296
287.8501	9.805101
288.0025	9.780415
288.1549	9.772176
288.3073	9.772221
288.4597	9.825746
288.6121	9.833975
288.7645	9.833978
288.9169	9.84221
289.0693	9.833976
289.2217	9.833945
289.3741	9.813369
289.5265	9.784543
289.6789	9.797917
289.8313	9.788668
289.9837	9.796892
290.1361	9.7556
290.2885	9.553679
290.4409	9.391066
290.5933	9.384893
290.7457	9.413786
290.8981	9.566251
291.0505	9.673503
291.2029	9.865399
291.3553	10.22538
291.5077	10.24597
291.6601	10.23362
291.8125	10.23565
291.9649	10.21298
292.1173	9.858643
292.2697	9.743526
292.4221	9.970983
292.5745	10.83821
292.7269	10.95051
292.8793	10.97521
293.0317	10.96286
293.1841	10.95875
293.3365	10.96695
293.4889	10.80625
293.6413	10.7239
293.7937	10.71994
293.9461	10.84339
294.0985	10.96286
294.2509	10.96287
294.4033	10.97109
294.5557	10.96286
294.7081	10.95047
294.8605	10.84339
295.0129	10.85162
295.1653	10.85161
295.3177	10.84751
295.4701	10.89693
295.6225	10.88459
295.7749	10.89689
295.9273	10.85984
296.0797	10.62894
296.2321	10.18413
296.3845	10.12748
296.5369	10.08942
296.6893	10.08117
296.8417	10.06462
296.9941	9.953544
297.1465	10.03526
297.2989	10.3325
297.4513	10.32838
297.6037	10.33661
297.7561	10.32426
297.9085	10.32841
298.0609	10.67456
298.2133	10.90518
298.3657	10.90519
298.5181	10.91033
298.6705	10.91342
298.8229	10.90095
298.9753	10.73617
299.1277	10.65387
299.2801	10.65794
299.4325	10.44359
299.5849	10.18822
299.7373	10.1057
299.8897	9.953455
300.0421	9.936976
300.1945	9.936977
300.3469	9.937007
300.4993	9.961696
300.6517	10.16361
300.8041	10.25122
300.9565	10.38235
301.1089	10.7693
301.2613	10.82278
301.4137	10.84338
301.5661	10.84338
301.7185	10.84341
301.8709	10.86398
302.0233	10.84338
302.1757	10.84853
302.3281	10.85161
302.4805	10.8475
302.6329	10.85162
302.7853	10.83931
302.9377	10.90518
303.0901	10.90519
303.2425	10.9093
303.3949	10.91342
303.5473	10.91344
303.6997	10.93595
303.8521	10.83514
304.0045	10.81041
304.1569	10.79812
304.3093	10.87638
304.4617	10.91033
304.6141	10.90931
304.7665	10.93402
304.9189	10.92579
305.0713	10.93094
305.2237	10.93402
305.3761	10.92991
305.5285	10.94226
305.6809	10.94225
305.8333	10.93093
305.9857	10.93402
306.1381	10.92579
306.2905	10.9299
306.4429	10.92578
306.5953	10.92578
306.7477	10.92578
306.9001	10.92578
307.0525	10.92579
307.2049	10.93402
307.3573	10.93608
307.5097	10.92579
307.6621	10.93401
307.8145	10.92578
307.9669	10.92989
308.1193	10.91029
308.2717	10.85574
308.4241	10.85162
308.5765	10.80629
308.7289	10.76918
308.8813	10.71461
309.0337	10.69918
309.1861	10.69918
309.3385	10.69506
309.4909	10.69505
309.6433	10.68889
309.7957	10.69506
309.9481	10.69094
310.1005	10.69507
310.2529	10.7074
310.4053	10.6889
310.5577	10.69918
310.7101	10.69506
310.8625	10.69918
311.0149	10.69917
311.1673	10.69403
311.3197	10.70741
311.4721	10.69095
311.6245	10.70328
311.7769	10.69094
311.9293	10.68888
312.0817	10.69505
312.2341	10.68668
312.3865	10.56316
312.5389	10.52202
312.6913	10.51899
312.8437	10.60452
312.9961	10.69919
313.1485	10.7033
313.3009	10.69919
313.4533	10.70947
313.6057	10.69915
313.7581	10.67446
313.9105	10.6662
314.0629	10.62876
314.2153	10.1481
314.3677	10.1265
314.5201	10.1265
314.6725	10.13477
314.8249	10.18409
314.9773	10.10108
315.1297	9.603264
315.2821	9.652929
315.4345	10.0895
315.5869	10.1842
315.7393	10.19963
315.8917	10.18418
316.0441	10.19654
316.1965	10.19278
316.3489	10.51017
316.5013	10.84338
316.6537	10.84339
316.8061	10.85574
316.9585	10.85163
317.1109	10.85573
317.2633	10.80727
317.4157	10.69089
317.5681	10.63737
317.7205	10.62914
317.8729	10.62914
318.0253	10.62194
318.1777	10.63737
318.3301	10.63306
318.4825	10.50134
318.6349	10.22125
318.7873	10.20479
318.9397	10.21712
319.0921	10.20478
319.2445	10.21304
319.3969	10.24597
319.5493	10.23567
319.7017	10.2295
319.8541	10.21302
320.0065	10.22538
320.1589	10.22537
320.3113	10.22025
320.4637	10.23773
320.6161	10.19643
320.7685	10.02709
320.9209	9.508489
321.0733	9.504375
321.2257	9.504374
321.3781	9.504439
321.5305	9.578919
321.6829	9.883418
321.8353	9.957577
321.9877	9.957568
322.1401	9.945221
322.2925	9.949337
322.4449	9.949339
322.5973	9.95758
322.7497	9.961688
322.9021	9.953457
323.0545	9.953455
323.2069	9.949339
323.3593	9.952414
323.5117	9.936988
323.6641	9.945216
323.8165	9.932859
323.9689	9.941093
324.1213	9.936977
324.2737	9.936976
324.4261	9.93698
324.5785	9.949331
324.7309	9.941113
324.8833	9.957554
325.0357	9.941097
325.1881	9.949337
325.3405	9.949327
325.4929	9.937029
325.6453	9.978183
325.7977	10.30786
325.9501	10.52613
326.1025	10.50967
326.2549	10.51788
326.4073	10.50863
326.5597	10.5179
326.7121	10.51789
326.8645	10.50963
327.0169	10.48494
327.1693	10.45611
327.3217	10.46743
327.4741	10.46842
327.6265	10.43962
327.7789	10.43549
327.9313	10.41594
328.0837	10.42726
328.2361	10.42725
328.3885	10.41902
328.5409	10.43549
328.6933	10.42108
328.8457	10.42727
328.9981	10.4355
329.1505	10.41903
329.3029	10.43137
329.4553	10.42726
329.6077	10.43138
329.7601	10.41902
329.9125	10.41904
330.0649	10.44783
330.2173	10.41895
330.3697	10.37473
330.5221	10.36545
330.6745	10.35723
330.8269	10.36544
330.9793	10.35413
331.1317	10.37369
331.2841	10.36135
331.4365	10.3737
331.5889	10.3737
331.7413	10.35928
331.8937	10.37369
332.0461	10.36547
332.1985	10.37369
332.3509	10.36958
332.5033	10.36547
332.6557	10.385
332.8081	10.35723
332.9605	10.36546
333.1129	10.36546
333.2653	10.36547
333.4177	10.37471
333.5701	10.35722
333.7225	10.36546
333.8749	10.36134
334.0273	10.36957
334.1797	10.36443
334.3321	10.36546
334.4845	10.36957
334.6369	10.36135
334.7893	10.36957
334.9417	10.36443
335.0941	10.36958
335.2465	10.3778
335.3989	10.36135
335.5513	10.36958
335.7037	10.3737
335.8561	10.36957
336.0085	10.36134
336.1609	10.36545
336.3133	10.36134
336.4657	10.36443
336.6181	10.37369
336.7705	10.36127
336.9229	10.31189
337.0753	10.27479
337.2277	10.2099
337.3801	10.17999
337.5325	10.1265
337.6849	10.08116
337.8373	10.02755
337.9897	9.93685
338.1421	9.821188
338.2945	9.529059
338.4469	9.384838
338.5993	9.294197
338.7517	9.236579
338.9041	9.240693
339.0565	9.228329
339.2089	9.215977
339.3613	9.220088
339.5137	9.215973
339.6661	9.215973
339.8185	9.215973
339.9709	9.215928
340.1233	9.174578
340.2757	9.040876
340.4281	9.059447
340.5805	9.117109
340.7329	9.133589
340.8853	9.145932
341.0377	9.133573
341.1901	9.133573
341.3425	9.133573
341.4949	9.133573
341.6473	9.145931
341.7997	9.141809
341.9521	9.133573
342.1045	9.133591
342.2569	9.145933
342.4093	9.145928
342.5617	9.137699
342.7141	9.143861
342.8665	9.133574
343.0189	9.14181
343.1713	9.133594
343.3237	9.158413
343.4761	9.257238
343.6285	9.298391
343.7809	9.347814
343.9333	9.347822
344.0857	9.35606
344.2381	9.360171
344.3905	9.347818
344.5429	9.356066
344.6953	9.368879
344.8477	9.718677
345.0001	10.35933
345.1525	10.47671
345.3049	10.48492
345.4573	10.47261
345.6097	10.48906
345.7621	10.48288
345.9145	10.48083
346.0669	10.48904
346.2193	10.4767
346.3717	10.48905
346.5241	10.4767
346.6765	10.47755
346.8289	10.3407
346.9813	9.879129
347.1337	9.516631
347.2861	9.393113
347.4385	9.375646
347.5909	9.38901
347.7433	9.380774
347.8957	9.38076
348.0481	9.368246
348.2005	9.252016
348.3529	9.220085
348.5053	9.207741
348.6577	9.215973
348.8101	9.215972
348.9625	9.20567
349.1149	9.199492
349.2673	9.199231
349.4197	8.980321
349.5721	8.461976
349.7245	8.361065
349.8769	8.354885
350.0293	8.350805
350.1817	8.375594
350.3341	8.878327
350.4865	9.215977
350.6389	9.220087
350.7913	9.215973
350.9437	9.211844
351.0961	9.19538
351.2485	9.205695
351.4009	9.224201
351.5533	9.215974
351.7057	9.220144
351.8581	9.2946
352.0105	9.619814
352.1629	9.674323
352.3153	9.669177
352.4677	9.673291
352.6201	9.669175
352.7725	9.669175
352.9249	9.674338
353.0773	9.706396
353.2297	9.879394
353.3821	9.96169
353.5345	9.957576
353.6869	9.957582
353.8393	9.965865
353.9917	10.0112
354.1441	10.05647
354.2965	10.13065
354.4489	10.18933
354.6013	10.1883
354.7537	10.1883
354.9061	10.19654
355.0585	10.19241
355.2109	10.18418
355.3633	10.18418
355.5157	10.1883
355.6681	10.18829
355.8205	10.18419
355.9729	10.19446
356.1253	10.18417
356.2777	10.1511
356.4301	9.945205
356.5825	9.932869
356.7349	9.942125
356.8873	9.932857
357.0397	9.932847
357.1921	9.920451
357.3445	9.883316
357.4969	9.818522
357.6493	9.80514
357.8017	9.813358
357.9541	9.796995
358.1065	9.866942
358.2589	9.900923
358.4113	9.895783
358.5637	9.904006
358.7161	9.895776
358.8685	9.895778
359.0209	9.899897
359.1733	9.900891
359.3257	9.871043
359.4781	9.862815
359.6305	9.862818
359.7829	9.864857
359.9353	9.846389
360.0877	9.883416
360.2401	9.883418
360.3925	9.887567
360.5449	9.920498
360.6973	9.921528
360.8497	9.932857
361.0021	9.932857
361.1545	9.932871
361.3069	9.945188
361.4593	9.926679
361.6117	9.93698
361.7641	9.941092
361.9165	9.936983
362.0689	9.941093
362.2213	9.926682
362.3737	9.936977
362.5261	9.936965
362.6785	9.928737
362.8309	9.945209
362.9833	9.926681
363.1357	9.932857
363.2881	9.932857
363.4405	9.932866
363.5929	9.965895
363.7453	10.08132
363.8977	10.21715
364.0501	10.22949
364.2025	10.21303
364.3549	10.22948
364.5073	10.21508
364.6597	10.21714
364.8121	10.21302
364.9645	10.22126
365.1169	10.2212
365.2693	10.16871
365.4217	10.15945
365.5741	10.14709
365.7265	10.14296
365.8789	10.12225
366.0313	10.03171
366.1837	9.875109
366.3361	9.751542
366.4885	9.7145
366.6409	9.718615
366.7933	9.718616
366.9457	9.720674
367.0981	9.71861
367.2505	9.714515
367.4029	9.726852
367.5553	9.715524
367.7077	9.714368
367.8601	9.590683
368.0125	9.438455
368.1649	9.438463
368.3173	9.454975
368.4697	9.499267
368.6221	9.533215
368.7745	9.5662
368.9269	9.627923
369.0793	9.560898
369.2317	9.450837
369.3841	9.467291
369.5365	9.454898
369.6889	9.401353
369.8413	9.380774
369.9937	9.380775
370.1461	9.393127
370.2985	9.380774
370.4509	9.380858
370.6033	9.447727
370.7557	9.516748
370.9081	9.549739
371.0605	9.607381
371.2129	9.611507
371.3653	9.61973
371.5177	9.607412
371.6701	9.665239
371.8225	9.846394
371.9749	9.887536
372.1273	9.891648
372.2797	9.87518
372.4321	9.879313
372.5845	9.891657
372.7369	9.879297
372.8893	9.879298
373.0417	9.880335
373.1941	9.887641
373.3465	9.957611
373.4989	10.08531
373.6513	10.11208
373.8037	10.11001
373.9561	10.1059
374.1085	10.11415
374.2609	10.13463
374.4133	10.01412
374.5657	9.93277
374.7181	9.879299
374.8705	9.88341
375.0229	9.875186
375.1753	9.883411
375.3277	9.880239
375.4801	9.557914
375.6325	9.525117
375.7849	9.665118
375.9373	9.710376
376.0897	9.718621
376.2421	9.730997
376.3945	9.755691
376.5469	9.751589
376.6993	9.759821
376.8517	9.777306
377.0041	9.75158
377.1565	9.75569
377.3089	9.751576
377.4613	9.755699
377.6137	9.761865
377.7661	9.751575
377.9185	9.751576
378.0709	9.759812
378.2233	9.751575
378.3757	9.751575
378.5281	9.751575
378.6805	9.751577
378.8329	9.755692
378.9853	9.75158
379.1377	9.755695
379.2901	9.755695
379.4425	9.755692
379.5949	9.751579
379.7473	9.755696
379.8997	9.756726
380.0521	9.763928
380.2045	9.75159
380.3569	9.768035
380.5093	9.751575
380.6617	9.751575
380.8141	9.751575
380.9665	9.75158
381.1189	9.755682
381.2713	9.746427
381.4237	9.751578
381.5761	9.755692
381.7285	9.751587
381.8809	9.759814
382.0333	9.74334
382.1857	9.751583
382.3381	9.759804
382.4905	9.751589
382.6429	9.759812
382.7953	9.755692
382.9477	9.751575
383.1001	9.75157
383.2525	9.747453
383.4049	9.739195
383.5573	9.705194
383.7097	9.673272
383.8621	9.656811
384.0145	9.619689
384.1669	9.529029
384.3193	9.452703
384.4717	9.314709
384.6241	9.224214
384.7765	9.228335
384.9289	9.232417
385.0813	9.199151
385.2337	8.968658
385.3861	8.515422
385.5385	8.276539
385.6909	8.20658
385.8433	8.214808
385.9957	8.206567
386.1481	8.202302
386.3005	8.033431
386.4529	7.955254
386.6053	7.959367
386.7577	7.959364
386.9101	7.955256
387.0625	7.963487
387.2149	7.963487
387.3673	7.963481
387.5197	7.954003
387.6721	7.73702
387.8245	7.835822
387.9769	8.297264
388.1293	8.40847
388.2817	8.433281
388.4341	8.524231
388.5865	8.787557
388.7389	8.968843
388.8913	9.067685
389.0437	9.097484
389.1961	9.071773
389.3485	9.071785
389.5009	9.092429
389.6533	9.150086
389.8057	9.174774
389.9581	9.191322
390.1105	9.335816
390.2629	9.759907
390.4153	9.833988
390.5677	9.842216
390.7201	9.844275
390.8725	9.842234
391.0249	9.858696
391.1773	9.858699
391.3297	9.871067
391.4821	9.890611
391.6345	9.875188
391.7869	9.883417
391.9393	9.883412
392.0917	9.875176
392.2441	9.875176
392.3965	9.875183
392.5489	9.879303
392.7013	9.895779
392.8537	9.90004
393.0061	10.03175
393.1585	10.03998
393.3109	10.04004
393.4633	10.14302
393.6157	10.18417
393.7681	10.17593
393.9205	10.06055
394.0729	9.998774
394.2253	9.994613
394.3777	9.957543
394.5301	9.936974
394.6825	9.928679
394.8349	9.850464
394.9873	9.858678
395.1397	9.846336
395.2921	9.844275
395.4445	9.842263
395.5969	9.891655
395.7493	9.891657
395.9017	9.891657
396.0541	9.895781
396.2065	9.900919
396.3589	9.895834
396.5113	9.932885
396.6637	10.01532
396.8161	10.10178
396.9685	10.10692
397.1209	10.10178
397.2733	10.10177
397.4257	10.09766
397.5781	10.09769
397.7305	10.12241
397.8829	10.4355
398.0353	10.43138
398.1877	10.43138
398.3401	10.43138
398.4925	10.43138
398.6449	10.43962
398.7973	10.43549
398.9497	10.42726
399.1021	10.42726
399.2545	10.42726
399.4069	10.43138
399.5593	10.43136
399.7117	10.41902
399.8641	10.44786
400.0165	10.44789
400.1689	10.48805
400.3213	10.50549
400.4737	10.47671
400.6261	10.49729
400.7785	10.48494
400.9309	10.48494
401.0833	10.48803
401.2357	10.48082
401.3881	10.48494
401.5405	10.48494
401.6929	10.48803
401.8453	10.48494
401.9977	10.48906
402.1501	10.48495
402.3025	10.49728
402.4549	10.48494
402.6073	10.48288
402.7597	10.48494
402.9121	10.48494
403.0645	10.48494
403.2169	10.48906
403.3693	10.48802
403.5217	10.48082
403.6741	10.48494
403.8265	10.45604
403.9789	10.33238
404.1313	10.1891
404.2837	9.99451
404.4361	9.899895
404.5885	9.895782
404.7409	9.904012
404.8933	9.901125
405.0457	10.04004
405.1981	10.36957
405.3505	10.36131
405.5029	10.33199
405.6553	9.94522
405.8077	9.947287
405.9601	9.969907
406.1125	9.932842
406.2649	9.920529
406.4173	9.941089
406.5697	9.916382
406.7221	9.924621
406.8745	9.928736
407.0269	9.928735
407.1793	9.924614
407.3317	9.920491
407.4841	9.916382
407.6365	9.920488
407.7889	9.916382
407.9413	9.928722
408.0937	9.912529
408.2461	10.14358
408.3985	10.53028
408.5509	10.60036
408.7033	10.68271
408.8557	10.69094
409.0081	10.69403
409.1605	10.68683
409.3129	10.69918
409.4653	10.69508
409.6177	10.7074
409.7701	10.69506
409.9225	10.6889
410.0749	10.71979
410.2273	10.73215
410.3797	10.73626
410.5321	10.73522
410.6845	10.72804
410.8369	10.74861
410.9893	10.7445
411.1417	10.75069
411.2941	10.76923
411.4465	10.78159
411.5989	10.78571
411.7513	10.79394
411.9037	10.78159
412.0561	10.78983
412.2085	10.79804
412.3609	10.78158
412.5133	10.78673
412.6657	10.78158
412.8181	10.78571
412.9705	10.78982
413.1229	10.78158
413.2753	10.78152
413.4277	10.71978
413.5801	10.7198
413.7325	10.73214
413.8849	10.72493
414.0373	10.71978
414.1897	10.72389
414.3421	10.71566
414.4945	10.71464
414.6469	10.73212
414.7993	10.71156
414.9517	10.7239
415.1041	10.7239
415.2565	10.71978
415.4089	10.71976
415.5613	10.70743
415.7137	10.71155
415.8661	10.73007
416.0185	10.71154
416.1709	10.71568
416.3233	10.72801
416.4757	10.70948
416.6281	10.71154
416.7805	10.71566
416.9329	10.71978
417.0853	10.71978
417.2377	10.71978
417.3901	10.71566
417.5425	10.71565
417.6949	10.71154
417.8473	10.71153
417.9997	10.70433
418.1521	10.70332
418.3045	10.71978
418.4569	10.72801
418.6093	10.71979
418.7617	10.72801
418.9141	10.71978
419.0665	10.71978
419.2189	10.73008
419.3713	10.72803
419.5237	10.73625
419.6761	10.73214
419.8285	10.73214
419.9809	10.73523
420.1333	10.7363
420.2857	10.76098
420.4381	10.76925
420.5905	10.81045
420.7429	10.83824
420.8953	10.8475
421.0477	10.8475
421.2001	10.83926
421.3525	10.84339
421.5049	10.85161
421.6573	10.8475
421.8097	10.84339
421.9621	10.85368
422.1145	10.85161
422.2669	10.84338
422.4193	10.8434
422.5717	10.87939
422.7241	10.84338
422.8765	10.84338
423.0289	10.81038
423.1813	10.73623
423.3337	10.70433
423.4861	10.70741
423.6385	10.69918
423.7909	10.70741
423.9433	10.68889
424.0957	10.69918
424.2481	10.69918
424.4005	10.69094
424.5529	10.69096
424.7053	10.70945
424.8577	10.69094
425.0101	10.69917
425.1625	10.69094
425.3149	10.69404
425.4673	10.69919
425.6197	10.7033
425.7721	10.69918
425.9245	10.69917
426.0769	10.68683
426.2293	10.69506
426.3817	10.70329
426.5341	10.69094
426.6865	10.68889
426.8389	10.69506
426.9913	10.69095
427.1437	10.70329
427.2961	10.69403
427.4485	10.69507
427.6009	10.70329
427.7533	10.69096
427.9057	10.71978
428.0581	10.71978
428.2105	10.71978
428.3629	10.71956
428.5153	10.38597
428.6677	10.29749
428.8201	10.30778
428.9725	10.30778
429.1249	10.30779
429.2773	10.31601
429.4297	10.30777
429.5821	10.29954
429.7345	10.3119
429.8869	10.30778
430.0393	10.30779
430.1917	10.31601
430.3441	10.30366
430.4965	10.30779
430.6489	10.31805
430.8013	10.29954
430.9537	10.30366
431.1061	10.31189
431.2585	10.30366
431.4109	10.30779
431.5633	10.31602
431.7157	10.30773
431.8681	10.24595
432.0205	10.22021
432.1729	10.20885
432.3253	10.03173
432.4777	10.02351
432.6301	10.03587
432.7825	10.04512
432.9349	10.02762
433.0873	10.02755
433.2397	9.949296
433.3921	9.916356
433.5445	9.904015
433.6969	9.899893
433.8493	9.895793
434.0017	9.911202
434.1541	9.895776
434.3065	9.895789
434.4589	9.916389
434.6113	9.928733
434.7637	9.926677
434.9161	9.936977
435.0685	9.936981
435.2209	9.941097
435.3733	9.942111
435.5257	9.932857
435.6781	9.932857
435.8305	9.932838
435.9829	9.916407
436.1353	9.936973
436.2877	9.916376
436.4401	9.916364
436.5925	9.904005
436.7449	9.895776
436.8973	9.895778
437.0497	9.899888
437.2021	9.891594
437.3545	9.842186
437.5069	9.823665
437.6593	9.79276
437.8117	9.772142
437.9641	9.743348
438.1165	9.751576
438.2689	9.755706
438.4213	9.772188
438.5737	9.784518
438.7261	9.772161
438.8785	9.763933
439.0309	9.75571
439.1833	9.772182
439.3357	9.77743
439.4881	9.842241
439.6405	9.912269
439.7929	9.928909
439.9453	10.08535
440.0977	10.12238
440.2501	10.12656
440.4025	10.23364
440.5549	10.25833
440.7073	10.25112
440.8597	10.24598
441.0121	10.25009
441.1645	10.24599
441.3169	10.2542
441.4693	10.24597
441.6217	10.23774
441.7741	10.24598
441.9265	10.24593
442.0789	10.21507
442.2313	10.16762
442.3837	10.04818
442.5361	10.01115
442.6885	10.01928
442.8409	9.962678
442.9933	9.862796
443.1457	9.838096
443.2981	9.838105
443.4505	9.844275
443.6029	9.84221
443.7553	9.833983
443.9077	9.842203
444.0601	9.833976
444.2125	9.83398
444.3649	9.842212
444.5173	9.838096
444.6697	9.838106
444.8221	9.844272
444.9745	9.833975
445.1269	9.833964
445.2793	9.825357
445.4317	9.586777
445.5841	9.590902
445.7365	9.603237
445.8889	9.586775
446.0413	9.586777
446.1937	9.59501
446.3461	9.586782
446.4985	9.595005
446.6509	9.586783
446.8033	9.591947
446.9557	9.636317
447.1081	9.75622
447.2605	10.18853
447.4129	10.33666
447.5653	10.46743
447.7177	10.46435
447.8701	10.47666
448.0225	10.45198
448.1749	10.46229
448.3273	10.47668
448.4797	10.45611
448.6321	10.46434
448.7845	10.46742
448.9369	10.4561
449.0893	10.46023
449.2417	10.46845
449.3941	10.46022
449.5465	10.46227
449.6989	10.4561
449.8513	10.46023
450.0037	10.46846
450.1561	10.47772
450.3085	10.46433
450.4609	10.46022
450.6133	10.46432
450.7657	10.45199
450.9181	10.46742
451.0705	10.4561
451.2229	10.46024
451.3753	10.47669
451.5277	10.46228
451.6801	10.46837
451.8325	10.38166
451.9849	10.18829
452.1373	10.14284
452.2897	9.916356
452.4421	9.895721
452.5945	9.854384
452.7469	9.741279
452.8993	9.747448
453.0517	9.739206
453.2041	9.730968
453.3565	9.726862
453.5089	9.746429
453.6613	9.751567
453.8137	9.743223
453.9661	9.665044
454.1185	9.612538
454.2709	9.636279
454.4233	9.702132
454.5757	9.700058
454.7281	9.689777
454.8805	9.693888
455.0329	9.684667
455.1853	9.718692
455.3377	9.768057
455.4901	9.772167
455.6425	9.75983
455.7949	9.772146
455.9473	9.751575
456.0997	9.751577
456.2521	9.755719
456.4045	9.780323
456.5569	9.710375
456.7093	9.710409
456.8617	9.784597
457.0141	9.859853
457.1665	9.966626
457.3189	10.48506
457.4713	10.87223
457.6237	10.88457
457.7761	10.87222
457.9285	10.8681
458.0809	10.88457
458.2333	10.86403
458.3857	10.92205
458.5381	11.21955
458.6905	11.35017
458.8429	11.40372
458.9953	11.43047
459.1477	11.42018
459.3001	11.42021
459.4525	11.49449
459.6049	11.71433
459.7573	12.27346
459.9097	12.57802
460.0621	13.11547
460.2145	14.74101
460.3669	14.83919
460.5193	11.22507
460.6717	10.34884
460.8241	10.044
460.9765	9.921292
461.1289	9.722704
461.2813	9.702125
461.4337	9.669161
461.5861	9.648566
461.7385	9.640078
461.8909	9.459047
462.0433	9.421972
462.1957	9.417884
462.3481	9.450992
462.5005	9.586871
462.6529	9.644447
462.8053	9.627978
462.9577	9.63217
463.1101	9.695139
463.2625	9.833975
463.4149	9.833982
463.5673	9.844152
463.7197	9.726721
463.8721	9.632093
464.0245	9.622815
464.1769	9.60329
464.3293	9.640432
464.4817	9.714488
464.6341	9.710381
464.7865	9.722726
464.9389	9.710298
465.0913	9.643427
465.2437	9.644459
465.3961	9.656806
465.5485	9.643383
465.7009	9.603197
465.8533	9.562028
466.0057	9.411671
466.1581	9.405501
466.3105	9.413724
466.4629	9.406523
466.6153	9.405496
466.7677	9.409607
466.9201	9.401392
467.0725	9.416851
467.2249	9.43433
467.3773	9.421974
467.5297	9.421979
467.6821	9.426089
467.8345	9.421974
467.9869	9.421979
468.1393	9.430207
468.2917	9.421974
468.4441	9.422017
468.5965	9.44774
468.7489	9.483821
468.9013	9.541514
469.0537	9.591886
469.2061	9.566175
469.3585	9.566181
469.5109	9.57655
469.6633	9.648849
469.8157	9.842208
469.9681	9.838097
470.1205	9.839121
470.2729	9.833985
470.4253	9.842194
470.5777	9.828809
470.7301	9.78865
470.8825	9.780406
471.0349	9.772157
471.1873	9.759813
471.3397	9.751573
471.4921	9.747454
471.6445	9.746445
471.7969	9.75978
471.9493	9.739225
472.1017	9.756732
472.2541	9.763919
472.4065	9.751643
472.5589	9.792779
472.7113	9.801008
472.8637	9.792775
473.0161	9.79279
473.1685	9.803073
473.3209	9.792775
473.4733	9.792786
473.6257	9.803061
473.7781	9.792783
473.9305	9.796905
474.0829	9.813356
474.2353	9.792781
474.3877	9.796898
474.5401	9.797926
474.6925	9.796893
474.8449	9.792785
474.9973	9.801003
475.1497	9.792776
475.3021	9.796896
475.4545	9.796903
475.6069	9.803061
475.7593	9.792789
475.9117	9.80101
476.0641	9.792775
476.2165	9.792744
476.3689	9.767979
476.5213	9.720672
476.6737	9.710379
476.8261	9.714495
476.9785	9.714488
477.1309	9.710377
477.2833	9.718609
477.4357	9.710382
477.5881	9.715535
477.7405	9.722721
477.8929	9.714496
478.0453	9.715528
478.1977	9.718604
478.3501	9.710342
478.5025	9.689777
478.6549	9.694924
478.8073	9.69399
478.9597	9.776351
479.1121	9.813375
479.2645	9.809248
479.4169	9.796903
479.5693	9.803096
479.7217	9.817482
479.8741	9.809253
480.0265	9.803027
480.1789	9.747382
480.3313	9.689775
480.4837	9.689775
480.6361	9.689775
480.7885	9.689775
480.9409	9.689783
481.0933	9.694923
481.2457	9.689778
481.3981	9.693899
481.5505	9.697997
481.7029	9.684656
481.8553	9.702197
482.0077	9.821622
482.1601	9.828833
482.3125	9.833982
482.4649	9.838094
482.6173	9.833976
482.7697	9.83398
482.9221	9.838098
483.0745	9.839128
483.2269	9.846329
483.3793	9.833975
483.5317	9.833975
483.6841	9.833983
483.8365	9.838092
483.9889	9.829882
484.1413	9.860081
484.2937	10.14296
484.4461	10.13474
484.5985	10.14298
484.7509	10.14709
484.9033	10.13889
485.0557	10.1595
485.2081	10.33361
485.3605	10.46022
485.5129	10.46024
485.6653	10.47256
485.8177	10.46022
485.9701	10.46023
486.1225	10.47771
486.2749	10.46024
486.4273	10.47258
486.5797	10.46742
486.7321	10.4561
486.8845	10.46022
487.0369	10.46228
487.1893	10.46845
487.3417	10.45613
487.4941	10.48492
487.6465	10.47258
487.7989	10.47259
487.9513	10.48907
488.1037	10.49831
488.2561	10.48495
488.4085	10.49318
488.5609	10.49317
488.7133	10.48082
488.8657	10.48082
489.0181	10.48288
489.1705	10.48082
489.3229	10.48494
489.4753	10.48904
489.6277	10.47775
489.7801	10.48906
489.9325	10.48494
490.0849	10.48288
490.2373	10.48083
490.3897	10.48906
490.5421	10.48494
490.6945	10.4829
490.8469	10.49726
490.9993	10.47258
491.1517	10.47773
491.3041	10.48493
491.4565	10.47259
491.6089	10.48291
491.7613	10.50141
491.9137	10.47671
492.0661	10.48802
492.2185	10.48492
492.3709	10.47258
492.5233	10.47774
492.6757	10.49317
492.8281	10.48494
492.9805	10.48905
493.1329	10.47258
493.2853	10.47774
493.4377	10.48494
493.5901	10.48494
493.7425	10.48494
493.8949	10.49318
494.0473	10.49834
494.1997	10.50966
494.3521	10.50966
494.5045	10.50554
494.6569	10.50966
494.8093	10.51381
494.9617	10.53437
495.1141	10.50554
495.2665	10.5138
495.4189	10.53024
495.5713	10.51379
495.7237	10.5179
495.8761	10.52614
496.0285	10.52204
496.1809	10.53849
496.3333	10.53438
496.4857	10.53437
496.6381	10.52616
496.7905	10.5426
496.9429	10.52923
497.0953	10.52203
497.2477	10.53849
497.4001	10.52615
497.5525	10.53442
497.7049	10.55909
497.8573	10.54467
498.0097	10.53438
498.1621	10.5344
498.3145	10.54673
498.4669	10.53439
498.6193	10.54982
498.7717	10.54261
498.9241	10.53438
499.0765	10.54674
499.2289	10.54467
499.3813	10.5385
499.5337	10.54262
499.6861	10.54262
499.8385	10.53438
499.9909	10.53848
500.1433	10.5241
500.2957	10.5385
500.4481	10.53438
500.6005	10.53438
500.7529	10.53438
500.9053	10.53438
501.0577	10.53438
501.2101	10.53438
501.3625	10.5385
501.5149	10.53849
501.6673	10.53438
501.8197	10.53438
501.9721	10.5385
502.1245	10.53849
502.2769	10.53438
502.4293	10.54467
502.5817	10.53439
502.7341	10.54261
502.8865	10.5385
503.0389	10.5385
503.1913	10.5385
503.3437	10.53952
503.4961	10.53027
503.6485	10.53438
503.8009	10.53849
503.9533	10.53026
504.1057	10.53439
504.2581	10.54261
504.4105	10.52614
504.5629	10.53437
504.7153	10.53026
504.8677	10.52924
505.0201	10.53439
505.1725	10.55084
505.3249	10.53026
505.4773	10.53441
505.6297	10.55497
505.7821	10.53438
505.9345	10.53438
506.0869	10.53849
506.2393	10.53438
506.3917	10.53438
506.5441	10.53849
506.6965	10.52616
506.8489	10.54261
507.0013	10.53849
507.1537	10.53026
507.3061	10.53441
507.4585	10.55495
507.6109	10.5385
507.7633	10.53439
507.9157	10.54672
508.0681	10.5343
508.2205	10.48081
508.3729	10.43961
508.5253	10.43138
508.6777	10.43551
508.8301	10.4468
508.9825	10.43138
509.1349	10.43138
509.2873	10.43137
509.4397	10.42726
509.5921	10.42623
509.7445	10.43961
509.8969	10.42725
510.0493	10.41903
510.2017	10.42726
510.3541	10.42314
510.5065	10.42109
510.6589	10.43137
510.8113	10.42725
510.9637	10.42314
511.1161	10.43137
511.2685	10.42624
511.4209	10.43139
511.5733	10.43961
511.7257	10.42726
511.8781	10.4355
512.0305	10.43961
512.1829	10.43138
512.3353	10.43138
512.4877	10.43549
512.6401	10.42727
512.7925	10.43548
512.9449	10.42623
513.0973	10.43549
513.2497	10.42728
513.4021	10.44372
513.5545	10.43549
513.7069	10.42623
513.8593	10.42725
514.0117	10.42315
514.1641	10.42726
514.3165	10.42726
514.4689	10.43137
514.6213	10.41904
514.7737	10.43138
514.9261	10.43138
515.0785	10.42727
515.2309	10.4396
515.3833	10.42623
515.5357	10.42726
515.6881	10.42726
515.8405	10.43138
515.9929	10.43138
516.1453	10.43138
516.2977	10.43138
516.4501	10.43138
516.6025	10.43139
516.7549	10.43959
516.9073	10.42624
517.0597	10.4314
517.2121	10.43962
517.3645	10.43138
517.5169	10.4355
517.6693	10.43961
517.8217	10.43138
517.9741	10.43552
518.1265	10.44783
518.2789	10.43138
518.4313	10.43137
518.5837	10.42726
518.7361	10.42108
518.8885	10.42315
519.0409	10.44372
519.1933	10.41902
519.3457	10.41905
519.4981	10.43546
519.6505	10.41595
519.8029	10.42725
519.9553	10.4355
520.1077	10.41902
520.2601	10.43138
520.4125	10.43653
520.5649	10.43961
520.7173	10.43137
520.8697	10.42726
521.0221	10.42725
521.1745	10.42314
521.3269	10.44168
521.4793	10.42314
521.6317	10.42728
521.7841	10.45196
521.9365	10.43549
522.0889	10.43138
522.2413	10.43136
522.3937	10.42315
522.5461	10.42726
522.6985	10.43138
522.8509	10.42314
523.0033	10.42314
523.1557	10.42624
523.3081	10.43548
523.4605	10.42727
523.6129	10.43548
523.7653	10.42726
523.9177	10.42726
524.0701	10.42623
524.2225	10.43137
524.3749	10.42314
524.5273	10.42726
524.6797	10.42726
524.8321	10.42726
524.9845	10.42624
525.1369	10.43138
525.2893	10.42726
525.4417	10.43138
525.5941	10.43137
525.7465	10.42314
525.8989	10.42623
526.0513	10.42725
526.2037	10.42317
526.3561	10.43549
526.5085	10.43138
526.6609	10.4355
526.8133	10.43653
526.9657	10.43549
527.1181	10.43139
527.2705	10.43961
527.4229	10.43138
527.5753	10.43138
527.7277	10.43138
527.8801	10.45198
528.0325	10.43138
528.1849	10.43138
528.3373	10.4355
528.4897	10.43652
528.6421	10.43138
528.7945	10.43137
528.9469	10.42727
529.0993	10.43138
529.2517	10.4355
529.4041	10.42314
529.5565	10.42624
529.7089	10.4355
529.8613	10.4355
530.0137	10.43553
530.1661	10.45195
530.3185	10.4396
530.4709	10.43138
530.6233	10.45198
530.7757	10.44786
530.9281	10.45199
531.0805	10.46434
531.2329	10.46226
531.3853	10.45198
531.5377	10.45202
531.6901	10.46845
531.8425	10.45198
531.9949	10.45198
532.1473	10.46742
532.2997	10.45198
532.4521	10.45198
532.6045	10.45611
532.7569	10.46024
532.9093	10.46846
533.0617	10.46743
533.2141	10.4561
533.3665	10.46434
533.5189	10.47258
533.6713	10.47259
533.8237	10.48083
533.9761	10.488
534.1285	10.47258
534.2809	10.47264
534.4333	10.49729
534.5857	10.48494
534.7381	10.4973
534.8905	10.50347
535.0429	10.48906
535.1953	10.49318
535.3477	10.49319
535.5001	10.4973
535.6525	10.4973
535.8049	10.49833
535.9573	10.50142
536.1097	10.49318
536.2621	10.49319
536.4145	10.50552
536.5669	10.49318
536.7193	10.4932
536.8717	10.50551
537.0241	10.49318
537.1765	10.4973
537.3289	10.50141
537.4813	10.4777
537.6337	10.43954
537.7861	10.36957
537.9385	10.36546
538.0909	10.36548
538.2433	10.37366
538.3957	10.35928
538.5481	10.36134
538.7005	10.37781
538.8529	10.36134
539.0053	10.36546
539.1577	10.36547
539.3101	10.36958
539.4625	10.36959
539.6149	10.3737
539.7673	10.36134
539.9197	10.36546
540.0721	10.37369
540.2245	10.36546
540.3769	10.36444
540.5293	10.37367
540.6817	10.35723
540.8341	10.36137
540.9865	10.37369
541.1389	10.35722
541.2913	10.36443
541.4437	10.36546
541.5961	10.36957
541.7485	10.36546
541.9009	10.36957
542.0533	10.36545
542.2057	10.36133
542.3581	10.35928
542.5105	10.36958
542.6629	10.35722
542.8153	10.36546
542.9677	10.36957
543.1201	10.36134
543.2725	10.36444
543.4249	10.36955
543.5773	10.35722
543.7297	10.36958
543.8821	10.36958
544.0345	10.36958
544.1869	10.36957
544.3393	10.36134
544.4917	10.36546
544.6441	10.36548
544.7965	10.37368
544.9489	10.36443
545.1013	10.36134
545.2537	10.3737
545.4061	10.36546
545.5585	10.36958
545.7109	10.37369
545.8633	10.36546
546.0157	10.36444
546.1681	10.36958
546.3205	10.36958
546.4729	10.36958
546.6253	10.36135
546.7777	10.37472
546.9301	10.36134
547.0825	10.36547
547.2349	10.36956
547.3873	10.36136
547.5397	10.36957
547.6921	10.37782
547.8445	10.35928
547.9969	10.3737
548.1493	10.37369
548.3017	10.36545
548.4541	10.36137
548.6065	10.3778
548.7589	10.36958
548.9113	10.36958
549.0637	10.39842
549.2161	10.36546
549.3685	10.36135
549.5209	10.3778
549.6733	10.36443
549.8257	10.36547
549.9781	10.37368
550.1305	10.36546
550.2829	10.36546
550.4353	10.36958
550.5877	10.36443
550.7401	10.36546
550.8925	10.36546
551.0449	10.36957
551.1973	10.3655
551.3497	10.38607
551.5021	10.39014
551.6545	10.37782
551.8069	10.69094
551.9593	10.67014
552.1117	10.33249
552.2641	10.32839
552.4165	10.33352
552.5689	10.32839
552.7213	10.33252
552.8737	10.34074
553.0261	10.3325
553.1785	10.34075
553.3309	10.36957
553.4833	10.35721
553.6357	10.349
553.7881	10.36133
553.9405	10.3572
554.0929	10.34899
554.2453	10.35413
554.3977	10.36546
554.5501	10.3531
554.7025	10.34899
554.8549	10.36544
555.0073	10.34898
555.1597	10.34899
555.3121	10.35309
555.4645	10.34898
555.6169	10.34898
555.7693	10.35722
555.9217	10.34898
556.0741	10.34898
556.2265	10.35309
556.3789	10.34898
556.5313	10.349
556.6837	10.35721
556.8361	10.3531
556.9885	10.34898
557.1409	10.3531
557.2933	10.36545
557.4457	10.35309
557.5981	10.349
557.7505	10.36543
557.9029	10.34898
558.0553	10.34906
558.2077	10.37987
558.3601	10.3531
558.5125	10.3531
558.6649	10.36545
558.8173	10.34898
558.9697	10.349
559.1221	10.36134
559.2745	10.36131
559.4269	10.34899
559.5793	10.35413
559.7317	10.36545
559.8841	10.34898
560.0365	10.34899
560.1889	10.36441
560.3413	10.34898
560.4937	10.349
560.6461	10.36131
560.7985	10.34898
560.9509	10.35413
561.1033	10.36133
561.2557	10.34898
561.4081	10.34898
561.5605	10.34898
561.7129	10.35309
561.8653	10.349
562.0177	10.36133
562.1701	10.35928
562.3225	10.34898
562.4749	10.34899
562.6273	10.36956
562.7797	10.34898
562.9321	10.35415
563.0845	10.36543
563.2369	10.34903
563.3893	10.36963
563.5417	10.39017
563.6941	10.36546
563.8465	10.36958
563.9989	10.36957
564.1513	10.35929
564.3037	10.36959
564.4561	10.37369
564.6085	10.36957
564.7609	10.36443
564.9133	10.36546
565.0657	10.36958
565.2181	10.36957
565.3705	10.36443
565.5229	10.36958
565.6753	10.36958
565.8277	10.3696
565.9801	10.37777
566.1325	10.35928
566.2849	10.36958
566.4373	10.37369
566.5897	10.36546
566.7421	10.36443
566.8945	10.36546
567.0469	10.36545
567.1993	10.36135
567.3517	10.36443
567.5041	10.36546
567.6565	10.36546
567.8089	10.36135
567.9613	10.37986
568.1137	10.36546
568.2661	10.36959
568.4185	10.37778
568.5709	10.36135
568.7233	10.36443
568.8757	10.3737
569.0281	10.36958
569.1805	10.36546
569.3329	10.36958
569.4853	10.37368
569.6377	10.36135
569.7901	10.36958
569.9425	10.36956
570.0949	10.36134
570.2473	10.36958
570.3997	10.37369
570.5521	10.36547
570.7045	10.37472
570.8569	10.36957
571.0093	10.36135
571.1617	10.36547
571.3141	10.36958
571.4665	10.36958
571.6189	10.36134
571.7713	10.36546
571.9237	10.36957
572.0761	10.35929
572.2285	10.36547
572.3809	10.37368
572.5333	10.36553
572.6857	10.39532
572.8381	10.40666
572.9905	10.40254
573.1429	10.40254
573.2953	10.41077
573.4477	10.40252
573.6001	10.39026
573.7525	10.43556
573.9049	10.4644
574.0573	10.48802
574.2097	10.48906
574.3621	10.48494
574.5145	10.48905
574.6669	10.48289
574.8193	10.49317
574.9717	10.48494
575.1241	10.48498
575.2765	10.50344
575.4289	10.48906
575.5813	10.48906
575.7337	10.49318
575.8861	10.49832
576.0385	10.48906
576.1909	10.48881
576.3433	10.34066
576.4957	10.30366
576.6481	10.30263
576.8005	10.31602
576.9529	10.29954
577.1053	10.30264
577.2577	10.32012
577.4101	10.30366
577.5625	10.30368
577.7149	10.316
577.8673	10.30778
578.0197	10.30778
578.1721	10.3119
578.3245	10.29954
578.4769	10.30263
578.6293	10.30778
578.7817	10.31188
578.9341	10.29955
579.0865	10.3078
579.2389	10.31804
579.3913	10.30366
579.5437	10.30778
579.6961	10.32013
579.8485	10.30778
580.0009	10.30778
580.1533	10.3119
580.3057	10.316
580.4581	10.30778
580.6105	10.30777
580.7629	10.30366
580.9153	10.30366
581.0677	10.30779
581.2201	10.31806
581.3725	10.29954
581.5249	10.29957
581.6773	10.31598
581.8297	10.29749
581.9821	10.30366
582.1345	10.3119
582.2869	10.29954
582.4393	10.30263
582.5917	10.30778
582.7441	10.3119
582.8965	10.316
583.0489	10.30779
583.2013	10.31188
583.3537	10.30366
583.5061	10.30366
583.6585	10.31807
583.8109	10.30777
583.9633	10.30367
584.1157	10.31189
584.2681	10.30778
584.4205	10.30778
584.5729	10.3078
584.7253	10.31602
584.8777	10.30366
585.0301	10.29746
585.1825	10.27474
585.3349	10.19649
585.4873	10.1636
585.6397	10.17382
585.7921	10.147
585.9445	10.10591
586.0969	10.11414
586.2493	10.1059
586.4017	10.10693
586.5541	10.11415
586.7065	10.12646
586.8589	10.1018
587.0113	10.1121
587.1637	10.12232
587.3161	10.10178
587.4685	10.11002
587.6209	10.12237
587.7733	10.11002
587.9257	10.11416
588.0781	10.13058
588.2305	10.10693
588.3829	10.11003
588.5353	10.11418
588.6877	10.13062
588.8401	10.1059
588.9925	10.10694
589.1449	10.11824
589.2973	10.10178
589.4497	10.10592
589.6021	10.11722
589.7545	10.11413
589.9069	10.11002
590.0593	10.11002
590.2117	10.11207
590.3641	10.1059
590.5165	10.11001
590.6689	10.10589
590.8213	10.1018
590.9737	10.11411
591.1261	10.10178
591.2785	10.10178
591.4309	10.11002
591.5833	10.12237
591.7357	10.10178
591.8881	10.11001
592.0405	10.1059
592.1929	10.11
592.3453	10.1018
592.4977	10.11006
592.6501	10.12649
592.8025	10.1059
592.9549	10.12237
593.1073	10.11825
593.2597	10.11001
593.4121	10.10592
593.5645	10.11719
593.7169	10.10179
593.8693	10.1059
594.0217	10.11414
594.1741	10.1059
594.3265	10.11208
594.4789	10.11825
594.6313	10.11412
594.7837	10.10178
594.9361	10.1018
595.0885	10.11413
595.2409	10.11002
595.3933	10.11002
595.5457	10.12237
595.6981	10.10589
595.8505	10.10179
596.0029	10.11002
596.1553	10.11206
596.3077	10.10178
596.4601	10.10183
596.6125	10.12237
596.7649	10.1059
596.9173	10.10179
597.0697	10.12236
597.2221	10.10178
597.3745	10.1018
597.5269	10.11207
597.6793	10.11001
597.8317	10.1059
597.9841	10.11002
598.1365	10.1059
598.2889	10.10178
598.4413	10.10591
598.5937	10.11824
598.7461	10.1059
598.8985	10.10693
599.0509	10.10591
599.2033	10.11002
599.3557	10.11002
599.5081	10.11723
599.6605	10.11824
599.8129	10.10178
599.9653	10.10179
600.1177	10.10692
600.2701	10.10179
600.4225	10.10591
600.5749	10.11002
600.7273	10.10178
600.8797	10.10693
601.0321	10.11001
601.1845	10.10589
601.3369	10.10178
601.4893	10.10181
601.6417	10.11822
601.7941	10.10178
601.9465	10.1059
602.0989	10.11825
602.2513	10.10178
602.4037	10.10181
602.5561	10.13059
602.7085	10.11003
602.8609	10.11725
603.0133	10.12646
603.1657	10.11414
603.3181	10.10178
603.4705	10.11722
603.6229	10.11001
603.7753	10.10179
603.9277	10.11004
604.0801	10.12233
604.2325	10.09659
604.3849	10.08113
604.5373	10.0647
604.6897	9.974046
604.8421	9.926682
604.9945	9.936977
605.1469	9.936972
605.2993	9.932863
605.4517	9.936976
605.6041	9.936977
605.7565	9.936977
605.9089	9.936977
606.0613	9.947269
606.2137	9.928739
606.3661	9.932861
606.5185	9.937079
606.6709	10.00724
606.8233	10.12752
606.9757	10.12238
607.1281	10.12238
607.2805	10.13474
607.4329	10.13269
607.5853	10.15532
607.7377	10.13475
607.8901	10.14298
608.0425	10.14298
608.1949	10.14296
608.3473	10.13477
608.4997	10.1471
608.6521	10.13886
608.8045	10.13787
608.9569	10.20908
609.1093	10.40254
609.2617	10.40253
609.4141	10.39536
609.5665	10.41073
609.7189	10.39019
609.8713	10.39018
610.0237	10.39018
610.1761	10.39533
610.3285	10.39431
610.4809	10.40254
610.6333	10.40252
610.7857	10.39018
610.9381	10.39022
611.0905	10.40665
611.2429	10.39018
611.3953	10.39018
611.5477	10.39018
611.7001	10.3943
611.8525	10.3943
612.0049	10.39536
612.1573	10.41075
612.3097	10.39842
612.4621	10.39842
612.6145	10.3943
612.7669	10.39534
612.9193	10.40667
613.0717	10.4149
613.2241	10.41901
613.3765	10.41594
613.5289	10.41904
613.6813	10.42722
613.8337	10.4149
613.9861	10.41902
614.1385	10.41078
614.2909	10.41901
614.4433	10.40666
614.5957	10.41078
614.7481	10.41079
614.9005	10.4149
615.0529	10.4149
615.2053	10.41078
615.3577	10.40254
615.5101	10.39534
615.6625	10.40664
615.8149	10.3943
615.9673	10.39433
616.1197	10.41074
616.2721	10.39431
616.4245	10.39842
616.5769	10.39842
616.7293	10.40253
616.8817	10.39533
617.0341	10.39843
617.1865	10.40664
617.3389	10.39431
617.4913	10.4005
617.6437	10.41073
617.7961	10.3943
617.9485	10.40254
618.1009	10.41076
618.2533	10.39018
618.4057	10.3902
618.5581	10.40254
618.7105	10.40252
618.8629	10.39535
619.0153	10.40254
619.1677	10.42314
619.3201	10.39842
619.4725	10.40048
619.6249	10.40666
619.7773	10.40663
619.9297	10.39019
620.0821	10.39842
620.2345	10.40045
620.3869	10.39018
620.5393	10.3943
620.6917	10.40253
620.8441	10.39018
620.9965	10.39431
621.1489	10.40665
621.3013	10.40256
621.4537	10.41078
621.6061	10.41084
621.7585	10.43138
621.9109	10.41078
622.0633	10.41079
622.2157	10.42621
622.3681	10.41078
622.5205	10.41079
622.6729	10.419
622.8253	10.41079
622.9777	10.4149
623.1301	10.41078
623.2825	10.42725
623.4349	10.4149
623.5873	10.41593
623.7397	10.41901
623.8921	10.4149
624.0445	10.4149
624.1969	10.4149
624.3493	10.41593
624.5017	10.41078
624.6541	10.4149
624.8065	10.41077
624.9589	10.40048
625.1113	10.40255
625.2637	10.41076
625.4161	10.40255
625.5685	10.40565
625.7209	10.4149
625.8733	10.4149
626.0257	10.41078
626.1781	10.4149
626.3305	10.42105
626.4829	10.40252
626.6353	10.39024
626.7877	10.41899
626.9401	10.40563
627.0925	10.3943
627.2449	10.41902
627.3973	10.4149
627.5497	10.41077
627.7021	10.40667
627.8545	10.41488
628.0069	10.40667
628.1593	10.41074
628.3117	10.39533
628.4641	10.39018
628.6165	10.39843
628.7689	10.41488
628.9213	10.40048
629.0737	10.39842
629.2261	10.40251
629.3785	10.39018
629.5309	10.39018
629.6833	10.39018
629.8357	10.3943
629.9881	10.39018
630.1405	10.39431
630.2929	10.41076
630.4453	10.39841
630.5977	10.39432
630.7501	10.40253
630.9025	10.40048
631.0549	10.3943
631.2073	10.3943
631.3597	10.3943
631.5121	10.39018
631.6645	10.39019
631.8169	10.39842
631.9693	10.39844
632.1217	10.40668
632.2741	10.41593
632.4265	10.41902
632.5789	10.41078
632.7313	10.40667
632.8837	10.41899
633.0361	10.40049
633.1885	10.40667
633.3409	10.41076
633.4933	10.40253
633.6457	10.40048
633.7981	10.40666
633.9505	10.41901
634.1029	10.39841
634.2553	10.3902
634.4077	10.40663
634.5601	10.3902
634.7125	10.39846
634.8649	10.41489
635.0173	10.39018
635.1697	10.3943
635.3221	10.3943
635.4745	10.39841
635.6269	10.39018
635.7793	10.39022
635.9317	10.4108
636.0841	10.41903
636.2365	10.42314
636.3889	10.43138
636.5413	10.42725
636.6937	10.41079
636.8461	10.42315
636.9985	10.43137
637.1509	10.42315
637.3033	10.42725
637.4557	10.42313
637.6081	10.42108
637.7605	10.41902
637.9129	10.43137
638.0653	10.42314
638.2177	10.42728
638.3701	10.44166
638.5225	10.43137
638.6749	10.42725
638.8273	10.42314
638.9797	10.43138
639.1321	10.41902
639.2845	10.42728
639.4369	10.45197
639.5893	10.44788
639.7417	10.46229
639.8941	10.46843
640.0465	10.45611
640.1989	10.46022
640.3513	10.45713
640.5037	10.47257
640.6561	10.46023
640.8085	10.47671
640.9609	10.48288
641.1133	10.48081
641.2657	10.4767
641.4181	10.47671
641.5705	10.48082
641.7229	10.47773
641.8753	10.47671
642.0277	10.49316
642.1801	10.4767
642.3325	10.47671
642.4849	10.48288
642.6373	10.48493
642.7897	10.48082
642.9421	10.48494
643.0945	10.49317
643.2469	10.48083
643.3993	10.48907
643.5517	10.49727
643.7041	10.48081
643.8565	10.47775
644.0089	10.48495
644.1613	10.48906
644.3137	10.48494
644.4661	10.48288
644.6185	10.49316
644.7709	10.47669
644.9233	10.47262
645.0757	10.49726
645.2281	10.47775
645.3805	10.48495
645.5329	10.48906
645.6853	10.48906
645.8377	10.48905
645.9901	10.48289
646.1425	10.49316
646.2949	10.47671
646.4473	10.48086
646.5997	10.4983
646.7521	10.4849
646.9045	10.47258
647.0569	10.48083
647.2093	10.50346
647.3617	10.4767
647.5141	10.47672
647.6665	10.48904
647.8189	10.48082
647.9713	10.48291
648.1237	10.49318
648.2761	10.4973
648.4285	10.49318
648.5809	10.49833
648.7333	10.50141
648.8857	10.49318
649.0381	10.49318
649.1905	10.49319
649.3429	10.49831
649.4953	10.49318
649.6477	10.4973
649.8001	10.50141
649.9525	10.49319
650.1049	10.50142
650.2573	10.50141
650.4097	10.49318
650.5621	10.4932
650.7145	10.50347
650.8669	10.50142
651.0193	10.49318
651.1717	10.49318
651.3241	10.49318
651.4765	10.49318
651.6289	10.4973
651.7813	10.49728
651.9337	10.48907
652.0861	10.49318
652.2385	10.50142
652.3909	10.4973
652.5433	10.49318
652.6957	10.49319
652.8481	10.50552
653.0005	10.49319
653.1529	10.49733
653.3053	10.50859
653.4577	10.49318
653.6101	10.49318
653.7625	10.4973
653.9149	10.49729
654.0673	10.49318
654.2197	10.49319
654.3721	10.5014
654.5245	10.49318
654.6769	10.49319
654.8293	10.49833
654.9817	10.4973
655.1341	10.49318
655.2865	10.49318
655.4389	10.49832
655.5913	10.49318
655.7437	10.49319
655.8961	10.49728
656.0485	10.48906
656.2009	10.49318
656.3533	10.4973
656.5057	10.4973
656.6581	10.49318
656.8105	10.49319
656.9629	10.49729
657.1153	10.49318
657.2677	10.4932
657.4201	10.50142
657.5725	10.49833
657.7249	10.49318
657.8773	10.49732
658.0297	10.51377
658.1821	10.50351
658.3345	10.52207
658.4869	10.54675
658.6393	10.55086
658.7917	10.55086
658.9441	10.56013
659.0965	10.55911
659.2489	10.56735
659.4013	10.57559
659.5537	10.58585
659.7061	10.57147
659.8585	10.57559
660.0109	10.5797
660.1633	10.57146
660.3157	10.57558
660.4681	10.57558
660.6205	10.57146
660.7729	10.56735
660.9253	10.57561
661.0777	10.59207
661.2301	10.59618
661.3825	10.59618
661.5349	10.60442
661.6873	10.59618
661.8397	10.59619
661.9921	10.60857
662.1445	10.62913
662.2969	10.62196
662.4493	10.63739
662.6017	10.64145
662.7541	10.62502
662.9065	10.63326
663.0589	10.64253
663.2113	10.63737
663.3637	10.62916
663.5161	10.64148
663.6685	10.63224
663.8209	10.63738
663.9733	10.63738
664.1257	10.6415
664.2781	10.62916
664.4305	10.66319
664.5829	10.74009
664.7353	10.49728
664.8877	10.48905
665.0401	10.48497
665.1925	10.49829
665.3449	10.48494
665.4973	10.48906
665.6497	10.48494
665.8021	10.48803
665.9545	10.48906
666.1069	10.48906
666.2593	10.48905
666.4117	10.48289
666.5641	10.48906
666.7165	10.48906
666.8689	10.47669
667.0213	10.4561
667.1737	10.46227
667.3261	10.45198
667.4785	10.45609
667.6309	10.452
667.7833	10.46225
667.9357	10.45198
668.0881	10.45198
668.2405	10.4561
668.3929	10.45713
668.5453	10.45199
668.6977	10.46433
668.8501	10.4561
669.0025	10.4561
669.1549	10.45714
669.3073	10.46022
669.4597	10.44786
669.6121	10.45198
669.7645	10.46229
669.9169	10.46845
670.0693	10.46433
670.2217	10.46025
670.3741	10.47255
670.5265	10.46227
670.6789	10.46022
670.8313	10.47255
670.9837	10.3943
671.1361	10.39533
671.2885	10.39842
671.4409	10.39842
671.5933	10.39843
671.7457	10.40255
671.8981	10.40563
672.0505	10.39842
672.2029	10.39842
672.3553	10.39841
672.5077	10.39019
672.6601	10.39841
672.8125	10.39019
672.9649	10.39431
673.1173	10.40047
673.2697	10.39842
673.4221	10.40254
673.5745	10.41077
673.7269	10.39843
673.8793	10.4159
674.0317	10.39021
674.1841	10.41078
674.3365	10.41077
674.4889	10.4056
674.6413	10.3943
674.7937	10.40254
674.9461	10.4149
675.0985	10.41078
675.2509	10.41078
675.4033	10.41078
675.5557	10.41079
675.7081	10.4149
675.8605	10.41599
676.0129	10.4355
676.1653	10.4149
676.3177	10.41491
676.4701	10.43136
676.6225	10.41593
676.7749	10.41491
676.9273	10.41902
677.0797	10.41901
677.2321	10.4149
677.3845	10.41593
677.5369	10.42725
677.6893	10.41078
677.8417	10.41494
677.9941	10.4468
678.1465	10.4314
678.2989	10.44376
678.4513	10.45199
678.6037	10.4561
678.7561	10.45198
678.9085	10.45199
679.0610	10.46432
679.2134	10.45199
679.3658	10.45716
679.5182	10.47666
679.6706	10.46015
679.8230	10.43131
679.9754	10.40666
680.1278	10.37988
680.2802	10.3943
680.4326	10.39019
680.5850	10.40253
680.7374	10.39532
680.8898	10.39022
681.0422	10.40661
681.1946	10.39018
681.3470	10.39842
681.4994	10.39018
681.6518	10.39532
681.8042	10.39019
681.9566	10.39843
682.1090	10.40662
682.2614	10.39018
682.4138	10.39058
682.5662	10.53437
682.7186	10.06882
682.8710	10.06882
683.0234	10.07089
683.1758	10.08527
683.3282	10.06881
683.4806	10.06474
683.6330	10.08629
683.7854	10.07293
683.9378	10.06882
684.0902	10.08117
684.2426	10.07705
684.3950	10.07603
684.5474	10.07705
684.6998	10.07293
684.8522	10.06881
685.0046	10.06577
685.1570	10.08117
685.3094	10.0647
685.4618	10.06883
685.6142	10.08941
685.7666	10.07602
685.9190	10.07294
686.0714	10.07705
686.2238	10.07294
686.3762	10.07602
686.5286	10.07294
686.6810	10.08117
686.8334	10.07293
686.9858	10.06882
687.1382	10.07603
687.2906	10.07705
687.4430	10.07293
687.5954	10.06882
687.7478	10.07086
687.9002	10.0647
688.0526	10.07294
688.2050	10.07294
688.3574	10.07704
688.5098	10.06573
688.6622	10.06886
688.8146	10.08938
688.9670	10.07293
689.1194	10.06882
689.2718	10.08632
689.4242	10.07705
689.5766	10.07294
689.7290	10.07705
689.8814	10.07601
690.0338	10.06471
690.1862	10.07297
690.3386	10.08526
690.4910	10.07294
690.6434	10.07088
690.7958	10.08529
690.9482	10.06882
691.1006	10.06883
691.2530	10.07602
691.4054	10.07294
691.5578	10.07294
691.7102	10.07297
691.8626	10.0853
692.0150	10.06573
692.1674	10.06883
692.3198	10.08527
692.4722	10.06472
692.6246	10.07705
692.7770	10.07603
692.9294	10.07701
693.0818	10.06058
693.2342	10.06882
693.3866	10.08117
693.5390	10.06059
693.6914	10.06882
693.8438	10.07292
693.9962	10.06059
694.1486	10.06472
694.3010	10.07296
694.4534	10.08118
694.6058	10.07294
694.7582	10.07603
694.9106	10.07706
695.0630	10.07704
695.2154	10.06883
695.3678	10.07602
695.5202	10.07291
695.6726	10.06062
695.8250	10.07706
695.9774	10.07705
696.1298	10.07088
696.2822	10.07293
696.4346	10.06882
696.5870	10.06882
696.7394	10.07294
696.8918	10.07604
697.0442	10.08118
697.1966	10.06882
697.3490	10.06882
697.5014	10.07602
697.6538	10.06882
697.8062	10.07294
697.9586	10.07292
698.1110	10.0647
698.2634	10.06575
698.4158	10.07294
698.5682	10.08117
698.7206	10.06881
698.8730	10.06574
699.0254	10.08116
699.1778	10.06879
699.3302	10.05232
699.4826	10.04511
699.6350	10.03998
699.7874	10.03998
699.9398	10.0441
700.0922	10.05233
700.2446	10.03998
700.3970	10.04
700.5494	10.05231
700.7018	10.03998
700.8542	10.03999
701.0066	10.0441
701.1590	10.03998
701.3114	10.03998
701.4638	10.03998
701.6162	10.03998
701.7686	10.03998
701.9210	10.03998
702.0734	10.03998
702.2258	10.03998
702.3782	10.03998
702.5306	10.0441
702.6830	10.04409
702.8354	10.03998
702.9878	10.03999
703.1402	10.0482
703.2926	10.03999
703.4450	10.04823
703.5974	10.05233
703.7498	10.05028
703.9022	10.0441
704.0546	10.06055
704.2070	10.02347
704.3594	9.998777
704.5118	9.998785
704.6642	10.00289
704.8166	9.998788
704.9690	10.0029
705.1214	9.998778
705.2738	10.0029
705.4262	9.998781
705.5786	10.00289
705.7310	9.998777
705.8834	9.998777
706.0358	9.998806
706.1882	10.0111
706.3406	9.998779
706.4930	9.998781
706.6454	10.01525
706.7978	9.998777
706.9502	9.998792
707.1026	10.00907
707.2550	10.0029
707.4074	10.00289
707.5598	9.9988
707.7122	10.00702
707.8646	9.998777
708.0170	9.998786
708.1694	10.01112
708.3218	9.99877
708.4742	9.993645
708.6266	10.0029
708.7790	10.00287
708.9314	9.990514
709.0838	9.982298
709.2362	9.988472
709.3886	9.978177
709.5410	9.978192
709.6934	9.990517
709.8458	9.978177
709.9982	9.978206
710.1506	9.990515
710.3030	9.982298
710.4554	9.978163
710.6078	9.916379
710.7602	9.920495
710.9126	9.920491
711.0650	9.916385
711.2174	9.921508
711.3698	9.912256
711.5222	9.912291
711.6746	9.924616
711.8270	9.912258
711.9794	9.916376
712.1318	9.916371
712.2842	9.912256
712.4366	9.912254
712.5890	9.91121
712.7414	9.904004
712.8938	9.899908
713.0462	9.904018
713.1986	9.924603
713.3510	9.895786
713.5034	9.908145
713.6558	9.916389
713.8082	9.924592
713.9606	9.912247
714.1130	9.908144
714.2654	9.911225
714.4178	9.904018
714.5702	9.912261
714.7226	9.920479
714.8750	9.904026
715.0274	9.911235
715.1798	9.916376
715.3322	9.916356
715.4846	9.908149
715.6370	9.912256
715.7894	9.920494
715.9418	9.91123
716.0942	9.916385
716.2466	9.924598
716.3990	9.912271
716.5514	9.920499
716.7038	9.921503
716.8562	9.912269
717.0086	9.916376
717.1610	9.920499
717.3134	9.92461
717.4658	9.916376
717.6182	9.916383
717.7706	9.920479
717.9230	9.912266
718.0754	9.916389
718.2278	9.921526
718.3802	9.908136
718.5326	9.912259
718.6850	9.916372
718.8374	9.912251
718.9898	9.908132
719.1422	9.906079
719.2946	9.908115
719.4470	9.899907
719.5994	9.904016
719.7518	9.916372
719.9042	9.90608
720.0566	9.912248
720.2090	9.904022
720.3614	9.90812
720.5138	9.899904
720.6662	9.904035
720.8186	9.911218
720.9710	9.908135
721.1234	9.904022
721.2758	9.916363
721.4282	9.899905
721.5806	9.908135
721.7330	9.908134
721.8854	9.90608
722.0378	9.908113
722.1902	9.899897
722.3426	9.912254
722.4950	9.904021
722.6474	9.91226
722.7998	9.916356
722.9522	9.900951
723.1046	9.91635
723.2570	9.904026
723.4094	9.908147
723.5618	9.912256
723.7142	9.916372
723.8666	9.904021
724.0190	9.911236
724.1714	9.920491
724.3238	9.916361
724.4762	9.908162
724.6286	9.920476
724.7810	9.912269
724.9334	9.916376
725.0858	9.912258
725.2382	9.916366
725.3906	9.904026
725.5430	9.912269
725.6954	9.920477
725.8478	9.91122
726.0002	9.908168
726.1526	9.920495
726.3050	9.906075
726.4574	9.90814
726.6098	9.916376
726.7622	9.916366
726.9146	9.908135
727.0670	9.908154
727.2194	9.916367
727.3718	9.912256
727.5242	9.912256
727.6766	9.921525
727.8290	9.916376
727.9814	9.916376
728.1338	9.916393
728.2862	9.928706
728.4386	9.912238
728.5910	9.904074
728.7434	9.926634
728.8958	9.912256
729.0482	9.912258
729.2006	9.916376
729.3530	9.916371
729.5054	9.912271
729.6578	9.921509
729.8102	9.912275
729.9626	9.9205
730.1150	9.921527
730.2674	9.928731
730.4198	9.904018
730.5722	9.908153
730.7246	9.926657
730.8770	9.912256
731.0294	9.912256
731.1818	9.912236
731.3342	9.904037
731.4866	9.911226
731.6390	9.916375
731.7914	9.912259
731.9438	9.91637
732.0962	9.91125
732.2486	9.928692
732.4010	9.904035
732.5534	9.912267
732.7058	9.916352
732.8582	9.908135
733.0106	9.904022
733.1630	9.916372
733.3154	9.911218
733.4678	9.904021
733.6202	9.908135
733.7726	9.908108
733.9250	9.895776
734.0774	9.895776
734.2298	9.895776
734.3822	9.895774
734.5346	9.89167
734.6870	9.908119
734.8394	9.895776
734.9918	9.895784
735.1442	9.899916
735.2966	9.908101
735.4490	9.895777
735.6014	9.895779
735.7538	9.904011
735.9062	9.895776
736.0586	9.895782
736.2110	9.899896
736.3634	9.899896
736.5158	9.899906
736.6682	9.903993
736.8206	9.895776
736.9730	9.895776
737.1254	9.895782
737.2778	9.904012
737.4302	9.899889
737.5826	9.895791
737.7350	9.903989
737.8874	9.891665
738.0398	9.895775
738.1922	9.899894
738.3446	9.890628
738.4970	9.895791
738.6494	9.91223
738.8018	9.891664
738.9542	9.895786
739.1066	9.900913
739.2590	9.895776
739.4114	9.895776
739.5638	9.899896
739.7162	9.899893
739.8686	9.89578
740.0210	9.89989
740.1734	9.895776
740.3258	9.895776
740.4782	9.895776
740.6306	9.895787
740.7830	9.899896
740.9354	9.895776
741.0878	9.89578
741.2402	9.90092
741.3926	9.895782
741.5450	9.899888
741.6974	9.895776
741.8498	9.895786
742.0022	9.899899
742.1546	9.900925
742.3070	9.895776
742.4594	9.895776
742.6118	9.895782
742.7642	9.900917
742.9166	9.895801
743.0690	9.908106
743.2214	9.895776
743.3738	9.895776
743.5262	9.900923
743.6786	9.891655
743.8310	9.891664
743.9834	9.899901
744.1358	9.904002
744.2882	9.895776
744.4406	9.895817
744.5930	9.91221
744.7454	9.895776
744.8978	9.899896
745.0502	9.899893
745.2026	9.895776
745.3550	9.895795
745.5074	9.908105
745.6598	9.891666
745.8122	9.895802
745.9646	9.906045
746.1170	9.895776
746.2694	9.895776
746.4218	9.895776
746.5742	9.895776
746.7266	9.895776
746.8790	9.895776
747.0314	9.895776
747.1838	9.895776
747.3362	9.895776
747.4886	9.911221
747.6410	9.891652
747.7934	9.887532
747.9458	9.883406
748.0982	9.875184
748.2506	9.879333
748.4030	9.895756
748.5554	9.887512
748.7078	9.879297
748.8602	9.890621
749.0126	9.879294
749.1650	9.875195
749.3174	9.891632
749.4698	9.875186
749.6222	9.880342
749.7746	9.887535
749.9270	9.887511
750.0794	9.879297
750.2318	9.8793
750.3842	9.885468
750.5366	9.875176
750.6890	9.87521
750.8414	9.895735
750.9938	9.875196
751.1462	9.883416
751.2986	9.883417
751.4510	9.875178
751.6034	9.883411
751.7558	9.875176
751.9082	9.875182
752.0606	9.87929
752.2130	9.875211
752.3654	9.891614
752.5178	9.875176
752.6702	9.875176
752.8226	9.883411
752.9750	9.871061
753.1274	9.879304
753.2798	9.885461
753.4322	9.875176
753.5846	9.875186
753.7370	9.879276
753.8894	9.871037
754.0418	9.864878
754.1942	9.879297
754.3466	9.879293
754.4990	9.875202
754.6514	9.895743
754.8038	9.875176
754.9562	9.875186
755.1086	9.879319
755.2610	9.887535
755.4134	9.875176
755.5658	9.875187
755.7182	9.891641
755.8706	9.875176
756.0230	9.875221
756.1754	9.900881
756.3278	9.879297
756.4802	9.879309
756.6326	9.883417
756.7850	9.875178
756.9374	9.879307
757.0898	9.891639
757.2422	9.875176
757.3946	9.875176
757.5470	9.875186
757.6994	9.879287
757.8518	9.875176
758.0042	9.875177
758.1566	9.880323
758.3090	9.875176
758.4614	9.875181
758.6138	9.879291
758.7662	9.875168
758.9186	9.871075
759.0710	9.879286
759.2234	9.875177
759.3758	9.880326
759.5282	9.879292
759.6806	9.871052
759.8330	9.866963
759.9854	9.887515
760.1378	9.875176
760.2902	9.875176
760.4426	9.875212
760.5950	9.887536
760.7474	9.880324
760.8998	9.875189
761.0522	9.891639
761.2046	9.875176
761.3570	9.875192
761.5094	9.88338
761.6618	9.866946
761.8142	9.871068
761.9666	9.875176
762.1190	9.875175
762.2714	9.871066
762.4238	9.883401
762.5762	9.871062
762.7286	9.8752
762.8810	9.887517
763.0334	9.879286
763.1858	9.875177
763.3382	9.875176
763.4906	9.875176
763.6430	9.87518
763.7954	9.879292
763.9478	9.875176
764.1002	9.875185
764.2526	9.879308
764.4050	9.883393
764.5574	9.875176
764.7098	9.880327
764.8622	9.88341
765.0146	9.875176
765.1670	9.875192
765.3194	9.885488
765.4718	9.89163
765.6242	9.879287
765.7766	9.875207
765.9290	9.885476
766.0814	9.88342
766.2338	9.891653
766.3862	9.887526
766.5386	9.879315
766.6910	9.890595
766.8434	9.875167
766.9958	9.871056
767.1482	9.871056
767.3006	9.849424
767.4530	9.846339
767.6054	9.850457
767.7578	9.850451
767.9102	9.846333
768.0626	9.844288
768.2150	9.850445
768.3674	9.846348
768.5198	9.850457
768.6722	9.859722
768.8246	9.84634
768.9770	9.854585
769.1294	9.862787
769.2818	9.842238
769.4342	9.854568
769.5866	9.850455
769.7390	9.850443
769.8914	9.846337
770.0438	9.85457
770.1962	9.842219
770.3486	9.84635
770.5010	9.858665
770.6534	9.839148
770.8058	9.850465
770.9582	9.854544
771.1106	9.84224
771.2630	9.850454
771.4154	9.844273
771.5678	9.838103
771.7202	9.846347
771.8726	9.854559
772.0250	9.844255
772.1774	9.834015
772.3298	9.850421
772.4822	9.838096
772.6346	9.838099
772.7870	9.849421
772.9394	9.842224
773.0918	9.850451
773.2442	9.846342
773.3966	9.849419
773.5490	9.846357
773.7014	9.854564
773.8538	9.850456
774.0062	9.844277
774.1586	9.84634
774.3110	9.850446
774.4634	9.842222
774.6158	9.846362
774.7682	9.859686
774.9206	9.842227
775.0730	9.846361
775.2254	9.854576
775.3778	9.854569
775.5302	9.842216
775.6826	9.842226
775.8350	9.850445
775.9874	9.844314
776.1398	9.862755
776.2922	9.838107
776.4446	9.842216
776.5970	9.862807
776.7494	9.839134
776.9018	9.850451
777.0542	9.846325
777.2066	9.838118
777.3590	9.850444
777.5114	9.844291
777.6638	9.850443
777.8162	9.846336
777.9686	9.850457
778.1210	9.849429
778.2734	9.854571
778.4258	9.850443
778.5782	9.842216
778.7306	9.842232
778.8830	9.84944
779.0354	9.854576
779.1878	9.854574
779.3402	9.846341
779.4926	9.854565
779.6450	9.842221
779.7974	9.846348
779.9498	9.854551
780.1022	9.84222
780.2546	9.844305
780.4070	9.854575
780.5594	9.846335
780.7118	9.850458
780.8642	9.854568
781.0166	9.846336
781.1690	9.846351
781.3214	9.854543
781.4738	9.839133
781.6262	9.842251
781.7786	9.854576
781.9310	9.838098
782.0834	9.842221
782.2358	9.849422
782.3882	9.846343
782.5406	9.850455
782.6930	9.850465
782.8454	9.854576
782.9978	9.854601
783.1502	9.862814
783.3026	9.858691
783.4550	9.849435
783.6074	9.858685
783.7598	9.850449
783.9122	9.846387
784.0646	9.871004
784.2170	9.849429
784.3694	9.850455
784.5218	9.854573
784.6742	9.846338
784.8266	9.849435
784.9790	9.858673
785.1314	9.842223
785.2838	9.846328
785.4362	9.842104
785.5886	9.797852
785.7410	9.772176
785.8934	9.780414
786.0458	9.776292
786.1982	9.772188
786.3506	9.782467
786.5030	9.776289
786.6554	9.772203
786.8078	9.784516
786.9602	9.777311
787.1126	9.772178
787.2650	9.780416
787.4174	9.780412
787.5698	9.776304
787.7222	9.78248
787.8746	9.784519
788.0270	9.776317
788.1794	9.784501
788.3318	9.772177
788.4842	9.772176
788.6366	9.772179
788.7890	9.776295
788.9414	9.776312
789.0938	9.788625
789.2462	9.772176
789.3986	9.772176
789.5510	9.772211
789.7034	9.784534
789.8558	9.77218
790.0082	9.780409
790.1606	9.772176
790.3130	9.772176
790.4654	9.772176
790.6178	9.772176
790.7702	9.772219
790.9226	9.788607
791.0750	9.772176
791.2274	9.772182
791.3798	9.784532
791.5322	9.78041
791.6846	9.776303
791.8370	9.780399
791.9894	9.772215
792.1418	9.788654
792.2942	9.788656
792.4466	9.776294
792.5990	9.772189
792.7514	9.792765
792.9038	9.780404
793.0562	9.772176
793.2086	9.772176
793.3610	9.772176
793.5134	9.772176
793.6658	9.772176
793.8182	9.780412
793.9706	9.772188
794.1230	9.788637
794.2754	9.772176
794.4278	9.772199
794.5802	9.784508
794.7326	9.772176
794.8850	9.772201
795.0374	9.780415
795.1898	9.772176
795.3422	9.772171
795.4946	9.767012
795.6470	9.755689
795.7994	9.751567
795.9518	9.74744
796.1042	9.741304
796.2566	9.751575
796.4090	9.75157
796.5614	9.730972
796.7138	9.726875
796.8662	9.746399
797.0186	9.726863
797.1710	9.731002
797.3234	9.743304
797.4758	9.730961
797.6282	9.725826
797.7806	9.730973
797.9330	9.726858
798.0854	9.730975
798.2378	9.730956
798.3902	9.718637
798.5426	9.730975
798.6950	9.730965
798.8474	9.726868
798.9998	9.730974
799.1522	9.726855
799.3046	9.726859
799.4570	9.730965
799.6094	9.722732
799.7618	9.720688
799.9142	9.726865
800.0666	9.730953
800.2190	9.722736
800.3714	9.730976
800.5238	9.735085
800.6762	9.718631
800.8286	9.735089
800.9810	9.730975
801.1334	9.730975
801.2858	9.730975
801.4382	9.730951
801.5906	9.722735
801.7430	9.720679
801.8954	9.730973
802.0478	9.726865
802.2002	9.735077
802.3526	9.722722
802.5050	9.715579
802.6574	9.739173
802.8098	9.722735
802.9622	9.722739
803.1146	9.747443
803.2670	9.725827
803.4194	9.72686
803.5718	9.730955
803.7242	9.718631
803.8766	9.726877
804.0290	9.736078
804.1814	9.718627
804.3338	9.722725
804.4862	9.681445
804.6386	9.537528
804.7910	9.73138
804.9434	10.02758
805.0958	10.00703
805.2482	10.01117
805.4006	10.02449
805.5530	10.01114
805.7054	10.01525
805.8578	10.01113
806.0102	10.00704
806.1626	10.02759
806.3150	10.00909
806.4674	10.01525
806.6198	10.01113
806.7722	10.00704
806.9246	10.01526
807.0770	10.01423
807.2294	10.01114
807.3818	10.01114
807.5342	10.01526
807.6866	10.01525
807.8390	10.01424
807.9914	10.01935
808.1438	10.01112
808.2962	10.00702
808.4486	10.01113
808.6010	10.00394
808.7534	10.01527
808.9058	10.02757
809.0582	10.00291
809.2106	10.01117
809.3630	10.02448
809.5154	10.00702
809.6678	10.01525
809.8202	10.00702
809.9726	10.01525
810.1250	10.01423
810.2774	10.01935
810.4298	10.00702
810.5822	10.00704
810.7346	10.01525
810.8870	10.01423
811.0394	10.02349
811.1918	10.00702
811.3442	10.00704
811.4966	10.02347
811.6490	10.00908
811.8014	10.01115
811.9538	10.01525
812.1062	10.01114
812.2586	10.01114
812.4110	10.01423
812.5634	10.01938
812.7158	10.01938
812.8682	10.01936
813.0206	10.00703
813.1730	10.01116
813.3254	10.01935
813.4778	10.01114
813.6302	10.00702
813.7826	10.01113
813.9350	10.00703
814.0874	10.01525
814.2398	10.01423
814.3922	10.01528
814.5446	10.02756
814.6970	10.00705
814.8494	10.01938
815.0018	10.01525
815.1542	10.00909
815.3066	10.02348
815.4590	10.01113
815.6114	10.00705
815.7638	10.02349
815.9162	10.01936
816.0686	10.01424
816.2210	10.01938
816.3734	10.01525
816.5258	10.00702
816.6782	10.01525
816.8306	10.01421
816.9830	10.00295
817.1354	10.02756
817.2878	10.00292
817.4402	10.01114
817.5926	10.01525
817.7450	10.00702
817.8974	10.00908
818.0498	10.01524
818.2022	10.00293
818.3546	10.01937
818.5070	10.01525
818.6594	10.01427
818.8118	10.02761
818.9642	10.01114
819.1166	10.01525
819.2690	10.01423
819.4214	10.01525
819.5738	10.01118
819.7262	10.03168
819.8786	10.00908
820.0310	10.01115
820.1834	10.01525
820.3358	10.00702
820.4882	10.00704
820.6406	10.02965
820.7930	10.01115
820.9454	10.0194
821.0978	10.02963
821.2502	10.01116
821.4026	10.01938
821.5550	10.02349
821.7074	10.01525
821.8598	10.01421
822.0122	10.00291
822.1646	10.01525
822.3170	10.01112
822.4694	10.00395
822.6218	10.01112
822.7742	10.00702
822.9266	10.01114
823.0790	10.01527
823.2314	10.02965
823.3838	10.00702
823.5362	10.00703
823.6886	10.01523
823.8410	10.00397
823.9934	10.01938
824.1458	10.01937
824.2982	9.969917
824.4506	9.936957
824.6030	9.916348
824.7554	9.895776
824.9078	9.895759
825.0602	9.887519
825.2126	9.880346
825.3650	9.887536
825.5174	9.875176
825.6698	9.875198
825.8222	9.906042
825.9746	9.875176
826.1270	9.875196
826.2794	9.885471
826.4318	9.883406
826.5842	9.879297
826.7366	9.879297
826.8890	9.875184
827.0414	9.891644
827.1938	9.875186
827.3462	9.883416
827.4986	9.8834
827.6510	9.875196
827.8034	9.883405
827.9558	9.879295
