HOLE:	U1507B
EXPEDITION:	371
TOP:	740.1731
BOTTOM:	828.8699
DEPTH_WMSF	HSGR	HCGR	HFK	HTHO	HURA	HBHK
m	gAPI	gAPI	%	ppm	ppm	m3/m3
740.1731	12.18945	8.749207	0.1486136	1.934839	0.5212435	0.0003198623
740.3255	12.18945	8.749207	0.1486136	1.934839	0.5212435	0.0003198623
740.4779	12.18945	8.749207	0.1486136	1.934839	0.5212435	0.0003198623
740.6303	12.18945	8.749207	0.1486136	1.934839	0.5212435	0.0003198623
740.7827	12.18945	8.749207	0.1486136	1.934839	0.5212435	0.0003198623
740.9351	12.18945	8.749207	0.1486136	1.934839	0.5212435	0.0003198623
741.0875	12.59361	9.292768	0.1837039	1.903658	0.4848909	0.0003198623
741.2399	12.39666	9.527179	0.2104467	1.822239	0.4522738	0.0003198623
741.3923	12.32498	9.693988	0.224624	1.792713	0.4247662	0.0003198623
741.5447	12.02384	9.171122	0.2170161	1.669628	0.4450115	0.0003198623
741.6971	11.84843	9.236688	0.2181426	1.684053	0.4343615	0.0003198623
741.8495	12.19944	8.174134	0.2447718	1.187502	0.5880383	0.0003198623
742.0019	13.21417	9.16183	0.2714397	1.348018	0.6527032	0.0003198623
742.1543	14.29055	9.86874	0.2765853	1.544521	0.7300801	0.0003198623
742.3067	13.92708	8.657277	0.2668254	1.213278	0.8245551	0.0003198623
742.4591	13.52171	8.894564	0.2561335	1.351947	0.7188318	0.0003198623
742.6115	13.62413	8.690055	0.2639264	1.240758	0.7219747	0.0003198623
742.7639	13.94855	9.084224	0.277738	1.286263	0.7263997	0.0003198623
742.9163	13.41522	9.194374	0.2375177	1.557051	0.6415912	0.0003198623
743.0687	12.36285	8.531774	0.2195469	1.44984	0.5754302	0.0003198623
743.2211	12.06799	9.190745	0.222426	1.644245	0.4692181	0.0003198623
743.3735	11.94557	8.993607	0.2071625	1.670405	0.4343261	0.0003198623
743.5259	11.60873	8.099318	0.18056	1.539453	0.5121449	0.0003198623
743.6783	11.27194	8.27126	0.1841778	1.573395	0.4332199	0.0003198623
743.8307	11.25519	8.576238	0.2052722	1.547668	0.394491	0.0003198623
743.9831	11.27777	9.758421	0.2324729	1.767414	0.2436549	0.0003198623
744.1355	11.87098	9.735385	0.2223974	1.819019	0.3714693	0.0003198623
744.2879	11.66743	10.50892	0.2156682	2.106404	0.2659115	0.0003198623
744.4403	12.0077	10.36023	0.2060365	2.115125	0.3189845	0.0003198623
744.5927	11.18382	9.724303	0.2280832	1.782179	0.2625769	0.0003198623
744.7451	11.75784	9.697468	0.2164352	1.841771	0.3443209	0.0003198623
744.8975	11.40533	9.034445	0.2292444	1.554218	0.3461778	0.0003198623
745.0499	12.45081	10.36731	0.2457416	1.88494	0.3286587	0.0003198623
745.2023	12.47076	10.73983	0.267882	1.874741	0.2321271	0.0003198623
745.3547	12.7517	10.60172	0.2851042	1.729635	0.2734837	0.0003198623
745.5071	12.57391	9.555048	0.2470033	1.617148	0.3602579	0.0003198623
745.6595	12.98706	8.845601	0.2267469	1.50813	0.4953215	0.0003198623
745.8119	12.90158	8.572953	0.2439569	1.319878	0.4737505	0.0003198623
745.9643	11.58105	6.457589	0.2236773	0.7603883	0.5972658	0.0003198623
746.1167	11.11934	6.905697	0.2338327	0.8444635	0.4840892	0.0003198623
746.2691	11.66433	7.270782	0.2385909	0.9334099	0.5088321	0.0003198623
746.4215	12.25593	7.948794	0.2780195	0.919827	0.4581177	-999.25
746.5739	12.75069	8.035183	0.2595148	1.055711	0.5205008	-999.25
746.7263	11.92477	6.626346	0.2270512	0.7940721	0.62177	-999.25
746.8787	12.18767	6.825029	0.2312411	0.833125	0.6581669	-999.25
747.0311	11.45418	6.617335	0.2084707	0.8997836	0.6028636	-999.25
747.1835	12.20589	7.754366	0.2504519	1.018305	0.579195	-999.25
747.3359	13.1443	8.268993	0.2731715	1.050177	0.6756712	-999.25
747.4883	12.93881	8.649536	0.2570808	1.266285	0.6169321	-999.25
747.6407	12.5139	8.784686	0.2545246	1.324567	0.5009239	-999.25
747.7931	11.39628	7.630881	0.2354389	1.06662	0.5112542	-999.25
747.9455	11.28288	7.027451	0.2159292	0.9874913	0.5893548	-999.25
748.0979	11.17507	7.199343	0.1934155	1.174342	0.5734447	-999.25
748.2503	11.51954	7.481923	0.2031241	1.20805	0.5911	-999.25
748.4027	11.67163	7.89572	0.219018	1.247576	0.5628298	-999.25
748.5551	12.61879	8.614891	0.2443964	1.329421	0.5868973	-999.25
748.7075	12.75844	8.596922	0.2460734	1.313848	0.5758832	-999.25
748.8599	13.28637	8.774284	0.24574	1.372643	0.5863842	-999.25
749.0123	12.52074	8.430618	0.2530046	1.220017	0.4866645	-999.25
749.1647	12.88374	8.782455	0.2633666	1.27207	0.477072	-999.25
749.3171	13.3151	8.58148	0.26465	1.20018	0.5911588	-999.25
749.4695	13.63782	8.520067	0.2426462	1.309309	0.6460467	-999.25
749.6219	14.01541	7.85251	0.2102608	1.285038	0.7797865	-999.25
749.7743	13.2738	7.226548	0.2063552	1.107348	0.7796649	-999.25
749.9267	12.26596	6.801672	0.1982265	1.018792	0.7160327	-999.25
750.0791	11.04152	6.499403	0.1865746	0.9901614	0.5900049	-999.25
750.2315	11.91794	7.098598	0.1950503	1.132508	0.6348768	-999.25
750.3839	12.67085	6.868182	0.1860825	1.111185	0.8064145	-999.25
750.5363	11.84569	6.386534	0.1525952	1.152902	0.7953453	-999.25
750.6887	10.67685	5.489419	0.1138696	1.092179	0.7823191	-999.25
750.8411	10.12205	5.280091	0.122691	0.9734877	0.7394462	-999.25
750.9935	10.76424	6.312366	0.1354231	1.229654	0.6936613	-999.25
751.1459	11.32071	7.703851	0.1563247	1.553109	0.6072555	-999.25
751.2983	11.89276	8.516554	0.1883561	1.625956	0.5882005	-999.25
751.4507	13.3832	9.930413	0.2339984	1.811753	0.5880616	-999.25
751.6031	13.11561	10.42222	0.2475904	1.889732	0.4778595	-999.25
751.7555	13.07485	10.32967	0.2624394	1.77316	0.4970496	-999.25
751.9079	11.63311	8.725455	0.2143102	1.540954	0.5072902	-999.25
752.0603	12.6411	10.30655	0.2446593	1.869869	0.4085216	-999.25
752.2127	12.45858	10.81965	0.2794102	1.830811	0.2861939	-999.25
752.3651	12.91583	10.82636	0.2688149	1.894983	0.3526395	-999.25
752.5175	11.65142	9.805034	0.2357444	1.761372	0.2936046	-999.25
752.6699	11.49378	9.106705	0.2157578	1.654645	0.3791534	-999.25
752.8223	11.67119	8.393742	0.2058105	1.484461	0.4765505	-999.25
752.9747	12.60436	9.709623	0.2420657	1.693824	0.4118751	-999.25
753.1271	14.12069	10.47712	0.2542983	1.868131	0.5637563	-999.25
753.2795	14.46927	10.32342	0.2634456	1.765366	0.6085119	-999.25
753.4319	13.64687	8.878428	0.2075656	1.629519	0.6669078	-999.25
753.5843	11.9748	8.539186	0.2102931	1.504849	0.4815374	-999.25
753.7367	11.64432	8.477375	0.2165146	1.44861	0.427888	-999.25
753.8891	12.62116	8.677672	0.2175595	1.506668	0.5275115	-999.25
754.0415	13.50638	9.973975	0.2764696	1.577158	0.4448851	-999.25
754.1939	13.29722	9.654305	0.2611403	1.56448	0.4786771	-999.25
754.3463	12.8369	9.188107	0.2764428	1.325539	0.4709775	-999.25
754.4987	12.4734	9.059898	0.2845098	1.237199	0.4485091	-999.25
754.6511	12.52284	8.32419	0.2583406	1.15467	0.5346982	-999.25
754.8035	11.51563	8.255721	0.2428186	1.223588	0.4173136	-999.25
754.9559	11.70966	8.509173	0.2240193	1.41482	0.4083008	-999.25
755.1083	12.21707	9.253396	0.236928	1.57771	0.3456587	-999.25
755.2607	12.84257	8.946234	0.2211545	1.571629	0.5261114	-999.25
755.4131	12.33958	8.792713	0.2427785	1.395853	0.496856	-999.25
755.5655	12.21362	8.627955	0.2187215	1.48392	0.5346113	-999.25
755.7179	12.24725	7.786074	0.1901168	1.381632	0.6727811	-999.25
755.8703	12.53043	8.441193	0.2056914	1.500326	0.6545486	-999.25
756.0227	11.48503	8.021866	0.1911723	1.450994	0.5429312	-999.25
756.1751	12.22319	8.702687	0.1940759	1.652144	0.5372328	-999.25
756.3275	13.01401	10.11039	0.243554	1.813502	0.4727983	-999.25
756.4799	13.31047	9.707252	0.2419336	1.69381	0.5107937	-999.25
756.6323	13.22178	9.04918	0.2393373	1.498205	0.6248928	-999.25
756.7847	13.5501	8.416541	0.2284256	1.359357	0.7802595	-999.25
756.9371	14.2744	9.421691	0.2455674	1.581067	0.7016066	-999.25
757.0895	13.3744	7.955421	0.1894786	1.439649	0.7721726	-999.25
757.2419	11.89904	7.361485	0.2081952	1.139789	0.6415374	-999.25
757.3943	11.62197	8.133368	0.2251519	1.28783	0.5055624	-999.25
757.5467	13.12045	8.738631	0.2603874	1.275495	0.604476	-999.25
757.6991	13.24503	9.046521	0.2428542	1.476774	0.5777155	-999.25
757.8515	13.86104	9.010743	0.2401196	1.481311	0.6955918	-999.25
758.0039	12.83169	8.077514	0.2076422	1.37244	0.7032962	-999.25
758.1563	13.14847	9.22419	0.2143814	1.700389	0.5994594	-999.25
758.3087	12.46188	8.490425	0.1975398	1.563867	0.5678492	-999.25
758.4611	11.76257	8.759061	0.2135663	1.556116	0.4444715	-999.25
758.6135	10.84165	7.885748	0.2013981	1.347544	0.4226823	-999.25
758.7659	11.21029	8.610739	0.2192562	1.475263	0.3654018	-999.25
758.9183	11.49584	8.519673	0.1973648	1.574235	0.4028661	-999.25
759.0707	12.11441	8.639834	0.1902518	1.654361	0.4765176	-999.25
759.2231	11.04969	8.185293	0.1473449	1.759881	0.4200982	-999.25
759.3755	11.30733	7.240987	0.1265042	1.579326	0.6169327	-999.25
759.5279	10.93209	7.62654	0.1408622	1.618795	0.5014002	-999.25
759.6803	11.07662	7.642559	0.1523668	1.556583	0.5223023	-999.25
759.8327	11.16241	6.412685	0.1276543	1.307222	0.7188616	-999.25
759.9851	11.90784	7.149319	0.1228464	1.571382	0.7040374	-999.25
760.1375	12.25702	7.49287	0.1437245	1.559238	0.684331	-999.25
760.2899	12.24855	7.227243	0.1298863	1.555145	0.6984235	-999.25
760.4423	11.84394	6.965187	0.1356222	1.437605	0.6789768	-999.25
760.5947	12.08979	7.270495	0.1462322	1.473313	0.6643597	-999.25
760.7471	12.2745	7.326695	0.1624337	1.396489	0.6566813	-999.25
760.8995	11.98903	6.862944	0.1853284	1.113913	0.6773975	-999.25
761.0519	12.31239	7.773147	0.2325289	1.129209	0.5891007	-999.25
761.2043	13.10353	8.229576	0.2533596	1.153551	0.6442965	-999.25
761.3567	14.52382	8.995511	0.2753067	1.270474	0.7135528	-999.25
761.5091	14.58429	9.528466	0.3177879	1.192522	0.6257724	-999.25
761.6615	13.93342	8.90281	0.3155097	1.005411	0.6490846	-999.25
761.8139	12.79646	8.367853	0.2835158	1.021322	0.573411	-999.25
761.9663	11.51686	7.758174	0.2523783	1.008266	0.5689546	-999.25
762.1187	11.51613	8.075495	0.250207	1.122656	0.5111098	-999.25
762.2711	12.26249	9.019022	0.2872114	1.208322	0.4991066	-999.25
762.4235	13.4958	11.13606	0.3409173	1.572221	0.4157236	-999.25
762.5759	13.80993	10.97773	0.3501737	1.4673	0.4445274	-999.25
762.7283	13.9074	11.91716	0.3571951	1.727162	0.3249548	-999.25
762.8807	14.04774	11.34174	0.3307843	1.697383	0.4221326	-999.25
763.0331	14.05405	11.59893	0.3036517	1.93864	0.3762498	-999.25
763.1855	14.14429	13.00605	0.3259321	2.259069	0.217514	-999.25
763.3379	13.74125	12.97333	0.3215135	2.27445	0.1737211	-999.25
763.4903	13.74048	12.6333	0.3314797	2.107168	0.2012301	-999.25
763.6427	12.95213	11.40254	0.3122872	1.825192	0.1773445	-999.25
763.7951	13.31799	11.63574	0.3065773	1.933328	0.2351249	-999.25
763.9475	13.23928	11.28907	0.2926933	1.903547	0.2900724	-999.25
764.0999	14.19373	10.50908	0.2803722	1.725754	0.4929205	-999.25
764.2523	14.39269	10.26158	0.2610683	1.759458	0.5824773	-999.25
764.4047	15.4003	10.96709	0.2899883	1.816234	0.6106674	-999.25
764.5571	15.71332	12.10028	0.3309791	1.939316	0.487146	-999.25
764.7095	15.54762	11.98366	0.3459167	1.814479	0.4729743	-999.25
764.8619	14.95368	10.12282	0.2976831	1.500636	0.6488608	-999.25
765.0143	15.02766	9.906887	0.3014958	1.409124	0.6807768	-999.25
765.1667	14.86216	9.583467	0.2718107	1.479282	0.7281718	-999.25
765.3191	14.57566	10.63003	0.3131259	1.572716	0.5376603	-999.25
765.4715	13.49428	9.818641	0.320308	1.270709	0.4884922	-999.25
765.6239	12.70586	9.09558	0.3048525	1.129506	0.5084713	-999.25
765.7763	11.8316	9.055852	0.2899149	1.204232	0.4024444	-999.25
765.9287	11.76711	9.65199	0.2918707	1.383783	0.3058751	-999.25
766.0811	12.47517	9.863327	0.3003779	1.401708	0.3735881	-999.25
766.2335	14.12635	11.05358	0.3356063	1.576856	0.4258342	-999.25
766.3859	14.01781	11.06146	0.343364	1.533968	0.3941489	-999.25
766.5383	13.81368	11.15524	0.3605209	1.463558	0.3669542	-999.25
766.6907	12.83273	10.73017	0.3374559	1.462384	0.3168479	-999.25
766.8431	14.22798	12.11743	0.3829049	1.640774	0.3175449	-999.25
766.9955	14.53617	11.84069	0.3503312	1.742799	0.420194	-999.25
767.1479	14.59784	11.4171	0.3350179	1.696719	0.4966401	-999.25
767.3003	13.33368	10.69374	0.2879147	1.740737	0.3675038	-999.25
767.4527	12.77145	10.45311	0.2984996	1.601664	0.332109	-999.25
767.6051	13.26438	10.80061	0.3060469	1.668831	0.3273678	-999.25
767.7575	12.96382	10.20876	0.2932903	1.553871	0.3425516	-999.25
767.9099	13.2586	10.02984	0.2795833	1.576815	0.3943391	-999.25
768.0623	12.95448	10.16862	0.2600442	1.735664	0.3938694	-999.25
768.2147	12.05401	10.29506	0.2414386	1.885103	0.2443575	-999.25
768.3671	12.44531	10.19671	0.2465554	1.823659	0.3061152	-999.25
768.5195	11.43491	9.355732	0.2201274	1.708908	0.2772386	-999.25
768.6719	12.07277	9.750968	0.2442326	1.694425	0.3191974	-999.25
768.8243	12.22135	10.05643	0.260467	1.697272	0.2535581	-999.25
768.9767	12.62329	9.404464	0.2673389	1.448145	0.4094988	-999.25
769.1291	12.36866	8.662964	0.2422362	1.357519	0.4651111	-999.25
769.2815	11.47373	7.499963	0.2270058	1.074027	0.4990928	-999.25
769.4339	11.78099	7.876784	0.222957	1.218438	0.509806	-999.25
769.5863	12.41809	8.490707	0.2432027	1.29658	0.5379971	-999.25
769.7387	12.33045	7.641986	0.2434358	1.023282	0.6446061	-999.25
769.8911	12.06383	6.600432	0.2394604	0.7128288	0.7541199	-999.25
770.0435	12.79067	7.014314	0.2471068	0.8006485	0.77368	-999.25
770.1959	12.65512	7.171996	0.2497014	0.8359904	0.7046179	-999.25
770.3483	12.64157	7.84002	0.2528057	1.031877	0.6144412	-999.25
770.5007	12.0586	7.788435	0.2375283	1.104791	0.579559	-999.25
770.6531	13.3392	8.609803	0.2596407	1.238479	0.588699	-999.25
770.8055	12.95727	8.510821	0.2572515	1.220771	0.5714396	-999.25
770.9579	13.13234	8.935522	0.2516606	1.389595	0.5354101	-999.25
771.1103	11.07341	7.563788	0.1955216	1.278771	0.4831922	-999.25
771.2627	10.6797	7.359652	0.2137791	1.106506	0.4582387	-999.25
771.4151	10.15546	7.072618	0.2012911	1.087661	0.396959	-999.25
771.5675	12.26648	8.121529	0.2272497	1.27176	0.5456771	-999.25
771.7199	12.82873	8.60326	0.2503211	1.291061	0.5638922	-999.25
771.8723	12.35719	8.88699	0.2579726	1.33715	0.5005086	-999.25
772.0247	10.861	7.605936	0.2131461	1.189106	0.4923067	-999.25
772.1771	10.6699	7.826681	0.2070982	1.295223	0.4184965	-999.25
772.3295	10.4511	7.87742	0.2028224	1.336506	0.4373018	-999.25
772.4819	11.06045	8.272212	0.1960453	1.502656	0.4636675	-999.25
772.6343	11.46556	8.875414	0.224519	1.529228	0.4736578	-999.25
772.7867	11.85297	9.343519	0.2534684	1.509739	0.426138	-999.25
772.9391	11.9663	9.221487	0.2303091	1.606204	0.4533379	-999.25
773.0915	12.30897	9.503673	0.2359196	1.663758	0.4597416	-999.25
773.2439	12.88074	10.14774	0.2151275	1.991856	0.4326706	-999.25
773.3963	12.42365	10.0746	0.2128798	1.981566	0.3453178	-999.25
773.5487	12.91811	10.30656	0.2254539	1.982311	0.3817492	-999.25
773.7011	12.06567	9.864951	0.2114231	1.922928	0.3116083	-999.25
773.8535	12.57716	9.428912	0.2056865	1.816826	0.4589857	-999.25
774.0059	11.41693	9.178843	0.2146043	1.684518	0.2850501	-999.25
774.1583	11.69464	9.609263	0.2335308	1.711608	0.2566847	-999.25
774.3107	10.75429	8.833248	0.2234623	1.521928	0.2306164	-999.25
774.4631	11.31576	9.434319	0.2475973	1.573217	0.2374035	-999.25
774.6155	11.26538	8.662127	0.2366844	1.389692	0.3214624	-999.25
774.7679	12.57755	9.590993	0.2727715	1.47605	0.3624519	-999.25
774.9203	12.12689	9.214266	0.2624798	1.415583	0.3538627	-999.25
775.0727	11.8821	9.16848	0.2652159	1.384923	0.3439626	-999.25
775.2251	10.86972	7.857931	0.2154574	1.256307	0.4250949	-999.25
775.3775	10.10137	6.71146	0.2057252	0.9459857	0.4671716	-999.25
775.5299	10.94051	7.232308	0.2324686	0.9562875	0.5025402	-999.25
775.6823	11.64015	7.198379	0.2270333	0.9772163	0.620514	-999.25
775.8347	12.31022	7.772839	0.2411271	1.078799	0.6235177	-999.25
775.9871	11.49474	7.166454	0.2156131	1.033868	0.5796438	-999.25
776.1395	11.94427	6.626035	0.2104123	0.8911556	0.7016672	-999.25
776.2919	12.83828	7.985561	0.2581208	1.047456	0.6604006	-999.25
776.4443	14.17375	9.011191	0.2577959	1.377969	0.7297449	-999.25
776.5967	13.22912	8.373846	0.2643382	1.13546	0.6773202	-999.25
776.7491	12.23983	7.529769	0.2366227	1.027256	0.6774877	-999.25
776.9015	11.79318	7.490151	0.244594	0.9679095	0.6139047	-999.25
777.0539	13.20999	8.274249	0.2747757	1.042428	0.7133145	-999.25
777.2063	13.88405	7.94647	0.256428	1.04484	0.863616	-999.25
777.3587	13.66377	8.19155	0.2328049	1.26169	0.84626	-999.25
777.5111	11.97472	7.027225	0.2159678	0.9871911	0.7639815	-999.25
777.6635	11.582	6.770821	0.2155335	0.9075859	0.7348675	-999.25
777.8159	11.06904	6.732625	0.2097403	0.9292498	0.7041035	-999.25
777.9683	12.06269	7.19483	0.2005745	1.130994	0.8086489	-999.25
778.1207	11.55215	6.593394	0.2114605	0.8745593	0.7752664	-999.25
778.2731	12.16653	6.991319	0.2297764	0.8948327	0.8520018	-999.25
778.4255	11.68106	7.241876	0.2096251	1.093098	0.7153035	-999.25
778.5779	11.44711	6.568917	0.1797718	1.052247	0.7577768	-999.25
778.7303	11.38425	6.839017	0.1778753	1.149892	0.6965498	-999.25
778.8827	10.49849	7.05185	0.191383	1.139008	0.5192661	-999.25
779.0351	11.66228	7.879145	0.2458798	1.085028	0.5250862	-999.25
779.1875	12.52992	8.26111	0.2324419	1.286069	0.6182327	-999.25
779.3399	13.14671	8.427384	0.2353773	1.32215	0.668729	-999.25
779.4923	12.43295	8.656609	0.2143443	1.518743	0.5136038	-999.25
779.6447	11.54872	8.006294	0.2149825	1.306648	0.4237159	-999.25
779.7971	12.39334	9.505546	0.2524275	1.567797	0.3707741	-999.25
779.9495	12.67032	9.836992	0.2677255	1.584436	0.3133212	-999.25
780.1019	12.44327	9.224681	0.2804865	1.313539	0.3616501	-999.25
780.2543	12.87873	9.868625	0.3131154	1.328838	0.3240128	-999.25
780.4067	13.22034	10.32293	0.3245357	1.407528	0.2758918	-999.25
780.5591	13.4318	9.664817	0.316244	1.245203	0.4037547	-999.25
780.7115	12.68533	8.920099	0.2791252	1.223902	0.4371132	-999.25
780.8639	11.85287	8.3005	0.2734793	1.058444	0.3749235	-999.25
781.0163	11.81644	8.545622	0.2778972	1.111119	0.391872	-999.25
781.1687	11.84092	7.894904	0.2785232	0.8989578	0.4564923	-999.25
781.3211	12.56999	8.359108	0.2835087	1.018483	0.5185198	-999.25
781.4735	12.08465	7.87851	0.2693512	0.9473851	0.5106122	-999.25
781.6259	12.35249	8.116114	0.2615783	1.069007	0.5559087	-999.25
781.7783	12.00547	8.962687	0.2526681	1.392397	0.4300208	-999.25
781.9307	12.50578	9.271381	0.2610531	1.442217	0.4402333	-999.25
782.0831	11.52146	8.554118	0.2498316	1.278124	0.428767	-999.25
782.2355	11.93397	9.383031	0.2695285	1.428378	0.3740766	-999.25
782.3879	11.68002	9.738918	0.2887112	1.430087	0.2759944	-999.25
782.5403	12.70764	10.29132	0.2889618	1.605601	0.3561412	-999.25
782.6927	12.57355	10.21364	0.2814472	1.624719	0.3008984	-999.25
782.8451	13.89404	11.35656	0.3186302	1.773239	0.3205128	-999.25
782.9975	13.78027	11.39371	0.3046474	1.867004	0.3050758	-999.25
783.1499	13.07511	10.20188	0.2409111	1.858263	0.379438	-999.25
783.3023	11.5926	9.184923	0.2352611	1.565541	0.303798	-999.25
783.4547	11.00941	7.659719	0.2228117	1.149753	0.4188347	-999.25
783.6071	11.65169	8.364653	0.246302	1.238097	0.4043809	-999.25
783.7595	12.21368	9.276831	0.2560022	1.473556	0.3720184	-999.25
783.9119	11.69146	8.748806	0.2220186	1.503333	0.3601408	-999.25
784.0643	11.08185	7.893737	0.1888447	1.423605	0.3896678	-999.25
784.2167	10.72005	8.687563	0.2012016	1.605607	0.2471661	-999.25
784.3691	10.82856	8.94794	0.203726	1.674228	0.2486418	-999.25
784.5215	10.74583	9.053421	0.2139587	1.648109	0.2780719	-999.25
784.6739	11.03792	9.848143	0.2427414	1.734252	0.2086073	-999.25
784.8263	11.16937	9.966982	0.2729381	1.595559	0.1727379	-999.25
784.9787	12.1995	10.32397	0.2514955	1.835446	0.2575955	-999.25
785.1311	12.7306	10.77413	0.2572138	1.946218	0.2582289	-999.25
785.2835	13.14098	11.35098	0.2507833	2.168674	0.2363677	-999.25
785.4359	11.97435	9.076996	0.1736154	1.891842	0.3847453	-999.25
785.5883	10.39187	8.007937	0.1559017	1.653034	0.3624659	-999.25
785.7407	9.413639	7.306913	0.1497464	1.46445	0.3341566	-999.25
785.8931	9.484243	6.530296	0.1500227	1.214014	0.4405202	-999.25
786.0455	9.973553	7.007032	0.1583486	1.318016	0.4668192	-999.25
786.1979	11.45235	8.323319	0.1580188	1.741685	0.4685879	-999.25
786.3503	12.5976	8.057568	0.1568673	1.663274	0.6449222	-999.25
786.5027	13.12471	9.27634	0.1652231	2.004824	0.6000922	-999.25
786.6551	12.0113	9.33799	0.1887095	1.887086	0.424798	-999.25
786.8075	10.86054	8.037745	0.1598796	1.639259	0.4843914	-999.25
786.9599	9.99834	6.818801	0.1411437	1.358393	0.5472434	-999.25
787.1123	10.44351	7.755814	0.17906	1.436625	0.4891565	-999.25
787.2647	11.17007	8.774243	0.1964893	1.660867	0.4309351	-999.25
787.4171	11.81864	9.455304	0.1941368	1.892822	0.4174766	-999.25
787.5695	11.9847	10.48595	0.2302145	2.011822	0.3448975	-999.25
787.7219	11.98828	10.18698	0.2310454	1.911167	0.3582104	-999.25
787.8743	12.73229	9.905946	0.2316369	1.817654	0.5105643	-999.25
788.0267	12.71951	10.12173	0.225633	1.921941	0.4848534	-999.25
788.1791	13.80093	10.13359	0.2365102	1.86206	0.6097892	-999.25
788.3315	13.01858	9.517137	0.2386323	1.652129	0.6042559	-999.25
788.4839	12.96905	9.460461	0.2286824	1.692235	0.5579288	-999.25
788.6363	11.48675	8.842642	0.2015749	1.652999	0.4052498	-999.25
788.7887	11.85317	8.888883	0.2239273	1.536973	0.4159485	-999.25
788.9411	12.47313	8.706792	0.229946	1.443405	0.5322034	-999.25
789.0935	12.65263	8.686738	0.2388162	1.385069	0.5135309	-999.25
789.2459	11.41564	7.226861	0.1972058	1.160923	0.4865964	-999.25
789.3983	11.01644	6.561931	0.1840765	1.024761	0.5042947	-999.25
789.5507	10.50941	6.637665	0.1827146	1.056974	0.4402091	-999.25
789.7031	11.89533	7.590204	0.2125451	1.187532	0.5022748	-999.25
789.8555	11.73949	7.924517	0.2254011	1.219388	0.4361246	-999.25
790.0079	11.91254	7.85833	0.2016152	1.337433	0.4590614	-999.25
790.1603	11.25397	7.305708	0.1839528	1.263756	0.4496149	-999.25
790.3127	11.01813	6.862694	0.1639718	1.238779	0.4794897	-999.25
790.4651	10.6917	6.203734	0.1253036	1.254064	0.5300528	-999.25
790.6175	11.09115	5.780666	0.1235844	1.128565	0.6476985	-999.25
790.7699	10.13931	4.945679	0.115778	0.9067426	0.7039766	-999.25
790.9223	10.09352	4.346442	0.1101227	0.747869	0.7993037	-999.25
791.0747	9.720194	4.582494	0.1148147	0.7960373	0.7319617	-999.25
791.2271	10.15212	5.325315	0.1513733	0.820036	0.6661261	-999.25
791.3795	11.26845	6.520933	0.1927488	0.9608914	0.6423426	-999.25
791.5319	11.66498	6.52447	0.1880643	0.9894452	0.7255541	-999.25
791.6843	11.67318	6.455667	0.1648462	1.103343	0.7484274	-999.25
791.8367	11.47575	7.037251	0.2056248	1.050971	0.6429188	-999.25
791.9891	11.83682	6.911378	0.2322843	0.8545988	0.7084083	-999.25
792.1415	11.89884	6.97807	0.2529979	0.7546781	0.7244294	-999.25
792.2939	12.7593	8.090147	0.2647766	1.042038	0.681345	-999.25
792.4463	13.0026	8.709458	0.253824	1.304586	0.5941869	-999.25
792.5987	13.96163	10.23243	0.2859402	1.604521	0.5360048	-999.25
792.7511	12.46936	9.610452	0.2520111	1.603833	0.3981131	-999.25
792.9035	12.09233	8.537735	0.2119991	1.494367	0.483346	-999.25
793.0559	10.8412	7.046879	0.1814246	1.195659	0.5333865	-999.25
793.2083	12.16134	7.840191	0.2002437	1.339675	0.5667586	-999.25
793.3607	11.64434	8.209108	0.2481157	1.177636	0.4045218	-999.25
793.5131	11.78459	8.385483	0.2415963	1.272301	0.4131189	-999.25
793.6655	11.02478	8.863077	0.2234332	1.531615	0.2730866	-999.25
793.8179	11.21262	8.83797	0.2076794	1.615803	0.3217317	-999.25
793.9703	12.52792	9.360647	0.2170552	1.728352	0.4178433	-999.25
794.1227	12.34261	9.318974	0.2267761	1.658082	0.4400665	-999.25
794.2751	13.14403	9.68592	0.2036297	1.911135	0.4874132	-999.25
794.4275	13.40152	8.412668	0.1708733	1.695015	0.7436186	-999.25
794.5799	14.35812	9.582854	0.2171488	1.799042	0.7075709	-999.25
794.7323	13.48112	9.852663	0.2050832	1.956155	0.5247308	-999.25
794.8847	13.19338	9.298232	0.196025	1.831534	0.6058044	-999.25
795.0371	13.80451	9.050106	0.1836167	1.824652	0.7310933	-999.25
795.1895	13.99953	8.671196	0.1581066	1.852593	0.8229866	-999.25
795.3419	13.97668	8.006248	0.1479843	1.698831	0.8963273	-999.25
795.4943	12.99515	8.189105	0.1723467	1.61479	0.7201252	-999.25
795.6467	13.57688	9.21732	0.2243906	1.639566	0.6486725	-999.25
795.7991	13.90174	8.779741	0.2293698	1.470231	0.7191646	-999.25
795.9515	13.88088	8.444448	0.2519253	1.230779	0.773813	-999.25
796.1039	13.16577	9.032212	0.2655462	1.339315	0.571161	-999.25
796.2563	11.83592	8.248443	0.222219	1.341846	0.5249795	-999.25
796.4087	12.35147	8.745352	0.2434536	1.376709	0.5092766	-999.25
796.5611	13.17384	9.687437	0.2941378	1.381858	0.4876972	-999.25
796.7135	14.36452	10.63747	0.316475	1.555446	0.5261443	-999.25
796.8659	13.08991	9.617576	0.2850173	1.412831	0.4415447	-999.25
797.0183	12.29185	10.03552	0.3099157	1.400971	0.2561459	-999.25
797.1707	11.65692	9.20046	0.2672449	1.383224	0.3031855	-999.25
797.3231	12.73177	9.978518	0.2841718	1.533441	0.3626569	-999.25
797.4755	11.80877	10.26779	0.2805681	1.647231	0.1968962	-999.25
797.6279	11.7911	10.52748	0.2801526	1.732861	0.1558482	-999.25
797.7803	10.78347	9.820069	0.2922616	1.435324	0.09651569	-999.25
797.9327	11.90251	10.75786	0.3281014	1.525976	0.09438412	-999.25
798.0851	12.45459	10.54573	0.3204507	1.502806	0.2320726	-999.25
798.2375	12.76881	10.42365	0.2898059	1.643055	0.2933177	-999.25
798.3899	12.27927	9.052205	0.2424375	1.48099	0.4123198	-999.25
798.5423	10.9131	8.632938	0.2503125	1.300545	0.3085018	-999.25
798.6947	10.50396	6.815345	0.205708	0.9793392	0.5385039	-999.25
798.8471	10.1846	6.003851	0.1941123	0.7872281	0.5729106	-999.25
798.9995	10.42458	5.979121	0.1894174	0.8067707	0.603837	-999.25
799.1519	11.70231	5.846822	0.1871337	0.7777331	0.7960526	-999.25
799.3043	12.90568	6.595403	0.19232	0.9871987	0.8331559	-999.25
799.4567	12.6701	5.837828	0.1274697	1.124104	0.9099504	-999.25
799.6091	11.97457	5.31799	0.1050999	1.0885	0.8727992	-999.25
799.7615	11.83167	5.170805	0.1120616	1.000582	0.8799497	-999.25
799.9139	12.36098	5.938521	0.1404596	1.080306	0.8264714	-999.25
800.0663	11.88755	6.214862	0.151919	1.101748	0.748214	-999.25
800.2187	11.14688	6.270155	0.1354604	1.215831	0.671876	-999.25
800.3711	10.39211	6.824999	0.1502982	1.306739	0.4694115	-999.25
800.5235	10.42059	6.672448	0.1435775	1.297196	0.5132844	-999.25
800.6759	9.367733	6.353558	0.1528771	1.140595	0.425691	-999.25
800.8283	9.255023	5.95952	0.1459014	1.055175	0.4572661	-999.25
800.9807	10.09163	6.160318	0.1766297	0.939626	0.5415331	-999.25
801.1331	11.08362	7.03475	0.2299904	0.9074263	0.5761228	-999.25
801.2855	12.60485	8.980395	0.2953408	1.148211	0.5357273	-999.25
801.4379	12.17603	8.764267	0.2678086	1.240153	0.4978386	-999.25
801.5903	11.96559	8.423521	0.2565262	1.197038	0.5194179	-999.25
801.7427	11.80519	8.44593	0.2644201	1.157996	0.4636	-999.25
801.8951	11.69839	7.459312	0.2411728	0.9779817	0.5494177	-999.25
802.0475	12.17531	7.214793	0.2351388	0.9349455	0.6407253	-999.25
802.1999	11.84291	7.388562	0.2438719	0.9395043	0.5793117	-999.25
802.3523	11.89194	7.443944	0.2334568	1.018224	0.589076	-999.25
802.5047	11.71796	7.550439	0.227969	1.08445	0.5626688	-999.25
802.6571	11.18168	7.493719	0.2261084	1.077175	0.4802841	-999.25
802.8095	10.86373	7.813869	0.22529	1.184543	0.3914152	-999.25
802.9619	10.96208	7.449057	0.1997512	1.217158	0.4556937	-999.25
803.1143	10.93719	7.388947	0.2282832	1.030868	0.4536322	-999.25
803.2667	10.89851	7.200403	0.2256034	0.9861487	0.4499316	-999.25
803.4191	10.47919	6.857676	0.2055483	0.9937624	0.4826686	-999.25
803.5715	10.62159	6.928883	0.2099109	0.9910429	0.5058009	-999.25
803.7239	10.63803	7.290815	0.2242166	1.023262	0.4605394	-999.25
803.8763	12.32569	9.260935	0.2655322	1.412601	0.4095197	-999.25
804.0287	13.11196	9.956531	0.2803214	1.548851	0.4117537	-999.25
804.1811	12.47598	9.117874	0.2821254	1.269634	0.4306356	-999.25
804.3335	12.06738	9.143372	0.2610367	1.40124	0.4095494	-999.25
804.4859	11.69611	8.315876	0.2378587	1.271812	0.458777	-999.25
804.6383	12.20192	8.020225	0.2515758	1.096797	0.556241	-999.25
804.7907	11.25957	7.557875	0.2090422	1.197668	0.4657778	-999.25
804.9431	10.76669	7.25812	0.1912306	1.205895	0.4655803	-999.25
805.0955	11.30899	8.192029	0.2224923	1.322109	0.3855544	-999.25
805.2479	12.05527	9.104355	0.2534472	1.4332	0.347667	-999.25
805.4003	12.16561	9.594316	0.2658077	1.517826	0.2643266	-999.25
805.5527	11.61466	9.325142	0.2766451	1.368131	0.2267476	-999.25
805.7051	11.3064	8.458933	0.2539033	1.223761	0.2757916	-999.25
805.8575	12.21613	10.48463	0.2851096	1.690092	0.1215162	-999.25
806.0099	12.26514	10.75896	0.2953382	1.71813	0.05206949	-999.25
806.1623	11.33963	10.06127	0.2941242	1.501678	0.03332392	-999.25
806.3147	10.43045	9.773498	0.2896009	1.435963	0.03109203	-999.25
806.4671	11.07044	9.624975	0.3070614	1.286183	0.1993885	-999.25
806.6195	11.91843	10.51542	0.3153464	1.522996	0.2200041	-999.25
806.7719	12.082	10.02146	0.2896331	1.515265	0.3544209	-999.25
806.9243	12.29688	10.51887	0.2838886	1.708232	0.3286805	-999.25
807.0767	12.2969	10.23134	0.2769229	1.656888	0.4010134	-999.25
807.2291	13.2893	10.77422	0.2754793	1.839259	0.4660108	-999.25
807.3815	12.79661	10.92818	0.288454	1.81263	0.3662846	-999.25
807.5339	12.56107	9.494206	0.2667313	1.480374	0.5263073	-999.25
807.6863	12.14877	8.980824	0.2478936	1.426161	0.609086	-999.25
807.8387	12.07489	8.883164	0.2159413	1.581941	0.6085129	-999.25
807.9911	13.25794	8.784893	0.1998825	1.644445	0.7778394	-999.25
808.1435	13.50125	9.585712	0.2235156	1.762664	0.635878	-999.25
808.2959	14.10553	9.959353	0.2547662	1.699411	0.6171517	-999.25
808.4483	12.82761	9.421558	0.253596	1.533963	0.4545921	-999.25
808.6007	12.83121	8.249667	0.2446201	1.211065	0.6110438	-999.25
808.7531	11.91871	7.211585	0.2238714	0.9999368	0.6231268	-999.25
808.9055	12.41632	7.685185	0.2541984	0.9741632	0.5905629	-999.25
809.0579	11.82884	7.209192	0.2315212	0.9544241	0.6184362	-999.25
809.2103	12.9594	8.416947	0.2655503	1.142147	0.5905282	-999.25
809.3627	12.71703	8.135181	0.2778865	0.979653	0.5400468	-999.25
809.5151	12.11436	7.838756	0.2832589	0.8532198	0.512163	-999.25
809.6675	10.7522	7.768695	0.2625725	0.9518979	0.3103171	-999.25
809.8199	9.944121	7.171976	0.2374518	0.9077607	0.3202783	-999.25
809.9723	11.45658	8.366029	0.268865	1.106439	0.3664894	-999.25
810.1247	11.39295	8.088903	0.2591403	1.074565	0.4106742	-999.25
810.2771	11.46951	7.574156	0.235253	1.049449	0.5264031	-999.25
810.4295	11.05686	7.386611	0.2155721	1.104589	0.4956956	-999.25
810.5819	11.75918	7.478326	0.2082618	1.176767	0.6083802	-999.25
810.7343	13.24088	8.711304	0.2275927	1.458647	0.6494265	-999.25
810.8867	13.61898	8.731669	0.2230625	1.491703	0.6777439	-999.25
811.0391	13.36412	8.527709	0.2107297	1.498542	0.66531	-999.25
811.1915	12.40727	7.516737	0.1824562	1.340138	0.6929511	-999.25
811.3439	11.84941	6.918971	0.1860846	1.127372	0.6831123	-999.25
811.4963	13.09074	7.436573	0.2154854	1.121086	0.7543136	-999.25
811.6487	13.12232	7.919073	0.2225536	1.234291	0.6958337	-999.25
811.8011	13.72354	9.197762	0.2335869	1.579395	0.6382992	-999.25
811.9535	13.16014	9.733683	0.2570376	1.613863	0.4599344	-999.25
812.1059	13.16956	9.73639	0.2336974	1.751374	0.4840284	-999.25
812.2583	12.33174	9.61302	0.2505267	1.61331	0.387991	-999.25
812.4107	12.15097	9.333131	0.2710767	1.40332	0.3655779	-999.25
812.5631	12.76471	9.609585	0.2778712	1.452103	0.4459232	-999.25
812.7155	12.488	9.496654	0.2741531	1.437684	0.4421315	-999.25
812.8679	12.12543	8.80059	0.2535702	1.335173	0.4429578	-999.25
813.0203	12.35906	9.742702	0.2665112	1.561268	0.3403153	-999.25
813.1727	13.15256	9.90988	0.2403877	1.767791	0.4239064	-999.25
813.3251	13.54553	10.11638	0.2402142	1.834965	0.457468	-999.25
813.4775	12.46986	7.919767	0.2119742	1.296507	0.553432	-999.25
813.6299	11.51299	7.367113	0.1950969	1.21824	0.473666	-999.25
813.7823	10.83067	7.084789	0.1822408	1.203025	0.4433715	-999.25
813.9347	11.11166	6.940355	0.1499862	1.345574	0.5061312	-999.25
814.0871	11.67284	6.949785	0.1330756	1.447577	0.5785873	-999.25
814.2395	11.79959	7.763846	0.144946	1.63893	0.4694111	-999.25
814.3919	12.54527	8.031307	0.1389061	1.76	0.5278613	-999.25
814.5443	12.29064	8.337781	0.1504398	1.790686	0.4166549	-999.25
814.6967	12.90106	7.489578	0.1494716	1.524602	0.6448466	-999.25
814.8491	11.70909	7.028964	0.1477308	1.38719	0.580155	-999.25
815.0015	11.46455	6.466121	0.1424246	1.237915	0.6354449	-999.25
815.1539	11.24215	6.080039	0.1207384	1.241147	0.6939315	-999.25
815.3063	12.22029	6.927231	0.1477113	1.354677	0.7136266	-999.25
815.4587	11.88806	6.868874	0.1913706	1.080383	0.6296639	-999.25
815.6111	11.50052	6.339616	0.1764206	0.9983561	0.6353325	-999.25
815.7635	10.28881	5.977407	0.1537889	1.014789	0.5500863	-999.25
815.9159	10.55483	6.227264	0.1683345	1.009684	0.5715335	-999.25
816.0683	11.17408	6.771995	0.1921976	1.044513	0.5475138	-999.25
816.2207	11.99495	8.013828	0.2358149	1.187054	0.563086	-999.25
816.3731	13.28147	8.694944	0.2268584	1.457691	0.6590109	-999.25
816.5255	12.54749	8.529301	0.2147187	1.475672	0.5666464	-999.25
816.6779	12.4236	8.790284	0.2310614	1.463641	0.5441615	-999.25
816.8303	13.06483	9.970517	0.2579616	1.684311	0.4836584	-999.25
816.9827	13.08843	10.56671	0.2678774	1.817287	0.4459511	-999.25
817.1351	12.97791	10.33294	0.2256087	1.989854	0.4795364	-999.25
817.2875	11.67042	8.866881	0.2108962	1.606264	0.4952064	-999.25
817.4399	10.85386	8.413479	0.2220623	1.395643	0.4154582	-999.25
817.5923	11.98873	9.175163	0.2345699	1.566457	0.4795423	-999.25
817.7447	12.01343	8.895202	0.2208316	1.557193	0.5322999	-999.25
817.8971	14.08484	9.238974	0.2157102	1.697305	0.745088	-999.25
818.0495	13.60926	9.421884	0.2491402	1.560207	0.601555	-999.25
818.2019	13.57407	10.16057	0.2681518	1.685573	0.4944846	-999.25
818.3543	12.3291	8.9182	0.2480442	1.405229	0.471691	-999.25
818.5067	11.73974	8.981428	0.273928	1.273965	0.3539702	-999.25
818.6591	12.50901	8.840099	0.2853824	1.161617	0.437077	-999.25
818.8115	13.10584	8.660472	0.3026127	1.003199	0.5302479	-999.25
818.9639	13.65396	9.849526	0.3305624	1.220521	0.4429017	-999.25
819.1163	13.50208	9.230179	0.3168775	1.102195	0.5048941	-999.25
819.2687	13.01471	8.509322	0.3105884	0.9080526	0.5203021	-999.25
819.4211	12.65109	7.973069	0.3030845	0.7801493	0.5553766	-999.25
819.5735	12.46156	8.451453	0.3098297	0.8939402	0.4873478	-999.25
819.7259	13.39093	9.77389	0.3407743	1.136465	0.4535176	-999.25
819.8783	13.47194	9.127484	0.3303826	0.9902139	0.5660288	-999.25
820.0307	13.32765	8.818112	0.3079518	1.022406	0.5692509	-999.25
820.1831	13.57628	8.326928	0.2736007	1.066134	0.6686352	-999.25
820.3355	13.86841	8.644253	0.2675693	1.203099	0.6625432	-999.25
820.4879	13.49292	9.061197	0.2748723	1.293929	0.5413566	-999.25
820.6403	12.57721	7.979758	0.2435604	1.130754	0.5737004	-999.25
820.7927	12.51749	7.784256	0.2055506	1.290627	0.5953087	-999.25
820.9451	12.37414	7.627293	0.1777658	1.40298	0.5960148	-999.25
821.0975	12.15411	7.727201	0.1519051	1.586385	0.559542	-999.25
821.2499	12.94488	7.963251	0.1372417	1.747836	0.6253422	-999.25
821.4023	14.16929	8.1428	0.1187128	1.913825	0.7534547	-999.25
821.5547	15.55882	8.721025	0.1052895	2.177645	0.838298	-999.25
821.7071	15.57718	8.814802	0.08832592	2.30698	0.8203538	-999.25
821.8595	15.5772	8.900924	0.07387485	2.419153	0.8153592	-999.25
822.0119	15.57903	8.835732	0.05092992	2.532581	0.8361788	-999.25
822.1643	15.57789	8.574602	0.02705237	2.588687	0.8833181	-999.25
822.3167	15.5788	8.779788	0.01366321	2.732798	0.8451629	-999.25
822.4691	15.57789	8.77927	0.0136624	2.732636	0.8451129	-999.25
822.6215	15.57903	8.779917	0.01366341	2.732838	0.8451752	-999.25
822.7739	15.57812	8.7794	0.0136626	2.732677	0.8451256	-999.25
822.9263	15.57926	8.780046	0.01366361	2.732878	0.8451876	-999.25
823.0787	15.57743	8.779012	0.013662	2.732557	0.8450881	-999.25
823.2311	15.57835	8.779529	0.0136628	2.732718	0.8451379	-999.25
823.3835	15.5772	8.778881	0.01366179	2.732515	0.8450753	-999.25
823.5359	15.57903	8.779917	0.01366339	2.732836	0.8451744	-999.25
823.6883	15.57812	8.779399	0.01366258	2.732672	0.8451238	-999.25
823.8407	15.57811	8.779398	0.01366256	2.73267	0.8451231	-999.25
823.9931	15.57444	8.777326	0.01365931	2.73202	0.8449222	-999.25
824.1455	15.56802	8.773709	0.01365366	2.730889	0.8445725	-999.25
824.2979	15.55883	8.768529	0.01364557	2.72927	0.8440716	-999.25
824.4503	15.55422	8.765932	0.01364149	2.728455	0.8438196	-999.25
824.6027	15.54502	8.760745	0.01363338	2.726834	0.8433182	-999.25
824.7551	15.53119	8.752954	0.01362122	2.724402	0.8425661	-999.25
824.9075	15.51276	8.742563	0.01360502	2.721161	0.8415638	-999.25
825.0599	15.50076	8.735803	0.01359447	2.71905	0.8409113	-999.25
825.2123	15.49707	8.733723	0.0135912	2.718398	0.840709	-999.25
825.3647	15.49615	8.733206	0.01359038	2.718232	0.8406579	-999.25
825.5171	15.49799	8.734243	0.01359197	2.71855	0.8407563	-999.25
825.6695	15.49707	8.733726	0.01359115	2.718385	0.8407056	-999.25
825.8219	15.49615	8.733203	0.01359033	2.718223	0.8406551	-999.25
825.9743	15.49338	8.731642	0.0135879	2.717736	0.840505	-999.25
826.1267	15.4943	8.732162	0.01358872	2.717899	0.8405551	-999.25
826.2791	15.49522	8.732681	0.01358953	2.718061	0.8406051	-999.25
826.4315	15.49892	8.734764	0.01359277	2.71871	0.8408059	-999.25
826.5839	15.498	8.734245	0.01359196	2.718548	0.8407558	-999.25
826.7363	15.50168	8.736321	0.01359519	2.719194	0.8409556	-999.25
826.8887	15.49892	8.734767	0.01359277	2.71871	0.8408062	-999.25
827.0411	15.50076	8.735804	0.01359439	2.719033	0.840906	-999.25
827.1935	15.49823	8.734377	0.01359216	2.718589	0.8407685	-999.25
827.3459	15.49915	8.734895	0.01359297	2.71875	0.8408182	-999.25
827.4983	15.4973	8.733853	0.01359134	2.718425	0.8407179	-999.25
827.6507	15.49692	8.733637	0.01359101	2.718358	0.8406972	-999.25
827.8031	15.49507	8.732595	0.01358939	2.718033	0.8405967	-999.25
827.9555	15.4943	8.732162	0.01358871	2.717898	0.8405549	-999.25
828.1079	15.49353	8.73173	0.01358804	2.717764	0.8405133	-999.25
828.2603	15.49599	8.733114	0.01359019	2.718194	0.8406463	-999.25
828.4127	15.49742	8.733921	0.01359143	2.718443	0.8407233	-999.25
828.5651	15.49742	8.733922	0.01359143	2.718442	0.8407231	-999.25
828.7175	15.49704	8.733706	0.01359108	2.718374	0.8407019	-999.25
828.8699	15.49368	8.731813	0.01358814	2.717784	0.8405194	-999.25
