HOLE:	U1352B
EXPEDITION:	317
TOP:	124.5604
BOTTOM:	438.9616
DEPTH_WMSF	C1	C2
m	in	in
124.5604	3.0726	2.9051
124.7128	3.0730	2.9053
124.8652	15.6488	13.9033
125.0176	15.6549	13.8779
125.1700	15.6512	13.8946
125.3224	15.6487	13.9877
125.4748	15.6935	13.9509
125.6272	15.6535	14.0241
125.7796	15.6456	14.1039
125.9320	15.6712	14.1291
126.0844	15.6870	14.5357
126.2368	15.7511	14.7426
126.3892	15.7320	13.7022
126.5416	15.7184	13.3623
126.6940	15.6999	13.2756
126.8464	15.6990	13.2749
126.9988	15.6933	13.2782
127.1512	15.6687	13.4793
127.3036	15.6570	13.7756
127.4560	15.6818	14.1911
127.6084	15.6590	14.4795
127.7608	16.0322	15.8178
127.9132	16.0063	15.6533
128.0656	16.0047	15.6283
128.2180	16.0050	15.6329
128.3704	16.0219	15.7623
128.5228	16.0134	15.7438
128.6752	15.8006	15.4665
128.8276	15.6895	14.3337
128.9800	15.6976	14.5610
129.1324	16.0574	15.9401
129.2848	16.0576	15.9403
129.4372	16.0595	15.9418
129.5896	16.0637	15.9453
129.7420	16.0640	15.9456
129.8944	16.0640	15.9456
130.0468	16.0229	15.7672
130.1992	15.9315	15.4276
130.3516	16.0140	15.7258
130.5040	16.0241	15.8162
130.6564	16.0242	15.8158
130.8088	15.9290	15.5954
130.9612	15.6752	14.9912
131.1136	15.6432	13.2673
131.2660	15.6427	13.3976
131.4184	15.6700	13.6545
131.5708	15.6748	13.4948
131.7232	15.6718	13.2718
131.8756	15.6612	13.1765
132.0280	15.6778	13.1089
132.1804	15.6768	13.0783
132.3328	15.6711	13.0744
132.4852	15.6827	13.0881
132.6376	15.6766	13.0685
132.7900	15.6815	13.0721
132.9424	15.6777	13.0630
133.0948	15.6807	12.9774
133.2472	15.6845	12.7025
133.3996	15.6827	12.6643
133.5520	15.6854	12.8731
133.7044	15.6805	12.8587
133.8568	15.6790	12.8673
134.0092	15.6817	12.8573
134.1616	15.6741	12.8042
134.3140	15.6673	12.6723
134.4664	15.6689	12.7532
134.6188	15.6721	12.6948
134.7712	15.6709	12.5530
134.9236	15.6781	12.4607
135.0760	15.6722	12.4183
135.2284	15.6626	12.4241
135.3808	15.6597	12.4036
135.5332	15.6641	12.3261
135.6856	15.6617	11.9948
135.8380	15.6325	11.7315
135.9904	15.6630	11.7217
136.1428	15.6810	11.6917
136.2952	15.6834	11.6560
136.4476	15.6913	11.5952
136.6000	15.6809	11.5952
136.7524	15.6544	11.6034
136.9048	15.6763	11.6376
137.0572	15.5867	12.4881
137.2096	16.0432	15.8463
137.3620	16.0521	15.8932
137.5144	16.0557	15.8983
137.6668	16.0524	15.9099
137.8192	16.0557	15.8983
137.9716	16.0523	15.9057
138.1240	16.0480	15.8677
138.2764	16.0500	15.8727
138.4288	16.0277	15.8018
138.5812	15.8733	15.5169
138.7336	15.7173	14.7301
138.8860	15.9452	15.5711
139.0384	16.0352	15.8148
139.1908	16.0506	15.8742
139.3432	16.0557	15.8845
139.4956	16.0457	15.8497
139.6480	16.0240	15.7874
139.8004	15.7067	14.0087
139.9528	15.6359	13.0601
140.1052	15.6343	12.7366
140.2576	15.6265	12.6905
140.4100	15.6175	12.7001
140.5624	15.6309	12.6901
140.7148	15.6279	12.6806
140.8672	15.6138	12.6575
141.0196	15.5855	12.6699
141.1720	15.6244	13.2015
141.3244	15.9941	15.6890
141.4768	16.0481	15.8527
141.6292	16.0474	15.8428
141.7816	16.0211	15.7670
141.9340	15.8450	15.5164
142.0864	15.7097	15.1983
142.2388	15.6354	13.5553
142.3912	15.6343	13.5503
142.5436	15.6327	13.5334
142.6960	15.6416	13.4967
142.8484	15.6280	13.1929
143.0008	15.6518	14.4586
143.1532	15.6535	14.0543
143.3056	15.6298	13.0871
143.4580	15.6251	13.0834
143.6104	15.6299	13.0873
143.7628	15.6300	13.0873
143.9152	15.6309	13.0881
144.0676	15.6304	13.0769
144.2200	15.6309	13.0780
144.3724	15.6019	12.8889
144.5248	15.5870	12.5844
144.6772	15.5783	12.2358
144.8296	15.4122	12.2497
144.9820	15.4069	12.2501
145.1344	15.3628	12.2545
145.2868	15.3335	12.2245
145.4392	15.3438	12.3363
145.5916	15.6353	12.5918
145.7440	15.6714	14.1174
145.8964	15.6350	13.7894
146.0488	15.5876	13.2264
146.2012	15.5831	13.2227
146.3536	15.5876	13.2264
146.5060	15.5182	13.3349
146.6584	15.5617	14.3648
146.8108	15.7990	14.4537
146.9632	15.9341	14.9109
147.1156	15.9379	14.8542
147.2680	15.9311	14.5111
147.4204	15.9383	14.4505
147.5728	15.9650	14.5712
147.7252	15.9246	15.4956
147.8776	15.8756	15.0909
148.0300	15.8752	15.2163
148.1824	15.9364	15.5681
148.3348	15.9610	15.5931
148.4872	16.0263	15.8108
148.6396	16.0501	15.8915
148.7920	16.0557	15.8879
148.9444	16.0557	15.8788
149.0968	16.0340	15.8341
149.2492	16.0355	15.8353
149.4016	16.0390	15.8382
149.5540	16.0380	15.8457
149.7064	16.0379	15.8456
149.8588	16.0390	15.8466
150.0112	16.0359	15.8466
150.1636	16.0307	15.8217
150.3160	16.0228	15.7818
150.4684	15.7804	15.4169
150.6208	15.8101	15.4449
150.7732	15.6714	14.2612
150.9256	15.6608	13.9359
151.0780	15.6655	13.6341
151.2304	15.6517	13.4172
151.3828	15.6565	13.3565
151.5352	15.6596	13.3840
151.6876	15.6514	13.4092
151.8400	15.6653	13.2617
151.9924	15.6535	13.0773
152.1448	15.6261	13.1792
152.2972	15.6525	13.9205
152.4496	15.6761	14.1113
152.6020	15.6694	14.0057
152.7544	15.6645	14.0317
152.9068	15.6717	14.0798
153.0592	15.6654	14.0553
153.2116	15.6607	14.0202
153.3640	15.6470	13.5480
153.5164	15.6478	12.8299
153.6688	15.6526	12.5481
153.8212	15.6495	12.5138
153.9736	15.6545	12.4833
154.1260	15.6473	12.5190
154.2784	15.6380	12.4412
154.4308	15.6500	12.3777
154.5832	15.6293	12.3819
154.7356	15.5633	12.6239
154.8880	15.9514	15.3844
155.0404	15.6186	12.7939
155.1928	15.6326	12.8373
155.3452	15.6283	12.6366
155.4976	15.6181	12.6108
155.6500	15.6222	12.5804
155.8024	15.6189	12.5420
155.9548	15.6195	12.9178
156.1072	15.6268	12.9317
156.2596	15.6308	12.8015
156.4120	15.6230	12.5758
156.5644	15.6049	12.5225
156.7168	15.6050	12.5056
156.8692	15.5941	12.5173
157.0216	15.6109	12.6171
157.1740	15.6082	12.6172
157.3264	15.5969	12.6060
157.4788	15.5779	12.6311
157.6312	15.6028	12.6844
157.7836	15.6213	12.9233
157.9360	15.6190	12.8462
158.0884	15.6223	12.8188
158.2408	15.6165	12.7866
158.3932	15.6104	12.7181
158.5456	15.6072	12.8097
158.6980	15.6123	12.9693
158.8504	15.6238	13.5920
159.0028	15.6395	14.8713
159.1552	15.6223	15.1671
159.3076	15.6280	15.1105
159.4600	15.6186	14.0137
159.6124	15.6122	12.7568
159.7648	15.6064	12.5141
159.9172	15.6004	12.5060
160.0696	14.9547	12.3013
160.2220	14.8124	12.3207
160.3744	14.1173	12.6305
160.5268	14.1200	12.6576
160.6792	14.1130	12.6573
160.8316	13.9341	12.5720
160.9840	13.9093	12.5354
161.1364	13.8735	12.5354
161.2888	13.6662	13.2200
161.4412	15.9312	15.2210
161.5936	15.9988	15.6906
161.7460	16.0031	15.6526
161.8984	16.0070	15.6401
162.0508	16.0056	15.6457
162.2032	16.0390	15.8424
162.3556	16.0432	15.8466
162.5080	16.0280	15.7969
162.6604	15.7001	14.9755
162.8128	15.7016	14.8576
162.9652	15.7171	14.8550
163.1176	15.7085	14.9795
163.2700	15.7146	14.8726
163.4224	15.6910	13.3854
163.5748	15.6587	12.1313
163.7272	15.6587	11.5952
163.8796	15.6587	11.5795
164.0320	15.6653	11.5003
164.1844	15.6654	11.4102
164.3368	15.6655	11.2201
164.4892	15.6609	11.4217
164.6416	15.6655	11.8950
164.7940	15.6654	12.7170
164.9464	15.6586	12.5715
165.0988	15.6655	12.6680
165.2512	15.6654	12.4543
165.4036	15.6567	12.0125
165.5560	15.6567	12.1043
165.7084	15.6217	12.1986
165.8608	15.4391	12.0023
166.0132	15.5682	12.0970
166.1656	15.6241	12.3931
166.3180	15.6241	12.3880
166.4704	15.6309	12.3933
166.6228	15.6309	12.3013
166.7752	15.6264	12.3114
166.9276	15.6309	12.3115
167.0800	15.6309	12.3067
167.2324	15.6154	12.3732
167.3848	15.6368	12.3700
167.5372	15.6612	12.6829
167.6896	15.6568	12.6979
167.8420	15.6587	12.6519
167.9944	15.6609	12.6070
168.1468	15.6395	12.6068
168.2992	15.6524	12.5453
168.4516	15.6506	12.2517
168.6040	15.6586	12.0591
168.7564	15.6415	12.0591
168.9088	15.6568	12.0644
169.0612	15.6328	12.0590
169.2136	15.6396	12.1318
169.3660	15.6397	12.2354
169.5184	15.6484	12.5009
169.6708	15.6481	12.5564
169.8232	15.6524	12.5969
169.9756	15.6328	12.5148
170.1280	15.6611	12.3370
170.2804	15.6414	12.3062
170.4328	15.6568	12.2858
170.5852	15.6303	12.2443
170.7376	15.6327	12.2704
170.8900	15.6413	12.3369
171.0424	15.6327	12.3988
171.1948	15.6395	12.6439
171.3472	15.6525	13.3183
171.4996	15.6414	13.1516
171.6520	15.6414	13.1121
171.8044	15.6414	13.0528
171.9568	15.6480	13.1133
172.1092	15.6587	13.9579
172.2616	15.6522	14.0157
172.4140	15.6724	14.3072
172.5664	15.6782	14.3225
172.7188	15.6759	14.3112
172.8712	15.6691	14.2778
173.0236	15.6777	14.0555
173.1760	15.6827	13.5044
173.3284	15.6824	12.5565
173.4808	15.6420	11.7544
173.6332	15.6668	14.8527
173.7856	15.6724	14.5403
173.9380	15.6673	14.5601
174.0904	15.6999	14.7329
174.2428	15.6889	14.6598
174.3952	15.6869	14.6656
174.5476	15.6517	11.6302
174.7000	15.6449	11.6935
174.8524	15.6414	11.8881
175.0048	15.6481	11.9296
175.1572	15.6396	12.0023
175.3096	15.6397	12.0024
175.4620	15.6481	12.0799
175.6144	15.6425	12.0889
175.7668	15.6453	12.1816
175.9192	15.6436	12.2671
176.0716	15.6440	12.3832
176.2240	15.6501	12.3832
176.3764	15.6524	12.4648
176.5288	15.6482	12.5014
176.6812	15.6415	12.7529
176.8336	15.6735	13.3671
176.9860	15.5162	13.4439
177.1384	15.6292	13.4088
177.2908	15.6149	14.1621
177.4432	15.6263	14.6219
177.5956	15.6395	14.1325
177.7480	15.6308	13.7511
177.9004	15.6222	13.7297
178.0528	14.8564	14.8200
178.2052	15.7459	15.4466
178.3576	15.9752	15.6965
178.5100	16.0450	15.8912
178.6624	16.0679	15.9501
178.8148	16.0656	15.9481
178.9672	16.0724	15.9539
179.1196	16.0724	15.9539
179.2720	16.0723	15.9538
179.4244	16.0635	15.8855
179.5768	16.0188	15.7441
179.7292	13.6319	15.2938
179.8816	13.4299	15.2809
180.0340	13.3653	15.2654
180.1864	13.1830	15.2617
180.3388	13.1382	15.2722
180.4912	13.0653	15.2665
180.6436	12.9824	15.2779
180.7960	12.9212	15.2692
180.9484	12.8836	15.2636
181.1008	12.8081	15.2691
181.2532	12.6102	15.2635
181.4056	12.5198	15.2617
181.5580	12.4940	15.2778
181.7104	12.4701	15.2722
181.8628	12.4768	15.2735
182.0152	12.4559	15.2779
182.1676	12.4018	15.2721
182.3200	12.2990	15.2736
182.4724	12.2989	15.2779
182.6248	12.2922	15.2722
182.7772	12.2921	15.2721
182.9296	12.1924	15.2741
183.0820	12.1902	15.2664
183.2344	12.1937	15.2692
183.3868	12.1832	15.2692
183.5392	12.2674	15.2692
183.6916	12.2617	15.2686
183.8440	12.2661	15.2682
183.9964	12.2633	15.2692
184.1488	12.2618	15.2645
184.3012	12.2727	15.2692
184.4536	12.2684	15.2641
184.6060	12.2645	15.2755
184.7584	12.2707	15.2771
184.9108	12.2779	15.2779
185.0632	12.2617	15.2667
185.2156	12.2587	15.2532
185.3680	12.2569	15.2518
185.5204	12.2636	15.2485
185.6728	13.0210	14.6496
185.8252	15.1674	15.1923
185.9776	15.6164	15.4151
186.1300	15.4875	15.4079
186.2824	15.3704	15.3938
186.4348	14.5594	14.6965
186.5872	14.5707	14.6886
186.7396	15.0706	15.3073
186.8920	15.7855	15.6124
187.0444	14.5534	15.0031
187.1968	14.4463	14.9170
187.3492	14.4465	15.2086
187.5016	14.4953	15.2781
187.6540	14.6287	15.3342
187.8064	15.1672	15.5662
187.9588	16.0409	15.8262
188.1112	16.0494	15.9239
188.2636	16.0453	15.9204
188.4160	15.4369	15.4774
188.5684	15.2975	15.4200
188.7208	15.2962	15.4589
188.8732	15.2841	15.4553
189.0256	15.3350	15.4903
189.1780	15.9975	15.7286
189.3304	16.0452	15.8530
189.4828	16.0440	15.8416
189.6352	16.0323	15.8325
189.7876	16.0278	15.7935
189.9400	15.8594	15.5302
190.0924	15.6236	15.1558
190.2448	15.6050	14.9852
190.3972	15.6013	14.9587
190.5496	15.6093	14.9863
190.7020	15.5968	15.0818
190.8544	15.6049	15.1746
191.0068	15.6029	14.9906
191.1592	15.5978	15.0968
191.3116	15.5985	15.1242
191.4640	15.5894	15.1059
191.6164	15.6007	15.0768
191.7688	15.6049	15.0724
191.9212	15.6043	15.1025
192.0736	15.6022	14.6038
192.2260	15.5215	14.5783
192.3784	15.3521	14.5140
192.5308	15.3547	14.5154
192.6832	15.3530	14.5061
192.8356	15.3567	14.5079
192.9880	15.3554	14.5098
193.1404	15.3444	14.4543
193.2928	15.5205	14.4529
193.4452	15.5278	14.4781
193.5976	15.5994	14.4987
193.7500	15.6049	14.5081
193.9024	15.6019	14.4989
194.0548	15.6022	14.4991
194.2072	15.5965	14.4970
194.3596	15.6049	14.5380
194.5120	15.6326	14.5562
194.6644	15.6337	14.5818
194.8168	15.6332	14.5247
194.9692	15.6272	14.4491
195.1216	15.6309	14.4555
195.2740	15.6308	14.4554
195.4264	15.6308	14.4555
195.5788	15.6261	14.4597
195.7312	15.6266	14.5162
195.8836	15.6741	15.2908
196.0360	15.6661	15.3129
196.1884	15.5905	15.2866
196.3408	15.5779	15.2858
196.4932	15.5821	15.2866
196.6456	15.5572	15.2866
196.7980	15.5187	15.2866
196.9504	15.5050	15.2866
197.1028	15.4529	15.2866
197.2552	15.2015	15.2846
197.4076	15.1643	15.2809
197.5600	15.1481	15.2809
197.7124	15.1731	15.2835
197.8648	15.1617	15.2866
198.0172	15.1518	15.2839
198.1696	15.1472	15.2801
198.3220	15.0615	15.2866
198.4744	14.7489	15.2852
198.6268	14.5084	15.2694
198.7792	14.9858	15.2665
198.9316	14.9961	15.2649
199.0840	14.8931	15.2691
199.2364	14.7608	15.2105
199.3888	14.7468	15.2032
199.5412	14.7363	15.2077
199.6936	14.8022	15.2400
199.8460	15.0138	15.2689
199.9984	15.0650	15.2779
200.1508	15.0650	15.2779
200.3032	14.9195	15.2779
200.4556	14.8944	15.2722
200.6080	14.8877	15.2741
200.7604	14.9013	15.2779
200.9128	14.8769	15.2704
201.0652	14.8917	15.2736
201.2176	14.6720	15.2655
201.3700	14.5359	15.2741
201.5224	14.5672	15.2772
201.6748	14.5523	15.2982
201.8272	14.5588	15.3038
201.9796	14.5055	15.2722
202.1320	14.5055	15.2636
202.2844	14.5101	15.2461
202.4368	14.7637	15.2519
202.5892	14.7568	15.2505
202.7416	14.8192	15.2605
202.8940	14.8454	15.2567
203.0464	14.9197	15.2302
203.1988	14.9219	15.2504
203.3512	14.9947	15.2462
203.5036	15.0015	15.2518
203.6560	15.0016	15.2519
203.8084	15.0137	15.2593
203.9608	15.6244	15.2718
204.1132	16.0555	15.8545
204.2656	15.6610	14.9749
204.4180	15.6432	14.9503
204.5704	15.6499	14.9559
204.7228	15.6568	14.9529
204.8752	15.6260	14.9279
205.0276	15.6352	14.8724
205.1800	15.6112	14.8264
205.3324	14.4869	14.5065
205.4848	15.4879	15.1524
205.6372	16.0724	15.9703
205.7896	16.0724	15.9703
205.9420	15.6610	15.3382
206.0944	15.6301	15.2405
206.2468	15.7304	15.3861
206.3992	16.0640	15.8714
206.5516	16.0567	15.8676
206.7040	16.0520	15.8637
206.8564	16.0557	15.8713
207.0088	16.0539	15.8676
207.1612	16.0598	15.8714
207.3136	16.0598	15.8755
207.4660	16.0532	15.8740
207.6184	16.0598	15.8796
207.7708	16.0640	15.8796
207.9232	16.0280	15.7910
208.0756	15.9366	15.5808
208.2280	15.6519	15.2913
208.3804	15.6135	15.2692
208.5328	15.6135	15.2692
208.6852	15.6091	15.2655
208.8376	15.6068	15.2636
208.9900	15.6068	15.2722
209.1424	15.6400	15.3001
209.2948	15.6989	15.3509
209.4472	15.5373	15.3415
209.5996	15.5353	15.3513
209.7520	15.5223	15.2995
209.9044	15.5154	15.2895
210.0568	15.4392	15.2909
210.2092	15.4185	15.2865
210.3616	15.2839	15.2754
210.5140	15.2579	15.2953
210.6664	15.1672	15.2838
210.8188	15.0759	15.2634
210.9712	15.0802	15.3024
211.1236	15.0920	15.3168
211.2760	15.0287	15.3038
211.4284	15.0219	15.2983
211.5808	14.8800	15.2895
211.7332	14.1797	15.2770
211.8856	14.3205	15.3209
212.0380	13.7831	15.2779
212.1904	13.7762	15.2766
212.3428	13.7663	15.2635
212.4952	13.7832	15.2692
212.6476	13.7832	15.2692
212.8000	13.7820	15.2766
212.9524	14.2715	15.2866
213.1048	14.2468	15.2952
213.2572	14.1997	15.2909
213.4096	14.2214	15.3114
213.5620	14.2309	15.3070
213.7144	14.2168	15.2853
213.8668	14.6527	15.2914
214.0192	15.7607	15.4231
214.1716	15.7520	15.3967
214.3240	15.8750	15.5020
214.4764	15.8532	15.5182
214.6288	15.6092	15.2779
214.7812	15.6311	15.2780
214.9336	15.6785	15.3215
215.0860	15.6913	15.3471
215.2384	15.6650	15.3187
215.3908	15.7085	15.3558
215.5432	15.7008	15.3547
215.6956	15.6309	15.2822
215.8480	15.6308	15.2823
216.0004	15.3377	15.2779
216.1528	15.3177	15.2722
216.3052	15.3265	15.2722
216.4576	15.3088	15.2722
216.6100	15.3087	15.2722
216.7624	15.6054	15.2779
216.9148	15.6812	15.3077
217.0672	16.0722	15.9413
217.2196	16.0657	15.9276
217.3720	16.0724	15.9292
217.5244	16.0678	15.9363
217.6768	16.0724	15.9374
217.8292	16.0640	15.9456
217.9816	16.0548	15.9425
218.1340	15.6999	15.3989
218.2864	15.7084	15.3988
218.4388	15.6741	15.3126
218.5912	15.6740	15.3298
218.7436	15.6827	15.3299
218.8960	15.6740	15.3385
219.0484	15.6568	15.3385
219.2008	15.6500	15.3328
219.3532	15.6523	15.2908
219.5056	15.6241	15.2722
219.6580	15.5851	15.2722
219.8104	15.5267	15.2780
219.9628	15.5199	15.2809
220.1152	15.5266	15.2822
220.2676	15.5809	15.2722
220.4200	15.5894	15.2722
220.5724	15.5963	15.2779
220.7248	15.5917	15.2741
220.8772	15.5906	15.2722
221.0296	15.6626	15.2953
221.1820	15.6843	15.2980
221.3344	15.6699	15.2954
221.4868	15.6604	15.2925
221.6392	15.6914	15.3040
221.7916	15.7319	15.3589
221.9440	15.7901	15.4165
222.0964	15.8708	15.5018
222.2488	15.9594	15.5868
222.4012	16.0071	15.6486
222.5536	16.0113	15.6910
222.7060	16.0725	15.9462
222.8584	16.0807	16.0058
223.0108	16.0740	16.0056
223.1632	16.0807	16.0112
223.3156	16.0672	15.9999
223.4680	16.0672	15.9999
223.6204	16.0806	16.0112
223.7728	16.0807	16.0071
223.9252	16.0806	16.0193
224.0776	16.0807	16.0194
224.2300	16.0807	16.0194
224.3824	16.0807	16.0194
224.5348	16.0806	16.0163
224.6872	16.0762	16.0074
224.8396	16.0761	16.0018
224.9920	16.0656	15.9646
225.1444	16.0657	15.9646
225.2968	16.0722	15.9783
225.4492	16.0657	15.9606
225.6016	16.0589	15.9672
225.7540	16.0723	15.9783
225.9064	16.0553	15.8547
226.0588	16.0734	15.9961
226.2112	16.0765	16.0112
226.3636	16.0656	16.0056
226.5160	16.0698	16.0055
226.6684	16.0740	16.0096
226.8208	16.0807	15.9867
226.9732	16.0724	15.9921
227.1256	16.0723	15.9703
227.2780	16.0679	15.9665
227.4304	15.9401	15.5768
227.5828	15.9333	15.5838
227.7352	15.9550	15.5951
227.8876	15.9332	15.5838
228.0400	15.9467	15.5952
228.1924	15.9384	15.5952
228.3448	16.0139	15.6631
228.4972	16.0139	15.7131
228.6496	16.0072	15.7075
228.8020	16.0072	15.7075
228.9544	15.9633	15.6244
229.1068	15.9231	15.5725
229.2592	15.9299	15.5825
229.4116	15.9214	15.5528
229.5640	15.9147	15.5598
229.7164	15.9316	15.6149
229.8688	15.9341	15.6120
230.0212	15.8325	15.5058
230.1736	15.8239	15.4845
230.3260	15.8197	15.4761
230.4784	15.8193	15.4758
230.6308	15.8149	15.4721
230.7832	15.8197	15.4761
230.9356	15.8196	15.4760
231.0880	15.7856	15.4760
231.2404	15.7788	15.4618
231.3928	15.7856	15.4671
231.5452	15.7598	15.4160
231.6976	15.7257	15.3470
231.8500	15.7170	15.3772
232.0024	15.6673	15.2809
232.1548	15.7600	15.4032
232.3072	15.7601	15.3731
232.4596	15.7326	15.3230
232.6120	15.7343	15.2866
232.7644	15.7430	15.2691
232.9168	15.7984	15.1778
233.0692	15.7986	15.1908
233.2216	15.8622	15.1249
233.3740	15.8511	15.0976
233.5264	16.0656	15.9283
233.6788	16.0740	15.9974
233.8312	16.0762	15.9993
233.9836	16.0761	15.9992
234.1360	16.0739	15.9974
234.2884	16.0807	16.0030
234.4408	16.0806	16.0030
234.5932	16.0807	16.0112
234.7456	16.0673	16.0000
234.8980	16.0807	16.0112
235.0504	16.0806	16.0111
235.2028	16.0739	16.0055
235.3552	16.0807	16.0112
235.5076	16.0740	16.0178
235.6600	16.0806	16.0002
235.8124	16.0677	15.9550
235.9648	16.0640	15.8884
236.1172	16.0598	15.8838
236.2696	16.0557	15.8714
236.4220	16.0305	15.7751
236.5744	16.0071	15.7242
236.7268	16.0072	15.7242
236.8792	15.8723	15.5511
237.0316	15.8622	15.5270
237.1840	15.7784	15.4485
237.3364	15.6629	14.8340
237.4888	15.7127	13.9796
237.6412	15.6950	12.1770
237.7936	15.7017	11.9655
237.9460	15.7086	11.8672
238.0984	15.7171	11.8357
238.2508	15.7018	11.7626
238.4032	15.6793	11.7308
238.5556	15.6913	11.4859
238.7080	15.6782	11.4019
238.8604	15.6581	11.7021
239.0128	15.6611	12.4455
239.1652	15.7100	12.7849
239.3176	15.6824	12.6310
239.4700	15.6609	11.2726
239.6224	15.6136	11.3430
239.7748	15.6136	11.8207
239.9272	15.6136	11.8464
240.0796	15.6068	11.8411
240.2320	15.6093	11.9977
240.3844	15.6222	12.1781
240.5368	15.6078	12.2542
240.6892	15.6309	12.4447
240.8416	15.6309	12.4852
240.9940	15.6241	12.4797
241.1464	15.6240	12.4695
241.2988	15.6241	12.4594
241.4512	15.6309	12.5412
241.6036	15.6266	12.6176
241.7560	15.6586	12.9484
241.9084	15.6653	12.9886
242.0608	15.6654	12.9887
242.2132	15.6586	12.9732
242.3656	15.6653	12.9735
242.5180	15.6654	12.9288
242.6704	15.6501	12.8984
242.8228	15.6622	13.1321
242.9752	15.6781	14.3732
243.1276	15.6759	15.0358
243.2800	15.6827	15.0325
243.4324	15.6827	15.0105
243.5848	15.6611	14.8717
243.7372	15.6462	14.8700
243.8896	16.0724	15.9505
244.0420	16.0756	16.0408
244.1944	16.0890	16.0520
244.3468	16.0845	16.0483
244.4992	16.0740	16.0056
244.6516	16.0807	16.0112
244.8040	16.0807	16.0032
244.9564	15.2470	15.4515
245.1088	13.7036	15.2821
245.2612	13.5941	15.2734
245.4136	15.7522	15.4964
245.5660	16.0740	16.0056
245.7184	15.0829	15.2562
245.8708	15.0061	15.1812
246.0232	15.4274	15.2779
246.1756	15.9757	15.6944
246.3280	16.0347	15.8090
246.4804	16.0217	15.7246
246.6328	15.8792	15.5782
246.7852	15.9046	15.5782
246.9376	15.8834	15.5654
247.0900	15.8746	15.5313
247.2424	15.8130	15.4704
247.3948	15.8155	15.4761
247.5472	15.6607	15.1968
247.6996	15.6543	14.5809
247.8520	15.6178	14.2706
248.0044	15.5962	14.2517
248.1568	15.5962	14.1583
248.3092	15.5085	14.0532
248.4616	15.4343	14.1222
248.6140	15.3736	14.8968
248.7664	15.5223	15.2039
248.9188	15.7110	15.3372
249.0712	16.0640	15.8920
249.2236	16.0640	15.8879
249.3760	16.0506	15.8767
249.5284	16.0573	15.8822
249.6808	16.0640	15.8687
249.8332	16.0550	15.8638
249.9856	16.0551	15.8777
250.1380	16.0612	15.8796
250.2904	16.0512	15.8537
250.4428	16.0501	15.8465
250.5952	16.0456	15.8427
250.7476	16.0474	15.8465
250.9000	15.7624	15.3929
251.0524	15.5267	15.0149
251.2048	15.5267	15.0149
251.3572	15.5267	14.9704
251.5096	15.4932	15.0362
251.6620	15.3485	15.2505
251.8144	15.3510	15.2605
251.9668	15.3510	15.2562
252.1192	15.3598	15.2603
252.2716	15.4651	15.2046
252.4240	15.6090	15.1786
252.5764	15.6221	15.2779
252.7288	15.6135	15.2779
252.8812	15.6172	15.2664
253.0336	15.6068	15.2288
253.1860	15.6068	15.2335
253.3384	15.6048	15.2779
253.4908	15.2976	15.2778
253.6432	15.2534	15.2735
253.7956	15.2444	15.2692
253.9480	15.2196	15.2635
254.1004	15.2013	15.2655
254.2528	15.2040	15.2579
254.4052	15.1212	15.2866
254.5576	14.8394	15.4167
254.7100	15.7563	15.5470
254.8624	15.6215	15.5528
255.0148	15.3530	15.5088
255.1672	15.4986	15.5427
255.3196	15.6336	15.4960
255.4720	15.9281	15.5898
255.6244	16.0265	15.7553
255.7768	16.0640	15.9127
255.9292	16.0573	15.8905
256.0816	16.0596	15.9007
256.2340	16.0640	15.9045
256.3864	16.0640	15.9045
256.5388	16.0640	15.9045
256.6912	16.0640	15.9045
256.8436	16.0640	15.9045
256.9960	16.0640	15.9045
257.1484	16.0640	15.9045
257.3008	16.0640	15.9044
257.4532	16.0595	15.9006
257.6056	16.0640	15.9045
257.7580	16.0640	15.9017
257.9104	16.0640	15.9016
258.0628	16.0640	15.9044
258.2152	16.0573	15.8988
258.3676	16.0640	15.9044
258.5200	16.0573	15.8905
258.6724	16.0640	15.9085
258.8248	16.0573	15.8988
258.9772	16.0640	15.9044
259.1296	16.0640	15.8961
259.2820	16.0595	15.8924
259.4344	16.0640	15.8963
259.5868	16.0573	15.8946
259.7392	16.0640	15.8962
259.8916	16.0573	15.8905
260.0440	16.0640	15.8962
260.1964	16.0639	15.9043
260.3488	16.0640	15.8921
260.5012	16.0640	15.8961
260.6536	16.0640	15.8962
260.8060	16.0551	15.8887
260.9584	16.0640	15.8962
261.1108	16.0640	15.8906
261.2632	16.0640	15.8796
261.4156	16.0572	15.8782
261.5680	16.0557	15.8629
261.7204	15.6818	15.5526
261.8728	15.3054	15.5187
262.0252	14.8596	15.5059
262.1776	14.6149	15.5187
262.3300	14.5169	15.5016
262.4824	14.5124	15.5017
262.6348	14.5074	15.5141
262.7872	14.4561	15.4542
262.9396	14.4653	15.4588
263.0920	14.4962	15.4362
263.2444	14.9124	15.5576
263.3968	16.0558	15.8524
263.5492	16.0640	15.8879
263.7016	16.0596	15.8813
263.8540	16.0640	15.8714
264.0064	16.0573	15.8658
264.1588	16.0573	15.8658
264.3112	16.0573	15.8781
264.4636	16.0640	15.8838
264.6160	16.0573	15.8740
264.7684	16.0640	15.8714
264.9208	16.0639	15.8713
265.0732	16.0640	15.8714
265.2256	16.0640	15.8796
265.3780	16.0640	15.8797
265.5304	16.0594	15.8758
265.6828	16.0550	15.8721
265.8352	16.0640	15.8797
265.9876	16.0640	15.8714
266.1400	16.0596	15.8677
266.2924	16.0572	15.8657
266.4448	16.0640	15.8797
266.5972	16.0640	15.8797
266.7496	16.0640	15.8797
266.9020	16.0596	15.8759
267.0544	16.0640	15.8797
267.2068	16.0573	15.8822
267.3592	16.0598	15.8797
267.5116	16.0557	15.8769
267.6640	16.0585	15.8769
267.8164	16.0557	15.8578
267.9688	16.0557	15.8587
268.1212	16.0466	15.8323
268.2736	15.8346	15.4798
268.4260	15.7820	15.4285
268.5784	15.5972	15.0570
268.7308	15.9740	15.6649
268.8832	15.9235	15.5669
269.0356	15.9440	15.5602
269.1880	15.8242	15.4297
269.3404	16.0434	15.7994
269.4928	16.0560	15.8977
269.6452	15.9634	15.6649
269.7976	15.7409	15.3971
269.9500	13.6257	15.2798
270.1024	13.5741	15.2762
270.2548	13.5881	15.2768
270.4072	13.5915	15.2865
270.5596	13.6301	15.1758
270.7120	14.2493	15.3171
270.8644	14.0699	15.3341
271.0168	12.9177	14.7244
271.1692	12.0613	13.8279
271.3216	12.2767	14.6466
271.4740	12.2786	14.6467
271.6264	12.2833	14.6250
271.7788	12.2746	14.6264
271.9312	12.4425	14.5882
272.0836	12.7488	14.5093
272.2360	14.1677	14.7710
272.3884	15.9392	15.7036
272.5408	16.0628	15.9018
272.6932	16.0705	15.9792
272.8456	16.0376	15.8765
272.9980	14.6793	15.4074
273.1504	14.5831	15.4013
273.3028	14.4833	15.4022
273.4552	14.6593	15.3472
273.6076	16.0704	15.9321
273.7600	14.6539	15.2788
273.9124	14.6936	15.2481
274.0648	14.5827	15.2481
274.2172	14.5872	15.2518
274.3696	14.5774	15.2223
274.5220	14.6181	15.2052
274.6744	13.4590	14.7325
274.8268	15.2139	15.4922
274.9792	16.0640	15.8866
275.1316	16.0640	15.8879
275.2840	16.0640	15.8857
275.4364	16.0632	15.8793
275.5888	14.0321	14.7367
275.7412	14.0118	14.7487
275.8936	14.0169	14.7468
276.0460	14.8885	14.9391
276.1984	16.0307	15.7856
276.3508	15.2997	15.1857
276.5032	13.4388	13.4290
276.6556	13.0818	13.0821
276.8080	13.0413	13.7928
276.9604	13.3388	14.4811
277.1128	13.4746	14.6110
277.2652	13.5442	14.6653
277.4176	14.1492	15.2433
277.5700	14.8171	15.2520
277.7224	14.5497	15.0144
277.8748	14.5592	15.0132
278.0272	14.4240	14.7126
278.1796	14.4487	14.5429
278.3320	14.3861	14.5391
278.4844	14.2123	14.4567
278.6368	14.1541	14.5289
278.7892	14.1549	14.5258
278.9416	14.1613	14.5249
279.0940	14.1636	14.5885
279.2464	14.2571	14.6680
279.3988	14.0743	14.6108
279.5512	14.2547	14.5552
279.7036	14.6263	14.4948
279.8560	15.0496	14.4716
280.0084	15.7931	15.3248
280.1608	16.0807	16.0178
280.3132	16.0787	16.0177
280.4656	16.0807	16.0194
280.6180	16.0807	16.0194
280.7704	16.0807	16.0152
280.9228	16.0608	15.9124
281.0752	15.9043	15.5709
281.2276	15.4442	14.9898
281.3800	15.7146	15.3631
281.5324	15.7230	15.3622
281.6848	15.8946	15.5532
281.8372	16.0557	15.8548
281.9896	16.0390	15.7987
282.1420	16.0374	15.8000
282.2944	16.0390	15.7966
282.4468	16.0369	15.7676
282.5992	16.0496	15.8431
282.7516	13.5479	14.6852
282.9040	13.3389	14.5923
283.0564	13.3422	14.5981
283.2088	13.3459	14.5929
283.3612	13.4122	14.6616
283.5136	13.4259	15.1132
283.6660	13.2900	14.9106
283.8184	14.1862	14.5074
283.9708	14.1928	14.5027
284.1232	13.9396	14.6550
284.2756	13.6652	14.5661
284.4280	13.9373	14.4469
284.5804	14.7556	15.2114
284.7328	15.3609	15.0681
284.8852	14.9617	14.7427
285.0376	14.9653	14.7347
285.1900	14.6629	14.6245
285.3424	13.6283	14.4223
285.4948	13.5827	14.4591
285.6472	13.1755	14.3677
285.7996	13.6146	14.2916
285.9520	14.3760	14.5035
286.1044	14.8881	14.8760
286.2568	14.8923	14.9172
286.4092	14.8738	14.9280
286.5616	15.2454	15.3022
286.7140	16.0890	16.0814
286.8664	16.0882	16.0839
287.0188	16.0881	16.0843
287.1712	16.0855	16.0816
287.3236	16.0874	16.0667
287.4760	16.0856	16.0817
287.6284	16.0890	16.0865
287.7808	16.0877	16.0835
287.9332	16.0877	16.0834
288.0856	16.0890	16.0845
288.2380	16.0860	16.0568
288.3904	16.0816	16.0789
288.5428	16.0932	16.0928
288.6952	16.1028	16.2032
288.8476	16.0807	16.0357
289.0000	16.0640	15.9001
289.1524	14.7085	14.4630
289.3048	15.5725	15.3855
289.4572	15.2671	14.6931
289.6096	15.6999	14.4647
289.7620	15.6976	14.4596
289.9144	15.7005	14.1996
290.0668	15.8971	15.4793
290.2192	16.0729	15.9414
290.3716	16.0287	15.7729
290.5240	16.0707	15.9553
290.6764	16.0748	15.9680
290.8288	16.0529	15.8377
290.9812	16.0478	15.8177
291.1336	16.0677	15.9674
291.2860	16.0722	15.9598
291.4384	16.0890	15.9867
291.5908	16.0832	15.9895
291.7432	16.0890	16.0082
291.8956	16.0749	16.0085
292.0480	16.0723	16.0224
292.2004	16.0762	16.0113
292.3528	16.0551	15.9323
292.5052	16.1003	16.1216
292.6576	16.0993	16.1198
292.8100	16.1050	16.1160
292.9624	16.0793	16.0359
293.1148	16.0807	16.0035
293.2672	16.0241	15.7407
293.4196	15.9918	15.6370
293.5720	16.0053	15.6289
293.7244	16.0097	15.6566
293.8768	16.0597	15.9090
294.0292	16.0511	15.8536
294.1816	13.7438	13.0068
294.3340	13.3436	14.6197
294.4864	13.7983	14.4427
294.6388	13.7937	14.4297
294.7912	13.7981	14.4210
294.9436	13.7992	14.3086
295.0960	13.8670	14.2918
295.2484	13.8677	14.2938
295.4008	13.7358	14.1034
295.5532	12.9955	13.8520
295.7056	13.6567	14.8161
295.8580	13.4911	14.7417
296.0104	13.4599	14.7464
296.1628	13.2851	14.7309
296.3152	13.2647	14.7328
296.4676	13.2125	14.8791
296.6200	13.2642	14.8805
296.7724	13.2610	14.8704
296.9248	13.3455	14.9274
297.0772	12.5281	13.7056
297.2296	12.5004	13.5042
297.3820	12.4855	13.4955
297.5344	12.4835	13.6176
297.6868	12.5288	13.7205
297.8392	12.4372	13.6082
297.9916	12.5377	13.4584
298.1440	12.2547	12.9487
298.2964	12.7956	12.9889
298.4488	12.5992	12.8411
298.6012	12.5241	12.8270
298.7536	12.5313	12.8171
298.9060	12.6268	12.9846
299.0584	12.3173	12.9175
299.2108	15.1323	14.7369
299.3632	16.0705	15.9548
299.5156	15.7117	15.1884
299.6680	15.6465	14.9262
299.8204	15.8005	15.1377
299.9728	16.0188	15.7565
300.1252	15.0432	14.5302
300.2776	13.3583	14.0462
300.4300	13.3336	13.7677
300.5824	13.3662	14.0435
300.7348	13.8875	14.2663
300.8872	13.8590	14.2498
301.0396	13.2244	14.0543
301.1920	13.3437	13.2393
301.3444	12.7165	13.3584
301.4968	12.6538	13.4664
301.6492	12.6639	13.4914
301.8016	12.5392	13.4928
301.9540	12.5388	13.4803
302.1064	12.5389	13.4999
302.2588	12.5229	13.4952
302.4112	12.1868	13.4576
302.5636	12.3223	13.3431
302.7160	13.0403	13.9867
302.8684	14.8388	15.4550
303.0208	12.7578	13.6551
303.1732	12.2487	13.0213
303.3256	13.5632	14.8574
303.4780	15.5961	15.3867
303.6304	13.3978	13.5433
303.7828	13.0737	14.4775
303.9352	13.3646	13.0542
304.0876	13.1398	13.0451
304.2400	13.2169	13.3389
304.3924	12.9332	12.5866
304.5448	13.0300	12.3095
304.6972	14.6072	13.5792
304.8496	15.6815	15.2469
305.0020	16.0749	16.0118
305.1544	14.9141	14.3055
305.3068	14.8881	15.2282
305.4592	14.4523	14.8428
305.6116	14.8389	14.1947
305.7640	16.0241	15.8533
305.9164	16.0724	15.9374
306.0688	16.0694	15.9349
306.2212	16.0724	15.9364
306.3736	16.0696	15.9333
306.5260	16.0724	15.9374
306.6784	16.0707	15.9467
306.8308	16.0595	15.9313
306.9832	16.0640	15.9322
307.1356	16.0616	15.9256
307.2880	16.0640	15.9335
307.4404	16.0640	15.9133
307.5928	16.0604	15.8934
307.7452	15.8452	15.4463
307.8976	16.0241	15.7516
308.0500	15.7578	15.2511
308.2024	15.8988	15.5748
308.3548	15.8001	15.4390
308.5072	15.9287	15.4876
308.6596	13.7397	13.3076
308.8120	12.7702	12.3013
308.9644	12.7729	12.2977
309.1168	12.7353	12.2942
309.2692	13.2128	12.3376
309.4216	13.2326	12.8472
309.5740	13.1891	12.5815
309.7264	13.1686	12.4494
309.8788	13.4962	13.0570
310.0312	12.6835	12.9400
310.1836	12.0669	12.3464
310.3360	12.0623	12.3080
310.4884	12.0596	12.3118
310.6408	12.0673	12.2980
310.7932	12.1152	11.7392
310.9456	12.2458	11.8047
311.0980	12.2456	11.8009
311.2504	12.3688	11.8197
311.4028	12.6061	11.8419
311.5552	13.1467	12.1738
311.7076	15.5771	14.9597
311.8600	15.9393	15.5677
312.0124	16.0679	15.9391
312.1648	16.0723	15.9374
312.3172	16.0722	15.9372
312.4696	16.0724	15.9378
312.6220	16.0698	15.9292
312.7744	16.0711	15.9281
312.9268	16.0724	15.9292
313.0792	16.0724	15.9292
313.2316	16.0536	15.8675
313.3840	16.0498	15.8460
313.5364	16.0466	15.8185
313.6888	14.9839	13.2439
313.8412	14.1901	12.3321
313.9936	14.1877	12.3303
314.1460	14.1962	12.5269
314.2984	14.1945	12.5256
314.4508	14.1935	12.5382
314.6032	13.3476	11.7505
314.7556	13.5596	11.7207
314.9080	15.0756	12.0103
315.0604	15.6553	12.0420
315.2128	15.5822	12.0470
315.3652	15.5313	11.7386
315.5176	14.8345	11.7687
315.6700	13.9725	11.8542
315.8224	13.9418	11.7470
315.9748	13.9376	11.7610
316.1272	13.4175	11.6569
316.2796	13.3430	11.6286
316.4320	14.9899	11.9239
316.5844	15.7219	13.1053
316.7368	15.7168	13.8774
316.8892	15.6805	13.0326
317.0416	15.6843	12.5390
317.1940	15.6790	12.5330
317.3464	15.6858	12.5273
317.4988	15.6827	12.5469
317.6512	15.6547	11.6099
317.8036	15.6304	11.9705
317.9560	15.6131	12.9325
318.1084	15.6237	12.9162
318.2608	15.6572	12.3594
318.4132	15.6523	12.3489
318.5656	15.7021	12.6350
318.7180	15.6933	12.1550
318.8704	15.6918	14.1292
319.0228	14.4055	12.9856
319.1752	15.5183	14.1978
319.3276	15.4838	14.1514
319.4800	15.4843	14.1495
319.6324	15.5931	14.3099
319.7848	15.2232	13.1222
319.9372	16.0039	15.6388
320.0896	16.0043	15.6197
320.2420	16.0136	15.6333
320.3944	16.0138	15.6292
320.5468	15.7813	15.4259
320.6992	15.9388	15.5842
320.8516	16.0762	16.0020
321.0040	16.0807	16.0194
321.1564	16.0742	16.0135
321.3088	16.0724	15.9349
321.4612	16.0688	15.9552
321.6136	16.0766	15.9914
321.7660	16.0767	16.0242
321.9184	16.0767	16.0242
322.0708	16.0759	16.0235
322.2232	16.0807	16.0276
322.3756	16.0807	16.0276
322.5280	16.0752	16.0230
322.6804	16.0798	16.0250
322.8328	16.0807	16.0015
322.9852	16.0527	15.8667
323.1376	15.9544	15.5970
323.2900	15.9655	15.6020
323.4424	15.9733	15.6149
323.5948	16.0602	15.8945
323.7472	16.0542	15.8726
323.8996	15.6827	12.7904
324.0520	15.1288	13.5633
324.2044	14.1325	11.6955
324.3568	14.1229	11.6911
324.5092	14.1229	11.6931
324.6616	14.1262	11.6882
324.8140	14.1545	11.7191
324.9664	14.5394	11.8367
325.1188	14.6042	11.9290
325.2712	15.3423	12.9743
325.4236	15.3419	12.8788
325.5760	15.3421	12.8789
325.7284	15.3351	12.8732
325.8808	15.3339	12.8718
326.0332	15.1067	12.0863
326.1856	14.5377	11.6178
326.3380	15.0663	12.2962
326.4904	14.5966	12.5296
326.6428	14.5876	12.5235
326.7952	14.5888	12.5272
326.9476	14.4842	11.8642
327.1000	14.4741	11.9656
327.2524	14.4277	11.9998
327.4048	14.4027	11.8574
327.5572	14.4253	11.4853
327.7096	15.3333	11.5925
327.8620	15.6492	11.6724
328.0144	15.6720	11.6988
328.1668	15.0482	11.8384
328.3192	14.5543	11.4477
328.4716	14.5540	11.4468
328.6240	14.7424	11.5782
328.7764	14.1824	11.3889
328.9288	14.2878	11.2730
329.0812	14.3798	12.2002
329.2336	14.1132	12.1470
329.3860	14.1036	12.1269
329.5384	14.0681	12.0680
329.6908	14.0683	12.0332
329.8432	14.0717	11.6827
329.9956	14.1229	11.5708
330.1480	14.1191	11.6521
330.3004	14.1730	11.7484
330.4528	14.1645	11.7894
330.6052	14.2688	11.8467
330.7576	14.3342	11.9818
330.9100	14.1304	12.0525
331.0624	16.0615	15.8904
331.2148	16.0890	16.0439
331.3672	16.0853	16.0408
331.5196	16.0890	16.0439
331.6720	16.0880	16.0430
331.8244	16.0856	16.0410
331.9768	16.0692	15.9857
332.1292	15.8520	15.4278
332.2816	15.8674	15.4607
332.4340	15.8669	15.5273
332.5864	15.8777	15.5523
332.7388	15.5500	12.6658
332.8912	15.0741	11.3885
333.0436	15.0804	11.3673
333.1960	15.1909	11.6687
333.3484	15.1909	11.6687
333.5008	15.1912	11.6762
333.6532	15.5927	13.3559
333.8056	15.9487	15.5353
333.9580	15.6437	13.1388
334.1104	15.6373	11.6583
334.2628	15.6361	11.6843
334.4152	15.6201	11.6696
334.5676	15.6159	11.4636
334.7200	14.9730	11.2670
334.8724	15.0384	11.9590
335.0248	15.6112	14.4917
335.1772	15.6091	14.7971
335.3296	15.6511	14.6901
335.4820	15.6684	14.1127
335.6344	14.9863	11.7736
335.7868	14.4940	11.4055
335.9392	14.3883	11.4429
336.0916	14.3500	11.4462
336.2440	14.3239	11.4477
336.3964	14.2596	11.4161
336.5488	14.1924	11.4509
336.7012	14.1986	11.5621
336.8536	14.4540	11.7989
337.0060	15.6141	13.6445
337.1584	15.8780	15.5082
337.3108	16.0472	15.8179
337.4632	16.0421	15.8073
337.6156	15.9289	15.5749
337.7680	15.9265	15.5748
337.9204	15.8057	15.3230
338.0728	15.6482	12.5803
338.2252	16.0629	15.8911
338.3776	16.0724	15.9703
338.5300	16.0724	15.9785
338.6824	16.0634	15.9655
338.8348	16.0724	15.9593
338.9872	16.0660	15.9458
339.1396	15.6753	13.5000
339.2920	15.6999	12.8689
339.4444	15.6961	12.8658
339.5968	15.6908	12.8644
339.7492	15.6935	12.6757
339.9016	15.6957	12.5659
340.0540	15.6726	11.6324
340.2064	15.6525	11.3763
340.3588	15.6136	11.3420
340.5112	15.6094	11.3328
340.6636	15.6120	11.3485
340.8160	15.5719	11.3439
340.9684	14.9611	11.3526
341.1208	15.6548	13.2887
341.2732	16.0745	15.9757
341.4256	16.0359	15.7005
341.5780	16.0279	15.2495
341.7304	16.0307	15.2649
341.8828	16.0750	15.9680
342.0352	16.0807	16.0357
342.1876	16.0746	16.0306
342.3400	16.0797	16.0348
342.4924	16.0794	16.0346
342.6448	16.0769	16.0326
342.7972	16.0807	16.0357
342.9496	16.0803	16.0317
343.1020	16.0804	16.0355
343.2544	16.0762	16.0319
343.4068	16.0762	16.0374
343.5592	16.0807	16.0276
343.7116	16.0790	16.0168
343.8640	16.0759	15.9996
344.0164	16.0562	15.8632
344.1688	16.0771	15.9733
344.3212	16.0807	16.0030
344.4736	16.0807	16.0112
344.6260	16.0702	15.9292
344.7784	16.0624	15.9122
344.9308	15.9565	15.1409
345.0832	15.6875	11.2660
345.2356	15.6517	11.2177
345.3880	15.6660	11.2947
345.5404	15.6784	11.2844
345.6928	15.6376	10.9961
345.8452	15.6266	11.0596
345.9976	15.6357	11.0656
346.1500	15.6463	11.0614
346.3024	15.6352	11.0656
346.4548	15.6291	11.0702
346.6072	15.6502	11.0684
346.7596	15.6385	11.0081
346.9120	15.6309	11.0122
347.0644	15.6256	11.0082
347.2168	15.6278	11.0121
347.3692	15.6271	11.0124
347.5216	15.6266	11.0482
347.6740	15.5847	11.0782
347.8264	15.5969	11.1182
347.9788	15.6277	11.1189
348.1312	15.6308	11.1189
348.2836	15.6133	11.1187
348.4360	15.6327	11.1751
348.5884	15.6376	11.3028
348.7408	15.7202	12.3167
348.8932	15.7163	12.1556
349.0456	15.7126	12.1950
349.1980	15.7171	12.1908
349.3504	15.6660	11.5304
349.5028	15.5171	10.9766
349.6552	15.5611	11.1190
349.8076	15.6246	11.1351
349.9600	15.6309	11.1806
350.1124	15.6264	11.1778
350.2648	15.6309	11.1804
350.4172	15.6252	11.1751
350.5696	15.6253	11.1998
350.7220	15.6275	11.2561
350.8744	15.6826	12.6023
351.0268	16.0316	15.8543
351.1792	15.7931	15.4379
351.3316	15.7912	15.4533
351.4840	15.7486	15.3994
351.6364	15.7444	15.3988
351.7888	15.7425	14.4285
351.9412	15.6804	11.9076
352.0936	15.6356	11.1805
352.2460	15.6177	11.1793
352.3984	15.6215	11.1560
352.5508	15.6397	11.1253
352.7032	15.6179	11.1085
352.8556	15.5991	11.1019
353.0080	15.6207	11.2818
353.1604	15.6336	11.2996
353.3128	15.6249	11.2890
353.4652	15.5971	11.2866
353.6176	15.6089	11.3562
353.7700	15.6064	11.4158
353.9224	15.6378	11.5847
354.0748	15.6232	11.4414
354.2272	15.5828	11.2109
354.3796	15.5854	11.3932
354.5320	15.5845	11.3949
354.6844	15.5761	11.3928
354.8368	15.6368	12.3106
354.9892	15.9318	14.9024
355.1416	16.0637	15.9248
355.2940	16.0640	15.9292
355.4464	16.0620	15.9064
355.5988	16.0581	15.8933
355.7512	15.9817	15.6618
355.9036	15.7473	13.0237
356.0560	15.7126	11.1874
356.2084	15.6888	11.1236
356.3608	15.6815	11.1180
356.5132	15.6568	11.1075
356.6656	15.6785	11.2833
356.8180	15.7264	12.4800
356.9704	15.7514	11.8768
357.1228	15.7453	11.8375
357.2752	15.7514	11.9089
357.4276	15.7424	11.8962
357.5800	15.7542	11.6477
357.7324	15.7257	12.4129
357.8848	16.0128	15.6390
358.0372	15.7138	14.5949
358.1896	15.6913	14.2147
358.3420	15.6814	14.1149
358.4944	15.6813	13.5488
358.6468	15.6938	13.7309
358.7992	15.6786	12.7097
358.9516	15.6781	12.7078
359.1040	15.6776	12.6737
359.2564	15.6810	12.6841
359.4088	15.6827	12.2857
359.5612	15.6841	12.3241
359.7136	15.6282	14.0913
359.8660	15.7125	13.0616
360.0184	15.6416	11.4016
360.1708	15.6483	11.4094
360.3232	15.6568	11.4161
360.4756	15.6459	11.4161
360.6280	15.6414	11.4342
360.7804	15.6596	12.5731
360.9328	16.0118	15.7564
361.0852	16.0625	15.9405
361.2376	16.0670	15.9419
361.3900	16.0671	15.9441
361.5424	16.0574	15.8938
361.6948	15.7514	14.0035
361.8472	15.7469	13.6439
361.9996	15.7237	12.2658
362.1520	15.7063	11.5219
362.3044	15.6834	11.4838
362.4568	15.6913	11.4900
362.6092	15.7096	11.5651
362.7616	15.7117	11.4774
362.9140	15.6917	11.2999
363.0664	15.6871	11.1304
363.2188	15.6863	11.2773
363.3712	15.6777	11.1570
363.5236	15.6741	11.1160
363.6760	15.6653	11.1074
363.8284	15.6787	11.2567
363.9808	15.6652	11.1922
364.1332	15.6714	11.1673
364.2856	15.6784	11.1369
364.4380	15.6658	11.2099
364.5904	15.6739	11.2905
364.7428	15.6601	11.2976
364.8952	15.6724	11.3384
365.0476	15.6666	11.9055
365.2000	15.6205	11.1389
365.3524	15.6260	11.1367
365.5048	15.6261	11.1367
365.6572	15.6484	11.1402
365.8096	15.6430	11.1327
365.9620	15.6283	11.0346
366.1144	15.6395	11.0151
366.2668	15.6511	10.9824
366.4192	15.6506	10.9837
366.5716	15.6381	10.9853
366.7240	15.6457	11.0442
366.8764	15.6430	11.0656
367.0288	15.6404	11.0933
367.1812	15.6483	11.1376
367.3336	15.6674	11.2988
367.4860	15.6674	11.2988
367.6384	15.6388	11.1229
367.7908	15.6442	11.5702
367.9432	15.7430	13.9579
368.0956	16.0616	15.9098
368.2480	16.0478	15.8617
368.4004	16.0345	15.7762
368.5528	16.0282	15.7826
368.7052	15.7507	15.3031
368.8576	15.6493	13.8616
369.0100	15.6136	12.5112
369.1624	15.6520	12.5241
369.3148	15.6407	12.8271
369.4672	15.6414	13.4741
369.6196	15.6490	13.5844
369.7720	15.6605	12.0735
369.9244	15.6546	11.7554
370.0768	15.6584	11.5023
370.2292	15.6504	11.5505
370.3816	15.6537	11.5536
370.5340	15.6553	11.5584
370.6864	15.6621	11.5604
370.8388	15.6505	11.5598
370.9912	15.6533	11.5205
371.1436	15.6562	11.5206
371.2960	15.6345	11.4865
371.4484	15.6273	11.3642
371.6008	15.6155	11.2944
371.7532	15.6167	11.0702
371.9056	15.6244	9.4837
372.0580	15.6088	8.8025
372.2104	11.8236	7.3158
372.3628	12.2074	8.3352
372.5152	13.3071	11.0198
372.6676	15.0238	11.4440
372.8200	15.9412	11.7305
372.9724	15.9391	11.7637
373.1248	15.9326	11.9758
373.2772	15.8836	12.2178
373.4296	15.6827	11.8047
373.5820	15.6827	11.8047
373.7344	15.6827	11.8047
373.8868	15.6827	11.8047
374.0392	15.6827	11.8047
374.1916	15.6827	11.8047
374.3440	15.6827	11.8047
374.4964	15.6898	11.7631
374.6488	15.6883	11.5742
374.8012	15.6749	11.5646
374.9536	15.6828	11.6287
375.1060	15.6913	11.8165
375.2584	15.6840	11.6533
375.4108	15.6832	11.5061
375.5632	15.6831	11.4481
375.7156	15.6913	11.4059
375.8680	15.6913	11.3949
376.0204	15.6873	11.3952
376.1728	15.6827	11.4055
376.3252	15.6839	11.4047
376.4776	15.6396	11.3939
376.6300	15.6550	11.4044
376.7824	15.6796	11.9233
376.9348	15.6741	11.5215
377.0872	15.6913	11.9957
377.2396	15.6913	11.8360
377.3920	15.6967	11.8986
377.5444	15.6297	10.9387
377.6968	15.6289	11.4318
377.8492	15.6827	11.4981
378.0016	15.6895	11.4900
378.1540	15.6801	11.4900
378.3064	15.6654	11.4213
378.4588	15.6521	11.4161
378.6112	15.6463	11.4161
378.7636	15.6723	11.4621
378.9160	15.6933	11.4487
379.0684	15.7600	11.4477
379.2208	15.7600	11.4477
379.3732	15.7600	11.4477
379.5256	15.7600	11.4213
379.6780	15.7600	11.3949
379.8304	15.7696	11.3896
379.9828	15.7813	11.3738
380.1352	15.7802	11.3738
380.2876	15.8528	11.4339
380.4400	15.8792	11.4873
380.5924	15.8776	11.4920
380.7448	15.8783	11.5368
380.8972	15.8775	11.5939
381.0496	15.8792	11.5868
381.2020	15.8792	11.6199
381.3544	15.8792	11.6450
381.5068	15.8814	12.4476
381.6592	16.0187	15.2908
381.8116	16.0411	15.7784
381.9640	16.0724	16.0194
382.1164	16.0648	15.9358
382.2688	16.0671	15.9785
382.4212	16.0640	15.9656
382.5736	16.0564	15.9114
382.7260	16.0190	15.7395
382.8784	15.6875	14.3108
383.0308	15.7161	13.5528
383.1832	15.7171	13.2264
383.3356	15.7170	13.2213
383.4880	15.7168	13.1065
383.6404	15.6990	11.6977
383.7928	15.6913	11.5847
383.9452	15.6913	11.6110
384.0976	15.6913	11.6162
384.2500	15.6913	11.6162
384.4024	15.6913	11.6162
384.5548	15.6913	11.6162
384.7072	15.6913	11.6162
384.8596	15.6913	11.5952
385.0120	15.6827	11.5953
385.1644	15.6842	11.6057
385.3168	15.6827	11.5847
385.4692	15.6793	11.5309
385.6216	15.6741	11.4794
385.7740	15.6741	11.4794
385.9264	15.6741	11.4794
386.0788	15.6741	11.4794
386.2312	15.6741	11.4794
386.3836	15.6776	11.4659
386.5360	15.6336	11.5312
386.6884	15.6029	11.8586
386.8408	15.6050	12.7516
386.9932	15.6092	12.9723
387.1456	15.4289	12.5129
387.2980	15.3522	12.3991
387.4504	15.4292	14.3641
387.6028	15.7024	15.1368
387.7552	16.0724	16.0112
387.9076	16.0724	16.0112
388.0600	16.0724	15.9805
388.2124	16.0724	15.9866
388.3648	16.0724	15.9654
388.5172	16.0692	15.9671
388.6696	16.0670	15.9439
388.8220	16.0557	15.8947
388.9744	16.0557	15.8794
389.1268	16.0390	15.8350
389.2792	16.0494	15.8594
389.4316	16.0419	15.8567
389.5840	16.0318	15.8135
389.7364	16.0223	15.7884
389.8888	16.0223	15.7884
390.0412	16.0222	15.7741
390.1936	15.7069	14.3239
390.3460	14.5768	13.1740
390.4984	14.8821	12.5147
390.6508	15.6266	12.2808
390.8032	15.6356	12.3134
390.9556	15.6698	11.7081
391.1080	15.6660	11.5300
391.2604	15.6741	11.4794
391.4128	15.6741	11.4794
391.5652	15.6741	11.4885
391.7176	15.6741	11.5005
391.8700	15.6570	11.4989
392.0224	15.6533	11.6825
392.1748	15.6586	11.6636
392.3272	15.6765	12.1494
392.4796	15.6762	12.1574
392.6320	15.6763	12.1574
392.7844	15.6808	12.1515
392.9368	15.6827	12.1554
393.0892	15.6812	12.1538
393.2416	15.6594	12.4166
393.3940	15.6797	13.7204
393.5464	16.0539	15.8836
393.6988	16.0640	15.9457
393.8512	16.0640	15.9456
394.0036	16.0640	15.9456
394.1560	15.8767	15.1200
394.3084	15.6092	12.1997
394.4608	14.8305	12.7599
394.6132	16.0729	16.0112
394.7656	16.0724	16.0112
394.9180	16.0765	16.0130
395.0704	16.0773	16.0357
395.2228	16.0798	16.0357
395.3752	16.0785	16.0357
395.5276	16.0765	16.0357
395.6800	16.0760	16.0357
395.8324	16.0774	16.0309
395.9848	16.0773	16.0309
396.1372	16.0758	16.0305
396.2896	16.0772	16.0323
396.4420	16.0761	16.0305
396.5944	16.0740	16.0308
396.7468	16.0757	16.0308
396.8992	16.0766	16.0276
397.0516	16.0754	16.0276
397.2040	16.0766	16.0357
397.3564	16.0774	16.0357
397.5088	16.0759	16.0357
397.6612	16.0770	16.0357
397.8136	16.0726	16.0362
397.9660	16.0805	16.0202
398.1184	16.0779	16.0276
398.2708	16.0764	16.0276
398.4232	16.0724	16.0241
398.5756	16.0724	16.0275
398.7280	16.0724	16.0206
398.8804	16.0678	15.9934
399.0328	15.7941	13.5258
399.1852	15.6625	15.0415
399.3376	15.6531	14.9262
399.4900	15.6537	14.9279
399.6424	15.7494	15.3532
399.7948	15.7527	15.2866
399.9472	15.7398	14.8131
400.0996	15.6576	12.8479
400.2520	15.8844	15.3675
400.4044	15.8560	14.8563
400.5568	16.0223	15.3175
400.7092	16.0223	15.3826
400.8616	16.0223	15.3977
401.0140	16.0390	15.7865
401.1664	16.0390	15.8170
401.3188	16.0510	15.8524
401.4712	16.0724	16.0275
401.6236	16.0628	15.9377
401.7760	16.0724	16.0030
401.9284	16.0699	15.9916
402.0808	16.0724	16.0030
402.2332	16.0724	16.0030
402.3856	16.0724	16.0030
402.5380	16.0724	16.0030
402.6904	16.0724	16.0030
402.8428	16.0724	16.0030
402.9952	16.0724	16.0030
403.1476	16.0723	16.0079
403.3000	16.0640	15.9538
403.4524	16.0640	15.9456
403.6048	16.0640	15.9569
403.7572	16.0640	15.9621
403.9096	16.0640	15.9645
404.0620	16.0640	15.9703
404.2144	16.0640	15.9703
404.3668	16.0640	15.9703
404.5192	16.0640	15.9538
404.6716	16.0563	15.8920
404.8240	15.9984	15.6777
404.9764	15.9653	15.6285
405.1288	15.6387	14.1492
405.2812	15.6065	13.0800
405.4336	15.6050	13.1213
405.5860	15.6136	13.0906
405.7384	15.5971	12.9374
405.8908	15.5180	12.7383
406.0432	15.3561	12.6124
406.1956	14.8638	12.5082
406.3480	14.9021	12.5998
406.5004	15.0093	12.6561
406.6528	14.3992	12.6174
406.8052	14.3829	12.8305
406.9576	15.0440	13.4128
407.1100	15.0560	13.4224
407.2624	15.4545	13.6270
407.4148	15.6742	14.8731
407.5672	16.0640	15.9293
407.7196	16.0640	15.9456
407.8720	16.0640	15.9374
408.0244	16.0640	15.9456
408.1768	16.0640	15.9456
408.3292	16.0640	15.9456
408.4816	16.0640	15.9456
408.6340	16.0640	15.9456
408.7864	16.0640	15.9374
408.9388	16.0640	15.9456
409.0912	16.0640	15.9374
409.2436	16.0640	15.9374
409.3960	16.0640	15.9374
409.5484	16.0640	15.9374
409.7008	16.0640	15.9374
409.8532	16.0640	15.9374
410.0056	16.0640	15.9374
410.1580	16.0640	15.9292
410.3104	16.0640	15.9333
410.4628	16.0596	15.8995
410.6152	16.0557	15.9041
410.7676	16.0557	15.9083
410.9200	16.0557	15.8714
411.0724	16.0557	15.8714
411.2248	16.0557	15.8714
411.3772	16.0557	15.8714
411.5296	16.0501	15.8797
411.6820	16.0474	15.8797
411.8344	16.0474	15.8796
411.9868	15.6521	14.4820
412.1392	15.5876	12.0178
412.2916	15.5876	12.0127
412.4440	15.5789	12.0127
412.5964	15.5789	12.0024
412.7488	15.5789	12.0023
412.9012	15.5527	11.9713
413.0536	14.6886	11.2879
413.2060	14.2345	11.1792
413.3584	14.0696	11.2013
413.5108	13.8967	12.0715
413.6632	14.0265	12.2808
413.8156	14.0265	12.2808
413.9680	14.6142	12.9031
414.1204	15.1611	13.5998
414.2728	16.0557	15.9292
414.4252	16.0557	15.9292
414.5776	16.0557	15.9333
414.7300	16.0557	15.9333
414.8824	16.0557	15.9292
415.0348	16.0557	15.9292
415.1872	16.0557	15.9292
415.3396	16.0557	15.9292
415.4920	16.0557	15.9292
415.6444	16.0557	15.9292
415.7968	16.0557	15.9292
415.9492	16.0557	15.9292
416.1016	16.0557	15.9292
416.2540	16.0557	15.9346
416.4064	16.0557	15.9292
416.5588	16.0557	15.9292
416.7112	16.0557	15.9044
416.8636	16.0515	15.8880
417.0160	16.0474	15.8917
417.1684	16.0390	15.8465
417.3208	15.2129	14.9388
417.4732	15.0203	12.4663
417.6256	15.1550	12.9438
417.7780	15.1640	12.9488
417.9304	15.1597	12.9488
418.0828	15.1461	12.9489
418.2352	12.5790	12.4044
418.3876	9.7152	12.8858
418.5400	10.7798	13.9134
418.6924	10.7740	13.9226
418.8448	10.6694	13.7650
418.9972	12.1274	12.9645
419.1496	12.8955	13.2066
419.3020	13.0190	12.6259
419.4544	13.7013	11.4305
419.6068	13.6996	11.4689
419.7592	13.7012	11.4617
419.9116	13.6977	11.4477
420.0640	13.6945	11.4531
420.2164	13.7046	11.4420
420.3688	13.7847	11.1549
420.5212	14.2120	10.8408
420.6736	14.4701	10.8086
420.8260	14.4701	10.8086
420.9784	14.4748	10.8086
421.1308	14.4748	10.8086
421.2832	14.4748	10.8086
421.4356	14.4701	10.8088
421.5880	13.7584	11.0507
421.7404	15.5216	14.9760
421.8928	16.0668	15.9703
422.0452	16.0640	15.9702
422.1976	16.0640	15.9293
422.3500	16.0640	15.9374
422.5024	16.0640	15.9621
422.6548	16.0640	15.9621
422.8072	16.0640	15.9621
422.9596	16.0641	15.9580
423.1120	16.0640	15.9621
423.2644	16.0640	15.9621
423.4168	16.0640	15.9620
423.5692	16.0640	15.9539
423.7216	16.0640	15.9621
423.8740	16.0598	15.9002
424.0264	16.0307	15.8007
424.1788	16.0348	15.8043
424.3312	16.0517	15.8596
424.4836	16.0640	15.9374
424.6360	16.0640	15.9374
424.7884	16.0640	15.9349
424.9408	16.0640	15.9621
425.0932	16.0640	15.9621
425.2456	16.0640	15.9621
425.3980	16.0640	15.9621
425.5504	16.0640	15.9621
425.7028	16.0640	15.9621
425.8552	16.0640	15.9621
426.0076	15.9887	15.6596
426.1600	15.9892	15.6302
426.3124	16.0557	15.8714
426.4648	16.0530	15.8714
426.6172	16.0557	15.8755
426.7696	16.0515	15.8714
426.9220	16.0400	15.8435
427.0744	11.3063	11.2087
427.2268	12.1116	11.0998
427.3792	14.3624	12.0429
427.5316	15.6694	15.4402
427.6840	15.7856	15.5782
427.8364	15.7856	15.5782
427.9888	15.7856	15.5782
428.1412	15.9853	15.7026
428.2936	16.0637	15.9455
428.4460	16.0637	15.9372
428.5984	16.0640	15.9374
428.7508	16.0640	15.9374
428.9032	16.0640	15.9374
429.0556	16.0640	15.9374
429.2080	16.0640	15.9374
429.3604	16.0640	15.9374
429.5128	16.0640	15.9374
429.6652	16.0598	15.9124
429.8176	16.0598	15.9456
429.9700	16.0557	15.9456
430.1224	16.0598	15.9452
430.2748	16.0474	15.8656
430.4272	16.0307	15.8215
430.5796	16.0140	15.7719
430.7320	16.0225	15.8016
430.8844	16.0557	15.9045
431.0368	16.0557	15.9045
431.1892	16.0557	15.9045
431.3416	16.0557	15.9045
431.4940	16.0557	15.9045
431.6464	16.0557	15.9045
431.7988	16.0557	15.9045
431.9512	16.0557	15.9045
432.1036	16.0557	15.9045
432.2560	16.0557	15.9045
432.4084	16.0557	15.9045
432.5608	16.0557	15.9045
432.7132	16.0557	15.9045
432.8656	16.0557	15.9045
433.0180	16.0515	15.9045
433.1704	16.0557	15.9045
433.3228	16.0557	15.9045
433.4752	16.0516	15.9045
433.6276	16.0557	15.9045
433.7800	16.0557	15.9045
433.9324	16.0557	15.9045
434.0848	16.0557	15.9045
434.2372	16.0557	15.9045
434.3896	16.0557	15.9045
434.5420	16.0556	15.9045
434.6944	16.0557	15.9045
434.8468	16.0557	15.9045
434.9992	16.0557	15.9085
435.1516	15.0493	15.0733
435.3040	14.1054	15.2435
435.4564	13.1257	15.2779
435.6088	12.5602	15.2865
435.7612	12.7923	15.2720
435.9136	14.8191	15.3262
436.0660	15.6410	15.5276
436.2184	15.7942	15.5612
436.3708	15.7942	15.5528
436.5232	15.8200	15.5528
436.6756	15.9432	15.6004
436.8280	16.0389	15.8297
436.9804	16.0139	15.7299
437.1328	15.7126	15.3575
437.2852	6.0978	6.3495
437.4376	6.4095	6.6489
437.5900	6.5165	6.7481
437.7424	8.7447	8.7397
437.8948	15.3235	14.6226
438.0472	16.0305	15.8072
438.1996	15.6967	15.3785
438.3520	15.2122	14.8523
438.5044	4.4801	4.3874
438.6568	4.1167	3.9388
438.8092	4.0607	3.8915
438.9616	3.9986	3.8431
