HOLE:	U1352B
EXPEDITION:	317
TOP:	125.0172
BOTTOM:	439.4184
DEPTH_WMSF	TENS	CS	ETIM	DF
m	lbf	m/h	s	lbf
125.0172	2173.0000	365.7600	3082.3081	1573.4431
125.1696	2235.0000	365.7600	3080.5530	1585.8855
125.3220	2205.0000	369.7224	3079.0486	1573.0875
125.4744	2165.0000	376.1232	3077.5430	1553.8905
125.6268	2257.0000	375.5136	3076.0969	1605.0825
125.7792	2294.0000	374.2944	3074.6335	1650.2311
125.9316	2109.0000	376.7328	3073.1594	1497.7216
126.0840	2110.0000	377.3424	3071.7219	1504.4761
126.2364	2130.0000	375.8184	3070.2676	1536.1156
126.3888	2100.0000	369.7224	3068.7954	1494.5221
126.5412	2110.0000	376.4280	3067.3225	1559.5786
126.6936	2141.0000	375.8184	3065.8335	1574.5095
126.8460	1983.0000	381.0000	3064.3621	1396.0486
126.9984	1965.0000	382.8288	3062.9236	1408.8466
127.1508	2042.0000	379.7808	3061.4685	1488.1230
127.3032	2095.0000	376.4280	3060.0134	1510.1641
127.4556	2215.0000	376.1232	3058.5581	1585.1746
127.6080	2060.0000	374.5992	3057.1184	1516.9186
127.7604	2255.0000	376.4280	3055.6641	1657.6965
127.9128	2192.0000	370.3320	3054.1924	1557.4456
128.0652	2119.0000	372.7704	3052.7200	1505.5426
128.2176	2231.0000	371.5512	3051.2644	1639.2106
128.3700	2088.0000	369.7224	3049.7766	1497.3661
128.5224	2009.0000	374.2944	3048.3040	1422.3556
128.6748	1942.0000	371.8560	3046.8320	1340.5906
128.8272	2037.0000	353.2632	3045.3611	1458.9720
128.9796	2101.0000	373.0752	3043.8391	1484.9236
129.1320	2087.0000	372.7704	3042.3669	1509.8086
129.2844	2139.0000	373.6848	3040.8945	1512.6526
129.4368	2002.0000	372.7704	3039.4221	1420.5780
129.5892	2009.0000	371.8560	3037.9504	1453.6395
129.7416	2102.0000	370.9416	3036.4790	1515.4966
129.8940	2099.0000	371.2464	3035.0081	1465.0155
130.0464	2079.0000	370.0272	3033.5186	1494.8776
130.1988	2047.0000	369.7224	3032.0295	1470.7036
130.3512	2074.0000	360.8832	3030.5745	1497.3661
130.5036	1960.0000	372.4656	3029.0530	1391.0715
130.6560	1919.0000	372.1608	3027.5811	1353.7440
130.8084	2093.0000	371.5512	3026.1260	1506.2535
130.9608	2053.0000	371.2464	3024.6216	1450.0846
131.1132	1982.0000	368.8080	3023.1499	1416.6676
131.2656	2112.0000	359.3592	3021.6765	1543.2256
131.4180	1757.0000	378.8664	3020.1531	1205.8561
131.5704	1669.0000	378.8664	3018.6975	1145.0656
131.7228	1801.0000	377.3424	3017.2771	1251.3600
131.8752	1946.0000	371.8560	3015.8210	1387.8721
132.0276	2083.0000	371.5512	3014.3479	1517.9851
132.1800	2018.0000	371.5512	3012.8750	1458.2611
132.3324	2148.0000	371.2464	3011.3865	1541.8036
132.4848	2117.0000	359.3592	3009.9141	1539.3151
132.6372	2123.0000	372.1608	3008.4084	1507.6755
132.7896	2107.0000	372.1608	3006.9370	1501.9875
132.9420	2119.0000	371.5512	3005.4661	1509.8086
133.0944	2133.0000	371.8560	3003.9939	1526.8726
133.2468	2122.0000	367.8936	3002.5210	1503.0541
133.3992	2071.0000	370.0272	3001.0149	1484.5680
133.5516	2221.0000	365.1504	2999.5601	1567.3995
133.7040	1966.0000	371.8560	2998.0371	1355.1660
133.8564	1947.0000	371.5512	2996.5476	1350.5446
134.0088	2130.0000	357.8352	2995.0759	1516.2075
134.1612	2014.0000	370.0272	2993.5381	1442.2635
134.3136	2172.0000	371.2464	2992.0664	1582.3306
134.4660	1949.0000	372.1608	2990.5945	1380.4065
134.6184	2019.0000	371.8560	2989.1045	1468.9260
134.7708	2109.0000	370.0272	2987.6331	1511.9415
134.9232	2070.0000	357.2256	2986.1626	1506.2535
135.0756	2125.0000	372.1608	2984.6416	1509.4530
135.2280	2156.0000	370.3320	2983.1531	1561.7115
135.3804	2057.0000	371.8560	2981.6794	1515.4966
135.5328	2116.0000	373.0752	2980.2065	1509.0975
135.6852	2061.0000	370.3320	2978.7356	1482.0796
135.8376	2074.0000	369.1128	2977.2629	1523.3175
135.9900	2147.0000	369.7224	2975.7729	1515.4966
136.1424	2097.0000	355.0920	2974.2830	1535.7600
136.2948	2079.0000	371.5512	2972.7615	1501.2766
136.4472	2127.0000	371.8560	2971.2896	1516.5631
136.5996	2129.0000	370.9416	2969.8010	1525.0951
136.7520	2156.0000	370.9416	2968.3301	1582.6860
136.9044	2224.0000	370.9416	2966.8589	1620.7246
137.0568	2148.0000	370.6368	2965.3706	1580.9086
137.2092	2109.0000	370.6368	2963.8816	1501.9875
137.3616	2063.0000	371.8560	2962.4099	1488.4785
137.5140	2053.0000	370.9416	2960.9385	1479.9465
137.6664	2130.0000	350.8248	2959.4575	1517.6295
137.8188	2066.0000	370.9416	2957.9094	1469.2815
137.9712	2047.0000	371.5512	2956.4375	1452.2175
138.1236	2022.0000	371.8560	2954.9656	1428.7545
138.2760	2008.0000	371.8560	2953.4761	1422.7111
138.4284	2129.0000	371.8560	2952.0039	1486.7010
138.5808	2066.0000	371.8560	2950.5486	1440.4861
138.7332	2031.0000	372.7704	2949.0591	1413.4680
138.8856	2075.0000	347.7768	2947.5869	1456.4835
139.0380	2080.0000	372.7704	2946.0496	1450.7955
139.1904	2056.0000	373.0752	2944.5786	1444.7521
139.3428	2045.0000	371.5512	2943.1060	1452.2175
139.4952	2037.0000	371.2464	2941.6499	1460.0386
139.6476	2066.0000	370.9416	2940.1626	1445.8186
139.8000	2113.0000	370.6368	2938.6741	1488.4785
139.9524	1950.0000	371.8560	2937.1846	1422.3556
140.1048	2104.0000	371.5512	2935.7280	1531.8496
140.2572	1995.0000	374.9040	2934.2395	1396.4041
140.4096	1912.0000	375.2088	2932.7690	1353.3885
140.5620	2009.0000	351.4344	2931.3311	1431.9541
140.7144	2127.0000	371.5512	2929.7920	1533.6271
140.8668	2045.0000	366.9792	2928.3035	1453.2841
141.0192	2132.0000	369.7224	2926.8306	1537.1820
141.1716	1757.0000	373.6848	2925.3416	1209.0555
141.3240	1781.0000	374.9040	2923.8706	1202.6565
141.4764	2021.0000	370.6368	2922.4165	1403.1586
141.6288	2178.0000	366.6744	2920.9451	1637.7886
141.7812	2200.0000	366.9792	2919.4385	1563.4890
141.9336	2022.0000	372.1608	2917.9656	1404.9360
142.0860	1847.0000	375.8184	2916.4780	1281.2220
142.2384	2187.0000	368.8080	2915.0239	1560.6450
142.3908	2018.0000	347.7768	2913.5354	1423.0665
142.5432	2253.0000	369.7224	2911.9956	1602.2385
142.6956	2251.0000	370.3320	2910.5066	1614.6810
142.8480	2147.0000	370.6368	2909.0349	1523.3175
143.0004	2232.0000	369.7224	2907.5471	1567.7550
143.1528	2237.0000	366.9792	2906.0591	1542.8700
143.3052	2238.0000	368.8080	2904.5696	1656.6300
143.4576	2243.0000	369.4176	2903.0979	1628.5455
143.6100	2159.0000	370.0272	2901.5930	1545.0031
143.7624	2188.0000	369.4176	2900.1040	1590.1516
143.9148	2117.0000	368.8080	2898.6311	1479.9465
144.0672	2147.0000	369.4176	2897.1416	1574.5095
144.2196	2372.0000	368.1984	2895.6689	1713.8656
144.3720	2174.0000	370.0272	2894.1794	1562.0670
144.5244	2133.0000	372.1608	2892.6904	1536.1156
144.6768	1989.0000	371.8560	2891.2195	1365.4756
144.8292	2053.0000	369.7224	2889.7310	1437.6421
144.9816	2094.0000	367.5888	2888.2585	1506.6090
145.1340	2247.0000	366.9792	2886.7871	1587.6631
145.2864	2240.0000	366.6744	2885.2820	1615.3921
145.4388	2178.0000	366.9792	2883.7771	1540.3816
145.5912	2298.0000	366.9792	2882.2886	1650.2311
145.7436	1971.0000	370.9416	2880.7991	1362.2760
145.8960	1828.0000	361.7976	2879.3274	1211.5441
146.0484	1965.0000	371.2464	2877.7886	1360.8540
146.2008	2186.0000	368.5032	2876.3340	1579.1311
146.3532	2297.0000	367.8936	2874.8455	1643.4766
146.5056	2127.0000	370.3320	2873.3550	1515.1411
146.6580	2258.0000	369.1128	2871.8650	1638.4995
146.8104	2123.0000	373.0752	2870.3760	1470.7036
146.9628	1903.0000	373.3800	2868.9036	1328.8590
147.1152	1891.0000	374.5992	2867.4314	1309.3065
147.2676	2018.0000	371.2464	2865.9609	1365.8311
147.4200	2182.0000	367.5888	2864.5066	1551.7576
147.5724	2132.0000	370.3320	2863.0166	1524.0286
147.7248	2113.0000	371.8560	2861.5271	1496.2996
147.8772	2050.0000	373.3800	2860.0544	1453.6395
148.0296	2038.0000	374.2944	2858.5664	1404.9360
148.1820	2019.0000	372.7704	2857.1125	1398.1815
148.3344	2132.0000	369.7224	2855.6570	1503.7650
148.4868	2064.0000	370.0272	2854.1675	1422.7111
148.6392	2142.0000	368.5032	2852.6775	1501.2766
148.7916	2147.0000	352.0440	2851.2061	1521.8955
148.9440	2087.0000	370.0272	2849.6504	1461.1051
149.0964	2090.0000	370.3320	2848.1609	1469.2815
149.2488	2093.7141	370.9389	2846.6753	1451.7667
149.4012	2061.2061	370.6368	2845.1829	1440.8221
149.5536	1997.3928	370.6368	2843.6907	1410.8625
149.7060	2156.0715	370.6423	2842.2300	1498.0078
149.8584	2158.1917	370.9479	2840.7361	1531.8750
150.0108	2074.6350	371.2392	2839.2437	1467.0339
150.1632	2139.9399	370.9416	2837.7681	1504.9203
150.3156	2063.8235	371.0133	2836.2922	1456.3374
150.4680	2060.4895	373.2420	2834.7993	1476.2109
150.6204	2131.5811	369.1021	2833.3240	1511.5466
150.7728	2043.3948	368.7614	2831.8472	1465.9781
150.9252	2174.3779	367.7775	2830.3535	1565.4934
151.0776	2069.0325	371.3797	2828.8611	1448.5972
151.2300	2117.1824	355.2129	2827.3833	1489.7776
151.3824	2199.4548	370.0728	2825.8418	1570.2859
151.5348	2151.0527	370.9738	2824.3347	1504.3860
151.6872	2147.3662	371.5342	2822.8735	1517.9260
151.8396	2069.6462	371.3001	2821.3816	1452.8212
151.9920	2094.6748	371.7285	2819.9043	1496.2609
152.1444	2308.3938	365.3469	2818.4260	1654.9731
152.2968	2157.1240	367.6431	2816.9314	1523.4167
152.4492	1996.5194	360.5910	2815.4277	1394.7655
152.6016	2051.9436	368.7410	2813.8958	1438.7172
152.7540	2171.1814	367.8005	2812.4026	1559.5747
152.9064	2233.7202	366.8917	2810.9102	1594.7776
153.0588	2110.2219	369.2674	2809.4167	1468.9811
153.2112	2291.0208	368.0549	2807.9226	1603.6763
153.3636	1911.9075	373.2627	2806.4304	1284.1058
153.5160	1802.3557	374.7656	2804.9568	1209.6299
153.6684	2074.2620	370.3320	2803.4944	1464.6375
153.8208	2155.0647	369.9780	2802.0176	1540.9446
153.9732	2172.7781	365.6714	2800.5239	1579.7437
154.1256	2235.1060	358.0222	2799.0281	1551.3937
154.2780	2166.6326	370.1071	2797.5190	1536.0973
154.4304	2177.8511	368.2645	2796.0269	1546.6637
154.5828	2220.4321	368.7401	2794.5352	1600.9941
154.7352	2170.4004	368.2681	2793.0417	1533.5253
154.8876	2131.8086	369.0940	2791.5488	1571.9772
155.0400	2182.5205	369.9296	2790.0583	1583.2693
155.1924	2291.8291	358.9239	2788.5793	1636.5592
155.3448	2302.6821	351.7955	2787.0735	1677.7028
155.4972	2235.2944	369.0342	2785.4927	1603.7610
155.6496	2195.7737	368.5032	2784.0020	1597.1016
155.8020	2054.2483	368.5032	2782.5234	1464.6550
155.9544	2074.6660	368.5032	2781.0325	1460.9551
156.1068	2247.7117	368.5032	2779.5518	1613.6215
156.2592	2100.7483	368.2845	2778.0415	1471.7551
156.4116	2149.3425	367.0238	2776.5364	1524.2212
156.5640	2165.5400	367.3295	2775.0549	1541.3954
156.7164	2178.0198	367.7745	2773.5474	1516.5183
156.8688	2166.8447	368.9026	2772.0537	1523.5123
157.0212	2146.7183	369.6585	2770.5562	1497.0176
157.1736	2076.0310	370.7944	2769.0725	1456.2402
157.3260	2238.4111	369.5276	2767.5908	1576.5093
157.4784	2202.1487	367.6405	2766.0869	1554.0555
157.6308	2132.5632	370.9416	2764.6077	1506.3865
157.7832	2127.4282	370.8362	2763.1177	1511.2803
157.9356	2207.0046	370.4925	2761.6421	1577.5649
158.0880	2098.4644	370.9199	2760.1636	1516.8177
158.2404	2097.8145	369.0305	2758.6707	1505.9539
158.3928	2091.6189	366.3286	2757.1799	1509.9819
158.5452	2060.2273	363.2446	2755.6904	1467.9965
158.6976	2190.2947	368.1404	2754.1538	1578.9652
158.8500	2152.8662	368.1882	2752.6494	1564.9203
159.0024	2172.7261	369.6567	2751.1694	1564.4988
159.1548	2188.0000	370.5155	2749.6768	1538.8556
159.3072	2171.8442	370.0887	2748.1875	1549.9713
159.4596	2108.0000	370.0821	2746.7078	1483.5331
159.6120	2111.7415	368.9227	2745.2151	1471.0468
159.7644	2107.2400	368.3911	2743.7263	1483.0797
159.9168	2045.7566	369.3732	2742.2437	1449.2565
160.0692	2090.9905	368.4842	2740.7385	1448.9747
160.2216	2113.1965	358.8539	2739.2498	1473.8345
160.3740	2082.6104	352.3865	2737.7505	1467.5441
160.5264	2191.8015	367.6751	2736.1875	1535.4695
160.6788	1883.6768	371.7432	2734.6851	1269.3839
160.8312	1953.4725	369.9796	2733.2090	1326.7876
160.9836	2075.8289	368.7367	2731.7288	1456.5587
161.1360	2084.8162	368.2865	2730.2385	1478.3231
161.2884	2269.1096	367.4426	2728.7544	1639.8551
161.4408	2330.4651	367.2013	2727.2444	1694.3932
161.5932	2222.5237	368.7181	2725.7424	1598.3217
161.7456	2179.5017	369.7294	2724.2656	1576.3571
161.8980	2306.0232	365.9941	2722.7771	1670.0952
162.0504	2192.5818	368.5808	2721.2639	1560.4125
162.2028	2152.6409	368.9650	2719.7844	1521.8148
162.3552	2119.6047	369.3382	2718.2876	1481.0247
162.5076	2131.7407	369.2733	2716.7861	1489.9957
162.6600	2146.5977	369.8036	2715.3049	1495.2330
162.8124	2141.3140	370.3552	2713.8120	1492.6505
162.9648	2097.5847	371.2464	2712.3213	1475.0902
163.1172	2050.1748	371.6655	2710.8408	1446.9828
163.2696	2069.9595	370.9912	2709.3665	1476.7870
163.4220	2093.5667	367.2260	2707.8740	1518.3778
163.5744	2083.2239	368.5524	2706.3857	1487.8372
163.7268	2230.5530	366.4570	2704.8984	1618.4164
163.8792	2123.2625	367.5571	2703.3882	1550.6833
164.0316	2069.5676	369.9007	2701.8889	1463.7048
164.1840	1986.6383	369.8817	2700.4087	1403.3140
164.3364	2079.6719	369.4449	2698.9182	1477.1022
164.4888	2152.9858	369.9309	2697.4336	1517.2963
164.6412	2276.7810	364.0634	2695.9463	1636.7208
164.7936	2185.1755	360.4066	2694.4282	1548.0063
164.9460	2046.7677	370.9936	2692.8826	1401.4640
165.0984	2109.4443	370.9392	2691.4006	1470.7135
165.2508	2234.7625	368.3592	2689.9084	1622.8539
165.4032	2122.0068	369.9300	2688.4214	1508.1692
165.5556	2135.1985	369.4280	2686.9387	1478.0569
165.7080	2089.0146	368.7090	2685.4385	1455.5391
165.8604	2124.6179	368.6031	2683.9397	1505.5353
166.0128	2136.9473	368.4050	2682.4597	1517.5367
166.1652	2224.3306	367.2838	2680.9683	1574.6311
166.3176	2212.6636	367.1872	2679.4746	1587.4305
166.4700	2271.3936	366.9570	2677.9800	1628.4310
166.6224	2308.2622	366.9407	2676.4807	1668.9161
166.7748	2109.3694	371.6564	2674.9832	1532.9790
166.9272	2093.1511	369.8399	2673.5020	1472.3325
167.0796	2192.3286	366.4928	2672.0093	1561.5482
167.2320	2210.6995	366.7444	2670.5220	1578.1112
167.3844	2289.4731	366.5216	2669.0332	1624.6681
167.5368	2143.3167	367.3451	2667.5234	1518.2808
167.6892	2186.2224	366.9223	2666.0208	1556.4321
167.8416	2232.7959	367.1136	2664.5276	1593.0339
167.9940	2212.6213	366.2093	2663.0283	1569.5425
168.1464	2185.6941	366.8660	2661.5217	1551.3491
168.2988	2229.6663	367.3593	2660.0200	1599.3370
168.4512	2201.5537	368.5032	2658.5210	1568.4956
168.6036	2226.0781	368.8510	2657.0278	1577.7062
168.7560	2164.7949	369.7680	2655.5359	1547.4918
168.9084	2131.4243	370.3320	2654.0500	1528.8324
169.0608	2119.6006	370.6877	2652.5667	1506.4596
169.2132	2121.6489	370.8879	2651.0801	1499.4628
169.3656	2066.4412	371.5357	2649.5974	1445.4655
169.5180	1875.3771	373.0161	2648.1047	1278.3912
169.6704	1904.8424	372.3434	2646.6252	1314.3192
169.8228	1971.2924	371.6687	2645.1587	1379.5280
169.9752	2073.8921	369.9501	2643.6826	1459.6840
170.1276	2154.8191	368.8777	2642.1997	1498.0770
170.2800	2165.8999	370.1720	2640.7065	1489.5719
170.4324	2086.9497	372.0061	2639.2126	1421.0459
170.5848	2009.1058	373.2027	2637.7329	1375.1044
170.7372	2121.3225	371.7113	2636.2600	1475.2410
170.8896	2224.4656	366.9617	2634.7754	1563.3866
171.0420	2240.4675	358.9400	2633.2915	1561.4814
171.1944	2168.7097	358.4213	2631.7690	1532.4077
171.3468	2223.2869	365.9328	2630.2312	1582.2300
171.4992	2262.1255	366.6901	2628.7297	1603.8851
171.6516	2188.0459	368.5622	2627.2295	1546.2003
171.8040	2132.0107	369.5522	2625.7266	1519.4132
171.9564	2081.3259	369.5869	2624.2410	1468.2494
172.1088	2066.3508	369.2812	2622.7581	1455.2537
172.2612	2118.7361	368.8381	2621.2649	1495.1235
172.4136	2146.3833	369.3326	2619.7786	1525.0371
172.5660	2148.3193	370.3320	2618.2864	1526.4061
172.7184	2106.5205	370.7519	2616.7917	1488.6201
172.8708	2105.1553	369.9788	2615.3157	1494.9469
173.0232	2192.1614	367.6527	2613.8318	1572.1520
173.1756	2174.5789	366.9597	2612.3376	1568.2792
173.3280	2112.6860	367.8582	2610.8442	1516.3708
173.4804	2116.1235	367.2031	2609.3523	1487.4172
173.6328	2160.6746	366.9225	2607.8447	1513.6698
173.7852	2190.5444	368.3446	2606.3423	1548.6879
173.9376	2226.5830	368.0619	2604.8491	1572.5715
174.0900	2221.0332	368.7729	2603.3472	1568.3770
174.2424	2198.5806	364.3692	2601.8630	1552.6157
174.3948	2209.7439	362.7889	2600.3625	1562.6675
174.5472	2223.0232	366.3802	2598.8445	1578.6122
174.6996	2195.6460	366.2128	2597.3384	1547.1323
174.8520	2103.4800	361.1862	2595.8445	1463.2220
175.0044	2137.6326	360.7645	2594.3389	1490.2277
175.1568	2231.4331	365.7563	2592.8208	1579.9674
175.3092	2213.7844	366.0758	2591.3105	1561.2004
175.4616	2172.8303	367.7663	2589.8003	1509.9850
175.6140	2136.2500	365.1997	2588.3074	1470.2015
175.7664	2188.0442	364.1642	2586.7971	1529.8217
175.9188	2244.5205	358.5945	2585.2808	1593.2288
176.0712	2210.9695	360.5303	2583.7488	1553.8561
176.2236	2141.0381	368.9685	2582.2246	1495.7463
176.3760	2152.0686	370.5654	2580.7354	1504.2533
176.5284	2201.5166	369.9091	2579.2429	1544.7225
176.6808	2149.0583	369.0140	2577.7593	1508.0625
176.8332	2142.7437	368.2461	2576.2739	1512.3820
176.9856	2177.1299	367.6389	2574.7759	1553.2504
177.1380	2208.3621	365.2136	2573.2825	1581.1659
177.2904	1892.2976	371.3817	2571.7737	1286.8284
177.4428	1728.5951	375.7130	2570.3018	1170.6322
177.5952	2043.4559	369.8421	2568.8484	1471.9401
177.7476	2105.2974	368.6731	2567.3540	1524.0374
177.9000	2176.3442	368.4946	2565.8584	1522.2751
178.0524	2057.0181	371.5634	2564.3728	1404.5740
178.2048	1888.1451	373.6996	2562.8916	1277.2828
178.3572	2054.6279	359.2836	2561.4260	1410.3212
178.5096	2136.6370	359.0769	2559.9207	1486.0815
178.6620	2135.9260	366.4997	2558.3970	1513.5918
178.8144	2188.1467	367.4233	2556.8857	1547.8707
178.9668	2109.7485	369.0811	2555.3740	1458.1501
179.1192	2007.2240	370.6095	2553.8733	1387.2883
179.2716	2022.5184	369.6415	2552.3901	1378.7013
179.4240	2132.2324	368.1449	2550.9148	1477.7390
179.5764	2097.4844	368.2537	2549.4192	1461.1493
179.7288	2070.5901	369.4080	2547.9285	1435.4834
179.8812	2205.5896	368.3905	2546.4417	1544.0332
180.0336	2133.3074	369.6597	2544.9385	1472.2914
180.1860	1997.4342	372.5321	2543.4487	1352.3889
180.3384	1914.4886	374.6717	2541.9634	1301.7327
180.4908	2033.9398	371.2492	2540.4922	1399.6968
180.6432	2058.5994	368.1306	2539.0132	1451.1475
180.7956	2059.7485	368.2680	2537.5300	1457.1808
180.9480	2245.2825	366.6222	2536.0320	1592.5482
181.1004	2109.7244	357.1397	2534.5215	1467.7748
181.2528	1858.9720	367.4255	2533.0015	1240.5383
181.4052	1965.0856	371.3923	2531.5171	1366.0618
181.5576	2056.6826	368.5817	2530.0366	1465.0220
181.7100	2140.3408	368.6154	2528.5425	1511.1895
181.8624	2255.2009	367.7294	2527.0496	1595.4434
182.0148	2161.5642	368.4501	2525.5669	1507.3788
182.1672	2180.8855	366.5745	2524.0793	1548.9855
182.3196	2153.8694	366.5230	2522.5759	1528.4113
182.4720	2172.0400	366.1021	2521.0771	1558.2716
182.6244	2087.1914	367.8298	2519.5735	1435.0648
182.7768	1959.7391	369.7091	2518.0740	1339.3231
182.9292	2115.3389	367.4312	2516.5916	1456.9578
183.0816	2074.8252	367.8701	2515.0935	1474.9741
183.2340	2241.2371	367.1965	2513.6069	1644.0378
183.3864	2336.1194	365.9649	2512.1077	1667.0282
183.5388	2199.3210	367.7922	2510.5967	1534.4471
183.6912	2125.2754	368.8080	2509.0979	1490.2690
183.8436	2117.6548	368.3979	2507.6052	1489.0476
183.9960	2144.0188	369.4337	2506.1125	1519.2245
184.1484	2213.3113	369.8204	2504.6196	1573.8929
184.3008	2186.8459	355.3904	2503.1267	1543.7036
184.4532	2142.1550	361.4144	2501.5984	1511.8280
184.6056	2190.7322	366.4460	2500.0891	1564.8489
184.7580	2096.8999	369.0101	2498.5852	1475.2900
184.9104	1952.1984	370.5433	2497.0994	1335.9458
185.0628	2062.3411	369.5760	2495.6228	1405.8441
185.2152	2163.6472	368.8997	2494.1458	1527.3318
185.3676	2235.8521	368.1662	2492.6467	1571.9484
185.5200	2151.4670	367.6788	2491.1375	1503.6941
185.6724	2203.6726	367.1573	2489.6389	1566.6884
185.8248	2260.3464	365.2462	2488.1562	1608.9753
185.9772	2259.1511	365.8457	2486.6440	1600.5223
186.1296	2147.0906	366.5880	2485.1360	1512.4933
186.2820	2153.6421	366.4551	2483.6472	1492.0238
186.4344	2232.2253	365.9293	2482.1440	1557.3501
186.5868	2191.1785	366.6442	2480.6335	1551.6766
186.7392	2161.9026	366.5353	2479.1489	1539.4427
186.8916	2190.7051	351.2171	2477.6487	1544.9373
187.0440	2094.0898	361.9768	2476.1018	1469.3680
187.1964	2127.9651	368.7922	2474.5906	1502.5077
187.3488	2179.8943	367.9853	2473.0977	1545.6880
187.5012	2117.6892	369.4001	2471.5918	1467.8842
187.6536	2047.5088	369.3453	2470.1072	1419.7948
187.8060	2064.1929	368.4282	2468.6182	1436.6233
187.9584	2232.0752	367.0530	2467.1248	1583.8636
188.1108	2196.4788	367.1343	2465.6316	1555.1335
188.2632	2139.2158	367.7458	2464.1379	1507.0859
188.4156	2085.1414	368.3571	2462.6453	1448.4137
188.5680	2092.3726	369.2012	2461.1523	1441.2643
188.7204	2153.4031	368.0163	2459.6592	1485.4457
188.8728	2013.8822	369.6985	2458.1660	1382.1561
189.0252	2146.8860	370.0967	2456.6855	1486.2224
189.1776	2189.1504	370.4996	2455.1836	1518.9630
189.3300	2155.6663	370.8739	2453.6868	1474.8110
189.4824	1973.6670	370.9416	2452.2063	1346.5820
189.6348	2041.0012	369.7471	2450.7302	1397.7981
189.7872	2100.5320	367.2597	2449.2419	1465.9564
189.9396	2095.3662	366.4337	2447.7493	1470.0284
190.0920	2124.4946	367.0943	2446.2546	1456.0260
190.2444	2156.8638	367.5265	2444.7476	1486.5802
190.3968	2139.8477	367.3455	2443.2507	1495.2330
190.5492	2164.4487	366.7955	2441.7449	1503.4939
190.7016	2261.2659	365.4488	2440.2490	1617.3264
190.8540	2320.9294	364.4125	2438.7563	1647.4120
191.0064	2281.3950	365.9644	2437.2490	1615.8438
191.1588	2239.1047	366.8652	2435.7390	1584.0033
191.3112	2243.4219	367.2279	2434.2434	1610.6138
191.4636	2258.2825	367.2840	2432.7507	1612.3497
191.6160	2258.5347	366.5326	2431.2439	1596.5192
191.7684	2187.0859	366.1183	2429.7490	1569.6068
191.9208	2294.4812	365.8126	2428.2542	1659.5833
192.0732	2121.5093	367.2788	2426.7463	1485.4064
192.2256	2075.9995	368.3509	2425.2493	1443.7446
192.3780	2145.2588	357.2859	2423.7551	1497.4468
192.5304	2225.3079	365.0694	2422.2480	1594.2645
192.6828	2259.0564	365.6956	2420.7095	1581.1278
192.8352	2126.0857	369.5768	2419.2212	1496.2571
192.9876	2307.9309	368.0056	2417.7305	1651.7653
193.1400	2098.2131	369.1451	2416.2239	1471.9701
193.2924	2156.6023	366.8152	2414.7424	1506.7856
193.4448	2126.8760	367.6754	2413.2366	1505.9541
193.5972	2273.7661	364.4867	2411.7415	1616.8604
193.7496	2353.3462	363.6683	2410.2344	1653.7001
193.9020	2307.4648	364.1541	2408.7244	1608.0082
194.0544	2252.9663	366.0892	2407.2134	1577.3031
194.2068	2361.8926	361.5889	2405.7036	1662.7034
194.3592	2274.9497	355.2865	2404.1938	1583.1969
194.5116	2322.2881	364.6436	2402.6406	1608.5610
194.6640	2286.1145	364.7235	2401.1245	1567.9769
194.8164	2269.4026	365.8867	2399.6282	1573.9554
194.9688	2368.1318	366.0648	2398.1350	1645.8247
195.1212	2312.5435	366.0648	2396.6279	1609.3406
195.2736	2250.4832	366.3367	2395.1323	1602.3922
195.4260	2199.2566	369.6427	2393.6082	1598.4210
195.5784	1907.6079	372.2163	2392.1265	1300.8336
195.7308	1783.1395	375.7596	2390.6355	1186.9619
195.8832	1969.0801	368.6870	2389.1736	1360.9058
196.0356	2115.0994	365.9595	2387.6846	1505.4460
196.1880	2195.2903	366.0371	2386.2073	1586.2266
196.3404	2145.4297	368.0115	2384.6992	1526.5004
196.4928	2270.8955	368.7564	2383.1968	1615.7880
196.6452	2013.0597	372.4461	2381.6946	1372.3220
196.7976	2024.0044	370.5242	2380.2153	1398.9550
196.9500	2158.2207	366.6704	2378.7395	1500.0701
197.1024	2208.8567	364.9570	2377.2483	1556.4695
197.2548	2239.8972	364.5622	2375.7383	1599.2981
197.4072	2192.5603	365.1094	2374.2432	1573.3877
197.5596	2236.7175	345.1877	2372.7344	1573.6384
197.7120	2274.7332	352.3982	2371.1621	1586.4800
197.8644	2056.6514	354.6805	2369.6169	1411.2236
198.0168	1942.8752	370.0462	2368.0737	1304.2771
198.1692	2163.4475	366.6097	2366.5791	1509.1597
198.3216	2097.1172	366.9489	2365.0786	1479.9473
198.4740	2193.0974	368.4320	2363.5930	1539.8324
198.6264	2260.1477	365.5890	2362.0833	1552.3873
198.7788	2172.8420	368.6710	2360.6047	1512.5895
198.9312	2151.6814	367.9282	2359.0964	1503.6921
199.0836	2184.7734	367.8936	2357.6033	1506.4969
199.2360	2199.5515	366.1234	2356.1091	1539.9879
199.3884	2198.0583	364.5852	2354.5989	1527.6317
199.5408	2077.2622	369.2893	2353.0891	1492.9595
199.6932	1886.4731	372.3946	2351.6121	1268.0782
199.8456	2019.1462	370.0769	2350.1365	1369.6499
199.9980	2159.5398	367.3322	2348.6455	1537.4205
200.1504	2148.2039	365.1815	2347.1675	1528.8208
200.3028	2213.2378	368.7658	2345.6572	1541.3002
200.4552	2251.6719	367.9015	2344.1655	1578.4531
200.6076	2068.0000	369.1128	2342.6475	1438.3530
200.7600	2103.0000	365.7600	2341.1580	1514.7855
200.9124	2008.0000	368.5032	2339.6689	1432.6650
201.0648	2264.0000	364.2360	2338.1970	1640.6326
201.2172	2080.6094	365.7600	2336.6565	1457.5713
201.3696	2129.5105	365.7600	2335.1580	1516.0162
201.5220	2103.4092	365.7747	2333.6599	1468.0643
201.6744	2123.9585	366.2867	2332.1450	1508.5171
201.8268	2247.4465	363.7811	2330.6299	1611.5635
201.9792	2151.6072	367.8936	2329.1147	1508.8483
202.1316	2124.1575	367.8494	2327.6172	1489.3251
202.2840	2206.0000	367.0288	2326.1221	1533.7317
202.4364	2204.9158	367.8018	2324.6250	1528.7186
202.5888	2176.5830	366.6933	2323.1265	1506.0714
202.7412	2008.9751	371.5555	2321.6118	1326.5211
202.8936	1939.5579	374.6048	2320.1311	1322.5249
203.0460	2169.7737	364.1885	2318.6499	1559.5453
203.1984	2080.1101	366.5381	2317.1550	1430.7568
203.3508	2370.2883	362.7495	2315.6646	1660.8326
203.5032	2052.3210	367.0906	2314.0886	1374.3102
203.6556	1960.8571	352.1102	2312.5713	1305.2314
203.8080	2070.5000	354.3640	2311.0378	1445.2565
203.9604	2219.9641	368.1764	2309.4961	1540.5187
204.1128	2174.5110	371.4236	2308.0007	1526.2520
204.2652	2291.9895	364.1147	2306.5129	1648.0287
204.4176	2118.3665	364.0821	2304.9878	1478.5951
204.5700	2020.7891	368.8521	2303.5010	1381.8800
204.7224	2040.9863	368.8831	2301.9890	1378.7557
204.8748	1987.8462	367.3023	2300.4946	1378.5326
205.0272	2121.7913	365.8096	2299.0112	1477.2601
205.1796	2113.5696	366.0648	2297.5107	1466.5704
205.3320	2212.5190	365.6917	2295.9958	1531.7230
205.4844	2217.0830	364.8130	2294.4822	1566.4055
205.6368	2117.1716	367.9538	2292.9705	1464.6270
205.7892	2302.8018	364.2360	2291.4700	1625.7717
205.9416	2340.2449	364.5996	2289.9553	1655.4127
206.0940	2301.2109	366.1273	2288.4399	1612.0557
206.2464	2257.7070	366.4339	2286.9255	1597.8265
206.3988	2178.7207	367.2693	2285.4160	1515.3104
206.5512	2090.6174	368.9418	2283.9189	1436.8685
206.7036	2126.8047	367.6331	2282.4170	1463.4010
206.8560	2042.4700	369.0229	2280.9094	1367.0007
207.0084	2031.7032	369.5754	2279.4241	1374.4081
207.1608	2006.5894	369.1128	2277.9272	1381.2594
207.3132	2062.6768	368.4186	2276.4338	1397.7445
207.4656	2103.4084	366.6066	2274.9436	1477.4877
207.6180	2109.2605	368.0923	2273.4331	1445.3998
207.7704	2148.4404	370.4973	2271.9353	1432.3574
207.9228	2076.8308	371.9555	2270.4424	1385.7347
208.0752	1954.2897	372.4409	2268.9631	1313.6738
208.2276	2119.2070	366.5383	2267.4766	1455.9041
208.3800	2064.7756	365.4552	2265.9763	1405.3253
208.5324	2206.8494	364.6285	2264.4792	1512.5601
208.6848	2196.3181	364.7732	2262.9644	1496.1321
208.8372	1981.5762	369.6086	2261.4556	1302.3959
208.9896	1954.0118	369.7351	2259.9573	1283.4164
209.1420	2012.0354	369.4104	2258.4644	1347.5511
209.2944	2167.0830	367.1987	2256.9773	1483.9114
209.4468	2291.3508	363.1387	2255.4675	1621.6449
209.5992	2154.5779	366.4743	2253.9473	1523.3284
209.7516	2121.7603	368.3786	2252.4438	1458.4352
209.9040	1945.1328	372.5266	2250.9348	1304.8506
210.0564	1942.2760	372.0901	2249.4500	1314.1368
210.2088	2070.4009	370.5510	2247.9814	1438.6908
210.3612	2182.9868	369.9305	2246.5012	1543.5447
210.5136	2249.6558	364.3009	2244.9951	1568.3068
210.6660	2000.2715	367.4233	2243.4724	1375.6479
210.8184	2077.0574	367.0326	2241.9788	1450.5647
210.9708	2186.0591	366.8614	2240.4717	1541.2561
211.1232	2155.3596	367.8522	2238.9744	1521.9810
211.2756	2196.1626	368.0695	2237.4705	1547.1233
211.4280	2329.0676	364.3114	2235.9563	1642.1626
211.5804	2172.7393	366.9028	2234.4478	1518.9006
211.7328	2006.7294	370.6352	2232.9417	1354.1132
211.8852	1870.8142	372.2527	2231.4417	1224.8723
212.0376	1940.7329	371.1615	2229.9690	1296.7561
212.1900	2177.6101	366.5308	2228.4910	1494.5299
212.3424	2280.7371	364.0104	2226.9783	1578.7316
212.4948	2265.8838	363.3100	2225.4622	1542.1476
212.6472	2155.2126	365.7355	2223.9485	1433.1406
212.7996	1968.3502	369.7772	2222.4326	1290.5222
212.9520	1944.8185	370.4040	2220.9431	1284.9669
213.1044	2030.2623	382.0064	2219.4624	1399.1912
213.2568	2157.3931	378.8949	2217.9653	1545.2786
213.4092	2228.7114	365.1433	2216.4592	1562.3519
213.5616	2262.4895	365.4551	2214.9524	1552.2859
213.7140	2130.3237	367.1557	2213.4456	1450.1155
213.8664	1939.2209	371.7668	2211.9482	1287.1626
214.0188	1957.8650	371.7671	2210.4602	1301.9886
214.1712	2050.5640	369.0981	2208.9714	1412.2025
214.3236	2146.9924	367.5150	2207.4739	1512.7548
214.4760	2194.4177	365.7158	2205.9766	1536.1338
214.6284	2150.1196	366.6379	2204.4614	1499.2638
214.7808	2065.3928	368.7293	2202.9475	1427.8538
214.9332	1875.9250	371.6143	2201.4497	1261.9316
215.0856	1937.8322	371.3303	2199.9717	1307.3927
215.2380	2077.0276	369.3771	2198.4851	1425.0153
215.3904	2152.8284	369.4618	2196.9983	1509.0200
215.5428	2259.8423	365.8438	2195.5105	1588.4260
215.6952	2088.6543	366.2237	2193.9924	1441.8726
215.8476	1958.2599	368.5032	2192.4902	1327.7422
216.0000	2051.1541	366.8666	2190.9995	1396.5217
216.1524	2071.4629	368.5148	2189.5024	1410.4932
216.3048	2247.7891	365.1381	2188.0049	1544.4795
216.4572	2209.6658	364.7950	2186.4858	1510.7660
216.6096	2242.5388	365.1610	2184.9856	1550.0051
216.7620	2265.8357	364.8091	2183.4739	1572.6334
216.9144	2228.1018	364.7647	2181.9534	1550.6698
217.0668	2187.4028	365.5141	2180.4500	1512.4310
217.2192	2260.4219	365.6718	2178.9417	1573.2614
217.3716	2228.3979	367.2404	2177.4280	1555.1271
217.5240	2119.9478	368.7990	2175.9133	1448.6699
217.6764	2124.1172	368.7087	2174.4202	1442.2023
217.8288	2097.5205	368.7071	2172.9275	1416.7723
217.9812	2038.5593	368.6023	2171.4297	1364.4973
218.1336	2031.8944	367.6730	2169.9326	1386.3999
218.2860	2057.6084	369.1684	2168.4351	1406.8000
218.4384	2168.1765	366.4364	2166.9370	1522.4456
218.5908	2200.4192	366.5499	2165.4392	1528.8599
218.7432	2122.3875	367.9286	2163.9294	1468.7070
218.8956	2107.6423	367.9817	2162.4146	1467.4309
219.0480	2133.3599	368.9864	2160.9241	1474.9227
219.2004	2266.8206	366.5524	2159.4309	1587.1481
219.3528	2106.4841	367.4552	2157.9333	1456.0532
219.5052	2047.3767	367.3022	2156.4358	1425.3982
219.6576	2207.4153	363.8166	2154.9248	1560.4209
219.8100	2162.3723	364.0784	2153.4219	1518.8372
219.9624	2286.4185	364.5408	2151.9116	1558.5354
220.1148	2217.2888	364.7722	2150.3853	1537.7258
220.2672	2163.6958	364.8456	2148.8804	1501.7219
220.4196	2151.2876	364.3755	2147.3694	1529.6974
220.5720	2303.6821	363.7622	2145.8545	1621.5431
220.7244	2082.4478	369.3567	2144.3401	1415.1548
220.8768	1844.8082	374.7913	2142.8389	1203.1599
221.0292	2034.0306	368.5459	2141.3552	1406.7067
221.1816	2147.6919	367.4072	2139.8616	1504.8923
221.3340	2391.1128	364.3895	2138.3779	1700.5791
221.4864	2330.4917	364.6182	2136.8689	1660.9990
221.6388	2308.9170	364.5958	2135.3669	1620.7231
221.7912	2280.2834	364.2892	2133.8550	1599.3763
221.9436	2236.5837	364.4894	2132.3267	1564.8029
222.0960	2285.1145	364.2855	2130.8096	1608.2350
222.2484	2356.7373	364.4931	2129.3096	1649.6689
222.4008	2348.4592	362.9871	2127.7979	1668.8530
222.5532	2276.5540	366.1021	2126.2825	1558.6675
222.7056	2220.1965	367.4622	2124.7676	1563.5619
222.8580	2233.8232	367.5888	2123.2698	1557.2209
223.0104	2208.1682	365.4584	2121.7590	1520.2600
223.1628	2100.1914	366.4911	2120.2595	1444.7733
223.3152	2285.3201	362.3542	2118.7610	1586.6328
223.4676	2149.5967	366.4182	2117.2344	1452.0820
223.6200	1994.4376	369.9892	2115.7329	1325.5016
223.7724	2122.7053	366.7508	2114.2356	1405.7524
223.9248	2181.6724	365.2603	2112.7383	1506.4902
224.0772	2107.2332	366.5462	2111.2241	1445.1667
224.2296	2061.2825	366.3934	2109.7087	1439.6917
224.3820	2060.7837	368.3493	2108.2246	1416.6849
224.5344	2211.3618	367.0799	2106.7124	1519.8052
224.6868	2081.9448	369.5577	2105.1982	1421.9681
224.8392	1973.6694	370.5874	2103.6997	1340.2495
224.9916	1987.9911	370.9269	2102.2190	1337.6611
225.1440	2073.3037	368.0216	2100.7393	1395.3026
225.2964	2068.3237	368.4813	2099.2419	1414.2764
225.4488	2282.3887	362.5896	2097.7600	1579.3906
225.6012	1992.2571	369.8453	2096.2310	1347.4534
225.7536	2004.6434	370.3266	2094.7336	1357.7184
225.9060	1995.1189	371.5367	2093.2366	1327.4491
226.0584	2159.0000	366.3696	2091.7476	1511.5861
226.2108	2128.0000	365.1504	2090.2581	1458.9720
226.3632	2345.0000	366.3696	2088.7520	1626.4126
226.5156	2125.0000	369.1128	2087.2644	1459.3275
226.6680	2109.0000	368.8080	2085.7781	1467.8595
226.8204	2106.0000	367.2840	2084.2881	1455.4170
226.9728	2173.0000	366.0648	2082.7981	1479.5911
227.1252	2099.0000	366.0648	2081.2925	1433.0205
227.2776	2097.0000	366.0648	2079.7876	1437.2865
227.4300	2153.0000	366.0648	2078.3159	1470.3480
227.5824	2096.0000	366.3696	2076.7930	1417.3785
227.7348	2122.0000	367.2840	2075.3210	1445.4630
227.8872	2232.0000	365.1504	2073.8164	1538.9596
228.0396	2189.0000	366.0648	2072.3110	1514.7855
228.1920	2187.0000	366.9792	2070.8054	1495.2330
228.3444	1943.0000	371.5512	2069.3169	1263.4470
228.4968	2023.0000	367.8936	2067.8291	1379.3401
228.6492	2180.0000	366.6744	2066.3579	1515.4966
228.8016	2200.0000	366.6744	2064.8611	1533.6271
228.9540	2267.0000	366.9792	2063.3806	1589.4406
229.1064	2090.0000	369.4176	2061.8745	1387.5166
229.2588	1831.0000	371.2464	2060.3701	1226.8306
229.4112	2092.0000	366.0648	2058.9160	1453.9950
229.5636	2174.0000	364.8456	2057.4104	1554.9570
229.7160	2218.0000	366.0648	2055.9214	1535.0491
229.8684	2385.0000	364.2360	2054.4155	1654.8525
230.0208	2172.0000	368.1984	2052.8926	1473.9031
230.1732	2189.0000	366.9792	2051.4204	1526.5171
230.3256	2242.0000	366.3696	2049.9165	1553.5350
230.4780	2279.0000	365.4552	2048.4290	1588.3740
230.6304	2267.0000	365.1504	2046.9310	1595.8396
230.7828	2215.0000	365.1504	2045.4351	1529.7166
230.9352	2187.0000	365.1504	2043.9310	1525.0951
231.0876	2281.0000	363.0168	2042.4265	1581.9751
231.2400	2070.0000	367.8936	2040.9205	1370.0970
231.3924	1899.0000	371.5512	2039.4155	1246.3831
231.5448	2141.0000	365.7600	2037.9445	1462.1715
231.6972	2311.0000	363.0168	2036.4395	1599.7500
231.8496	2133.0000	365.7600	2034.9500	1471.4146
232.0020	2385.0000	363.3216	2033.4440	1637.0775
232.1544	2163.0000	366.9792	2031.9385	1515.4966
232.3068	2200.0000	366.9792	2030.4330	1483.5016
232.4592	1997.0000	370.9416	2028.9270	1306.4625
232.6116	1953.0000	370.9416	2027.4550	1301.4856
232.7640	2103.0000	370.6368	2025.9835	1412.4015
232.9164	2268.0000	365.1504	2024.4950	1550.6910
233.0688	2154.0000	366.3696	2023.0050	1485.6345
233.2212	2274.0000	365.1504	2021.5160	1573.7986
233.3736	2264.0000	365.4552	2019.9940	1556.0236
233.5260	2053.0000	368.1984	2018.5055	1365.4756
233.6784	1929.0000	370.9416	2016.9995	1303.9740
233.8308	2103.0000	368.5032	2015.5280	1418.4451
233.9832	2162.0000	368.5032	2014.0405	1502.3430
234.1356	2189.0000	368.1984	2012.5520	1515.1411
234.2880	2090.0000	367.5888	2011.0630	1438.7085
234.4404	2083.0000	366.3696	2009.5905	1411.6906
234.5928	2089.0000	366.6744	2008.0850	1434.4425
234.7452	2110.0000	366.6744	2006.5804	1439.0641
234.8976	2106.0000	367.5888	2005.0760	1410.9795
235.0500	2077.2126	367.2905	2003.5725	1394.8004
235.2024	2086.1958	367.5888	2002.0365	1402.8031
235.3548	2070.0918	367.5695	2000.5161	1403.9524
235.5072	2098.3823	367.2840	1998.9968	1418.2319
235.6596	2078.7566	367.3483	1997.4751	1394.9769
235.8120	2154.0125	367.8936	1995.9396	1448.6486
235.9644	2148.1660	368.2083	1994.4165	1452.9308
236.1168	2068.9429	370.1299	1992.8826	1374.8495
236.2692	2054.0515	370.2900	1991.3690	1365.1077
236.4216	2094.8921	368.8080	1989.8761	1408.8256
236.5740	2094.8796	368.3135	1988.3561	1411.5667
236.7264	2127.3203	366.5203	1986.8362	1446.8392
236.8788	2144.0828	365.8978	1985.3164	1464.2981
237.0312	2166.4285	365.7249	1983.7920	1494.7710
237.1836	2151.7390	367.6217	1982.2543	1448.8176
237.3360	1937.2130	371.3594	1980.7218	1258.0504
237.4884	1956.9117	370.7604	1979.2080	1316.1520
237.6408	2136.0000	366.7581	1977.6992	1470.7562
237.7932	2200.0261	366.3080	1976.1788	1516.5156
237.9456	2208.8154	365.7285	1974.6508	1504.6329
238.0980	2027.5286	369.1420	1973.1281	1343.7186
238.2504	2053.3264	367.0837	1971.6178	1420.3455
238.4028	2099.8618	366.1266	1970.0905	1461.0078
238.5552	2190.3042	365.5696	1968.5697	1509.5219
238.7076	2333.9387	362.7443	1967.0304	1639.6198
238.8600	2277.7605	364.4901	1965.4775	1580.1110
239.0124	2235.0596	364.4153	1963.9512	1576.0338
239.1648	2248.4070	365.0642	1962.4211	1572.6917
239.3172	2265.8323	365.3201	1960.8728	1575.4036
239.4696	2178.5608	366.3860	1959.3397	1507.3962
239.6220	2140.0547	367.2840	1957.8091	1469.5078
239.7744	2183.3882	366.4624	1956.2841	1512.5723
239.9268	2194.0515	366.7002	1954.7639	1529.1925
240.0792	2276.9087	366.3246	1953.2317	1581.8416
240.2316	2196.0215	367.6373	1951.6943	1479.5389
240.3840	1915.4641	372.3572	1950.1831	1267.8938
240.5364	2051.6899	366.3234	1948.6805	1445.3763
240.6888	2143.2087	366.1873	1947.1508	1486.1252
240.8412	2363.6914	362.6696	1945.6272	1653.6493
240.9936	2207.0151	365.6484	1944.0795	1507.3234
241.1460	2177.6340	366.3696	1942.5397	1534.2249
241.2984	2353.2251	367.1783	1941.0167	1609.3320
241.4508	2146.9500	370.8713	1939.4806	1427.9907
241.6032	2144.3071	367.5757	1937.9747	1490.1395
241.7556	2220.8564	358.0420	1936.4495	1549.8781
241.9080	2243.4019	364.3201	1934.8877	1554.8899
242.0604	2291.4995	363.0327	1933.3488	1618.6317
242.2128	2193.3560	367.5823	1931.8114	1457.2677
242.3652	2124.3977	367.2014	1930.2753	1424.5510
242.5176	1846.7738	373.6037	1928.7417	1233.2042
242.6700	2141.0867	366.3590	1927.2527	1479.7778
242.8224	2268.8057	362.6674	1925.7157	1604.4832
242.9748	2174.1724	365.1151	1924.1799	1509.1681
243.1272	2254.1233	365.0544	1922.6550	1584.2054
243.2796	2132.0928	367.2843	1921.1039	1442.2916
243.4320	1959.8292	371.1241	1919.5746	1326.2213
243.5844	2146.7810	366.8577	1918.0769	1511.5623
243.7368	2101.3416	368.3360	1916.5607	1429.9789
243.8892	2249.3523	366.4530	1915.0317	1542.2455
244.0416	2160.9878	366.4019	1913.5142	1482.8551
244.1940	2057.9453	368.2851	1911.9695	1398.8535
244.3464	2036.2607	367.9448	1910.4509	1382.5674
244.4988	2070.5369	367.5699	1908.9320	1417.3800
244.6512	2089.6008	368.6760	1907.4117	1442.2219
244.8036	2187.8875	367.8456	1905.8912	1484.0199
244.9560	2134.1802	369.2829	1904.3715	1453.3687
245.1084	2143.3042	368.6504	1902.8519	1468.4069
245.2608	2153.9695	367.0691	1901.3325	1480.8876
245.4132	2234.7583	365.5190	1899.8203	1553.3776
245.5656	2246.8237	363.8834	1898.2936	1557.3387
245.7180	2276.9780	363.4883	1896.7473	1587.0234
245.8704	2251.6685	363.6748	1895.2097	1567.7418
246.0228	2160.2393	365.6414	1893.6637	1477.2341
246.1752	2201.5288	365.3845	1892.1190	1484.0372
246.3276	2161.4082	366.9637	1890.5916	1466.3015
246.4800	2088.5901	368.3203	1889.0710	1406.2734
246.6324	2074.4541	368.5771	1887.5405	1389.6597
246.7848	2162.4727	366.6552	1886.0260	1470.0591
246.9372	2176.5020	365.4552	1884.5010	1484.5841
247.0896	2228.4319	364.8295	1882.9761	1550.7223
247.2420	2087.2075	369.0551	1881.4434	1399.0129
247.3944	2030.9810	370.4988	1879.9177	1337.8873
247.5468	2103.5271	368.9650	1878.4110	1434.3193
247.6992	2227.4358	364.7556	1876.9026	1540.8787
247.8516	2187.7263	364.8297	1875.3788	1512.1957
248.0040	2272.7661	365.1504	1873.8419	1590.3665
248.1564	2244.6074	365.9108	1872.3041	1562.4644
248.3088	2231.4417	366.3247	1870.7676	1569.7488
248.4612	2234.4951	365.8370	1869.2467	1561.8602
248.6136	2296.7346	366.3054	1867.7124	1602.2745
248.7660	2208.7507	366.6488	1866.1902	1559.6798
248.9184	2247.7832	366.1032	1864.6544	1575.9633
249.0708	2257.7058	365.4808	1863.1183	1544.6595
249.2232	2124.8640	366.9471	1861.5979	1445.0858
249.3756	1969.0000	368.5032	1860.0601	1301.8411
249.5280	2013.0691	369.9957	1858.6028	1353.3667
249.6804	2288.0845	363.0168	1857.1622	1608.9497
249.8328	2150.9150	363.8552	1855.6730	1442.6813
249.9852	2226.2598	364.7695	1854.1978	1510.7362
250.1376	2084.3877	368.1224	1852.7380	1380.0806
250.2900	2029.3707	368.5032	1851.2664	1365.6090
250.4424	2132.4978	368.5032	1849.8076	1444.1879
250.5948	2198.5010	366.4712	1848.3655	1477.1029
250.7472	2190.9348	368.7894	1846.8971	1478.9908
250.8996	2337.4392	363.8669	1845.4222	1602.9385
251.0520	2205.0933	368.7513	1843.9611	1474.2408
251.2044	2084.2410	375.2094	1842.4911	1386.2671
251.3568	2133.9314	368.9525	1841.0419	1466.0193
251.5092	2170.2100	365.8489	1839.5894	1485.4541
251.6616	2224.1912	364.7122	1838.1207	1525.1873
251.8140	2255.6680	365.0489	1836.6460	1550.5732
251.9664	2268.3977	366.2428	1835.1708	1556.7280
252.1188	2219.8718	367.2459	1833.6968	1523.5376
252.2712	2188.0000	367.9572	1832.2230	1500.1948
252.4236	2182.1653	368.9098	1830.7689	1490.0763
252.5760	2167.8740	368.9032	1829.3184	1493.6564
252.7284	2166.5012	368.0078	1827.8606	1500.1210
252.8808	2193.8811	366.4772	1826.4027	1520.4425
253.0332	2171.9958	365.7600	1824.9452	1495.2286
253.1856	2168.8203	365.4805	1823.4795	1496.7828
253.3380	2178.9060	365.2649	1822.0060	1519.2646
253.4904	2203.5696	364.8264	1820.5403	1513.1000
253.6428	2196.4795	365.9129	1819.0685	1466.1519
253.7952	2062.1206	368.7507	1817.5911	1378.6462
253.9476	2101.7744	367.0549	1816.1401	1461.0785
254.1000	2165.4121	366.5539	1814.6879	1490.9467
254.2524	2173.0198	367.6900	1813.2195	1471.1935
254.4048	2265.4180	365.3221	1811.7562	1549.3660
254.5572	2202.0066	366.4585	1810.2864	1494.3469
254.7096	2283.2747	366.5092	1808.8236	1542.4390
254.8620	2331.5085	366.1411	1807.3535	1603.2194
255.0144	2351.8088	366.4395	1805.8920	1605.1615
255.1668	2297.9602	366.3568	1804.4213	1567.6818
255.3192	2304.3682	365.2648	1802.9606	1572.3529
255.4716	2259.4963	365.9125	1801.4871	1553.5889
255.6240	2212.9543	366.8968	1800.0134	1494.3794
255.7764	2163.5051	368.1984	1798.5433	1469.3716
255.9288	2184.5608	368.2302	1797.0991	1475.2660
256.0812	2158.1741	368.5032	1795.6266	1476.3289
256.2336	2187.9187	368.5223	1794.1691	1458.4329
256.3860	2116.0330	368.8080	1792.7122	1438.8915
256.5384	2209.2097	368.7632	1791.2543	1540.5604
256.6908	2219.0000	366.6744	1789.7975	1499.1436
256.8432	2093.1418	368.7723	1788.3350	1467.6840
256.9956	2238.8196	365.2742	1786.8704	1538.5889
257.1480	2169.9614	366.3077	1785.3905	1481.3647
257.3004	2057.8552	366.9379	1783.9114	1391.3352
257.4528	2179.0649	366.4212	1782.4479	1481.6744
257.6052	2150.5708	366.3696	1780.9847	1469.2124
257.7576	2136.3035	366.6383	1779.5205	1458.6454
257.9100	2200.7070	366.6744	1778.0424	1504.8824
258.0624	2199.9807	368.2246	1776.5627	1500.8463
258.2148	2168.0945	367.7436	1775.0966	1459.5110
258.3672	2096.0999	369.3247	1773.6331	1404.3623
258.5196	2069.0479	368.9938	1772.1682	1400.9250
258.6720	2132.2932	368.3326	1770.7054	1449.3831
258.8244	2124.3022	369.3609	1769.2422	1427.8169
258.9768	2201.7578	367.4495	1767.7780	1484.0942
259.1292	2181.4456	381.5565	1766.3256	1460.0734
259.2816	2134.5276	374.5123	1764.8661	1423.1343
259.4340	2093.8093	369.2057	1763.3910	1394.9851
259.5864	2069.4714	369.3195	1761.9348	1377.1746
259.7388	2098.3835	368.6115	1760.4891	1415.9578
259.8912	2136.6174	368.3948	1759.0206	1435.4780
260.0436	2187.5239	369.4593	1757.5399	1468.2102
260.1960	2220.7668	370.3993	1756.0800	1506.9243
260.3484	2045.4122	370.6368	1754.6235	1379.2500
260.5008	2002.8575	369.7583	1753.1697	1330.2301
260.6532	2126.2178	367.4076	1751.7228	1436.8029
260.8056	2171.1191	365.7342	1750.2581	1483.2073
260.9580	2217.9631	365.4552	1748.7866	1509.1859
261.1104	2221.7974	365.7652	1747.3145	1509.6465
261.2628	2167.7285	366.2146	1745.8342	1472.4266
261.4152	2158.2722	367.0930	1744.3536	1470.5845
261.5676	2145.6008	367.8936	1742.8887	1465.0273
261.7200	2080.0237	368.8344	1741.4276	1417.7620
261.8724	2087.0137	368.8643	1739.9557	1432.3972
262.0248	2139.8213	366.7879	1738.4991	1489.7023
262.1772	2131.3359	366.7780	1737.0380	1469.9596
262.3296	2144.5386	368.6892	1735.5697	1449.2626
262.4820	2099.3079	369.2674	1734.1163	1422.4618
262.6344	2158.7373	368.5139	1732.6478	1470.6187
262.7868	2171.5103	368.5445	1731.1787	1480.6830
262.9392	2240.5571	366.2508	1729.7212	1529.4009
263.0916	2187.9480	366.9379	1728.2461	1485.9246
263.2440	2192.2595	367.3408	1726.7780	1497.6497
263.3964	2226.1968	366.7519	1725.3018	1495.9421
263.5488	2182.0715	367.1963	1723.8376	1489.4167
263.7012	2215.0552	367.7592	1722.3707	1510.4663
263.8536	2222.4954	367.7803	1720.8945	1474.5668
264.0060	2168.5559	369.3242	1719.4310	1462.3477
264.1584	2218.7800	367.6405	1717.9698	1516.4789
264.3108	2172.0056	367.4750	1716.5193	1490.9119
264.4632	2261.5413	365.2746	1715.0530	1569.6355
264.6156	2194.2866	366.1373	1713.5743	1483.9393
264.7680	2179.8406	366.7054	1712.1027	1486.3250
264.9204	2100.6965	366.9792	1710.6304	1388.6339
265.0728	2120.8960	366.9586	1709.1517	1423.1410
265.2252	2148.4731	366.7054	1707.6890	1469.0819
265.3776	2177.0217	367.3047	1706.2247	1485.3759
265.5300	2204.8525	367.8988	1704.7444	1487.5264
265.6824	2139.0000	368.1984	1703.2729	1453.2841
265.8348	2159.0283	367.8957	1701.7830	1443.0448
265.9872	2163.3062	368.2026	1700.2847	1453.2699
266.1396	2184.5017	368.5285	1698.7704	1476.5721
266.2920	2160.4751	369.7056	1697.2869	1434.8079
266.4444	2141.2024	369.1022	1695.7720	1434.9193
266.5968	2123.5051	368.6946	1694.2902	1431.2642
266.7492	2220.3369	366.1235	1692.8065	1493.8152
266.9016	2073.3088	367.3008	1691.2914	1418.2583
267.0540	2149.4839	367.5699	1689.7850	1449.0172
267.2064	2181.1379	367.3891	1688.2926	1497.9423
267.3588	2101.0120	368.9470	1686.7778	1431.0024
267.5112	2091.6521	370.5610	1685.2792	1399.8885
267.6636	2114.5259	369.8320	1683.7808	1420.3136
267.8160	2063.8064	370.6466	1682.2841	1403.3420
267.9684	2194.4351	367.7041	1680.8019	1473.1093
268.1208	2129.1104	366.4010	1679.3164	1478.8662
268.2732	2111.8088	369.1128	1677.7999	1396.6385
268.4256	1980.9709	369.0749	1676.2880	1323.1470
268.5780	2037.4153	368.7281	1674.8000	1367.0946
268.7304	2152.4443	367.6099	1673.3203	1447.6777
268.8828	2261.2588	364.1960	1671.8046	1570.6959
269.0352	2201.0295	365.6674	1670.2919	1542.7234
269.1876	2263.8928	365.5858	1668.7899	1509.0212
269.3400	2141.7251	368.2472	1667.2758	1420.9817
269.4924	2093.4517	369.7642	1665.7773	1389.0103
269.6448	2116.6404	368.5579	1664.2794	1441.2517
269.7972	2180.7551	367.9554	1662.7822	1467.0282
269.9496	2290.4907	365.3557	1661.2876	1533.3381
270.1020	2118.3970	370.6369	1659.7789	1398.9625
270.2544	2098.4465	371.6868	1658.2703	1403.9520
270.4068	2219.7068	366.3696	1656.7889	1484.0735
270.5592	2125.8408	366.0331	1655.3008	1442.3668
270.7116	2327.7239	364.8456	1653.7856	1615.2885
270.8640	2302.8833	365.1315	1652.2744	1595.2096
271.0164	2238.7947	366.2855	1650.7712	1565.2814
271.1688	2211.7585	367.1306	1649.2555	1517.3278
271.3212	2211.3208	367.9002	1647.7402	1503.8910
271.4736	2238.0493	368.4083	1646.2296	1541.0111
271.6260	2261.7761	367.5301	1644.7310	1549.4780
271.7784	2215.0447	367.3571	1643.2349	1526.8060
271.9308	2249.7224	365.3229	1641.7393	1548.0867
272.0832	2210.1306	365.1418	1640.2296	1522.2330
272.2356	2216.6064	364.1691	1638.7144	1542.9711
272.3880	2280.7227	364.0670	1637.2036	1567.4498
272.5404	2318.3230	362.8693	1635.6936	1587.0973
272.6928	2141.2532	368.3475	1634.1715	1447.5771
272.8452	2066.1597	369.1546	1632.6730	1392.8589
272.9976	2125.3562	365.4593	1631.1740	1440.1643
273.1500	2215.2808	365.0604	1629.6692	1513.5034
273.3024	2212.8293	367.2001	1628.1595	1468.3749
273.4548	2239.2424	367.7694	1626.6605	1496.3481
273.6072	2237.9839	367.8543	1625.1556	1514.1104
273.7596	2175.7085	369.3061	1623.6531	1456.3900
273.9120	2153.6152	369.9073	1622.1652	1435.8142
274.0644	2139.6580	370.0900	1620.6649	1430.7925
274.2168	2084.7017	368.7874	1619.1658	1408.2089
274.3692	2050.8508	369.4828	1617.6689	1384.1508
274.5216	2261.6001	367.0402	1616.1709	1528.6500
274.6740	2330.9077	365.2953	1614.6713	1584.2083
274.8264	2233.7585	367.9146	1613.1643	1472.8611
274.9788	2106.0886	369.7059	1611.6555	1364.3362
275.1312	2103.1106	369.7680	1610.1576	1409.8312
275.2836	2218.3088	368.5959	1608.6671	1518.7655
275.4360	2191.7922	368.3053	1607.1781	1477.6981
275.5884	2197.9695	366.8739	1605.6786	1484.2771
275.7408	2219.4751	366.3696	1604.1788	1494.8811
275.8932	2199.6467	366.3696	1602.6727	1489.2880
276.0456	2174.1980	365.7976	1601.1654	1473.6306
276.1980	2237.9810	364.2799	1599.6584	1525.1401
276.3504	2250.5173	364.9402	1598.1338	1529.9127
276.5028	2182.9626	367.2715	1596.6171	1466.9380
276.6552	2156.0273	368.0450	1595.1187	1463.9807
276.8076	2169.1165	368.3518	1593.6116	1463.9807
276.9600	2185.4895	367.8810	1592.1127	1460.2242
277.1124	2132.2207	368.7034	1590.6223	1436.3977
277.2648	2293.8069	367.3100	1589.1243	1572.4603
277.4172	2363.8750	365.9791	1587.6169	1636.7220
277.5696	2294.1292	367.3072	1586.1100	1589.5662
277.7220	2288.9426	367.7549	1584.6016	1567.9817
277.8744	2261.3110	366.5480	1583.0953	1544.9554
278.0268	2175.6985	366.3069	1581.5966	1468.4381
278.1792	2239.5112	365.9446	1580.0886	1509.3008
278.3316	2249.8469	366.1971	1578.5728	1516.2366
278.4840	2219.2295	367.1557	1577.0759	1494.3141
278.6364	2247.0000	366.9267	1575.5743	1509.5266
278.7888	2220.3083	367.7592	1574.0586	1495.2521
278.9412	2281.8162	368.3203	1572.5626	1551.5566
279.0936	2224.5156	368.7535	1571.0601	1504.3744
279.2460	2145.6331	367.9901	1569.5547	1434.3640
279.3984	2104.3674	366.9055	1568.0667	1401.3240
279.5508	2183.7073	366.2917	1566.5748	1498.3596
279.7032	2242.0959	365.6779	1565.0547	1522.2673
279.8556	2276.2803	365.4552	1563.5537	1535.8041
280.0080	2161.7568	367.6295	1562.0382	1446.6575
280.1604	1972.3311	370.0067	1560.5172	1287.0771
280.3128	2001.0452	368.8205	1559.0247	1342.6888
280.4652	2232.2996	366.0585	1557.5428	1518.6346
280.6176	2187.4871	366.7983	1556.0269	1465.9834
280.7700	2229.9041	368.0051	1554.5282	1518.8710
280.9224	2148.2253	369.2498	1553.0225	1436.7581
281.0748	2112.6904	369.0853	1551.5299	1420.6628
281.2272	2144.1089	368.5935	1550.0365	1451.6765
281.3796	2196.3396	368.2867	1548.5380	1478.8132
281.5320	2094.8977	369.2918	1547.0261	1409.2074
281.6844	2239.9114	366.4114	1545.5461	1535.3185
281.8368	2306.4192	365.8190	1544.0312	1578.4924
281.9892	2201.4033	367.8646	1542.5111	1488.9346
282.1416	2138.1814	369.1844	1541.0078	1432.5793
282.2940	2122.2341	368.7302	1539.5217	1419.9478
282.4464	2121.5173	369.8907	1538.0280	1403.6970
282.5988	2203.1455	368.4653	1536.5165	1470.4664
282.7512	2102.8494	371.6611	1535.0267	1419.0613
282.9036	2282.6831	368.4941	1533.5319	1541.2799
283.0560	2055.3733	371.1194	1532.0332	1302.3926
283.2084	1947.6461	371.6772	1530.5481	1251.2941
283.3608	2037.6246	368.8683	1529.0660	1342.2471
283.5132	2206.4631	365.4925	1527.5703	1465.1951
283.6656	2198.6785	365.5898	1526.0720	1497.6464
283.8180	2304.7515	364.2587	1524.5582	1561.6613
283.9704	2101.5210	368.2206	1523.0281	1385.4030
284.1228	2034.8070	368.6041	1521.5376	1330.4969
284.2752	2209.3621	366.9646	1520.0421	1460.8326
284.4276	2144.6106	367.4500	1518.5447	1451.3141
284.5800	2307.4500	366.8068	1517.0460	1554.8618
284.7324	2276.7788	367.2000	1515.5461	1510.6029
284.8848	2158.3560	369.9332	1514.0325	1457.6167
285.0372	2245.3689	370.0650	1512.5460	1510.6324
285.1896	2022.4620	372.9879	1511.0341	1343.2557
285.3420	2019.4774	369.0400	1509.5490	1338.3208
285.4944	2017.6194	368.5032	1508.0522	1353.0239
285.6468	2164.2883	367.9523	1506.5693	1486.8031
285.7992	2251.0178	365.1185	1505.0568	1525.5205
285.9516	2126.7942	370.1592	1503.5403	1438.8920
286.1040	1943.1000	371.7636	1502.0551	1283.6968
286.2564	2023.9669	371.2884	1500.5571	1329.5464
286.4088	2227.9597	367.8159	1499.0745	1511.2179
286.5612	2224.9392	367.3008	1497.5776	1530.6869
286.7136	2229.7119	366.1233	1496.0784	1517.9396
286.8660	2255.8894	366.6493	1494.5787	1518.2968
287.0184	2222.2339	366.3800	1493.0801	1510.1011
287.1708	2154.8645	367.5554	1491.5642	1424.4077
287.3232	2225.4783	366.9917	1490.0494	1496.5126
287.4756	2170.7700	366.3778	1488.5502	1458.4482
287.6280	2010.0714	369.7001	1487.0509	1327.5990
287.7804	2042.0000	368.8080	1485.5365	1378.9845
287.9328	2179.0000	367.5888	1484.0656	1448.3070
288.0852	2188.4055	367.5926	1482.5585	1485.6362
288.2376	2218.8311	367.9331	1481.0442	1455.5867
288.3900	2104.4709	370.0196	1479.5621	1371.2719
288.5424	2124.8308	369.6846	1478.0643	1405.0914
288.6948	2177.9377	368.5486	1476.5675	1451.2900
288.8472	2077.7219	369.7884	1475.0560	1378.5135
288.9996	2189.3855	370.8838	1473.5907	1516.6749
289.1520	2326.2009	364.0843	1472.0911	1504.7307
289.3044	2242.6494	366.6744	1470.5769	1496.4387
289.4568	2208.3584	366.6537	1469.0784	1489.4818
289.6092	2226.1079	366.3922	1467.5647	1513.4573
289.7616	2220.6277	366.5029	1466.0524	1519.9089
289.9140	2272.6970	364.9897	1464.5530	1518.7515
290.0664	2135.0305	370.2026	1463.0394	1398.7112
290.2188	2061.6404	374.3924	1461.5427	1359.4130
290.3712	2110.7185	369.4664	1460.0627	1402.8464
290.5236	2167.8887	367.1484	1458.5814	1443.9634
290.6760	2171.4639	366.0648	1457.0840	1457.4205
290.8284	2210.3186	366.0271	1455.5829	1481.0236
290.9808	2229.3145	366.1160	1454.0682	1492.0942
291.1332	2100.1919	368.5446	1452.5557	1408.4083
291.2856	2085.8135	368.7646	1451.0579	1383.4119
291.4380	2139.3713	368.5032	1449.5610	1436.6550
291.5904	2130.0271	368.0322	1448.0609	1432.5453
291.7428	2233.0117	365.8472	1446.5497	1503.0052
291.8952	2134.3291	367.9444	1445.0524	1430.2332
292.0476	2230.1086	368.1984	1443.5514	1485.8564
292.2000	2184.2681	368.1984	1442.0428	1451.9729
292.3524	2225.0386	368.1419	1440.5588	1490.4540
292.5048	2270.5283	367.8936	1439.0608	1502.7419
292.6572	2222.0010	367.6526	1437.5634	1472.2751
292.8096	2153.8157	366.7365	1436.0659	1422.8184
292.9620	2176.1204	366.9152	1434.5640	1442.4265
293.1144	2208.0029	367.2675	1433.0524	1462.1158
293.2668	2106.3857	369.4176	1431.5551	1400.3949
293.4192	2231.4771	368.7904	1430.0543	1504.7152
293.5716	2146.2253	366.9606	1428.5433	1448.7045
293.7240	2092.7656	369.0688	1427.0447	1367.8656
293.8764	1895.0778	373.4479	1425.5511	1213.2098
294.0288	1976.7201	374.4337	1424.0708	1273.2589
294.1812	2095.1482	369.9820	1422.5956	1388.8733
294.3336	2170.1692	365.9651	1421.1233	1490.9998
294.4860	2354.7852	364.1828	1419.6200	1603.6857
294.6384	2285.6455	364.4408	1418.1046	1505.3807
294.7908	2017.8287	369.6358	1416.5952	1280.3284
294.9432	2015.4882	368.7096	1415.0980	1287.9476
295.0956	2199.8308	366.1657	1413.6057	1487.2402
295.2480	2305.4490	364.4205	1412.1096	1547.9377
295.4004	2202.2820	365.6929	1410.5830	1443.9247
295.5528	2170.8767	368.7412	1409.0734	1440.2572
295.7052	2007.8094	371.8338	1407.5754	1295.7289
295.8576	1957.0862	372.4769	1406.0839	1239.3712
296.0100	2138.3022	369.7227	1404.6039	1451.5957
296.1624	2411.0044	366.5709	1403.1111	1669.8663
296.3148	2299.4932	367.1076	1401.5957	1526.8190
296.4672	2189.6716	368.1813	1400.0872	1485.1107
296.6196	2163.8843	367.2612	1398.5901	1445.1802
296.7720	2190.7529	366.7855	1397.0934	1486.0526
296.9244	2197.2866	366.7533	1395.5900	1490.5343
297.0768	2255.7998	367.0587	1394.0811	1518.4349
297.2292	2186.7656	368.4318	1392.5839	1471.1812
297.3816	2174.3823	368.9266	1391.0800	1448.8118
297.5340	2172.3669	368.8719	1389.5787	1435.8936
297.6864	2218.0547	368.9926	1388.0911	1482.5856
297.8388	2288.0378	367.8597	1386.5935	1539.7236
297.9912	2343.8335	364.7722	1385.0957	1568.4069
298.1436	2315.4062	364.6198	1383.5906	1547.2576
298.2960	2314.1938	365.2803	1382.0757	1547.6217
298.4484	2284.5547	365.5870	1380.5616	1532.1213
298.6008	2270.4902	365.0918	1379.0476	1510.7560
298.7532	2314.5420	363.8294	1377.5334	1546.8529
298.9056	2289.4102	364.4210	1376.0193	1540.9854
299.0580	2320.6770	364.9243	1374.5045	1558.1240
299.2104	2292.1216	365.4836	1372.9901	1531.5223
299.3628	2179.0112	369.7156	1371.4760	1422.3220
299.5152	2282.9702	367.3928	1369.9858	1497.9260
299.6676	2294.1902	365.3196	1368.4900	1549.5887
299.8200	2190.7280	367.7752	1366.9742	1469.4789
299.9724	2141.0303	369.8317	1365.4762	1389.3219
300.1248	1991.4952	371.5508	1363.9868	1263.8043
300.2772	1989.2666	370.8027	1362.5067	1284.2150
300.4296	2121.2327	369.0437	1361.0188	1407.6848
300.5820	2174.0891	366.6858	1359.5221	1465.7592
300.7344	2189.5608	367.4591	1358.0156	1452.0951
300.8868	2249.5935	367.5698	1356.5087	1491.4423
301.0392	2223.5938	387.9218	1355.0101	1463.6422
301.1916	2141.8540	386.9721	1353.5127	1382.1737
301.3440	2014.4133	373.4240	1352.0148	1289.5645
301.4964	2056.1411	372.6681	1350.5446	1334.1765
301.6488	2196.6140	368.0685	1349.0693	1454.8381
301.8012	2220.1238	367.1033	1347.5620	1490.4360
301.9536	2308.3286	365.4440	1346.0665	1538.8914
302.1060	2194.0447	366.1031	1344.5558	1447.9808
302.2584	2093.5439	366.9996	1343.0441	1376.1437
302.4108	2162.6807	366.9117	1341.5466	1430.4131
302.5632	2191.4009	366.1885	1340.0494	1454.8521
302.7156	2197.0515	369.1443	1338.5425	1490.2870
302.8680	2293.3098	366.7066	1337.0490	1531.5988
303.0204	2330.3850	364.9441	1335.5367	1580.2765
303.1728	2248.4023	367.2806	1334.0156	1507.6665
303.3252	2255.4993	367.6224	1332.5114	1496.0795
303.4776	2200.0508	368.8348	1331.0145	1476.2906
303.6300	2370.9050	366.5917	1329.5175	1599.5380
303.7824	2439.8479	364.0553	1328.0190	1612.5493
303.9348	2454.8477	364.0253	1326.5098	1649.7667
304.0872	2427.1270	364.2360	1324.9951	1669.0226
304.2396	2335.6404	364.8458	1323.4811	1621.6577
304.3920	2298.9617	364.5350	1321.9670	1550.9054
304.5444	2302.4338	366.5133	1320.4531	1601.0291
304.6968	2359.1414	366.7532	1318.9393	1588.9694
304.8492	2476.6633	364.6834	1317.4484	1701.0238
305.0016	2325.4341	366.9084	1315.9330	1612.7157
305.1540	2429.9326	365.6239	1314.4249	1665.9136
305.3064	2354.2083	366.0558	1312.9264	1613.3081
305.4588	2275.9578	366.2377	1311.4165	1567.5912
305.6112	2329.2205	365.1843	1309.9030	1588.0574
305.7636	2209.9639	365.5117	1308.3950	1510.5815
305.9160	2229.7437	365.5360	1306.9003	1554.2771
306.0684	2290.0830	364.5518	1305.3794	1526.0416
306.2208	2253.4365	366.2855	1303.8729	1504.7499
306.3732	2096.9004	369.5046	1302.3621	1374.2517
306.5256	2047.9623	369.8691	1300.8730	1346.8215
306.6780	2126.6292	368.5555	1299.3671	1402.2391
306.8304	2162.5764	368.6689	1297.8793	1421.0264
306.9828	2309.1357	367.6225	1296.3851	1519.8979
307.1352	2251.1904	367.5230	1294.8738	1504.0780
307.2876	2304.6096	368.5523	1293.3865	1528.2759
307.4400	2186.6487	368.8080	1291.8796	1450.4208
307.5924	2199.1523	368.3188	1290.3788	1464.2770
307.7448	2190.7844	367.7055	1288.8951	1448.1826
307.8972	2206.3748	367.8372	1287.4004	1452.6938
308.0496	2211.0000	366.3919	1285.8884	1469.6569
308.2020	2197.7629	366.3170	1284.4016	1475.4835
308.3544	2300.8633	365.8615	1282.8929	1564.0471
308.5068	2264.0645	367.0396	1281.3784	1528.4877
308.6592	2209.8611	369.0887	1279.8779	1492.4801
308.8116	2209.6704	369.9371	1278.3804	1479.2841
308.9640	2261.6326	368.1962	1276.8835	1522.3556
309.1164	2220.7295	368.4205	1275.4000	1477.7841
309.2688	2232.1541	365.5841	1273.9050	1500.2789
309.4212	2298.1089	365.6847	1272.3933	1508.2592
309.5736	2318.4756	364.1457	1270.8785	1553.9309
309.7260	2400.8970	364.2021	1269.3788	1629.1450
309.8784	2390.4099	363.9631	1267.8514	1615.1926
310.0308	2298.7544	365.8546	1266.3353	1523.4565
310.1832	2284.4624	366.3414	1264.8362	1519.2037
310.3356	2297.7065	364.4200	1263.3219	1567.1895
310.4880	2372.6006	365.0772	1261.8074	1571.9926
310.6404	2296.5801	366.8440	1260.3090	1497.2887
310.7928	2217.2661	367.2634	1258.7955	1487.3445
310.9452	2390.3235	367.5701	1257.2819	1605.1697
311.0976	2270.7004	366.4371	1255.7815	1556.1525
311.2500	2246.8357	370.4270	1254.2837	1478.7972
311.4024	2408.6697	365.0953	1252.7871	1623.9646
311.5548	2232.0798	368.0741	1251.2743	1461.5710
311.7072	2151.3430	368.1984	1249.7754	1443.3472
311.8596	2146.0737	372.0634	1248.2610	1398.5891
312.0120	2373.7461	364.0821	1246.7805	1649.4353
312.1644	2252.5354	367.5446	1245.2849	1478.8917
312.3168	2239.0000	369.7224	1243.7620	1483.1460
312.4692	2261.0000	366.9792	1242.2720	1526.1615
312.6216	2218.0000	379.4760	1240.7825	1435.5090
312.7740	2060.0000	372.1608	1239.3275	1343.0791
312.9264	2168.0000	368.1984	1237.8395	1412.4015
313.0788	2188.0000	366.6744	1236.3676	1419.8671
313.2312	2181.0000	366.0648	1234.8790	1447.9515
313.3836	2267.0000	365.7600	1233.3719	1497.3661
313.5360	2153.0000	367.2840	1231.8831	1420.5780
313.6884	2022.0000	370.0272	1230.3774	1316.0610
313.8408	2114.0000	367.8936	1228.8895	1404.5806
313.9932	2181.0000	369.7224	1227.4189	1424.1331
314.1456	2383.0000	361.7976	1225.9301	1577.7091
314.2980	2062.0000	372.7704	1224.4246	1314.2836
314.4504	1912.0000	372.7704	1222.9355	1209.0555
314.6028	1926.0000	373.3800	1221.4630	1222.9200
314.7552	2062.0000	374.2944	1219.9919	1366.8976
314.9076	2391.0000	365.7600	1218.5220	1606.5045
315.0600	2241.0000	369.1128	1217.0510	1481.7240
315.2124	2430.0000	363.3216	1215.5610	1600.8165
315.3648	2027.0000	370.6368	1214.0385	1309.6620
315.5172	2023.0000	371.2464	1212.5670	1288.3320
315.6696	2148.0000	368.5032	1211.0795	1423.7776
315.8220	2230.0000	367.2840	1209.5916	1479.9465
315.9744	2230.0000	366.6744	1208.1035	1471.4146
316.1268	2224.0000	368.5032	1206.6140	1493.1001
316.2792	2509.0000	364.2360	1205.1245	1646.3206
316.4316	2248.0000	371.5512	1203.6200	1412.7571
316.5840	1971.0000	374.9040	1202.1495	1264.5135
316.7364	2253.0000	366.0648	1200.6775	1457.9055
316.8888	2299.0000	366.0648	1199.1885	1508.3866
317.0412	2368.0000	364.2360	1197.6830	1574.1541
317.1936	2243.0000	366.0648	1196.1780	1476.7471
317.3460	2338.0000	366.0648	1194.6895	1537.1820
317.4984	2276.0000	366.9792	1193.1844	1495.5885
317.6508	2159.0000	366.0648	1191.6794	1430.5321
317.8032	2250.0000	365.7600	1190.1910	1532.9160
317.9556	2330.0000	364.2360	1188.7020	1634.9446
318.1080	2372.0000	366.6744	1187.1970	1640.2771
318.2604	2112.0000	370.3320	1185.6920	1350.5446
318.4128	2104.0000	370.0272	1184.2200	1377.2070
318.5652	2202.0000	369.4176	1182.7321	1465.3711
318.7176	2309.0000	367.2840	1181.2445	1536.4711
318.8700	2188.0000	369.1128	1179.7560	1395.3375
319.0224	2420.0000	361.7976	1178.2830	1679.7375
319.1748	2233.0000	366.9792	1176.7605	1499.1436
319.3272	2290.0000	366.3696	1175.2729	1531.8496
319.4796	2306.0000	365.1504	1173.7679	1544.2921
319.6320	2455.0000	363.6264	1172.2615	1644.1875
319.7844	2315.0000	367.8936	1170.7725	1550.3356
319.9368	2241.0000	369.1128	1169.2675	1514.0746
320.0892	2248.0000	369.1128	1167.7629	1477.1025
320.2416	2285.0000	367.8936	1166.3085	1541.0925
320.3940	2274.0000	368.1984	1164.8195	1514.0746
320.5464	2313.0000	366.9792	1163.3140	1509.0975
320.6988	2101.0000	369.7224	1161.8094	1330.9921
320.8512	2109.0000	368.5032	1160.3375	1383.6061
321.0036	2256.0000	367.2840	1158.8485	1488.1230
321.1560	2304.0000	364.2360	1157.3435	1505.1870
321.3084	2329.0000	366.0648	1155.8545	1541.4480
321.4608	2152.0000	369.4176	1154.3475	1385.7390
321.6132	2075.0000	369.1128	1152.8750	1365.8311
321.7656	2265.0000	367.5888	1151.3870	1478.1691
321.9180	2344.0000	367.2840	1149.8995	1517.2740
322.0704	2306.0000	365.1504	1148.4110	1504.8315
322.2228	2260.0000	369.1128	1146.9045	1448.6626
322.3752	2397.0000	366.3696	1145.4155	1580.1975
322.5276	2156.0000	371.8560	1143.9110	1365.1200
322.6800	2094.0000	369.7224	1142.4550	1339.8795
322.8324	2141.0000	367.8936	1140.9659	1388.2275
322.9848	2271.0000	364.8456	1139.4785	1511.9415
323.1372	2160.0000	367.2840	1137.9900	1394.9821
323.2896	2384.0000	364.5408	1136.4995	1560.6450
323.4420	2101.0000	370.6368	1134.9926	1305.3960
323.5944	1978.0000	372.7704	1133.5035	1277.6670
323.7468	2074.0000	372.4656	1132.0320	1352.3220
323.8992	2310.0000	366.6744	1130.5610	1521.8955
324.0516	2201.0000	368.5032	1129.0720	1428.7545
324.2040	2466.0000	363.3216	1127.5985	1656.6300
324.3564	2264.0000	366.3696	1126.0920	1471.7700
324.5088	2286.0000	366.3696	1124.5699	1521.5400
324.6612	2324.0000	364.5408	1123.0815	1524.7395
324.8136	2410.0000	363.9312	1121.5930	1580.1975
324.9660	2286.0000	363.6264	1120.0710	1519.0515
325.1184	2447.0000	363.9312	1118.5656	1560.2896
325.2708	2404.0000	363.6264	1117.0765	1606.5045
325.4232	2338.0000	367.5888	1115.5535	1492.0336
325.5756	2311.0000	367.2840	1114.0475	1493.1001
325.7280	2331.0000	366.6744	1112.5605	1493.4556
325.8804	2212.0000	366.9792	1111.0725	1519.4071
326.0328	2441.0000	365.4552	1109.5825	1659.1185
326.1852	2055.0000	373.3800	1108.0760	1324.5930
326.3376	2115.0000	373.0752	1106.6055	1366.5420
326.4900	2296.0000	366.3696	1105.1345	1501.9875
326.6424	2253.0000	365.4552	1103.6445	1493.4556
326.7948	2294.0000	366.0648	1102.1385	1524.0286
326.9472	2421.0000	364.2360	1100.6490	1594.0620
327.0996	2325.0000	366.6744	1099.1429	1542.5145
327.2520	2226.0000	366.9792	1097.6370	1442.2635
327.4044	2161.0000	367.8936	1096.1486	1435.1536
327.5568	2456.0000	366.3696	1094.6595	1637.7886
327.7092	2231.0000	370.9416	1093.1541	1478.8800
327.8616	2413.0000	365.7600	1091.6830	1634.2335
328.0140	2370.0000	364.5408	1090.1945	1529.0056
328.1664	2448.0000	363.3216	1088.6880	1573.0875
328.3188	2245.0000	366.0648	1087.1660	1479.5911
328.4712	2351.0000	365.1504	1085.6785	1515.1411
328.6236	2179.0000	367.2840	1084.1735	1414.5345
328.7760	2335.0000	364.2360	1082.6844	1488.4785
328.9284	2294.0000	366.3696	1081.1785	1527.5835
329.0808	2417.0000	363.6264	1079.6895	1596.1951
329.2332	2155.0000	369.7224	1078.1670	1362.9871
329.3856	2093.0000	369.4176	1076.6949	1353.7440
329.5380	2298.0000	366.6744	1075.2070	1462.8826
329.6904	2284.0000	367.8936	1073.7020	1489.9005
329.8428	2344.0000	367.5888	1072.2295	1521.5400
329.9952	2237.0000	370.0272	1070.7240	1420.2225
330.1476	2134.0000	369.4176	1069.2345	1374.7185
330.3000	2148.0000	367.2840	1067.7625	1402.4475
330.4524	2215.0000	366.3696	1066.2745	1423.7776
330.6048	2263.0000	366.3696	1064.7865	1476.3916
330.7572	2459.0000	363.0168	1063.2975	1629.9675
330.9096	2153.5229	370.9914	1061.7549	1350.4155
331.0620	1963.7657	374.7572	1060.2487	1232.4651
331.2144	2148.6775	369.1825	1058.7748	1381.6024
331.3668	2200.8223	370.7865	1057.2677	1410.6732
331.5192	2376.5747	367.8742	1055.7606	1551.1284
331.6716	2265.1748	367.6352	1054.2675	1454.6072
331.8240	2237.8491	368.0901	1052.7448	1415.2922
331.9764	2181.1467	367.0410	1051.2375	1419.7141
332.1288	2159.1951	367.3804	1049.7299	1401.1068
332.2812	2240.6914	366.0304	1048.2197	1473.0833
332.4336	2131.7024	368.3188	1046.6973	1365.0895
332.5860	2065.4502	370.3854	1045.1897	1339.0773
332.7384	2272.5566	367.2338	1043.6824	1498.8411
332.8908	2219.9355	366.8712	1042.1752	1453.3103
333.0432	2386.0779	366.6011	1040.6678	1560.3223
333.1956	2287.2441	367.7124	1039.1569	1495.6655
333.3480	2276.0986	368.0015	1037.6331	1485.9602
333.5004	2225.2434	367.5619	1036.1172	1474.2174
333.6528	2369.1792	368.3565	1034.6233	1568.4614
333.8052	2337.4680	368.7428	1033.1122	1479.1510
333.9576	2045.6697	370.7598	1031.5963	1271.1665
334.1100	2038.3783	370.3517	1030.1058	1262.4752
334.2624	2081.4194	371.0839	1028.6106	1333.3608
334.4148	2212.9512	368.2761	1027.1033	1437.3218
334.5672	2277.0830	369.1236	1025.5948	1479.6489
334.7196	2344.6326	366.0463	1024.0813	1514.8588
334.8720	2148.7620	370.6751	1022.5698	1386.3265
335.0244	1983.9893	374.3331	1021.0792	1228.1675
335.1768	2067.1572	374.3944	1019.5873	1321.8331
335.3292	2272.4797	368.8766	1018.1032	1475.4263
335.4816	2345.2117	364.5722	1016.6046	1540.6647
335.6340	2240.3374	366.7322	1015.0710	1444.7861
335.7864	2164.0820	367.8980	1013.5530	1372.4584
335.9388	2025.9576	369.3711	1012.0451	1285.3735
336.0912	2107.7307	367.8279	1010.5459	1348.0284
336.2436	2215.0220	366.2845	1009.0413	1429.2885
336.3960	2291.1709	366.1691	1007.5247	1502.5703
336.5484	2359.5293	364.9261	1006.0166	1551.3492
336.7008	2362.4700	364.5182	1004.5009	1518.8998
336.8532	2192.3391	368.3761	1002.9858	1368.4323
337.0056	2111.2344	370.0156	1001.4786	1347.8744
337.1580	2228.3799	368.7500	999.9708	1453.8248
337.3104	2304.9768	368.2255	998.4730	1502.0232
337.4628	2349.5396	367.3146	996.9746	1532.6488
337.6152	2312.0486	366.1959	995.4579	1525.7493
337.7676	2296.1921	368.0172	993.9426	1520.1149
337.9200	2239.6572	368.8734	992.4254	1503.5842
338.0724	2305.9253	369.4293	990.9126	1549.0336
338.2248	2328.1675	368.3254	989.3944	1536.2184
338.3772	2264.8816	367.8628	987.8914	1491.5414
338.5296	2322.8872	367.4113	986.3912	1530.7208
338.6820	2254.7585	368.7845	984.8736	1455.3044
338.8344	2253.6812	369.9269	983.3601	1458.4882
338.9868	2255.7056	370.4439	981.8514	1445.0482
339.1392	2156.9663	369.7879	980.3440	1356.9594
339.2916	2095.6035	370.2820	978.8615	1318.6606
339.4440	2223.1067	366.8977	977.3644	1418.9897
339.5964	2149.7202	366.7979	975.8439	1396.3314
339.7488	2338.5288	364.0968	974.3309	1509.3356
339.9012	2206.1047	368.3411	972.8110	1394.9352
340.0536	2074.1304	370.2626	971.2872	1308.4557
340.2060	2208.8354	367.4612	969.8037	1415.3992
340.3584	2195.9763	369.3481	968.3040	1412.4431
340.5108	2354.5684	365.5822	966.7965	1523.6180
340.6632	2267.4990	367.5495	965.2686	1437.7100
340.8156	2057.8616	371.2543	963.7488	1299.9482
340.9680	2211.1340	369.2709	962.2553	1435.3577
341.1204	2260.4927	369.3327	960.7521	1473.0790
341.2728	2323.2683	366.7553	959.2589	1534.5431
341.4252	2279.7231	367.1798	957.7527	1484.0073
341.5776	2270.3037	367.8319	956.2303	1463.2910
341.7300	2147.8484	368.7272	954.7211	1385.9845
341.8824	2308.8167	365.7095	953.2144	1505.1156
342.0348	2181.5522	370.0235	951.6912	1391.2834
342.1872	2113.1428	370.6214	950.1910	1360.6213
342.3396	2187.9282	370.0503	948.7099	1432.6239
342.4920	2199.7720	369.7301	947.2037	1421.9960
342.6444	2231.5911	369.7224	945.6980	1432.1733
342.7968	2313.0000	366.0648	944.2075	1528.6500
342.9492	2336.0000	366.9792	942.7015	1544.2921
343.1016	2336.9875	366.6782	941.2145	1496.1895
343.2540	2136.7756	369.9651	939.7360	1428.5958
343.4064	2353.4231	365.5680	938.2573	1506.7332
343.5588	2243.6707	366.3414	936.7604	1437.0790
343.7112	2270.8218	367.2503	935.2789	1462.5332
343.8636	2201.1956	367.2840	933.7835	1406.4486
344.0160	2275.9531	366.9942	932.3044	1487.6824
344.1684	2163.8293	368.9943	930.8247	1369.4805
344.3208	2410.3433	367.9688	929.3448	1531.3954
344.4732	2254.5542	368.4618	927.8660	1406.6505
344.6256	2347.5588	367.0920	926.3715	1514.9341
344.7780	2162.8418	370.0631	924.8913	1365.4673
344.9304	2153.3091	370.3320	923.4120	1388.6378
345.0828	2224.7820	367.8427	921.9482	1420.5271
345.2352	2191.4419	367.5888	920.4854	1402.9158
345.3876	2319.4785	366.4975	919.0085	1520.9559
345.5400	2207.8794	366.6406	917.5146	1418.4363
345.6924	2004.8121	371.5187	916.0332	1259.4789
345.8448	2098.3433	370.0233	914.5541	1352.5291
345.9972	2298.6646	367.5999	913.0761	1507.8789
346.1496	2183.3940	368.6012	911.5970	1415.2744
346.3020	2332.6218	367.2387	910.1318	1559.7614
346.4544	2363.5552	367.4984	908.6407	1561.4647
346.6068	2276.8887	365.0110	907.1718	1505.3765
346.7592	1895.7732	375.0331	905.6809	1166.1254
346.9116	2121.0352	368.4006	904.2147	1381.0322
347.0640	2341.3164	364.9094	902.7394	1561.5648
347.2164	2305.2070	365.5419	901.2459	1493.3796
347.3688	2417.9434	365.2632	899.7627	1577.4204
347.5212	2338.6267	366.6295	898.2561	1527.8562
347.6736	2314.6050	366.2453	896.7849	1500.2485
347.8260	2311.0178	366.5503	895.2967	1477.9027
347.9784	2358.2051	366.1927	893.8004	1518.6288
348.1308	2371.0000	367.7377	892.3170	1489.2507
348.2832	2289.3193	369.6210	890.8368	1441.5858
348.4356	2315.3787	368.6162	889.3456	1487.4712
348.5880	2315.4551	369.8317	887.8637	1465.2040
348.7404	2421.1135	367.0915	886.4101	1547.2328
348.8928	2313.6389	367.2127	884.9253	1491.8457
349.0452	2296.8767	366.4505	883.4298	1515.9927
349.1976	2230.7083	367.4194	881.9594	1477.0138
349.3500	2259.0896	367.2219	880.4729	1478.3457
349.5024	2253.5024	367.8674	878.9764	1476.9257
349.6548	2298.1641	367.3179	877.5059	1502.0455
349.8072	2278.9028	367.6339	876.0188	1486.0262
349.9596	2360.9595	367.2445	874.5340	1551.7877
350.1120	2318.6692	368.2661	873.0542	1498.2378
350.2644	2244.9392	367.5324	871.5751	1445.9133
350.4168	2259.1016	366.5579	870.0848	1495.4657
350.5692	2290.8130	365.1167	868.6115	1506.4592
350.7216	2368.2585	364.3338	867.1254	1560.9253
350.8740	2361.3027	364.4411	865.6173	1548.8940
351.0264	2364.0000	365.3536	864.1110	1545.3585
351.1788	2332.0676	365.9613	862.6196	1527.4716
351.3312	2285.7898	367.0620	861.1273	1511.2832
351.4836	2237.3442	367.5888	859.6417	1450.3483
351.6360	2167.2827	368.9586	858.1627	1395.7233
351.7884	2283.9673	368.3658	856.6842	1461.4584
351.9408	2275.7004	368.5484	855.2056	1443.3541
352.0932	2208.2834	369.1128	853.7261	1408.5746
352.2456	2206.7905	368.9247	852.2457	1414.3021
352.3980	2262.9407	369.3668	850.7650	1440.9188
352.5504	2309.9143	369.3536	849.2950	1481.2911
352.7028	2183.6699	371.3030	847.8221	1403.8434
352.8552	2077.5916	372.4091	846.3428	1308.7117
353.0076	2194.2634	369.3007	844.8835	1393.5095
353.1600	2235.8352	366.3996	843.4092	1433.8557
353.3124	2320.9929	365.5850	841.9234	1505.2358
353.4648	2402.6150	366.3209	840.4434	1553.5718
353.6172	2362.1689	368.6915	838.9545	1518.7842
353.7696	2244.9893	370.7046	837.4594	1443.1251
353.9220	2223.5496	369.7391	835.9828	1432.8567
354.0744	2230.7732	367.8408	834.5200	1451.8514
354.2268	2294.3494	366.6294	833.0483	1493.1671
354.3792	2291.7180	365.7412	831.5601	1478.9691
354.5316	2236.8423	365.6151	830.0726	1452.0110
354.6840	2290.3396	365.1277	828.5842	1500.9518
354.8364	2331.6616	365.3217	827.0793	1521.8247
354.9888	2289.9045	366.5277	825.5837	1497.4541
355.1412	2256.5027	367.1316	824.1049	1469.6357
355.2936	2292.7207	366.9829	822.6177	1480.7930
355.4460	2309.1729	367.2690	821.1260	1479.7269
355.5984	2293.3313	368.6275	819.6465	1448.0280
355.7508	2278.2949	369.1278	818.1716	1438.2307
355.9032	2244.3140	369.5232	816.6918	1413.4832
356.0556	2278.2949	368.7794	815.2126	1453.8229
356.2080	2331.1641	367.6752	813.7344	1499.1277
356.3604	2315.7166	367.2670	812.2478	1478.8965
356.5128	2321.1084	368.1991	810.7664	1483.0990
356.6652	2286.7644	370.9792	809.2957	1480.1837
356.8176	2301.0884	371.6908	807.8159	1535.6652
356.9700	2372.6343	372.9453	806.3506	1548.6265
357.1224	2318.7771	373.0264	804.8911	1484.1033
357.2748	2271.1406	373.0016	803.4196	1453.8866
357.4272	2241.8867	374.0805	801.9640	1438.3666
357.5796	2230.0791	375.6939	800.5178	1437.3429
357.7320	2334.8228	375.2015	799.0582	1495.9387
357.8844	2172.2190	375.2931	797.5988	1361.2885
358.0368	2186.8020	373.8729	796.1573	1374.8740
358.1892	2249.9553	372.6519	794.6951	1431.8705
358.3416	2287.8154	370.9416	793.2380	1473.5586
358.4940	2312.3970	370.9416	791.7798	1469.0991
358.6464	2317.0000	371.3783	790.3069	1489.6724
358.7988	2285.6174	372.3754	788.8383	1470.8413
358.9512	2275.8716	372.8758	787.3702	1475.6803
359.1036	2230.2483	372.8681	785.9128	1447.0466
359.2560	2245.9919	372.5673	784.4391	1437.2753
359.4084	2266.2656	372.4710	782.9825	1442.5961
359.5608	2304.9963	372.5413	781.5264	1479.1707
359.7132	2234.9968	374.1816	780.0523	1427.9437
359.8656	2245.4666	374.3168	778.5897	1452.3258
360.0180	2220.2615	373.4080	777.1379	1444.1204
360.1704	2299.6248	372.9510	775.6944	1469.8190
360.3228	2175.6641	372.7608	774.2246	1430.3800
360.4752	2236.4023	371.9393	772.7732	1500.9155
360.6276	2247.3323	372.2443	771.3105	1488.1498
360.7800	2389.5442	369.6632	769.8439	1560.9696
360.9324	2307.4985	373.0943	768.3690	1522.5991
361.0848	2302.1653	373.6732	766.9060	1505.7388
361.2372	2318.0266	373.3109	765.4431	1517.6675
361.3896	2233.2390	374.5276	763.9807	1458.9088
361.5420	2259.7134	373.8204	762.5224	1462.6707
361.6944	2186.3945	374.4937	761.0715	1389.7196
361.8468	2317.9258	372.3000	759.6121	1480.3226
361.9992	2219.3457	373.1765	758.1628	1398.8199
362.1516	2193.6482	373.6776	756.7007	1397.1403
362.3040	2323.5293	370.8439	755.2342	1494.4446
362.4564	2222.8887	372.2114	753.7603	1409.2961
362.6088	2358.8186	371.1114	752.3069	1529.2108
362.7612	2207.6670	374.2299	750.8309	1430.9832
362.9136	2409.7600	369.8245	749.3687	1573.1753
363.0660	2226.6567	374.3490	747.9051	1399.8369
363.2184	2155.9683	374.4412	746.4440	1366.7632
363.3708	2262.3455	373.5832	744.9969	1464.3706
363.5232	2349.0645	373.0262	743.5488	1514.4606
363.6756	2278.1038	372.7704	742.0870	1482.7283
363.8280	2324.4128	372.6800	740.6231	1511.7441
363.9804	2338.7637	372.2905	739.1595	1494.5944
364.1328	2135.9634	374.1096	737.6981	1357.0074
364.2852	1954.0577	380.1415	736.2523	1195.1692
364.4376	2132.5247	375.6747	734.8073	1347.4460
364.5900	2334.7930	370.6183	733.3576	1521.2274
364.7424	2257.7021	372.3296	731.8809	1459.5894
364.8948	2472.4089	369.2564	730.4277	1607.6609
365.0472	2242.4084	373.9798	728.9356	1421.1887
365.1996	1935.7035	381.4843	727.4911	1208.6035
365.3520	2276.3433	374.5319	726.0605	1504.8867
365.5044	2211.9333	376.2044	724.6131	1431.6976
365.6568	2509.9790	366.9685	723.1497	1652.6240
365.8092	2382.9583	370.6368	721.6835	1553.1162
365.9616	2350.1880	370.8060	720.1898	1540.5406
366.1140	2279.1104	373.2107	718.7429	1513.7572
366.2664	2322.0364	370.3471	717.2632	1569.3500
366.4188	2444.5491	370.7955	715.7834	1571.0812
366.5712	2173.2749	374.2377	714.3058	1388.5569
366.7236	2263.8364	372.7609	712.8588	1464.3853
366.8760	2442.4678	372.5263	711.3959	1553.7756
367.0284	2306.4324	374.8584	709.9343	1480.9945
367.1808	2431.3044	372.4924	708.4888	1552.9391
367.3332	2219.0000	374.5992	707.0185	1422.0000
367.4856	2507.0000	372.4656	705.5620	1637.0775
367.6380	2188.0000	376.1232	704.0890	1337.7466
367.7904	2116.0000	374.9040	702.6165	1329.9255
367.9428	2215.0000	372.7704	701.1625	1461.1051
368.0952	2304.0000	372.4656	699.7075	1482.4351
368.2476	2263.0000	372.7704	698.2355	1445.8186
368.4000	2349.0000	372.7704	696.7630	1509.4530
368.5524	2237.0000	376.1232	695.2920	1416.6676
368.7048	2180.0000	375.8184	693.8210	1366.5420
368.8572	2120.0000	377.9520	692.3500	1365.4756
369.0096	2281.0000	372.4656	690.9120	1459.3275
369.1620	2271.0000	374.2944	689.4405	1521.1846
369.3144	2447.0000	369.7224	687.9850	1604.3716
369.4668	2270.0000	373.0752	686.5130	1449.0181
369.6192	2146.0000	373.6848	685.0235	1345.2120
369.7716	2102.0000	373.9896	683.5510	1310.0176
369.9240	2097.0000	373.9896	682.0940	1322.4601
370.0764	2225.0000	373.0752	680.6230	1447.2406
370.2288	2129.0000	375.8184	679.1515	1408.4911
370.3812	2303.0000	372.1608	677.6960	1507.6755
370.5336	2385.0000	371.5512	676.2235	1527.5835
370.6860	2300.0000	374.2944	674.7345	1442.2635
370.8384	2181.0000	377.0376	673.2630	1365.4756
370.9908	2156.0000	375.5136	671.8095	1346.6340
371.1432	2293.0000	374.5992	670.3560	1458.9720
371.2956	2215.0000	373.3800	668.8845	1422.0000
371.4480	2289.0000	373.9896	667.4290	1439.0641
371.6004	2362.0000	372.4656	665.9565	1531.4940
371.7528	2261.0000	374.2944	664.4845	1404.9360
371.9052	2119.0000	374.2944	663.0130	1342.7235
372.0576	2146.0000	374.5992	661.5585	1376.1405
372.2100	2263.0000	374.5992	660.0865	1439.0641
372.3624	2215.0000	374.5992	658.6220	1413.1125
372.5148	2367.0000	372.7704	657.1745	1530.0720
372.6672	2539.0000	371.5512	655.6845	1663.7401
372.8196	2343.0000	373.3800	654.2125	1548.5581
372.9720	2440.0000	372.1608	652.7585	1595.8396
373.1244	2361.0000	372.4656	651.2700	1524.3840
373.2768	2372.0000	380.6952	649.8145	1585.5300
373.4292	2392.0000	371.5512	648.3425	1570.5990
373.5816	2305.0000	372.1608	646.8545	1501.9875
373.7340	2228.0000	372.1608	645.3665	1413.1125
373.8864	2400.0000	370.9416	643.9115	1599.0391
374.0388	2273.0000	371.8560	642.4225	1463.9491
374.1912	2311.0000	371.5512	640.9330	1491.3225
374.3436	2284.0000	374.2944	639.4775	1433.7316
374.4960	2110.0000	377.3424	638.0060	1299.3525
374.6484	2157.0000	375.2088	636.5345	1367.9640
374.8008	2284.0000	373.3800	635.0965	1468.9260
374.9532	2227.0000	374.9040	633.6240	1437.2865
375.1056	2421.0000	372.4656	632.1510	1562.0670
375.2580	2231.0000	374.2944	630.6795	1388.9386
375.4104	2008.0000	374.9040	629.2085	1275.1786
375.5628	2228.0000	373.9896	627.7540	1401.7366
375.7152	2167.0000	372.7704	626.3000	1362.2760
375.8676	2391.0000	374.2944	624.8275	1574.5095
376.0200	2196.0000	374.5992	623.3545	1385.0281
376.1724	2324.0000	373.0752	621.8835	1489.5450
376.3248	2199.0000	374.5992	620.4295	1399.2480
376.4772	2435.0000	370.6368	618.9575	1589.7960
376.6296	2093.0000	379.1712	617.4760	1298.6416
376.7820	2001.0000	378.5616	616.0285	1209.7666
376.9344	2121.0000	378.2568	614.5920	1332.0586
377.0868	2456.0000	368.5032	613.1375	1572.7321
377.2392	2186.0000	373.0752	611.6665	1431.9541
377.3916	2534.0000	367.8936	610.1940	1669.0725
377.5440	2384.0000	370.6368	608.6880	1562.4226
377.6964	2348.0000	372.4656	607.2160	1548.9136
377.8488	2345.0000	372.4656	605.7445	1559.9341
378.0012	2329.0000	372.1608	604.2570	1531.1385
378.1536	2296.0000	372.1608	602.8015	1506.2535
378.3060	2342.0000	371.2464	601.3295	1540.0260
378.4584	2307.0000	371.8560	599.8405	1475.3251
378.6108	2106.0000	380.0856	598.3675	1317.8385
378.7632	2080.0000	377.6472	596.9130	1329.9255
378.9156	2325.0000	374.2944	595.4760	1489.1896
379.0680	2287.0000	372.1608	594.0055	1478.5245
379.2204	2338.0000	370.3320	592.5495	1471.4146
379.3728	2358.0000	371.8560	591.0595	1500.9210
379.5252	2159.0000	376.1232	589.5705	1362.9871
379.6776	2076.0000	378.8664	588.1165	1263.8025
379.8300	2257.0000	372.4656	586.6795	1467.8595
379.9824	2219.0000	374.5992	585.2075	1400.6700
380.1348	2481.0000	370.6368	583.7510	1608.6376
380.2872	2316.0000	375.2088	582.2610	1466.7931
380.4396	2389.0000	371.8560	580.7890	1553.5350
380.5920	2284.0000	372.4656	579.3355	1437.9976
380.7444	2487.0000	369.4176	577.8640	1603.6605
380.8968	2312.0000	373.3800	576.3755	1464.6600
381.0492	2274.0000	372.4656	574.9205	1465.0155
381.2016	2359.0000	371.2464	573.4485	1524.7395
381.3540	2252.0000	371.8560	571.9770	1434.0870
381.5064	2408.0000	372.1608	570.4895	1567.0441
381.6588	2245.0000	373.3800	569.0175	1433.7316
381.8112	2367.0000	373.0752	567.5455	1506.9646
381.9636	2215.0000	374.2944	566.0560	1388.5830
382.1160	2519.0000	370.6368	564.6180	1610.0596
382.2684	2201.0000	375.5136	563.1300	1370.4525
382.4208	2213.8645	374.6285	561.6114	1413.3917
382.5732	2248.5928	375.3390	560.1260	1447.9460
382.7256	2367.5544	372.7704	558.6224	1508.7258
382.8780	2303.1079	372.8092	557.0903	1449.0228
383.0304	2343.7290	373.0268	555.5862	1503.0940
383.1828	2317.9297	372.9448	554.0646	1487.4248
383.3352	2259.6924	373.3458	552.5364	1433.5585
383.4876	2339.7617	372.3930	551.0317	1510.4572
383.6400	2350.0024	373.3365	549.5126	1518.7479
383.7924	2334.0996	374.3770	547.9935	1506.5427
383.9448	2295.0825	375.2088	546.4811	1484.6184
384.0972	2345.0342	374.9764	544.9734	1489.5898
384.2496	2229.6526	374.5992	543.4687	1378.3732
384.4020	2163.3538	374.1927	541.9698	1338.5515
384.5544	2228.3345	373.2492	540.4513	1397.5085
384.7068	2282.3079	372.6155	538.9343	1445.0994
384.8592	2354.2146	372.1365	537.4252	1492.6769
385.0116	2344.2720	372.9015	535.9037	1494.4658
385.1640	2306.9153	372.9492	534.3778	1483.2749
385.3164	2300.8108	372.4656	532.8594	1470.8862
385.4688	2385.0254	372.6689	531.3405	1503.7771
385.6212	2344.9604	373.1963	529.8216	1477.8680
385.7736	2285.1672	374.4931	528.3149	1425.2859
385.9260	2356.0300	373.9748	526.8005	1485.4585
386.0784	2225.4065	377.0723	525.2820	1379.3425
386.2308	2456.6289	373.4223	523.7917	1569.2826
386.3832	2239.6199	374.5564	522.2634	1390.2826
386.5356	2164.6614	374.3620	520.7419	1354.5739
386.6880	2265.0581	373.7331	519.2391	1435.0159
386.8404	2276.8582	372.5233	517.7226	1461.5515
386.9928	2487.6404	371.2655	516.2046	1603.5444
387.1452	2337.9185	372.4902	514.7020	1528.9884
387.2976	2387.9851	374.0332	513.1667	1522.6782
387.4500	2261.9546	375.1222	511.6485	1414.1992
387.6024	2217.1631	376.9684	510.1349	1385.8834
387.7548	2428.0083	371.6384	508.6465	1507.2357
387.9072	2460.2078	372.1608	507.1276	1601.7594
388.0596	2351.3093	372.1608	505.6118	1469.3231
388.2120	2402.6958	372.2334	504.1025	1498.0498
388.3644	2309.7461	372.3833	502.5715	1450.0183
388.5168	2339.9102	372.6207	501.0529	1478.0844
388.6692	2320.6731	373.3799	499.5338	1471.1826
388.8216	2304.5125	373.4384	498.0153	1452.7346
388.9740	2311.3308	373.6311	496.5029	1436.9888
389.1264	2368.5444	373.9902	494.9868	1456.6627
389.2788	2237.7439	376.0068	493.4663	1356.6846
389.4312	2184.3564	376.2638	491.9655	1337.0312
389.5836	2264.2214	375.1212	490.4651	1390.1091
389.7360	2218.4980	376.9375	488.9552	1396.1058
389.8884	2373.7168	373.3345	487.4464	1526.6095
390.0408	2372.1394	372.7715	485.9447	1499.1542
390.1932	2120.5571	376.5981	484.4209	1312.1746
390.3456	2143.6084	375.0527	482.9082	1370.6937
390.4980	2349.4685	371.5941	481.4196	1523.7491
390.6504	2379.6711	371.5467	479.8982	1551.5558
390.8028	2522.0317	371.3818	478.3614	1637.2937
390.9552	2404.8677	372.7272	476.8390	1539.5404
391.1076	2407.3933	372.5622	475.3203	1593.0887
391.2600	2424.6045	374.3286	473.8017	1541.2804
391.4124	2441.3843	372.9442	472.2824	1537.2849
391.5648	2335.2708	372.7704	470.7645	1466.6259
391.7172	2191.4563	374.5414	469.2475	1347.8645
391.8696	2253.0000	373.9896	467.7455	1409.5575
392.0220	2348.0000	372.1608	466.2740	1483.5016
392.1744	2277.0000	373.6848	464.8030	1435.5090
392.3268	2474.0000	369.4176	463.3400	1591.9291
392.4792	2357.0000	372.7704	461.8590	1502.3430
392.6316	2294.0000	373.3800	460.3870	1446.5295
392.7840	2404.0000	372.4656	458.9325	1544.2921
392.9364	2315.0000	373.3800	457.4440	1457.9055
393.0888	2498.0000	370.6368	455.9720	1579.8420
393.2412	2243.0000	374.2944	454.4900	1385.7390
393.3936	2167.0000	378.8664	453.0250	1332.0586
393.5460	2162.0000	378.5616	451.5705	1316.7721
393.6984	2215.0000	375.8184	450.1345	1396.7595
393.8508	2560.0000	370.0272	448.6800	1643.4766
394.0032	2279.0000	371.5512	447.1900	1444.3966
394.1556	2475.0000	372.7704	445.7170	1569.1770
394.3080	2270.0000	374.5992	444.2470	1436.2201
394.4604	2287.0000	373.6848	442.7775	1470.7036
394.6128	2351.0000	373.3800	441.3065	1475.3251
394.7652	2274.0000	374.2944	439.8420	1465.7266
394.9176	2411.0000	373.3800	438.3785	1564.9110
395.0700	2343.0000	374.2944	436.9065	1472.8365
395.2224	2405.0000	373.0752	435.4340	1533.2716
395.3748	2331.0000	372.4656	433.9775	1439.7750
395.5272	2316.0000	373.6848	432.5040	1448.3070
395.6796	2186.0000	374.2944	431.0320	1343.4346
395.8320	2246.0000	373.9896	429.5620	1384.6726
395.9844	2204.0000	374.2944	428.0915	1339.1686
396.1368	2290.0000	372.7704	426.6355	1421.2891
396.2892	2226.0000	375.8184	425.1805	1371.8745
396.4416	2520.0000	369.4176	423.7075	1623.5686
396.5940	2356.0000	373.9896	422.2195	1451.5066
396.7464	2247.0000	376.4280	420.7485	1339.1686
396.8988	2152.0000	375.5136	419.2935	1326.3706
397.0512	2240.0000	374.9040	417.8220	1401.0255
397.2036	2418.0000	373.9896	416.3675	1514.0746
397.3560	2338.0000	373.9896	414.9125	1486.3456
397.5084	2385.0000	373.0752	413.4405	1485.9901
397.6608	2281.0000	373.3800	411.9690	1422.3556
397.8132	2336.0000	372.7704	410.5150	1486.3456
397.9656	2261.0000	373.9896	409.0435	1410.6240
398.1180	2328.0000	374.2944	407.5715	1481.7240
398.2704	2270.0000	374.9040	406.0995	1412.7571
398.4228	2304.0000	375.2088	404.6440	1447.5961
398.5752	2274.0000	375.2088	403.1730	1440.8416
398.7276	2342.0000	375.2088	401.7180	1470.7036
398.8800	2270.0000	374.5992	400.2625	1408.8466
399.0324	2312.0000	373.0752	398.7900	1474.2585
399.1848	2414.0000	371.2464	397.3265	1514.0746
399.3372	2482.0000	370.6368	395.8635	1580.1975
399.4896	2371.0000	371.5512	394.3750	1501.9875
399.6420	2371.0000	371.5512	392.9205	1520.4735
399.7944	2469.0000	370.9416	391.4320	1546.0696
399.9468	2379.0000	370.9416	389.9605	1523.3175
400.0992	2522.0000	370.3320	388.4720	1615.7476
400.2516	2500.0000	370.9416	387.0000	1587.6631
400.4040	2476.0000	372.7704	385.5120	1553.8905
400.5564	2423.0000	372.7704	384.0405	1518.6960
400.7088	2414.0000	372.7704	382.5685	1524.3840
400.8612	2479.0000	373.0752	381.0975	1548.2025
401.0136	2401.0000	373.3800	379.6260	1523.3175
401.1660	2362.0000	373.6848	378.1530	1489.9005
401.3184	2397.0000	372.4656	376.6975	1512.2970
401.4708	2410.0000	372.1608	375.2265	1542.8700
401.6232	2342.0000	372.4656	373.7385	1466.0820
401.7756	2414.0000	371.5512	372.2660	1518.6960
401.9280	2333.0000	374.9040	370.7930	1435.8645
402.0804	2244.0000	376.7328	369.3225	1334.5470
402.2328	2183.0000	376.1232	367.8680	1370.4525
402.3852	2330.0000	374.9040	366.4125	1465.0155
402.5376	2313.0000	376.4280	364.9405	1430.5321
402.6900	2472.0000	373.3800	363.5025	1562.7781
402.8424	2361.0000	373.3800	362.0300	1460.0386
402.9948	2332.0000	373.6848	360.5570	1456.8391
403.1472	2177.9236	374.8589	359.1568	1366.4617
403.2996	2334.9680	373.2106	357.7423	1451.5356
403.4520	2310.6648	372.8042	356.3250	1456.4044
403.6044	2287.2581	373.8091	354.9062	1449.4652
403.7568	2429.8647	372.7477	353.5020	1544.1951
403.9092	2417.8752	372.4656	352.0752	1529.4685
404.0616	2392.4082	372.4656	350.6554	1513.2585
404.2140	2435.1428	372.2511	349.2502	1535.9943
404.3664	2455.6665	372.7703	347.8374	1562.0656
404.5188	2398.0786	374.2266	346.4091	1517.2914
404.6712	2478.3635	373.2785	344.9956	1578.6121
404.8236	2514.2156	373.3463	343.5845	1611.6349
404.9760	2430.2229	373.3462	342.1670	1544.7272
405.1284	2386.4075	372.4656	340.7582	1506.3853
405.2808	2430.7798	372.4656	339.3498	1518.7361
405.4332	2410.0676	372.9624	337.9253	1495.6249
405.5856	2376.6023	373.5719	336.5038	1483.5204
405.7380	2453.9822	373.4817	335.0910	1524.7281
405.8904	2412.7131	373.6848	333.6673	1496.0903
406.0428	2483.9919	373.9219	332.2631	1545.8948
406.1952	2336.8916	374.6669	330.8464	1471.8531
406.3476	2341.9885	374.6783	329.4315	1461.7793
406.5000	2451.1941	373.7299	328.0284	1562.4954
406.6524	2348.9888	373.8542	326.6195	1482.1890
406.8048	2552.7827	372.9505	325.2097	1646.0609
406.9572	2198.9629	375.1750	323.7921	1336.5348
407.1096	2198.0000	374.2944	322.3905	1369.7416
407.2620	2366.0000	372.4656	320.9360	1538.6040
407.4144	2283.0000	373.6848	319.4660	1468.2151
407.5668	2596.0000	370.6368	317.9930	1633.1671
407.7192	2364.0000	374.2944	316.5205	1532.5605
407.8716	2279.0000	375.5136	315.0485	1451.1510
408.0240	2433.0000	374.9040	313.5775	1498.7881
408.1764	2318.0000	376.1232	312.1230	1426.6216
408.3288	2263.0000	376.4280	310.6670	1410.9795
408.4812	2348.0000	376.1232	309.1950	1440.1305
408.6336	2278.0000	376.7328	307.7570	1406.0026
408.7860	2454.0000	374.2944	306.3020	1508.7421
408.9384	2418.0000	374.5992	304.8290	1489.9005
409.0908	2441.0000	374.5992	303.3735	1480.6576
409.2432	2231.0000	376.7328	301.9020	1342.7235
409.3956	2368.0000	373.3800	300.4475	1481.7240
409.5480	2358.0000	374.5992	298.9930	1490.9670
409.7004	2346.0000	359.9688	297.5210	1469.9926
409.8528	2448.0000	374.9040	295.9985	1540.7371
410.0052	2306.0000	376.4280	294.5425	1411.6906
410.1576	2364.0000	377.3424	293.0870	1479.9465
410.3100	2297.0000	374.5992	291.6325	1450.4401
410.4624	2422.0000	374.5992	290.1785	1493.4556
410.6148	2284.0000	376.1232	288.7070	1395.6930
410.7672	2201.0000	374.9040	287.2505	1384.3170
410.9196	2259.0000	374.5992	285.7785	1422.0000
411.0720	2354.0000	373.0752	284.3400	1482.7905
411.2244	2395.0000	373.9896	282.8685	1515.1411
411.3768	2364.0000	373.9896	281.3970	1498.7881
411.5292	2311.0000	374.5992	279.9410	1469.2815
411.6816	2380.0000	374.9040	278.4695	1485.6345
411.8340	2395.0000	374.9040	276.9980	1492.3890
411.9864	2364.0000	376.4280	275.5430	1482.4351
412.1388	2390.0000	377.0376	274.0720	1457.5500
412.2912	2264.0000	377.3424	272.6000	1418.4451
412.4436	2408.0000	374.9040	271.1450	1522.6066
412.5960	2358.0000	373.6848	269.7070	1434.0870
412.7484	2542.0000	373.6848	268.2510	1616.1030
412.9008	2379.0000	374.9040	266.7625	1479.5911
413.0532	2364.0000	375.2088	265.3080	1469.6371
413.2056	2365.0000	373.6848	263.8530	1499.1436
413.3580	2449.0000	374.2944	262.3810	1497.0105
413.5104	2454.0000	373.3800	260.9250	1603.6605
413.6628	2495.0000	375.5136	259.4530	1526.1615
413.8152	2234.0000	377.0376	257.9810	1382.5396
413.9676	2298.0000	377.9520	256.5420	1439.4196
414.1200	2365.0000	374.9040	255.0865	1485.9901
414.2724	2699.0000	370.3320	253.6480	1738.0396
414.4248	2563.0000	371.8560	252.1425	1662.6736
414.5772	2610.0000	370.9416	250.6700	1654.4971
414.7296	2278.0000	374.5992	249.1810	1448.3070
414.8820	2525.0000	370.6368	247.7265	1611.8370
415.0344	2361.0000	376.1232	246.2385	1434.7981
415.1868	2228.0000	376.4280	244.7835	1394.6266
415.3392	2311.0000	375.5136	243.3455	1478.5245
415.4916	2361.0000	375.2088	241.8745	1470.3480
415.6440	2322.0000	374.2944	240.4190	1445.4630
415.7964	2422.0000	376.4280	238.9480	1529.0056
415.9488	2328.0000	376.1232	237.4930	1467.5040
416.1012	2315.0000	377.0376	236.0205	1454.7061
416.2536	2413.0000	376.1232	234.5650	1520.4735
416.4060	2358.0000	376.1232	233.1105	1471.0591
416.5584	2213.0000	375.8184	231.6550	1389.6495
416.7108	2324.0000	374.9040	230.2000	1459.3275
416.8632	2330.0000	374.9040	228.7455	1449.7290
417.0156	2309.0000	374.2944	227.2740	1430.5321
417.1680	2472.0000	373.9896	225.8020	1588.7296
417.3204	2369.0000	374.2944	224.3470	1472.1256
417.4728	2548.0000	370.9416	222.8920	1657.6965
417.6252	2441.0000	373.9896	221.4025	1588.0186
417.7776	2463.0000	366.6744	219.9470	1597.6171
417.9300	2476.0000	374.2944	218.4590	1557.0901
418.0824	2402.0000	373.0752	216.9710	1526.5171
418.2348	2550.0000	373.0752	215.4990	1615.7476
418.3872	2385.0000	372.1608	214.0440	1554.9570
418.5396	2501.0000	373.0752	212.5725	1583.7526
418.6920	2229.0000	375.2088	211.0845	1332.7695
418.8444	2165.0000	376.1232	209.6290	1364.4091
418.9968	2364.0000	373.9896	208.1740	1533.2716
419.1492	2402.0000	374.2944	206.7030	1551.0465
419.3016	2443.0000	373.6848	205.2645	1578.7755
419.4540	2509.0000	372.7704	203.7920	1599.0391
419.6064	2417.0000	373.9896	202.3030	1538.2485
419.7588	2024.0000	381.9144	200.8475	1221.4980
419.9112	2215.0000	378.2568	199.4095	1390.3606
420.0636	2297.0000	375.5136	197.9555	1468.2151
420.2160	2466.0000	374.2944	196.5090	1557.8010
420.3684	2395.0000	373.0752	195.0450	1466.7931
420.5208	2453.0000	374.5992	193.5740	1612.5481
420.6732	2287.0000	374.9040	192.1030	1414.1791
420.8256	2381.0000	373.6848	190.6485	1521.5400
420.9780	2457.0000	374.9040	189.1770	1590.8625
421.1304	2348.0000	373.3800	187.7045	1482.0796
421.2828	2444.0000	373.9896	186.2500	1551.0465
421.4352	2127.0000	378.8664	184.7785	1326.3706
421.5876	2332.0000	375.5136	183.3065	1449.7290
421.7400	2487.0000	373.0752	181.8675	1552.4685
421.8924	2199.0000	377.0376	180.3945	1379.6956
422.0448	2740.0000	369.4176	178.9230	1728.7965
422.1972	2517.0000	372.4656	177.4510	1578.7755
422.3496	2456.0000	373.9896	175.9785	1521.1846
422.5020	2440.0000	374.5992	174.4895	1507.6755
422.6544	2407.0000	375.5136	173.0350	1499.1436
422.8068	2329.0000	374.5992	171.5805	1435.1536
422.9592	2396.0000	375.5136	170.1090	1480.6576
423.1116	2408.0000	373.9896	168.6450	1506.9646
423.2640	2450.0000	377.0376	167.1985	1480.3020
423.4164	2257.0000	377.9520	165.7110	1398.8926
423.5688	2272.0000	377.0376	164.2555	1446.5295
423.7212	2337.0000	378.2568	162.8175	1449.7290
423.8736	2391.0000	373.3800	161.3615	1488.1230
424.0260	2455.0000	367.8936	159.9065	1572.0210
424.1784	2291.0000	374.9040	158.4350	1449.0181
424.3308	2392.0000	375.2088	156.9290	1517.6295
424.4832	2290.0000	377.9520	155.4730	1452.9286
424.6356	2229.0000	377.9520	154.0185	1394.2710
424.7880	2267.0000	376.7328	152.5645	1433.0205
424.9404	2256.0000	376.1232	151.1100	1435.8645
425.0928	2319.0000	376.7328	149.6550	1456.1281
425.2452	2369.0000	377.0376	148.1985	1456.1281
425.3976	2406.0000	376.4280	146.7425	1479.2356
425.5500	2304.0000	376.4280	145.2880	1425.9105
425.7024	2297.0000	374.9040	143.8510	1412.0460
425.8548	2309.0000	376.1232	142.3630	1421.6445
426.0072	2384.0000	371.5512	140.9085	1496.2996
426.1596	2358.0000	376.4280	139.4530	1392.8490
426.3120	2185.0000	377.0376	137.9825	1317.1276
426.4644	2261.0000	376.7328	136.5280	1377.5625
426.6168	2354.0000	375.2088	135.0730	1431.2430
426.7692	2294.0000	377.3424	133.6185	1403.5140
426.9216	2563.0000	372.1608	132.1630	1600.8165
427.0740	2242.0000	376.7328	130.6900	1355.5216
427.2264	2063.0000	379.1712	129.2335	1255.2705
427.3788	2272.0000	364.5408	127.7960	1400.3146
427.5312	2148.0000	380.6952	126.2915	1338.8130
427.6836	2525.0000	373.9896	124.8695	1630.3230
427.8360	2472.0000	373.9896	123.3970	1603.3051
427.9884	2435.0000	375.8184	121.9420	1553.8905
428.1408	2345.0000	375.5136	120.4695	1471.7700
428.2932	2061.0000	380.6952	118.9980	1265.2245
428.4456	2268.0000	376.1232	117.5600	1437.9976
428.5980	2538.0000	375.5136	116.1225	1608.2821
428.7504	2294.0000	376.7328	114.6505	1429.8210
428.9028	2538.0000	375.8184	113.1945	1601.5276
429.0552	2367.0000	377.9520	111.7380	1428.3990
429.2076	2362.0000	377.0376	110.2825	1499.8546
429.3600	2143.0000	377.6472	108.8110	1307.1736
429.5124	2335.0000	374.9040	107.3910	1463.9491
429.6648	2358.0000	373.9896	105.9195	1468.2151
429.8172	2357.0000	374.2944	104.4460	1474.6140
429.9696	2434.0000	373.9896	103.0065	1518.3406
430.1220	2367.0000	373.9896	101.5175	1504.8315
430.2744	2416.0000	373.9896	100.0635	1520.4735
430.4268	2365.0000	372.7704	98.5930	1466.0820
430.5792	2333.0000	376.4280	97.1205	1435.5090
430.7316	2349.0000	377.9520	95.6650	1436.9310
430.8840	2403.0000	374.9040	94.2105	1497.7216
431.0364	2343.0000	367.8936	92.7565	1460.7495
431.1888	2512.0000	376.1232	91.2670	1538.2485
431.3412	2325.0000	378.2568	89.7950	1435.5090
431.4936	2286.0000	376.7328	88.3755	1407.7800
431.6460	2312.0000	376.7328	86.9195	1413.4680
431.7984	2515.0000	376.1232	85.4475	1608.9930
431.9508	2356.0000	377.6472	84.0085	1488.4785
432.1032	2442.0000	377.0376	82.5535	1535.0491
432.2556	2359.0000	377.3424	81.0810	1455.0615
432.4080	2449.0000	377.9520	79.6420	1476.7471
432.5604	2310.0000	379.7808	78.1700	1431.5985
432.7128	2279.0000	381.0000	76.7155	1420.2225
432.8652	2260.0000	379.4760	75.2775	1394.9821
433.0176	2339.0000	371.2464	73.8555	1456.4835
433.1700	2284.0000	376.7328	72.3835	1434.0870
433.3224	2473.0000	375.2088	70.9450	1536.4711
433.4748	2270.0000	379.1712	69.4730	1430.5321
433.6272	2248.0000	361.7976	68.0190	1413.4680
433.7796	2286.0000	369.1128	66.5305	1423.7776
433.9320	2311.0000	379.4760	65.0080	1441.5525
434.0844	2358.0000	368.8080	63.5520	1463.5935
434.2368	2407.0000	309.6768	62.0815	1501.2766
434.3892	2364.0000	303.8856	60.4085	1452.9286
434.5416	2369.0000	304.4952	58.6020	1450.0846
434.6940	2375.0000	303.5808	56.7965	1471.0591
434.8464	2368.0000	305.1048	54.9905	1458.9720
434.9988	2385.0000	303.2760	53.2005	1460.7495
435.1512	2294.0000	306.3240	51.3935	1417.7340
435.3036	2316.0000	303.5808	49.6045	1441.9081
435.4560	2416.0000	302.9712	47.7820	1477.4580
435.6084	2396.0000	301.7520	45.9920	1506.9646
435.7608	2602.0000	299.9232	44.1690	1656.2745
435.9132	2540.0000	300.5328	42.3470	1600.1056
436.0656	2514.0000	302.0568	40.5070	1544.6476
436.2180	2411.0000	302.3616	38.6840	1500.9210
436.3704	2602.0000	301.4472	36.8770	1672.9830
436.5228	2494.0000	303.5808	35.0370	1587.3076
436.6752	2560.0000	299.9232	33.2490	1660.5405
436.8276	2494.0000	299.6184	31.4080	1562.4226
436.9800	2307.0000	304.8000	29.5675	1373.6521
437.1324	2185.0000	304.8000	27.7790	1350.1891
437.2848	2351.0000	299.3136	25.9735	1487.7676
437.4372	2634.0000	297.7896	24.1335	1699.2900
437.5896	2276.0000	303.5808	22.3105	1387.5166
437.7420	2080.0000	305.4096	20.4865	1246.7385
437.8944	2413.0000	303.5808	18.7155	1532.2051
438.0468	2263.0000	294.7416	16.9105	1274.8230
438.1992	3107.0000	294.1320	15.0695	2165.3506
438.3516	2120.0000	310.5912	13.2115	1257.0481
438.5040	2074.0000	312.1152	11.4395	1196.2576
438.6564	2479.0000	302.3616	9.6840	1686.1366
438.8088	2573.0000	308.7624	7.8610	1714.2211
438.9612	4223.0000	276.1488	6.0540	3152.2185
439.1136	3893.0000	265.1760	4.0965	2893.7700
439.2660	3385.0000	268.2240	2.0225	2468.9475
439.4184	3068.0000	271.5768	0.0000	2163.2175
