HOLE:	U1352B
EXPEDITION:	317
TOP:	81.1260
BOTTOM:	481.9380
DEPTH_WMSF	IDPH	IMPH	SFLU
m	ohm.m	ohm.m	ohm.m
81.1260	2.5601	1950.0000	1.1648
81.2784	0.3620	1950.0000	0.8470
81.4308	0.4147	2.0893	0.8221
81.5832	0.4549	0.8992	0.8226
81.7356	0.5271	0.6263	0.8270
81.8880	0.7833	0.5735	0.7868
82.0404	1.0506	0.6346	0.7956
82.1928	1.1302	0.8084	0.8593
82.3452	1.7425	1.1133	0.7428
82.4976	1.2387	1.4416	0.7412
82.6500	1.2296	1.5012	0.6809
82.8024	1.2215	1.3168	0.7004
82.9548	1.1785	1.1511	0.7390
83.1072	1.1430	1.0870	0.7417
83.2596	1.1482	1.1156	0.7942
83.4120	1.1910	1.2048	0.8203
83.5644	1.2568	1.2988	0.6429
83.7168	1.3211	1.3474	0.7916
83.8692	1.3627	1.3444	0.7246
84.0216	1.3970	1.3146	0.6763
84.1740	1.4234	1.2855	0.7826
84.3264	1.4057	1.2734	0.8165
84.4788	1.3889	1.2777	0.7594
84.6312	1.3760	1.2891	0.7835
84.7836	1.3504	1.2990	0.6825
84.9360	1.3079	1.2981	0.8048
85.0884	1.3052	1.2803	0.7219
85.2408	1.3218	1.2504	0.7109
85.3932	1.3265	1.2206	0.7042
85.5456	1.3220	1.2008	0.7527
85.6980	1.3049	1.1937	0.7152
85.8504	1.2867	1.1937	0.5989
86.0028	1.2690	1.1900	0.7372
86.1552	1.2681	1.1771	0.7039
86.3076	1.2794	1.1603	0.6149
86.4600	1.2652	1.1484	0.6540
86.6124	1.2634	1.1452	0.7045
86.7648	1.2680	1.1503	0.6807
86.9172	1.2722	1.1611	0.6683
87.0696	1.2804	1.1727	0.6762
87.2220	1.2866	1.1798	0.6584
87.3744	1.2889	1.1807	0.6907
87.5268	1.2894	1.1773	0.7238
87.6792	1.2939	1.1726	0.7516
87.8316	1.2883	1.1701	0.8118
87.9840	1.2897	1.1714	0.7367
88.1364	1.2926	1.1752	0.7074
88.2888	1.2935	1.1792	0.6396
88.4412	1.2941	1.1822	0.6962
88.5936	1.2955	1.1827	0.7073
88.7460	1.3023	1.1802	0.7748
88.8984	1.3029	1.1760	0.6615
89.0508	1.3057	1.1720	0.7386
89.2032	1.3079	1.1688	0.6495
89.3556	1.3204	1.1673	0.6238
89.5080	1.3612	1.1708	0.6587
89.6604	1.3357	1.1825	0.7374
89.8128	1.3299	1.2007	0.6877
89.9652	1.3576	1.2199	0.6761
90.1176	1.4294	1.2353	0.7569
90.2700	1.4352	1.2447	0.7296
90.4224	1.4536	1.2512	0.8162
90.5748	1.4451	1.2628	0.8601
90.7272	1.4512	1.2812	0.7857
90.8796	1.4304	1.2949	0.7970
91.0320	1.4159	1.2901	0.7105
91.1844	1.4301	1.2625	0.6527
91.3368	1.4376	1.2198	0.7151
91.4892	1.3992	1.1791	0.6903
91.6416	1.3948	1.1594	0.6444
91.7940	1.4087	1.1692	0.7094
91.9464	1.3936	1.2031	0.7755
92.0988	1.3960	1.2464	0.6968
92.2512	1.4605	1.2828	0.6442
92.4036	1.5238	1.3037	0.8506
92.5560	1.5415	1.3156	0.8870
92.7084	1.5280	1.3327	0.8430
92.8608	1.5482	1.3597	0.8194
93.0132	1.5567	1.3861	0.9276
93.1656	1.5519	1.3985	0.8494
93.3180	1.5579	1.3929	0.8030
93.4704	1.5495	1.3737	0.7351
93.6228	1.5600	1.3495	0.7426
93.7752	1.5561	1.3320	0.8011
93.9276	1.5631	1.3301	0.6962
94.0800	1.5794	1.3448	0.7908
94.2324	1.5909	1.3703	0.7734
94.3848	1.6012	1.3964	0.8226
94.5372	1.6046	1.4113	0.7610
94.6896	1.6051	1.4099	0.8764
94.8420	1.5995	1.3968	0.7840
94.9944	1.5862	1.3805	0.7728
95.1468	1.5897	1.3679	0.7486
95.2992	1.5911	1.3629	0.7956
95.4516	1.5791	1.3673	0.8673
95.6040	1.5813	1.3803	0.8370
95.7564	1.5805	1.3967	0.8744
95.9088	1.5804	1.4073	0.7599
96.0612	1.5792	1.4057	0.8068
96.2136	1.5761	1.3918	0.8259
96.3660	1.5601	1.3703	0.8065
96.5184	1.5712	1.3475	0.7460
96.6708	1.5375	1.3274	0.8403
96.8232	1.5441	1.3105	0.7481
96.9756	1.5314	1.2981	0.7627
97.1280	1.5277	1.2933	0.7565
97.2804	1.5386	1.2974	0.7546
97.4328	1.5328	1.3096	0.7681
97.5852	1.5532	1.3286	0.7753
97.7376	1.5638	1.3506	0.7313
97.8900	1.5570	1.3697	0.8260
98.0424	1.5737	1.3830	0.8455
98.1948	1.5673	1.3905	0.7840
98.3472	1.5633	1.3914	0.7885
98.4996	1.5384	1.3847	0.7699
98.6520	1.5282	1.3694	0.8088
98.8044	1.4578	1.3432	0.8101
98.9568	1.5100	1.3058	0.7581
99.1092	1.3825	1.2633	0.7596
99.2616	1.4581	1.2232	0.6979
99.4140	1.3659	1.1893	0.7110
99.5664	1.3530	1.1645	0.6888
99.7188	1.3435	1.1503	0.7554
99.8712	1.3279	1.1448	0.7176
100.0236	1.3197	1.1442	0.7244
100.1760	1.3024	1.1453	0.7232
100.3284	1.3093	1.1435	0.7161
100.4808	1.2873	1.1360	0.7179
100.6332	1.2981	1.1254	0.7125
100.7856	1.2842	1.1161	0.7327
100.9380	1.2780	1.1105	0.6713
101.0904	1.2828	1.1096	0.6651
101.2428	1.2837	1.1123	0.6980
101.3952	1.2848	1.1155	0.6608
101.5476	1.3028	1.1171	0.6938
101.7000	1.2862	1.1161	0.6654
101.8524	1.3056	1.1135	0.6452
102.0048	1.3071	1.1118	0.6383
102.1572	1.3126	1.1100	0.6483
102.3096	1.3133	1.1005	0.6536
102.4620	1.2767	1.0778	0.6224
102.6144	1.2831	1.0443	0.6338
102.7668	1.2409	1.0053	0.6155
102.9192	1.2277	0.9647	0.6135
103.0716	1.1865	0.9270	0.5739
103.2240	1.1753	0.8958	0.5785
103.3764	1.1667	0.8768	0.5544
103.5288	1.1684	0.8766	0.5537
103.6812	1.1657	0.8985	0.5174
103.8336	1.1902	0.9405	0.5176
103.9860	1.1851	0.9970	0.5684
104.1384	1.2167	1.0592	0.6207
104.2908	1.2328	1.1126	0.6931
104.4432	1.2896	1.1429	0.6598
104.5956	1.2765	1.1470	0.6862
104.7480	1.3070	1.1344	0.6720
104.9004	1.3087	1.1188	0.6942
105.0528	1.3023	1.1108	0.6674
105.2052	1.2897	1.1133	0.7022
105.3576	1.2912	1.1228	0.6771
105.5100	1.2824	1.1339	0.6988
105.6624	1.2812	1.1420	0.6997
105.8148	1.2780	1.1444	0.6871
105.9672	1.2704	1.1408	0.7207
106.1196	1.2664	1.1328	0.7040
106.2720	1.2658	1.1229	0.7189
106.4244	1.2622	1.1137	0.7232
106.5768	1.2604	1.1072	0.7112
106.7292	1.2598	1.1040	0.6729
106.8816	1.2552	1.1025	0.6819
107.0340	1.2427	1.1008	0.6974
107.1864	1.2463	1.0978	0.6440
107.3388	1.2421	1.0941	0.6866
107.4912	1.2435	1.0907	0.7108
107.6436	1.2502	1.0889	0.7823
107.7960	1.2545	1.0907	0.7413
107.9484	1.2665	1.0981	0.7254
108.1008	1.2788	1.1112	0.7142
108.2532	1.2748	1.1272	0.7360
108.4056	1.2770	1.1408	0.6910
108.5580	1.2877	1.1459	0.7519
108.7104	1.2871	1.1403	0.6942
108.8628	1.2883	1.1257	0.6887
109.0152	1.2916	1.1061	0.7098
109.1676	1.2873	1.0859	0.6859
109.3200	1.2830	1.0714	0.6375
109.4724	1.2817	1.0696	0.6714
109.6248	1.2812	1.0830	0.6560
109.7772	1.2797	1.1072	0.6564
109.9296	1.2792	1.1328	0.7180
110.0820	1.2787	1.1487	0.7217
110.2344	1.2782	1.1484	0.6845
110.3868	1.2778	1.1354	0.6442
110.5392	1.2857	1.1192	0.6715
110.6916	1.2816	1.1066	0.6521
110.8440	1.2816	1.1000	0.6790
110.9964	1.2948	1.1004	0.6779
111.1488	1.3152	1.1099	0.6348
111.3012	1.3252	1.1309	0.6495
111.4536	1.3251	1.1634	0.7494
111.6060	1.3341	1.2015	0.7218
111.7584	1.3590	1.2323	0.6889
111.9108	1.3727	1.2442	0.7496
112.0632	1.3747	1.2368	0.8184
112.2156	1.3760	1.2194	0.7399
112.3680	1.3799	1.2013	0.7611
112.5204	1.3836	1.1873	0.7157
112.6728	1.3844	1.1829	0.7333
112.8252	1.3987	1.1929	0.7553
112.9776	1.3981	1.2165	0.6690
113.1300	1.3984	1.2474	0.7995
113.2824	1.3975	1.2771	0.7445
113.4348	1.3957	1.2953	0.7063
113.5872	1.3946	1.2935	0.8292
113.7396	1.3914	1.2717	0.6712
113.8920	1.3871	1.2381	0.7294
114.0444	1.3838	1.2041	0.7302
114.1968	1.3594	1.1809	0.7540
114.3492	1.3197	1.1716	0.7601
114.5016	1.3083	1.1681	0.7201
114.6540	1.3144	1.1615	0.7718
114.8064	1.3138	1.1518	0.7417
114.9588	1.2954	1.1431	0.7144
115.1112	1.2860	1.1376	0.7122
115.2636	1.2795	1.1353	0.6763
115.4160	1.2787	1.1336	0.6989
115.5684	1.2818	1.1303	0.7938
115.7208	1.2802	1.1275	0.7809
115.8732	1.2924	1.1284	0.6266
116.0256	1.2948	1.1349	0.7613
116.1780	1.2969	1.1478	0.7708
116.3304	1.3146	1.1656	0.7152
116.4828	1.3194	1.1822	0.7251
116.6352	1.3203	1.1908	0.8162
116.7876	1.3335	1.1891	0.8839
116.9400	1.3317	1.1796	0.8372
117.0924	1.3297	1.1678	0.6920
117.2448	1.3320	1.1626	0.7720
117.3972	1.3587	1.1707	0.7725
117.5496	1.3571	1.1898	0.6353
117.7020	1.3646	1.2093	0.8212
117.8544	1.3593	1.2202	0.7789
118.0068	1.3625	1.2230	0.6883
118.1592	1.3439	1.2201	0.8671
118.3116	1.3240	1.2058	0.7515
118.4640	1.3253	1.1727	0.7946
118.6164	1.2983	1.1259	0.6925
118.7688	1.2818	1.0833	0.6893
118.9212	1.2501	1.0606	0.7002
119.0736	1.2278	1.0601	0.7178
119.2260	1.2282	1.0700	0.6620
119.3784	1.2355	1.0764	0.7677
119.5308	1.2354	1.0770	0.6853
119.6832	1.2450	1.0796	0.6970
119.8356	1.2595	1.0896	0.6633
119.9880	1.2616	1.1045	0.6489
120.1404	1.2597	1.1160	0.7644
120.2928	1.2619	1.1162	0.6753
120.4452	1.2704	1.1048	0.7277
120.5976	1.2697	1.0905	0.6149
120.7500	1.2733	1.0826	0.7089
120.9024	1.2729	1.0831	0.6465
121.0548	1.2536	1.0886	0.6534
121.2072	1.2435	1.0950	0.6784
121.3596	1.2439	1.1001	0.7129
121.5120	1.2572	1.1037	0.7275
121.6644	1.2773	1.1065	0.6922
121.8168	1.2739	1.1094	0.7231
121.9692	1.2731	1.1135	0.6884
122.1216	1.2757	1.1196	0.7258
122.2740	1.2714	1.1257	0.7374
122.4264	1.2568	1.1251	0.7058
122.5788	1.2420	1.1111	0.6914
122.7312	1.2315	1.0859	0.6570
122.8836	1.2133	1.0591	0.6671
123.0360	1.2013	1.0401	0.6628
123.1884	1.1991	1.0324	0.7020
123.3408	1.1905	1.0328	0.6182
123.4932	1.1705	1.0349	0.7072
123.6456	1.1648	1.0340	0.6614
123.7980	1.1644	1.0290	0.6478
123.9504	1.1637	1.0218	0.6383
124.1028	1.1746	1.0153	0.6356
124.2552	1.1850	1.0131	0.6496
124.4076	1.1796	1.0176	0.6735
124.5600	1.1738	1.0283	0.6765
124.7124	1.1842	1.0417	0.6528
124.8648	1.2032	1.0539	0.6889
125.0172	1.2171	1.0626	0.6712
125.1696	1.2192	1.0684	0.6779
125.3220	1.2216	1.0729	0.6672
125.4744	1.2269	1.0763	0.6481
125.6268	1.2311	1.0776	0.6860
125.7792	1.2329	1.0767	0.6815
125.9316	1.2325	1.0755	0.6658
126.0840	1.2343	1.0756	0.6730
126.2364	1.2347	1.0766	0.6685
126.3888	1.2316	1.0774	0.6536
126.5412	1.2314	1.0775	0.6393
126.6936	1.2292	1.0770	0.6690
126.8460	1.2249	1.0763	0.6437
126.9984	1.2238	1.0747	0.6417
127.1508	1.2239	1.0698	0.6819
127.3032	1.2173	1.0597	0.6412
127.4556	1.2000	1.0451	0.6458
127.6080	1.1967	1.0290	0.6513
127.7604	1.1963	1.0144	0.6061
127.9128	1.1987	1.0031	0.6208
128.0652	1.1944	0.9967	0.5977
128.2176	1.1997	0.9976	0.6076
128.3700	1.1923	1.0063	0.6926
128.5224	1.1971	1.0198	0.7307
128.6748	1.1956	1.0331	0.6833
128.8272	1.1812	1.0415	0.6639
128.9796	1.1787	1.0422	0.6425
129.1320	1.1743	1.0353	0.6437
129.2844	1.1728	1.0235	0.5675
129.4368	1.1676	1.0104	0.6090
129.5892	1.1464	0.9994	0.6030
129.7416	1.1285	0.9929	0.5585
129.8940	1.1314	0.9897	0.6101
130.0464	1.1322	0.9878	0.6104
130.1988	1.1356	0.9880	0.5891
130.3512	1.1795	0.9946	0.6111
130.5036	1.2303	1.0133	0.6554
130.6560	1.2273	1.0475	0.6711
130.8084	1.2116	1.0934	0.6391
130.9608	1.2364	1.1369	0.6821
131.1132	1.2740	1.1620	0.6851
131.2656	1.2880	1.1631	0.7012
131.4180	1.2961	1.1490	0.6873
131.5704	1.2964	1.1335	0.6977
131.7228	1.2914	1.1256	0.7378
131.8752	1.2962	1.1260	0.7116
132.0276	1.2902	1.1306	0.6848
132.1800	1.2828	1.1350	0.7339
132.3324	1.2823	1.1361	0.6645
132.4848	1.2812	1.1331	0.7137
132.6372	1.2814	1.1285	0.7613
132.7896	1.2854	1.1262	0.6673
132.9420	1.2978	1.1289	0.6742
133.0944	1.3068	1.1376	0.6942
133.2468	1.3071	1.1507	0.7137
133.3992	1.3077	1.1642	0.6911
133.5516	1.3090	1.1734	0.7032
133.7040	1.3094	1.1743	0.6937
133.8564	1.3133	1.1668	0.7121
134.0088	1.3135	1.1541	0.6625
134.1612	1.3125	1.1412	0.7017
134.3136	1.3024	1.1325	0.7056
134.4660	1.2968	1.1300	0.6716
134.6184	1.2994	1.1323	0.7380
134.7708	1.2973	1.1372	0.6995
134.9232	1.3002	1.1433	0.7050
135.0756	1.3017	1.1489	0.6521
135.2280	1.3021	1.1522	0.7361
135.3804	1.3025	1.1520	0.7168
135.5328	1.3051	1.1484	0.7521
135.6852	1.3085	1.1434	0.7059
135.8376	1.3166	1.1405	0.7305
135.9900	1.3236	1.1414	0.7349
136.1424	1.3232	1.1443	0.7488
136.2948	1.3142	1.1466	0.7389
136.4472	1.3123	1.1481	0.7314
136.5996	1.3204	1.1472	0.7027
136.7520	1.2939	1.1364	0.7349
136.9044	1.2837	1.1083	0.6514
137.0568	1.2924	1.0676	0.6914
137.2092	1.2940	1.0307	0.7083
137.3616	1.2753	1.0120	0.6643
137.5140	1.2419	1.0153	0.6300
137.6664	1.2292	1.0320	0.6411
137.8188	1.2382	1.0455	0.5862
137.9712	1.2398	1.0444	0.5976
138.1236	1.2286	1.0326	0.6154
138.2760	1.2412	1.0221	0.6028
138.4284	1.2349	1.0221	0.6623
138.5808	1.2446	1.0363	0.6808
138.7332	1.2459	1.0614	0.6462
138.8856	1.2431	1.0863	0.6452
139.0380	1.2554	1.1008	0.6554
139.1904	1.2555	1.1054	0.6816
139.3428	1.2635	1.1049	0.6315
139.4952	1.2730	1.1023	0.6476
139.6476	1.2729	1.1014	0.6548
139.8000	1.2720	1.1043	0.6668
139.9524	1.2673	1.1099	0.6852
140.1048	1.2762	1.1177	0.6718
140.2572	1.2702	1.1277	0.7358
140.4096	1.2688	1.1359	0.7150
140.5620	1.2844	1.1393	0.7200
140.7144	1.2784	1.1387	0.6862
140.8668	1.2814	1.1337	0.7118
141.0192	1.2832	1.1233	0.7032
141.1716	1.2724	1.1107	0.7031
141.3240	1.2574	1.1000	0.7112
141.4764	1.2550	1.0919	0.6749
141.6288	1.2501	1.0852	0.6836
141.7812	1.2349	1.0784	0.6511
141.9336	1.2262	1.0708	0.6637
142.0860	1.2261	1.0652	0.6648
142.2384	1.2243	1.0654	0.6141
142.3908	1.2267	1.0719	0.6338
142.5432	1.2270	1.0819	0.6616
142.6956	1.2298	1.0912	0.6844
142.8480	1.2300	1.0951	0.6968
143.0004	1.2325	1.0915	0.7200
143.1528	1.2472	1.0853	0.6790
143.3052	1.2627	1.0839	0.7060
143.4576	1.2646	1.0902	0.6800
143.6100	1.2705	1.1019	0.6697
143.7624	1.2844	1.1155	0.6760
143.9148	1.2908	1.1285	0.6852
144.0672	1.2926	1.1405	0.7704
144.2196	1.2960	1.1513	0.7749
144.3720	1.3112	1.1581	0.7709
144.5244	1.3264	1.1576	0.7325
144.6768	1.3275	1.1520	0.7070
144.8292	1.3287	1.1475	0.7100
144.9816	1.3266	1.1468	0.7039
145.1340	1.3200	1.1494	0.6631
145.2864	1.3156	1.1532	0.7085
145.4388	1.3166	1.1545	0.7820
145.5912	1.3166	1.1512	0.7868
145.7436	1.3081	1.1443	0.7691
145.8960	1.3030	1.1364	0.6968
146.0484	1.2898	1.1288	0.6948
146.2008	1.2824	1.1223	0.6909
146.3532	1.2817	1.1176	0.7207
146.5056	1.2870	1.1151	0.6588
146.6580	1.2742	1.1121	0.7147
146.8104	1.2538	1.1030	0.6858
146.9628	1.2278	1.0818	0.6774
147.1152	1.2298	1.0507	0.7217
147.2676	1.2358	1.0203	0.6827
147.4200	1.2201	1.0021	0.6932
147.5724	1.2004	1.0001	0.7005
147.7248	1.1941	1.0095	0.6168
147.8772	1.1905	1.0210	0.6070
148.0296	1.1882	1.0274	0.6400
148.1820	1.1808	1.0280	0.6065
148.3344	1.1787	1.0249	0.6434
148.4868	1.1822	1.0197	0.6343
148.6392	1.1864	1.0121	0.6885
148.7916	1.1914	1.0028	0.6502
148.9440	1.1933	0.9951	0.6922
149.0964	1.1939	0.9936	0.6313
149.2488	1.1924	1.0004	0.6131
149.4012	1.1899	1.0140	0.5981
149.5536	1.1861	1.0305	0.6194
149.7060	1.1946	1.0453	0.5989
149.8584	1.1938	1.0552	0.6310
150.0108	1.2021	1.0596	0.5992
150.1632	1.2176	1.0602	0.6283
150.3156	1.2309	1.0613	0.6475
150.4680	1.2390	1.0692	0.6969
150.6204	1.2541	1.0875	0.6888
150.7728	1.2786	1.1141	0.6818
150.9252	1.2898	1.1425	0.6922
151.0776	1.2884	1.1657	0.7287
151.2300	1.3021	1.1805	0.7256
151.3824	1.3205	1.1885	0.7361
151.5348	1.3217	1.1900	0.7385
151.6872	1.3245	1.1825	0.7114
151.8396	1.3252	1.1662	0.7017
151.9920	1.3238	1.1470	0.7730
152.1444	1.3154	1.1324	0.6955
152.2968	1.3133	1.1281	0.6635
152.4492	1.3130	1.1348	0.6948
152.6016	1.3124	1.1475	0.6977
152.7540	1.3131	1.1587	0.7075
152.9064	1.3139	1.1640	0.7358
153.0588	1.3267	1.1643	0.7981
153.2112	1.3232	1.1646	0.6229
153.3636	1.3219	1.1674	0.7896
153.5160	1.3352	1.1706	0.8128
153.6684	1.3575	1.1729	0.7388
153.8208	1.3835	1.1793	0.7698
153.9732	1.3934	1.1958	0.8638
154.1256	1.3809	1.2232	0.7676
154.2780	1.3890	1.2540	0.7709
154.4304	1.4303	1.2749	0.7521
154.5828	1.4321	1.2767	0.7634
154.7352	1.4384	1.2632	0.7596
154.8876	1.4377	1.2442	0.8228
155.0400	1.4343	1.2266	0.8489
155.1924	1.4344	1.2163	0.7534
155.3448	1.4355	1.2187	0.7747
155.4972	1.4289	1.2348	0.8563
155.6496	1.4269	1.2594	0.6680
155.8020	1.4231	1.2836	0.6874
155.9544	1.4230	1.2966	0.7276
156.1068	1.4221	1.2933	0.7932
156.2592	1.3910	1.2752	0.7257
156.4116	1.3863	1.2461	0.8851
156.5640	1.4052	1.2117	0.8067
156.7164	1.3915	1.1809	0.7380
156.8688	1.3510	1.1608	0.8361
157.0212	1.3317	1.1550	0.7676
157.1736	1.3329	1.1627	0.6996
157.3260	1.3327	1.1766	0.8653
157.4784	1.3345	1.1869	0.6883
157.6308	1.3558	1.1918	0.6626
157.7832	1.4004	1.1967	0.6436
157.9356	1.4227	1.2079	0.7905
158.0880	1.4173	1.2291	0.8301
158.2404	1.4186	1.2581	0.8302
158.3928	1.4297	1.2815	0.7983
158.5452	1.4017	1.2822	0.7276
158.6976	1.3761	1.2539	0.8463
158.8500	1.3745	1.2052	0.7329
159.0024	1.3776	1.1531	0.7566
159.1548	1.3666	1.1160	0.7311
159.3072	1.3258	1.1027	0.8134
159.4596	1.2682	1.1065	0.6631
159.6120	1.2694	1.1136	0.8358
159.7644	1.3083	1.1139	0.8279
159.9168	1.2713	1.1053	0.7332
160.0692	1.2470	1.0930	0.5734
160.2216	1.2483	1.0840	0.6353
160.3740	1.2370	1.0810	0.6898
160.5264	1.2341	1.0815	0.6733
160.6788	1.2422	1.0837	0.5949
160.8312	1.2474	1.0851	0.6545
160.9836	1.2441	1.0805	0.7558
161.1360	1.2473	1.0689	0.7503
161.2884	1.2422	1.0568	0.7263
161.4408	1.2289	1.0513	0.6187
161.5932	1.2224	1.0535	0.7262
161.7456	1.2195	1.0600	0.6104
161.8980	1.2209	1.0640	0.5828
162.0504	1.1978	1.0610	0.5700
162.2028	1.1923	1.0531	0.5776
162.3552	1.1763	1.0442	0.6221
162.5076	1.1746	1.0347	0.6733
162.6600	1.1751	1.0264	0.6695
162.8124	1.1866	1.0237	0.6629
162.9648	1.1977	1.0297	0.6820
163.1172	1.1983	1.0432	0.6886
163.2696	1.1997	1.0596	0.6934
163.4220	1.1980	1.0725	0.6583
163.5744	1.1979	1.0771	0.6840
163.7268	1.1987	1.0740	0.6767
163.8792	1.2001	1.0668	0.6397
164.0316	1.2030	1.0591	0.6748
164.1840	1.2073	1.0538	0.6949
164.3364	1.2087	1.0531	0.6454
164.4888	1.2090	1.0569	0.6721
164.6412	1.2095	1.0633	0.6960
164.7936	1.2121	1.0692	0.6773
164.9460	1.2106	1.0722	0.6819
165.0984	1.2097	1.0717	0.6709
165.2508	1.2115	1.0696	0.6883
165.4032	1.2045	1.0676	0.7422
165.5556	1.2029	1.0657	0.6953
165.7080	1.2007	1.0628	0.6724
165.8604	1.2000	1.0591	0.7024
166.0128	1.1983	1.0552	0.6906
166.1652	1.1914	1.0516	0.6724
166.3176	1.1976	1.0492	0.6806
166.4700	1.2004	1.0490	0.6549
166.6224	1.1987	1.0507	0.6820
166.7748	1.2122	1.0546	0.7312
166.9272	1.2519	1.0627	0.6166
167.0796	1.2783	1.0784	0.7879
167.2320	1.2820	1.1040	0.7373
167.3844	1.2957	1.1370	0.7778
167.5368	1.3163	1.1682	0.7265
167.6892	1.3253	1.1865	0.7806
167.8416	1.3474	1.1893	0.7350
167.9940	1.3732	1.1851	0.7079
168.1464	1.3784	1.1835	0.8004
168.2988	1.3824	1.1885	0.7204
168.4512	1.3843	1.1990	0.7851
168.6036	1.3903	1.2120	0.7586
168.7560	1.3934	1.2234	0.7298
168.9084	1.3874	1.2290	0.7923
169.0608	1.3929	1.2277	0.7892
169.2132	1.3638	1.2210	0.7802
169.3656	1.3444	1.2097	0.7265
169.5180	1.3430	1.1928	0.7619
169.6704	1.3343	1.1710	0.7357
169.8228	1.3239	1.1468	0.7283
169.9752	1.2779	1.1228	0.6493
170.1276	1.2351	1.1014	0.6586
170.2800	1.2296	1.0830	0.6795
170.4324	1.2291	1.0675	0.6811
170.5848	1.2126	1.0564	0.6816
170.7372	1.1997	1.0522	0.6912
170.8896	1.1946	1.0525	0.7010
171.0420	1.1923	1.0522	0.6466
171.1944	1.1897	1.0487	0.7118
171.3468	1.1882	1.0430	0.6684
171.4992	1.1798	1.0373	0.6661
171.6516	1.1718	1.0324	0.6648
171.8040	1.1720	1.0266	0.6572
171.9564	1.1642	1.0174	0.6491
172.1088	1.1568	1.0052	0.6658
172.2612	1.1527	0.9941	0.7011
172.4136	1.1488	0.9884	0.6462
172.5660	1.1423	0.9892	0.6525
172.7184	1.1409	0.9942	0.6460
172.8708	1.1395	1.0004	0.6493
173.0232	1.1408	1.0066	0.6306
173.1756	1.1489	1.0135	0.6784
173.3280	1.1491	1.0221	0.6395
173.4804	1.1555	1.0316	0.6172
173.6328	1.1693	1.0390	0.6775
173.7852	1.1755	1.0434	0.6239
173.9376	1.1731	1.0480	0.6539
174.0900	1.1941	1.0572	0.7154
174.2424	1.2192	1.0721	0.6785
174.3948	1.2257	1.0888	0.7035
174.5472	1.2288	1.1004	0.7162
174.6996	1.2316	1.1019	0.7106
174.8520	1.2343	1.0956	0.6781
175.0044	1.2429	1.0887	0.6632
175.1568	1.2443	1.0859	0.7093
175.3092	1.2420	1.0878	0.7350
175.4616	1.2518	1.0930	0.7151
175.6140	1.2558	1.0977	0.7268
175.7664	1.2529	1.0980	0.7474
175.9188	1.2847	1.0980	0.7277
176.0712	1.3114	1.1088	0.6369
176.2236	1.2834	1.1345	0.8308
176.3760	1.2630	1.1661	0.6225
176.5284	1.2916	1.1889	0.7036
176.6808	1.3427	1.1930	0.7054
176.8332	1.3532	1.1799	0.7691
176.9856	1.3487	1.1650	0.7623
177.1380	1.3459	1.1629	0.8229
177.2904	1.3415	1.1740	0.7520
177.4428	1.3444	1.1888	0.7981
177.5952	1.3217	1.1948	0.7024
177.7476	1.2847	1.1793	0.6698
177.9000	1.2828	1.1431	0.7079
178.0524	1.2744	1.1070	0.7447
178.2048	1.2667	1.0901	0.7185
178.3572	1.2611	1.0934	0.6978
178.5096	1.2591	1.1049	0.6572
178.6620	1.2572	1.1118	0.6545
178.8144	1.2556	1.1071	0.6459
178.9668	1.2531	1.0944	0.6102
179.1192	1.2461	1.0832	0.6359
179.2716	1.2442	1.0794	0.6362
179.4240	1.2451	1.0823	0.6661
179.5764	1.2473	1.0893	0.6839
179.7288	1.2473	1.0976	0.6424
179.8812	1.2533	1.1052	0.6794
180.0336	1.2662	1.1128	0.6756
180.1860	1.2763	1.1221	0.7012
180.3384	1.2774	1.1323	0.7047
180.4908	1.2700	1.1409	0.7173
180.6432	1.2730	1.1454	0.6992
180.7956	1.2569	1.1428	0.7423
180.9480	1.2415	1.1304	0.6823
181.1004	1.2470	1.1084	0.6866
181.2528	1.2550	1.0819	0.6632
181.4052	1.2407	1.0596	0.6973
181.5576	1.2096	1.0484	0.6870
181.7100	1.1963	1.0490	0.6335
181.8624	1.1967	1.0561	0.6649
182.0148	1.1965	1.0624	0.6994
182.1672	1.1935	1.0643	0.6501
182.3196	1.1969	1.0629	0.6461
182.4720	1.2023	1.0621	0.6765
182.6244	1.2121	1.0648	0.7130
182.7768	1.2186	1.0710	0.6486
182.9292	1.2249	1.0786	0.6819
183.0816	1.2324	1.0864	0.7109
183.2340	1.2379	1.0946	0.6802
183.3864	1.2474	1.1038	0.6704
183.5388	1.2512	1.1133	0.7620
183.6912	1.2527	1.1200	0.6981
183.8436	1.2553	1.1210	0.7400
183.9960	1.2559	1.1171	0.6983
184.1484	1.2555	1.1108	0.6672
184.3008	1.2559	1.1052	0.7261
184.4532	1.2510	1.1024	0.6685
184.6056	1.2494	1.1023	0.7008
184.7580	1.2479	1.1032	0.6919
184.9104	1.2445	1.1033	0.7176
185.0628	1.2454	1.1013	0.7343
185.2152	1.2435	1.0958	0.6948
185.3676	1.2414	1.0879	0.6349
185.5200	1.2387	1.0795	0.6520
185.6724	1.2359	1.0702	0.6990
185.8248	1.2195	1.0575	0.6718
185.9772	1.1995	1.0397	0.6224
186.1296	1.1916	1.0188	0.6787
186.2820	1.1898	1.0005	0.6778
186.4344	1.1909	0.9903	0.6667
186.5868	1.1866	0.9906	0.6630
186.7392	1.1921	1.0033	0.6276
186.8916	1.2114	1.0294	0.6627
187.0440	1.2166	1.0623	0.6352
187.1964	1.2134	1.0859	0.6794
187.3488	1.2169	1.0867	0.6379
187.5012	1.2155	1.0642	0.6336
187.6536	1.2201	1.0292	0.7067
187.8060	1.2360	0.9972	0.6411
187.9584	1.2391	0.9807	0.6292
188.1108	1.2355	0.9851	0.5864
188.2632	1.2463	1.0112	0.5861
188.4156	1.2499	1.0530	0.5984
188.5680	1.2418	1.0919	0.6131
188.7204	1.2353	1.1072	0.6584
188.8728	1.2329	1.0977	0.6302
189.0252	1.2323	1.0741	0.6695
189.1776	1.2265	1.0398	0.6582
189.3300	1.2020	0.9995	0.5875
189.4824	1.1773	0.9674	0.5710
189.6348	1.1812	0.9574	0.5790
189.7872	1.1930	0.9765	0.5586
189.9396	1.1852	1.0201	0.5722
190.0920	1.1531	1.0667	0.5723
190.2444	1.1573	1.0901	0.6382
190.3968	1.1542	1.0860	0.6834
190.5492	1.1693	1.0702	0.6630
190.7016	1.1977	1.0551	0.6450
190.8540	1.2019	1.0456	0.6695
191.0064	1.2060	1.0424	0.6652
191.1588	1.2033	1.0428	0.7063
191.3112	1.1829	1.0440	0.6705
191.4636	1.1756	1.0449	0.6915
191.6160	1.1775	1.0442	0.6624
191.7684	1.1711	1.0415	0.6385
191.9208	1.1563	1.0392	0.6859
192.0732	1.1497	1.0385	0.6109
192.2256	1.1492	1.0369	0.6658
192.3780	1.1439	1.0320	0.6537
192.5304	1.1414	1.0237	0.6918
192.6828	1.1404	1.0145	0.6505
192.8352	1.1387	1.0083	0.6587
192.9876	1.1349	1.0076	0.6668
193.1400	1.1357	1.0107	0.6513
193.2924	1.1366	1.0146	0.6700
193.4448	1.1345	1.0168	0.6526
193.5972	1.1335	1.0165	0.6526
193.7496	1.1332	1.0136	0.6290
193.9020	1.1335	1.0095	0.6532
194.0544	1.1349	1.0052	0.6407
194.2068	1.1385	1.0017	0.6692
194.3592	1.1429	0.9999	0.6296
194.5116	1.1414	1.0010	0.6457
194.6640	1.1382	1.0047	0.6485
194.8164	1.1425	1.0098	0.6616
194.9688	1.1442	1.0141	0.6314
195.1212	1.1407	1.0140	0.6678
195.2736	1.1433	1.0075	0.6525
195.4260	1.1449	0.9969	0.6466
195.5784	1.1393	0.9872	0.6471
195.7308	1.1333	0.9823	0.6163
195.8832	1.1346	0.9834	0.6159
196.0356	1.1349	0.9888	0.6480
196.1880	1.1373	0.9939	0.6235
196.3404	1.1394	0.9964	0.6478
196.4928	1.1432	0.9986	0.6292
196.6452	1.1654	1.0051	0.6033
196.7976	1.1955	1.0201	0.6175
196.9500	1.1984	1.0444	0.6522
197.1024	1.2035	1.0731	0.6745
197.2548	1.2192	1.0970	0.6812
197.4072	1.2395	1.1099	0.7090
197.5596	1.2511	1.1114	0.7677
197.7120	1.2526	1.1045	0.7116
197.8644	1.2532	1.0942	0.7067
198.0168	1.2400	1.0849	0.7505
198.1692	1.2131	1.0763	0.6480
198.3216	1.2173	1.0670	0.6723
198.4740	1.2333	1.0569	0.6632
198.6264	1.2194	1.0473	0.6305
198.7788	1.2256	1.0429	0.6382
198.9312	1.2651	1.0524	0.6597
199.0836	1.2687	1.0805	0.7287
199.2360	1.2465	1.1216	0.7066
199.3884	1.2550	1.1629	0.7538
199.5408	1.3042	1.1899	0.6830
199.6932	1.3260	1.1920	0.7933
199.8456	1.3209	1.1719	0.7168
199.9980	1.3184	1.1446	0.7426
200.1504	1.3109	1.1232	0.7956
200.3028	1.2887	1.1122	0.7948
200.4552	1.2797	1.1093	0.6791
200.6076	1.2379	1.1046	0.6550
200.7600	1.1940	1.0874	0.6712
200.9124	1.1952	1.0591	0.6755
201.0648	1.1929	1.0318	0.6230
201.2172	1.1664	1.0141	0.6717
201.3696	1.1561	1.0067	0.6918
201.5220	1.1531	1.0059	0.6789
201.6744	1.1472	1.0070	0.6655
201.8268	1.1363	1.0062	0.6321
201.9792	1.1319	1.0031	0.6795
202.1316	1.1213	0.9988	0.7083
202.2840	1.1163	0.9941	0.6361
202.4364	1.1156	0.9895	0.6313
202.5888	1.1161	0.9868	0.6566
202.7412	1.1167	0.9875	0.6481
202.8936	1.1178	0.9915	0.6546
203.0460	1.1297	0.9986	0.6464
203.1984	1.1376	1.0084	0.6741
203.3508	1.1400	1.0195	0.6553
203.5032	1.1443	1.0293	0.6721
203.6556	1.1478	1.0356	0.6301
203.8080	1.1510	1.0368	0.7179
203.9604	1.1512	1.0320	0.6358
204.1128	1.1526	1.0221	0.6143
204.2652	1.1550	1.0104	0.6147
204.4176	1.1592	1.0003	0.6017
204.5700	1.1661	0.9964	0.6338
204.7224	1.2162	1.0039	0.6260
204.8748	1.2399	1.0264	0.6342
205.0272	1.1985	1.0622	0.7228
205.1796	1.1898	1.1029	0.6683
205.3320	1.2504	1.1353	0.6296
205.4844	1.2726	1.1461	0.7277
205.6368	1.2755	1.1301	0.6938
205.7892	1.2797	1.0996	0.6636
205.9416	1.2743	1.0746	0.7727
206.0940	1.2695	1.0653	0.7398
206.2464	1.2472	1.0676	0.6530
206.3988	1.2002	1.0688	0.6006
206.5512	1.1835	1.0566	0.5981
206.7036	1.1988	1.0315	0.5879
206.8560	1.2047	1.0066	0.5911
207.0084	1.1737	0.9924	0.5548
207.1608	1.1672	0.9886	0.6382
207.3132	1.1682	0.9915	0.6211
207.4656	1.1685	0.9988	0.6368
207.6180	1.1659	1.0057	0.6257
207.7704	1.1638	1.0084	0.6326
207.9228	1.1664	1.0081	0.6160
208.0752	1.1666	1.0087	0.5759
208.2276	1.1640	1.0143	0.5910
208.3800	1.1691	1.0264	0.6242
208.5324	1.1718	1.0402	0.6213
208.6848	1.1750	1.0481	0.5834
208.8372	1.1895	1.0493	0.6819
208.9896	1.2092	1.0502	0.6563
209.1420	1.2205	1.0575	0.6851
209.2944	1.2237	1.0746	0.6759
209.4468	1.2243	1.0988	0.7279
209.5992	1.2252	1.1206	0.6798
209.7516	1.2259	1.1304	0.7207
209.9040	1.2274	1.1266	0.6592
210.0564	1.2231	1.1133	0.6933
210.2088	1.2226	1.0952	0.6765
210.3612	1.2195	1.0777	0.6451
210.5136	1.2013	1.0637	0.6460
210.6660	1.1793	1.0534	0.6505
210.8184	1.1722	1.0455	0.6456
210.9708	1.1782	1.0384	0.6466
211.1232	1.1738	1.0309	0.6767
211.2756	1.1603	1.0236	0.6786
211.4280	1.1605	1.0194	0.6169
211.5804	1.1584	1.0212	0.6679
211.7328	1.1560	1.0283	0.6730
211.8852	1.1581	1.0371	0.6950
212.0376	1.1646	1.0440	0.6373
212.1900	1.1641	1.0467	0.6560
212.3424	1.1637	1.0455	0.6650
212.4948	1.1635	1.0438	0.6712
212.6472	1.1618	1.0432	0.6913
212.7996	1.1595	1.0408	0.6913
212.9520	1.1484	1.0336	0.6441
213.1044	1.1362	1.0217	0.6412
213.2568	1.1326	1.0080	0.6505
213.4092	1.1304	0.9964	0.6813
213.5616	1.1281	0.9909	0.6407
213.7140	1.1204	0.9912	0.6445
213.8664	1.1074	0.9916	0.6378
214.0188	1.1004	0.9874	0.6168
214.1712	1.0990	0.9780	0.6100
214.3236	1.1035	0.9661	0.5994
214.4760	1.1026	0.9562	0.5887
214.6284	1.0947	0.9516	0.6051
214.7808	1.0994	0.9532	0.6187
214.9332	1.1036	0.9606	0.6056
215.0856	1.0984	0.9722	0.6623
215.2380	1.1029	0.9818	0.6467
215.3904	1.1089	0.9827	0.6027
215.5428	1.1730	0.9817	0.5779
215.6952	1.2318	0.9977	0.6882
215.8476	1.1793	1.0411	0.7738
216.0000	1.1541	1.0977	0.6181
216.1524	1.2077	1.1341	0.6246
216.3048	1.3171	1.1268	0.6823
216.4572	1.3408	1.0909	0.7045
216.6096	1.3458	1.0644	0.7839
216.7620	1.3453	1.0720	0.8055
216.9144	1.3583	1.1093	0.8100
217.0668	1.3634	1.1563	0.7895
217.2192	1.3279	1.1960	0.6684
217.3716	1.3498	1.2169	0.6628
217.5240	1.3639	1.2166	0.6508
217.6764	1.3500	1.2070	0.5981
217.8288	1.2851	1.1961	0.7022
217.9812	1.2619	1.1743	0.6377
218.1336	1.2579	1.1372	0.6733
218.2860	1.2484	1.0975	0.6869
218.4384	1.2443	1.0687	0.6814
218.5908	1.2408	1.0565	0.6735
218.7432	1.2370	1.0597	0.6486
218.8956	1.2303	1.0701	0.6834
219.0480	1.2234	1.0782	0.6559
219.2004	1.2238	1.0844	0.6951
219.3528	1.2178	1.0924	0.7262
219.5052	1.2152	1.0999	0.7126
219.6576	1.2108	1.1015	0.7161
219.8100	1.2069	1.0947	0.7277
219.9624	1.2035	1.0809	0.6619
220.1148	1.1989	1.0630	0.6687
220.2672	1.1955	1.0450	0.6314
220.4196	1.1793	1.0301	0.6152
220.5720	1.1656	1.0203	0.6308
220.7244	1.1659	1.0175	0.6368
220.8768	1.1692	1.0224	0.6658
221.0292	1.1658	1.0320	0.6284
221.1816	1.1620	1.0420	0.6702
221.3340	1.1639	1.0485	0.6640
221.4864	1.1619	1.0481	0.6186
221.6388	1.1553	1.0365	0.6360
221.7912	1.1254	1.0132	0.5826
221.9436	1.1030	0.9847	0.6000
222.0960	1.1182	0.9596	0.6039
222.2484	1.1190	0.9433	0.6080
222.4008	1.0864	0.9366	0.5605
222.5532	1.0648	0.9341	0.5706
222.7056	1.0622	0.9295	0.5466
222.8580	1.0595	0.9216	0.5346
223.0104	1.0542	0.9130	0.5532
223.1628	1.0526	0.9062	0.5473
223.3152	1.0683	0.9043	0.5393
223.4676	1.0708	0.9092	0.5378
223.6200	1.0690	0.9192	0.5217
223.7724	1.0802	0.9308	0.5840
223.9248	1.0886	0.9404	0.5530
224.0772	1.0942	0.9460	0.5448
224.2296	1.0993	0.9476	0.5716
224.3820	1.1134	0.9469	0.5727
224.5344	1.1977	0.9469	0.5485
224.6868	1.2077	0.9486	0.5819
224.8392	1.1369	0.9523	0.5327
224.9916	1.1426	0.9657	0.5382
225.1440	1.2107	0.9938	0.5433
225.2964	1.2094	1.0020	0.5585
225.4488	1.1079	0.9370	0.5113
225.6012	1.0234	0.8202	0.4950
225.7536	1.0153	0.7207	0.5641
225.9060	0.9928	0.6677	0.5692
226.0584	0.9632	0.6578	0.4382
226.2108	0.9546	0.6752	0.3966
226.3632	0.9543	0.6995	0.4163
226.5156	0.9478	0.7237	0.4566
226.6680	0.9479	0.7615	0.4668
226.8204	1.0093	0.8190	0.4888
226.9728	1.0175	0.8793	0.5360
227.1252	1.0274	0.9260	0.5460
227.2776	1.0641	0.9626	0.5286
227.4300	1.1748	0.9939	0.5734
227.5824	1.2174	1.0209	0.6550
227.7348	1.2243	1.0453	0.6572
227.8872	1.2396	1.0595	0.6369
228.0396	1.2426	1.0577	0.6533
228.1920	1.2173	1.0512	0.6389
228.3444	1.2006	1.0504	0.6463
228.4968	1.1950	1.0519	0.6642
228.6492	1.1888	1.0532	0.6214
228.8016	1.1857	1.0551	0.6543
228.9540	1.1801	1.0561	0.6351
229.1064	1.1655	1.0547	0.6582
229.2588	1.1559	1.0503	0.6486
229.4112	1.1603	1.0404	0.6096
229.5636	1.1660	1.0260	0.6333
229.7160	1.1573	1.0133	0.6425
229.8684	1.1497	1.0073	0.6076
230.0208	1.1526	1.0098	0.6539
230.1732	1.1480	1.0205	0.6180
230.3256	1.1468	1.0352	0.6268
230.4780	1.1500	1.0474	0.6538
230.6304	1.1567	1.0532	0.6041
230.7828	1.1605	1.0534	0.6484
230.9352	1.1619	1.0525	0.6241
231.0876	1.1626	1.0547	0.6538
231.2400	1.1627	1.0597	0.6448
231.3924	1.1637	1.0626	0.6315
231.5448	1.1617	1.0595	0.6510
231.6972	1.1621	1.0503	0.6741
231.8496	1.1622	1.0384	0.6288
232.0020	1.1624	1.0290	0.6569
232.1544	1.1604	1.0260	0.6549
232.3068	1.1617	1.0292	0.6353
232.4592	1.1636	1.0349	0.6342
232.6116	1.1705	1.0391	0.6489
232.7640	1.1783	1.0396	0.6173
232.9164	1.1812	1.0355	0.6437
233.0688	1.1879	1.0271	0.6353
233.2212	1.1887	1.0130	0.6096
233.3736	1.1824	0.9899	0.6580
233.5260	1.1773	0.9589	0.5867
233.6784	1.1769	0.9270	0.6153
233.8308	1.1683	0.8996	0.5841
233.9832	1.1173	0.8752	0.5713
234.1356	1.0762	0.8515	0.5274
234.2880	1.0787	0.8301	0.4704
234.4404	1.0703	0.8145	0.4745
234.5928	1.0686	0.8074	0.5139
234.7452	1.0651	0.8106	0.4878
234.8976	1.0730	0.8246	0.5006
235.0500	1.0773	0.8505	0.5527
235.2024	1.0682	0.8885	0.5788
235.3548	1.0883	0.9307	0.5861
235.5072	1.1398	0.9599	0.5180
235.6596	1.1235	0.9640	0.5905
235.8120	1.1501	0.9474	0.5611
235.9644	1.1535	0.9231	0.6103
236.1168	1.1464	0.9034	0.5822
236.2692	1.1586	0.8995	0.5860
236.4216	1.1656	0.9213	0.6164
236.5740	1.1644	0.9731	0.6307
236.7264	1.1605	1.0464	0.6035
236.8788	1.1554	1.1149	0.5504
237.0312	1.1581	1.1431	0.6402
237.1836	1.1560	1.1188	0.6016
237.3360	1.1620	1.0671	0.6239
237.4884	1.1719	1.0203	0.6304
237.6408	1.1699	0.9938	0.6302
237.7932	1.1630	0.9889	0.5918
237.9456	1.1529	1.0007	0.6339
238.0980	1.1303	1.0186	0.6321
238.2504	1.1188	1.0293	0.6235
238.4028	1.1187	1.0251	0.6180
238.5552	1.1092	1.0053	0.6068
238.7076	1.0928	0.9753	0.6637
238.8600	1.0912	0.9464	0.6217
239.0124	1.0913	0.9304	0.5795
239.1648	1.0944	0.9323	0.6331
239.3172	1.0966	0.9502	0.5712
239.4696	1.0985	0.9771	0.6166
239.6220	1.0999	1.0013	0.6439
239.7744	1.1020	1.0127	0.6481
239.9268	1.1180	1.0112	0.5977
240.0792	1.1457	1.0045	0.6530
240.2316	1.1463	1.0000	0.6750
240.3840	1.1389	1.0016	0.6652
240.5364	1.1448	1.0091	0.6131
240.6888	1.1416	1.0172	0.6410
240.8412	1.1281	1.0184	0.6377
240.9936	1.1223	1.0095	0.6225
241.1460	1.1264	0.9929	0.6278
241.2984	1.1225	0.9750	0.6134
241.4508	1.1181	0.9633	0.6122
241.6032	1.1311	0.9630	0.6025
241.7556	1.1266	0.9750	0.6488
241.9080	1.1232	0.9950	0.6323
242.0604	1.1408	1.0154	0.6021
242.2128	1.1713	1.0294	0.6461
242.3652	1.1823	1.0361	0.6982
242.5176	1.1920	1.0397	0.6196
242.6700	1.2312	1.0446	0.6366
242.8224	1.2521	1.0508	0.6381
242.9748	1.2697	1.0540	0.6370
243.1272	1.2723	1.0495	0.6847
243.2796	1.2302	1.0364	0.7458
243.4320	1.2519	1.0132	0.6792
243.5844	1.2462	0.9735	0.6775
243.7368	1.1732	0.9186	0.6814
243.8892	1.1556	0.8655	0.5379
244.0416	1.1550	0.8364	0.5029
244.1940	1.1624	0.8445	0.4966
244.3464	1.1683	0.8898	0.4764
244.4988	1.1787	0.9604	0.4995
244.6512	1.3385	1.0375	0.5809
244.8036	1.3557	1.1087	0.7883
244.9560	1.3533	1.1752	0.7789
245.1084	1.4146	1.2368	0.7307
245.2608	1.4219	1.2678	0.6301
245.4132	1.3339	1.2298	0.8030
245.5656	1.3284	1.1240	0.5182
245.7180	1.3368	0.9975	0.4899
245.8704	1.2488	0.8970	0.5142
246.0228	1.1320	0.8472	0.4794
246.1752	1.1227	0.8553	0.4845
246.3276	1.2069	0.9161	0.5583
246.4800	1.2263	1.0084	0.5327
246.6324	1.1688	1.0933	0.5169
246.7848	1.3116	1.1372	0.6004
246.9372	1.3060	1.1460	0.7352
247.0896	1.2377	1.1480	0.7242
247.2420	1.3206	1.1528	0.6127
247.3944	1.3892	1.1541	0.6037
247.5468	1.4398	1.1576	0.7367
247.6992	1.4852	1.1846	0.7529
247.8516	1.4906	1.2545	0.7832
248.0040	1.5306	1.3694	0.7472
248.1564	1.5640	1.4822	0.7951
248.3088	1.5122	1.4824	0.7713
248.4612	1.4499	1.3195	0.7141
248.6136	1.3686	1.0903	0.6965
248.7660	1.3353	0.9007	0.6604
248.9184	1.3309	0.7855	0.5805
249.0708	1.2647	0.7385	0.4837
249.2232	1.0883	0.7396	0.4623
249.3756	1.0747	0.7655	0.4742
249.5280	1.1478	0.7954	0.5115
249.6804	1.1838	0.8145	0.5235
249.8328	1.1099	0.8210	0.5007
249.9852	1.1983	0.8311	0.4913
250.1376	1.1825	0.8675	0.5925
250.2900	1.1629	0.9400	0.6508
250.4424	1.2219	1.0367	0.5657
250.5948	1.2762	1.1199	0.5148
250.7472	1.2675	1.1479	0.6537
250.8996	1.2736	1.1254	0.7094
251.0520	1.3014	1.0976	0.6895
251.2044	1.2930	1.0914	0.6779
251.3568	1.2872	1.1014	0.7101
251.5092	1.2712	1.1153	0.7124
251.6616	1.2622	1.1265	0.7058
251.8140	1.2586	1.1302	0.6924
251.9664	1.2493	1.1270	0.6715
252.1188	1.2271	1.1218	0.6773
252.2712	1.2101	1.1137	0.7065
252.4236	1.2128	1.0989	0.6625
252.5760	1.2063	1.0795	0.6478
252.7284	1.1858	1.0604	0.6857
252.8808	1.1761	1.0445	0.7064
253.0332	1.1739	1.0349	0.6742
253.1856	1.1726	1.0328	0.6129
253.3380	1.1730	1.0352	0.6415
253.4904	1.1735	1.0394	0.6757
253.6428	1.1803	1.0450	0.6465
253.7952	1.1987	1.0528	0.7161
253.9476	1.2064	1.0633	0.7041
254.1000	1.2005	1.0764	0.6873
254.2524	1.2030	1.0888	0.6900
254.4048	1.2323	1.0958	0.6616
254.5572	1.3190	1.0963	0.6251
254.7096	1.3327	1.0876	0.6291
254.8620	1.2763	1.0672	0.6060
255.0144	1.2297	1.0493	0.6337
255.1668	1.2751	1.0498	0.6337
255.3192	1.1963	1.0300	0.5538
255.4716	1.0639	0.9198	0.3885
255.6240	1.0530	0.7549	0.3600
255.7764	1.0861	0.6299	0.4850
255.9288	1.1166	0.5769	0.5448
256.0812	0.9664	0.5848	0.4514
256.2336	0.8096	0.6223	0.3559
256.3860	0.7765	0.6346	0.3313
256.5384	0.7808	0.5917	0.3503
256.6908	0.7716	0.5290	0.3412
256.8432	0.7869	0.4861	0.3318
256.9956	0.7896	0.4751	0.3515
257.1480	0.8164	0.5001	0.4483
257.3004	0.9469	0.5682	0.4275
257.4528	1.0907	0.6851	0.4336
257.6052	1.0863	0.8305	0.4792
257.7576	1.0981	0.9350	0.4795
257.9100	1.2221	0.9427	0.4364
258.0624	1.2938	0.8893	0.4214
258.2148	1.2931	0.8310	0.4510
258.3672	1.2814	0.7861	0.5109
258.5196	1.1700	0.7516	0.4851
258.6720	1.0891	0.7206	0.4532
258.8244	1.0643	0.6903	0.4946
258.9768	1.0094	0.6630	0.4228
259.1292	0.9804	0.6409	0.4010
259.2816	0.9743	0.6258	0.3986
259.4340	0.9891	0.6234	0.3763
259.5864	0.9904	0.6412	0.4100
259.7388	0.9898	0.6838	0.4114
259.8912	1.0643	0.7530	0.4574
260.0436	1.1205	0.8465	0.5246
260.1960	1.1473	0.9462	0.5465
260.3484	1.1760	1.0138	0.5015
260.5008	1.1679	1.0232	0.4887
260.6532	1.1337	0.9910	0.5222
260.8056	1.2005	0.9563	0.5270
260.9580	1.1984	0.9479	0.5861
261.1104	1.1767	0.9728	0.5762
261.2628	1.1833	1.0177	0.6057
261.4152	1.1917	1.0592	0.5722
261.5676	1.1806	1.0783	0.5576
261.7200	1.1779	1.0729	0.6103
261.8724	1.1907	1.0569	0.6599
262.0248	1.2009	1.0456	0.6676
262.1772	1.1976	1.0451	0.6793
262.3296	1.1988	1.0539	0.6645
262.4820	1.1930	1.0659	0.6479
262.6344	1.1914	1.0726	0.6972
262.7868	1.1953	1.0685	0.6442
262.9392	1.1907	1.0532	0.6414
263.0916	1.1935	1.0313	0.6117
263.2440	1.1955	1.0128	0.6283
263.3964	1.2081	1.0068	0.6147
263.5488	1.2661	1.0064	0.6169
263.7012	1.2950	0.9937	0.5373
263.8536	1.2939	0.9670	0.5738
264.0060	1.2798	0.9462	0.5962
264.1584	1.2777	0.9462	0.6046
264.3108	1.2115	0.9503	0.5515
264.4632	1.2105	0.9120	0.4925
264.6156	1.1816	0.8122	0.3676
264.7680	1.0544	0.6966	0.3765
264.9204	0.9691	0.6131	0.4141
265.0728	1.0071	0.5730	0.3755
265.2252	1.0124	0.5666	0.3798
265.3776	0.9895	0.5792	0.3665
265.5300	0.9497	0.5951	0.3734
265.6824	0.9029	0.6018	0.3576
265.8348	0.8894	0.5955	0.2869
265.9872	0.8846	0.5822	0.3800
266.1396	0.8897	0.5702	0.3604
266.2920	0.8889	0.5635	0.4042
266.4444	0.9064	0.5637	0.3982
266.5968	0.9153	0.5743	0.3686
266.7492	0.9240	0.6009	0.4262
266.9016	0.9223	0.6442	0.4098
267.0540	0.9320	0.6918	0.4063
267.2064	1.0518	0.7228	0.3685
267.3588	1.1570	0.7357	0.4775
267.5112	1.1194	0.7572	0.5206
267.6636	1.0530	0.8119	0.5050
267.8160	1.1153	0.8943	0.4357
267.9684	1.1882	0.9622	0.4712
268.1208	1.1799	0.9751	0.5829
268.2732	1.1670	0.9488	0.5922
268.4256	1.1700	0.9250	0.6145
268.5780	1.1680	0.9187	0.5803
268.7304	1.1544	0.9211	0.5875
268.8828	1.1247	0.9257	0.6171
269.0352	1.1185	0.9368	0.6032
269.1876	1.1376	0.9588	0.6210
269.3400	1.1408	0.9874	0.5964
269.4924	1.1181	1.0117	0.6075
269.6448	1.1387	1.0242	0.5748
269.7972	1.1654	1.0304	0.6766
269.9496	1.1716	1.0421	0.7123
270.1020	1.1785	1.0605	0.6118
270.2544	1.1832	1.0758	0.6747
270.4068	1.1959	1.0833	0.7262
270.5592	1.2420	1.0893	0.6659
270.7116	1.2725	1.1022	0.6737
270.8640	1.2831	1.1244	0.6692
271.0164	1.3044	1.1481	0.6918
271.1688	1.3602	1.1619	0.7133
271.3212	1.3860	1.1644	0.7142
271.4736	1.3803	1.1672	0.6915
271.6260	1.4038	1.1825	0.7624
271.7784	1.4115	1.2126	0.8203
271.9308	1.4038	1.2430	0.8260
272.0832	1.3975	1.2473	0.7403
272.2356	1.3657	1.2113	0.7126
272.3880	1.3882	1.1524	0.7345
272.5404	1.3847	1.1043	0.6810
272.6928	1.3750	1.0933	0.6686
272.8452	1.3734	1.1275	0.6644
272.9976	1.3213	1.1921	0.6688
273.1500	1.3131	1.2491	0.8325
273.3024	1.3212	1.2578	0.6353
273.4548	1.3090	1.2135	0.6480
273.6072	1.3231	1.1510	0.7245
273.7596	1.3005	1.1050	0.6512
273.9120	1.2995	1.0868	0.6589
274.0644	1.3025	1.0931	0.6751
274.2168	1.2925	1.1133	0.6801
274.3692	1.2674	1.1255	0.6278
274.5216	1.2180	1.1060	0.7347
274.6740	1.2134	1.0534	0.6199
274.8264	1.2256	0.9872	0.6234
274.9788	1.2090	0.9305	0.6693
275.1312	1.1985	0.9019	0.6472
275.2836	1.2206	0.9107	0.5823
275.4360	1.1948	0.9549	0.5589
275.5884	1.2278	1.0237	0.6894
275.7408	1.1995	1.0940	0.6723
275.8932	1.1945	1.1293	0.7211
276.0456	1.2367	1.1157	0.7307
276.1980	1.3508	1.0870	0.7219
276.3504	1.3866	1.0856	0.8231
276.5028	1.4033	1.1307	0.9905
276.6552	1.4104	1.2217	0.9371
276.8076	1.4228	1.3316	0.7595
276.9600	1.4379	1.4031	0.8928
277.1124	1.4676	1.3995	0.8007
277.2648	1.4653	1.3440	0.7848
277.4172	1.4778	1.2778	0.6931
277.5696	1.4693	1.2271	0.6869
277.7220	1.4327	1.2059	0.8996
277.8744	1.4124	1.2134	0.7081
278.0268	1.4057	1.2368	0.8070
278.1792	1.4051	1.2623	0.7864
278.3316	1.4027	1.2802	0.7442
278.4840	1.3995	1.2827	0.7554
278.6364	1.4055	1.2688	0.7742
278.7888	1.4186	1.2445	0.8280
278.9412	1.4164	1.2182	0.7140
279.0936	1.4180	1.1990	0.6785
279.2460	1.4094	1.1930	0.6914
279.3984	1.3717	1.1943	0.7201
279.5508	1.3392	1.1841	0.8238
279.7032	1.3340	1.1476	0.7561
279.8556	1.3253	1.0906	0.6907
280.0080	1.3025	1.0352	0.6713
280.1604	1.2686	1.0020	0.6183
280.3128	1.2663	0.9984	0.5553
280.4652	1.2781	1.0169	0.5716
280.6176	1.2701	1.0417	0.5766
280.7700	1.2240	1.0596	0.5885
280.9224	1.2273	1.0661	0.7104
281.0748	1.2241	1.0656	0.6536
281.2272	1.2181	1.0653	0.7000
281.3796	1.2154	1.0687	0.6095
281.5320	1.2111	1.0718	0.5775
281.6844	1.1998	1.0674	0.6088
281.8368	1.1871	1.0523	0.6473
281.9892	1.1807	1.0287	0.6377
282.1416	1.1765	1.0034	0.6384
282.2940	1.1726	0.9864	0.5970
282.4464	1.1695	0.9850	0.6621
282.5988	1.1641	1.0000	0.6431
282.7512	1.1453	1.0243	0.6915
282.9036	1.1404	1.0441	0.6540
283.0560	1.1388	1.0464	0.6735
283.2084	1.1372	1.0296	0.6334
283.3608	1.1347	1.0057	0.6349
283.5132	1.1345	0.9877	0.6668
283.6656	1.1258	0.9808	0.6249
283.8180	1.1282	0.9835	0.6594
283.9704	1.1346	0.9923	0.6733
284.1228	1.1332	1.0019	0.6605
284.2752	1.1208	1.0069	0.6657
284.4276	1.1320	1.0070	0.6602
284.5800	1.1331	1.0067	0.6340
284.7324	1.1337	1.0080	0.6218
284.8848	1.1319	1.0087	0.6589
285.0372	1.1330	1.0065	0.6867
285.1896	1.1445	1.0014	0.6443
285.3420	1.1734	0.9974	0.6855
285.4944	1.1972	0.9992	0.6860
285.6468	1.1870	1.0050	0.6356
285.7992	1.1902	1.0089	0.6630
285.9516	1.2013	1.0093	0.6675
286.1040	1.2031	1.0028	0.6383
286.2564	1.2055	0.9781	0.5707
286.4088	1.1533	0.9306	0.4862
286.5612	1.1469	0.8726	0.5428
286.7136	1.1692	0.8237	0.5418
286.8660	1.1399	0.7957	0.5089
287.0184	1.0426	0.7868	0.5166
287.1708	1.0028	0.7837	0.4681
287.3232	1.0192	0.7736	0.4389
287.4756	1.0384	0.7544	0.4321
287.6280	0.9964	0.7324	0.4268
287.7804	0.9906	0.7185	0.4413
287.9328	1.0157	0.7247	0.4735
288.0852	1.0157	0.7572	0.4464
288.2376	1.0266	0.8104	0.4875
288.3900	1.0913	0.8664	0.4784
288.5424	1.1778	0.9064	0.4595
288.6948	1.2215	0.9313	0.6273
288.8472	1.2173	0.9625	0.6863
288.9996	1.2124	1.0170	0.7233
289.1520	1.2346	1.0878	0.7018
289.3044	1.3277	1.1452	0.7219
289.4568	1.3526	1.1634	0.7117
289.6092	1.3537	1.1419	0.6678
289.7616	1.3346	1.1015	0.7290
289.9140	1.3280	1.0691	0.6883
290.0664	1.3156	1.0559	0.7079
290.2188	1.3040	1.0356	0.6069
290.3712	1.1369	0.9662	0.4477
290.5236	1.1103	0.8538	0.4389
290.6760	1.1174	0.7477	0.5221
290.8284	1.0543	0.6807	0.5304
290.9808	1.0277	0.6583	0.5127
291.1332	1.0245	0.6735	0.4186
291.2856	1.0207	0.7148	0.4390
291.4380	1.0284	0.7708	0.4419
291.5904	1.0322	0.8323	0.4400
291.7428	1.0492	0.8861	0.4885
291.8952	1.0904	0.9121	0.5473
292.0476	1.1134	0.9032	0.6118
292.2000	1.1108	0.8764	0.6086
292.3524	1.1426	0.8539	0.5827
292.5048	1.1654	0.8501	0.5385
292.6572	1.1413	0.8694	0.5469
292.8096	1.1529	0.9047	0.5829
292.9620	1.1358	0.9375	0.6235
293.1144	1.1134	0.9525	0.5806
293.2668	1.1599	0.9559	0.5711
293.4192	1.2342	0.9711	0.5746
293.5716	1.2437	1.0179	0.5783
293.7240	1.2374	1.1032	0.6031
293.8764	1.2816	1.2142	0.5897
294.0288	1.3948	1.3150	0.6715
294.1812	1.4615	1.3692	0.8937
294.3336	1.4797	1.3767	0.8844
294.4860	1.4982	1.3598	0.7559
294.6384	1.5304	1.3358	1.0246
294.7908	1.5490	1.3187	0.7989
294.9432	1.5242	1.3195	0.7854
295.0956	1.5220	1.3381	0.8281
295.2480	1.5184	1.3661	0.8168
295.4004	1.4821	1.3909	0.8028
295.5528	1.4086	1.3886	0.8323
295.7052	1.3500	1.3386	0.8500
295.8576	1.3138	1.2517	0.6836
296.0100	1.3256	1.1616	0.7053
296.1624	1.3410	1.0940	0.7177
296.3148	1.2836	1.0590	0.6452
296.4672	1.2657	1.0578	0.6591
296.6196	1.2641	1.0887	0.6665
296.7720	1.2478	1.1453	0.7321
296.9244	1.2602	1.2099	0.6870
297.0768	1.3613	1.2563	0.6513
297.2292	1.4724	1.2724	0.7516
297.3816	1.4783	1.2765	0.9062
297.5340	1.4327	1.2973	0.8989
297.6864	1.4575	1.3439	0.8629
297.8388	1.5681	1.3977	0.9070
297.9912	1.6076	1.4313	0.9283
298.1436	1.6128	1.4378	0.9775
298.2960	1.6141	1.4329	0.8550
298.4484	1.6035	1.4319	0.9082
298.6008	1.5679	1.4303	0.9016
298.7532	1.5533	1.4035	0.8889
298.9056	1.5315	1.3298	0.7655
299.0580	1.4721	1.2195	0.7737
299.2104	1.3655	1.1098	0.8081
299.3628	1.2946	1.0343	0.6409
299.5152	1.2794	1.0063	0.6148
299.6676	1.2703	1.0208	0.5968
299.8200	1.2602	1.0623	0.6502
299.9724	1.2332	1.1095	0.6574
300.1248	1.1774	1.1370	0.6751
300.2772	1.1726	1.1284	0.6369
300.4296	1.1667	1.0921	0.6841
300.5820	1.1600	1.0514	0.6451
300.7344	1.1611	1.0231	0.5923
300.8868	1.1488	1.0112	0.6206
301.0392	1.1283	1.0097	0.6651
301.1916	1.1168	1.0073	0.5694
301.3440	1.1153	0.9966	0.7102
301.4964	1.1101	0.9811	0.5399
301.6488	1.0994	0.9689	0.7200
301.8012	1.0999	0.9656	0.6117
301.9536	1.1042	0.9714	0.7029
302.1060	1.1023	0.9824	0.6127
302.2584	1.1004	0.9932	0.6483
302.4108	1.1041	0.9986	0.6515
302.5632	1.0997	0.9933	0.6044
302.7156	1.0922	0.9759	0.6544
302.8680	1.0925	0.9502	0.5824
303.0204	1.0923	0.9231	0.6368
303.1728	1.0941	0.9031	0.6806
303.3252	1.0990	0.9000	0.6177
303.4776	1.1212	0.9206	0.6147
303.6300	1.1335	0.9651	0.6430
303.7824	1.1277	1.0245	0.7581
303.9348	1.1319	1.0796	0.7231
304.0872	1.1609	1.1075	0.6130
304.2396	1.2026	1.0991	0.6549
304.3920	1.2176	1.0644	0.6098
304.5444	1.2374	1.0208	0.6173
304.6968	1.2412	0.9835	0.6892
304.8492	1.2382	0.9604	0.6896
305.0016	1.2179	0.9483	0.5769
305.1540	1.1431	0.9345	0.5719
305.3064	1.1302	0.9048	0.5312
305.4588	1.1693	0.8567	0.4977
305.6112	1.1349	0.8019	0.4659
305.7636	1.0397	0.7556	0.4463
305.9160	1.0311	0.7265	0.4423
306.0684	1.0269	0.7163	0.4298
306.2208	1.0240	0.7210	0.4456
306.3732	1.0057	0.7330	0.4006
306.5256	0.9873	0.7456	0.4586
306.6780	1.0121	0.7580	0.4514
306.8304	1.0317	0.7727	0.4642
306.9828	1.0463	0.7890	0.4743
307.1352	1.0501	0.8032	0.4803
307.2876	1.0632	0.8161	0.4509
307.4400	1.0867	0.8359	0.5195
307.5924	1.1005	0.8729	0.5608
307.7448	1.1059	0.9292	0.5955
307.8972	1.1116	0.9889	0.5907
308.0496	1.1355	1.0243	0.6274
308.2020	1.1586	1.0243	0.6371
308.3544	1.1523	1.0073	0.6241
308.5068	1.1501	0.9975	0.6517
308.6592	1.1575	1.0054	0.6098
308.8116	1.1463	1.0278	0.6842
308.9640	1.1479	1.0520	0.6203
309.1164	1.1475	1.0642	0.8068
309.2688	1.1498	1.0608	0.6730
309.4212	1.1480	1.0487	0.6827
309.5736	1.1517	1.0356	0.7044
309.7260	1.1508	1.0267	0.6761
309.8784	1.1477	1.0245	0.5668
310.0308	1.1571	1.0274	0.6401
310.1832	1.1627	1.0305	0.7457
310.3356	1.1582	1.0301	0.5998
310.4880	1.1629	1.0255	0.5855
310.6404	1.2072	1.0188	0.6570
310.7928	1.2204	1.0121	0.6605
310.9452	1.2124	1.0063	0.6514
311.0976	1.1901	1.0037	0.6610
311.2500	1.2041	1.0023	0.6650
311.4024	1.0662	0.9806	0.6878
311.5548	1.0591	0.9124	0.5721
311.7072	1.0517	0.8073	0.4916
311.8596	0.9915	0.7039	0.5016
312.0120	0.9633	0.6325	0.5979
312.1644	0.9548	0.6048	0.4398
312.3168	0.9431	0.6209	0.4241
312.4692	0.9211	0.6730	0.4206
312.6216	0.9602	0.7482	0.4452
312.7740	0.9812	0.8317	0.4879
312.9264	1.0131	0.9082	0.5673
313.0788	1.1119	0.9686	0.5696
313.2312	1.1623	1.0136	0.5563
313.3836	1.1672	1.0394	0.5388
313.5360	1.1657	1.0382	0.6182
313.6884	1.1984	1.0215	0.6149
313.8408	1.1910	1.0097	0.6485
313.9932	1.1816	1.0088	0.6382
314.1456	1.1927	1.0158	0.6965
314.2980	1.2100	1.0275	0.6352
314.4504	1.1808	1.0375	0.6532
314.6028	1.1473	1.0407	0.6636
314.7552	1.1426	1.0380	0.6336
314.9076	1.1423	1.0312	0.7018
315.0600	1.1416	1.0210	0.7030
315.2124	1.1380	1.0125	0.6561
315.3648	1.1324	1.0097	0.6903
315.5172	1.1242	1.0106	0.6014
315.6696	1.1242	1.0107	0.7012
315.8220	1.1274	1.0084	0.6355
315.9744	1.1269	1.0045	0.6544
316.1268	1.1220	1.0010	0.6316
316.2792	1.1211	0.9998	0.6192
316.4316	1.1199	0.9999	0.6158
316.5840	1.1177	0.9993	0.6100
316.7364	1.1192	0.9973	0.6505
316.8888	1.1188	0.9946	0.6354
317.0412	1.1145	0.9918	0.6002
317.1936	1.1130	0.9892	0.6521
317.3460	1.1118	0.9870	0.6292
317.4984	1.1098	0.9856	0.6421
317.6508	1.1072	0.9845	0.6442
317.8032	1.1113	0.9838	0.6204
317.9556	1.1142	0.9833	0.6313
318.1080	1.1158	0.9825	0.6361
318.2604	1.1176	0.9816	0.6363
318.4128	1.1234	0.9830	0.6296
318.5652	1.1497	0.9883	0.6242
318.7176	1.1594	0.9962	0.6378
318.8700	1.1672	1.0040	0.7197
319.0224	1.1721	1.0084	0.6766
319.1748	1.1719	1.0062	0.6468
319.3272	1.1742	0.9996	0.6768
319.4796	1.1800	0.9970	0.6321
319.6320	1.1971	1.0021	0.5948
319.7844	1.2251	1.0099	0.6284
319.9368	1.2444	1.0136	0.6966
320.0892	1.2581	1.0112	0.6031
320.2416	1.2555	1.0063	0.5249
320.3940	1.2670	1.0037	0.5618
320.5464	1.2073	0.9900	0.5416
320.6988	1.1505	0.9323	0.5449
320.8512	1.1523	0.8273	0.4877
321.0036	1.0443	0.7132	0.4772
321.1560	0.9004	0.6215	0.4512
321.3084	0.8257	0.5597	0.4071
321.4608	0.8078	0.5227	0.3157
321.6132	0.7716	0.5015	0.3191
321.7656	0.7433	0.4905	0.3245
321.9180	0.7458	0.4921	0.3288
322.0704	0.7512	0.5153	0.3573
322.2228	0.8164	0.5698	0.4105
322.3752	0.9770	0.6644	0.4075
322.5276	1.0007	0.8002	0.4842
322.6800	0.9638	0.9509	0.5570
322.8324	1.0542	1.0586	0.5756
322.9848	1.1881	1.0913	0.6540
323.1372	1.2073	1.0743	0.5997
323.2896	1.2312	1.0428	0.6066
323.4420	1.2466	1.0206	0.6019
323.5944	1.2323	1.0185	0.6500
323.7468	1.2309	1.0335	0.6040
323.8992	1.2339	1.0597	0.6292
324.0516	1.2351	1.0946	0.6919
324.2040	1.2565	1.1320	0.7759
324.3564	1.2801	1.1607	0.7710
324.5088	1.2851	1.1744	0.8972
324.6612	1.2859	1.1733	0.8820
324.8136	1.2849	1.1624	0.7271
324.9660	1.2804	1.1484	0.8480
325.1184	1.2720	1.1329	0.7115
325.2708	1.2276	1.1121	0.6583
325.4232	1.2071	1.0854	0.6199
325.5756	1.2187	1.0565	0.6488
325.7280	1.2241	1.0301	0.6128
325.8804	1.1605	1.0090	0.6069
326.0328	1.1155	0.9941	0.6051
326.1852	1.1097	0.9853	0.6883
326.3376	1.1037	0.9822	0.6261
326.4900	1.1097	0.9811	0.6925
326.6424	1.1008	0.9772	0.5905
326.7948	1.0940	0.9690	0.6840
326.9472	1.0869	0.9589	0.6059
327.0996	1.0865	0.9533	0.6539
327.2520	1.0873	0.9572	0.6559
327.4044	1.0912	0.9683	0.6390
327.5568	1.0961	0.9816	0.6287
327.7092	1.1200	0.9964	0.6289
327.8616	1.1252	1.0146	0.6479
328.0140	1.1136	1.0360	0.5988
328.1664	1.1183	1.0582	0.5541
328.3188	1.1537	1.0737	0.6840
328.4712	1.2246	1.0768	0.7840
328.6236	1.2128	1.0739	0.6659
328.7760	1.1945	1.0744	0.7278
328.9284	1.2043	1.0770	0.6750
329.0808	1.2631	1.0800	0.8317
329.2332	1.3266	1.0941	0.7505
329.3856	1.4031	1.1336	0.7957
329.5380	1.3869	1.2024	0.8484
329.6904	1.3786	1.2839	0.7572
329.8428	1.3967	1.3442	0.7961
329.9952	1.5770	1.3591	0.8667
330.1476	1.5620	1.3274	0.8600
330.3000	1.5471	1.2643	0.8520
330.4524	1.5249	1.2026	0.9555
330.6048	1.4353	1.1693	0.9039
330.7572	1.2310	1.1521	0.8621
330.9096	1.1221	1.1058	0.5561
331.0620	1.1033	1.0036	0.4029
331.2144	1.0872	0.8749	0.4235
331.3668	1.0504	0.7729	0.3903
331.5192	1.0113	0.7284	0.4281
331.6716	1.0079	0.7479	0.5189
331.8240	1.0347	0.8282	0.6309
331.9764	1.1130	0.9629	0.6186
332.1288	1.1242	1.1228	0.6044
332.2812	1.1312	1.2344	0.6321
332.4336	1.1621	1.2419	0.6871
332.5860	1.2796	1.1849	0.6805
332.7384	1.3187	1.1274	0.7582
332.8908	1.3245	1.0962	0.8011
333.0432	1.3313	1.0955	0.8343
333.1956	1.3325	1.1170	0.8161
333.3480	1.3341	1.1421	0.8365
333.5004	1.3276	1.1583	0.7771
333.6528	1.3171	1.1648	0.7554
333.8052	1.3045	1.1640	0.6797
333.9576	1.3118	1.1593	0.7487
334.1100	1.3078	1.1567	0.6442
334.2624	1.2847	1.1580	0.6780
334.4148	1.2409	1.1555	0.7649
334.5672	1.2310	1.1387	0.8203
334.7196	1.2251	1.1063	0.7323
334.8720	1.2239	1.0703	0.7860
335.0244	1.2189	1.0450	0.7392
335.1768	1.1988	1.0365	0.7531
335.3292	1.1534	1.0394	0.6931
335.4816	1.1485	1.0426	0.6801
335.6340	1.1474	1.0393	0.6100
335.7864	1.1470	1.0324	0.6398
335.9388	1.1481	1.0277	0.5834
336.0912	1.1764	1.0256	0.5961
336.2436	1.1815	1.0236	0.6892
336.3960	1.1846	1.0203	0.6349
336.5484	1.1883	1.0161	0.7383
336.7008	1.1917	1.0122	0.6194
336.8532	1.1937	1.0105	0.6848
337.0056	1.2136	1.0131	0.6274
337.1580	1.2265	1.0191	0.6204
337.3104	1.2157	1.0275	0.6436
337.4628	1.2168	1.0404	0.6113
337.6152	1.2178	1.0535	0.6417
337.7676	1.2040	1.0452	0.6213
337.9200	1.1187	0.9974	0.6035
338.0724	1.0622	0.9243	0.4847
338.2248	1.0763	0.8572	0.4640
338.3772	1.0743	0.8168	0.4789
338.5296	1.0738	0.8089	0.4902
338.6820	1.0757	0.8284	0.4858
338.8344	1.0793	0.8674	0.5085
338.9868	1.0889	0.9238	0.5965
339.1392	1.2137	0.9979	0.6935
339.2916	1.2236	1.0754	0.6536
339.4440	1.1980	1.1258	0.6660
339.5964	1.2369	1.1327	0.6570
339.7488	1.2856	1.1106	0.6975
339.9012	1.2973	1.0847	0.7394
340.0536	1.2792	1.0722	0.6722
340.2060	1.2629	1.0759	0.6980
340.3584	1.2754	1.0855	0.7154
340.5108	1.2824	1.0905	0.6831
340.6632	1.2987	1.0925	0.7123
340.8156	1.3247	1.0910	0.6896
340.9680	1.3135	1.0726	0.6567
341.1204	1.2892	1.0335	0.6061
341.2728	1.2586	0.9902	0.6378
341.4252	1.2562	0.9499	0.6598
341.5776	1.1006	0.8940	0.5289
341.7300	0.9594	0.8068	0.3919
341.8824	0.9494	0.7043	0.3820
342.0348	1.0208	0.6188	0.4187
342.1872	1.0102	0.5691	0.4844
342.3396	0.9261	0.5577	0.4016
342.4920	0.8847	0.5809	0.3989
342.6444	0.8904	0.6368	0.4724
342.7968	0.8963	0.7182	0.4608
342.9492	0.9605	0.7942	0.3966
343.1016	1.0319	0.8203	0.3835
343.2540	1.0296	0.7971	0.4979
343.4064	1.0371	0.7774	0.5149
343.5588	1.1324	0.8084	0.5784
343.7112	1.1811	0.9081	0.5230
343.8636	1.1886	1.0530	0.5898
344.0160	1.2099	1.1627	0.6431
344.1684	1.2093	1.1681	0.6563
344.3208	1.2028	1.1002	0.6300
344.4732	1.2035	1.0280	0.6193
344.6256	1.2033	0.9893	0.6227
344.7780	1.2013	0.9900	0.6214
344.9304	1.1855	1.0183	0.6001
345.0828	1.1642	1.0573	0.6330
345.2352	1.1638	1.0903	0.6271
345.3876	1.1643	1.1022	0.6361
345.5400	1.1680	1.0890	0.6846
345.6924	1.1770	1.0640	0.6386
345.8448	1.2141	1.0476	0.7016
345.9972	1.2196	1.0563	0.7391
346.1496	1.2214	1.0938	0.6766
346.3020	1.2253	1.1436	0.6532
346.4544	1.2582	1.1767	0.6633
346.6068	1.3062	1.1810	0.8627
346.7592	1.3418	1.1773	0.7159
346.9116	1.3526	1.1929	0.7177
347.0640	1.3830	1.2329	0.7312
347.2164	1.4576	1.2787	0.8066
347.3688	1.5015	1.3108	0.7232
347.5212	1.5148	1.3347	1.0219
347.6736	1.5603	1.3741	0.8229
347.8260	1.5887	1.4406	0.9141
347.9784	1.5993	1.5079	0.9317
348.1308	1.5256	1.5176	0.9340
348.2832	1.4932	1.4404	0.8288
348.4356	1.4875	1.3156	0.8294
348.5880	1.4758	1.2032	0.7039
348.7404	1.4488	1.1374	0.7028
348.8928	1.4072	1.1246	0.6824
349.0452	1.3569	1.1520	0.6524
349.1976	1.3436	1.1974	0.9096
349.3500	1.3409	1.2376	0.7231
349.5024	1.3453	1.2556	0.7355
349.6548	1.3369	1.2473	0.8780
349.8072	1.3603	1.2227	0.7901
349.9596	1.3547	1.1936	0.7823
350.1120	1.3495	1.1673	0.6699
350.2644	1.3498	1.1508	0.7541
350.4168	1.3381	1.1472	0.7645
350.5692	1.2709	1.1476	0.7457
350.7216	1.2373	1.1361	0.7000
350.8740	1.2358	1.1063	0.6291
351.0264	1.2139	1.0670	0.5792
351.1788	1.1758	1.0350	0.6250
351.3312	1.1668	1.0211	0.6288
351.4836	1.1679	1.0217	0.6003
351.6360	1.1552	1.0241	0.5966
351.7884	1.1321	1.0200	0.6119
351.9408	1.1367	1.0106	0.6885
352.0932	1.1393	1.0010	0.7132
352.2456	1.1375	0.9952	0.6824
352.3980	1.1409	0.9944	0.7184
352.5504	1.1468	0.9963	0.7008
352.7028	1.1289	0.9980	0.6601
352.8552	1.1255	0.9985	0.6946
353.0076	1.1289	0.9970	0.6726
353.1600	1.1339	0.9930	0.6850
353.3124	1.1310	0.9887	0.6780
353.4648	1.1530	0.9908	0.6552
353.6172	1.1882	1.0066	0.6650
353.7696	1.1915	1.0382	0.7190
353.9220	1.1765	1.0786	0.6964
354.0744	1.1705	1.1140	0.6929
354.2268	1.2184	1.1306	0.7354
354.3792	1.2334	1.1235	0.8009
354.5316	1.2299	1.0994	0.7201
354.6840	1.2277	1.0714	0.6544
354.8364	1.2276	1.0513	0.7651
354.9888	1.2265	1.0452	0.7439
355.1412	1.2243	1.0547	0.7113
355.2936	1.2292	1.0753	0.6232
355.4460	1.2285	1.0962	0.6267
355.5984	1.2235	1.1087	0.6325
355.7508	1.2098	1.1101	0.6178
355.9032	1.2099	1.1010	0.6512
356.0556	1.2188	1.0843	0.6699
356.2080	1.2078	1.0671	0.6646
356.3604	1.2140	1.0563	0.6741
356.5128	1.2461	1.0564	0.6872
356.6652	1.2480	1.0695	0.7498
356.8176	1.2507	1.0923	0.7277
356.9700	1.2532	1.1144	0.6882
357.1224	1.2562	1.1266	0.7547
357.2748	1.2695	1.1286	0.7206
357.4272	1.2749	1.1268	0.7926
357.5796	1.2752	1.1279	0.7146
357.7320	1.2752	1.1346	0.7541
357.8844	1.2756	1.1438	0.7458
358.0368	1.2682	1.1491	0.7333
358.1892	1.2676	1.1462	0.6993
358.3416	1.2675	1.1354	0.6924
358.4940	1.2671	1.1209	0.6804
358.6464	1.2675	1.1086	0.6604
358.7988	1.2699	1.1030	0.6883
358.9512	1.2722	1.1055	0.6758
359.1036	1.2718	1.1146	0.7377
359.2560	1.2742	1.1266	0.7203
359.4084	1.2801	1.1360	0.7132
359.5608	1.2758	1.1401	0.7475
359.7132	1.3013	1.1396	0.6775
359.8656	1.3031	1.1340	0.6787
360.0180	1.2996	1.1229	0.7282
360.1704	1.2944	1.1125	0.7102
360.3228	1.2755	1.1077	0.6572
360.4752	1.2272	1.1020	0.7249
360.6276	1.2071	1.0823	0.6077
360.7800	1.1856	1.0436	0.5405
360.9324	1.1634	0.9963	0.5411
361.0848	1.1572	0.9611	0.5134
361.2372	1.1539	0.9544	0.5524
361.3896	1.1384	0.9760	0.5474
361.5420	1.1352	1.0108	0.5268
361.6944	1.1338	1.0410	0.5557
361.8468	1.1191	1.0539	0.6196
361.9992	1.1207	1.0457	0.6615
362.1516	1.1585	1.0252	0.6474
362.3040	1.1777	1.0065	0.7101
362.4564	1.1776	0.9963	0.6464
362.6088	1.1736	0.9955	0.6729
362.7612	1.1562	1.0026	0.6554
362.9136	1.1536	1.0126	0.6626
363.0660	1.1492	1.0195	0.6719
363.2184	1.1441	1.0216	0.6358
363.3708	1.1432	1.0211	0.6944
363.5232	1.1424	1.0201	0.6252
363.6756	1.1461	1.0202	0.6389
363.8280	1.1540	1.0227	0.6826
363.9804	1.1591	1.0274	0.6914
364.1328	1.1604	1.0336	0.6549
364.2852	1.1603	1.0411	0.6887
364.4376	1.1602	1.0488	0.7030
364.5900	1.1628	1.0542	0.6662
364.7424	1.1660	1.0548	0.6644
364.8948	1.1660	1.0493	0.6733
365.0472	1.1617	1.0395	0.6890
365.1996	1.1640	1.0303	0.6287
365.3520	1.1701	1.0255	0.6644
365.5044	1.1745	1.0255	0.6813
365.6568	1.1782	1.0298	0.5900
365.8092	1.2157	1.0437	0.6546
365.9616	1.2740	1.0763	0.6547
366.1140	1.2631	1.1292	0.7698
366.2664	1.2670	1.1872	0.6820
366.4188	1.3077	1.2251	0.5959
366.5712	1.3577	1.2305	0.7681
366.7236	1.4104	1.2189	0.8238
366.8760	1.4632	1.2161	0.8206
367.0284	1.4790	1.2323	0.8265
367.1808	1.4751	1.2585	0.8206
367.3332	1.4680	1.2774	0.7933
367.4856	1.4528	1.2649	0.8151
367.6380	1.3297	1.1983	0.6852
367.7904	1.2095	1.0864	0.6034
367.9428	1.1972	0.9687	0.5165
368.0952	1.1923	0.8785	0.4979
368.2476	1.1777	0.8302	0.5391
368.4000	1.1675	0.8279	0.5029
368.5524	1.1309	0.8699	0.5722
368.7048	1.1257	0.9464	0.7111
368.8572	1.1313	1.0372	0.7167
369.0096	1.1305	1.1088	0.6243
369.1620	1.1750	1.1287	0.6974
369.3144	1.1997	1.0988	0.6716
369.4668	1.1992	1.0519	0.6662
369.6192	1.1980	1.0134	0.6479
369.7716	1.1834	0.9918	0.6272
369.9240	1.1370	0.9882	0.6503
370.0764	1.1206	0.9958	0.6577
370.2288	1.1142	1.0023	0.5985
370.3812	1.1037	1.0011	0.6456
370.5336	1.0945	0.9937	0.6052
370.6860	1.0915	0.9835	0.6642
370.8384	1.0889	0.9739	0.6417
370.9908	1.0865	0.9678	0.6066
371.1432	1.0801	0.9647	0.6302
371.2956	1.0808	0.9632	0.6715
371.4480	1.0818	0.9627	0.6120
371.6004	1.0812	0.9622	0.6248
371.7528	1.0799	0.9604	0.6553
371.9052	1.0884	0.9588	0.6481
372.0576	1.0974	0.9603	0.6302
372.2100	1.0986	0.9651	0.6717
372.3624	1.1076	0.9713	0.6321
372.5148	1.1233	0.9784	0.6779
372.6672	1.1433	0.9875	0.6158
372.8196	1.1565	0.9996	0.7434
372.9720	1.1633	1.0136	0.7264
373.1244	1.1713	1.0243	0.7451
373.2768	1.2082	1.0279	0.7050
373.4292	1.2541	1.0313	0.7048
373.5816	1.2607	1.0495	0.6300
373.7340	1.2659	1.0928	0.6841
373.8864	1.2708	1.1577	0.6843
374.0388	1.2603	1.2204	0.7302
374.1912	1.2616	1.2441	0.7211
374.3436	1.2637	1.2120	0.7174
374.4960	1.2604	1.1483	0.7328
374.6484	1.2591	1.0899	0.6580
374.8008	1.2428	1.0569	0.6455
374.9532	1.1948	1.0500	0.6459
375.1056	1.2051	1.0567	0.6960
375.2580	1.2053	1.0613	0.7089
375.4104	1.1894	1.0552	0.6723
375.5628	1.1565	1.0400	0.7253
375.7152	1.1405	1.0223	0.6475
375.8676	1.1409	1.0092	0.6466
376.0200	1.1492	1.0031	0.5699
376.1724	1.1575	1.0017	0.6251
376.3248	1.1630	1.0054	0.7601
376.4772	1.2530	1.0255	0.6774
376.6296	1.3113	1.0780	0.8299
376.7820	1.2853	1.1688	0.8724
376.9344	1.3045	1.2801	0.7603
377.0868	1.3755	1.3634	0.7139
377.2392	1.4062	1.3706	0.8865
377.3916	1.4085	1.3082	0.8499
377.5440	1.4018	1.2282	0.8542
377.6964	1.3793	1.1679	0.8512
377.8488	1.3413	1.1337	0.9114
378.0012	1.3091	1.1189	0.6767
378.1536	1.2649	1.1127	0.6987
378.3060	1.2298	1.1016	0.6790
378.4584	1.2184	1.0812	0.6766
378.6108	1.2041	1.0597	0.6881
378.7632	1.1891	1.0458	0.7613
378.9156	1.1983	1.0413	0.8043
379.0680	1.1913	1.0459	0.6696
379.2204	1.1833	1.0575	0.7656
379.3728	1.1908	1.0703	0.6947
379.5252	1.2105	1.0795	0.7590
379.6776	1.2148	1.0846	0.6085
379.8300	1.2118	1.0872	0.8246
379.9824	1.2156	1.0881	0.6019
380.1348	1.2332	1.0886	0.7033
380.2872	1.2411	1.0886	0.7637
380.4396	1.2438	1.0859	0.6669
380.5920	1.2453	1.0816	0.6932
380.7444	1.2514	1.0800	0.7725
380.8968	1.2731	1.0795	0.7269
381.0492	1.2742	1.0704	0.6922
381.2016	1.2564	1.0490	0.6650
381.3540	1.2349	1.0243	0.6761
381.5064	1.2162	1.0026	0.6055
381.6588	1.1399	0.9763	0.7006
381.8112	1.1293	0.9367	0.5558
381.9636	1.1290	0.8909	0.4914
382.1160	1.1424	0.8629	0.4842
382.2684	1.1393	0.8770	0.4768
382.4208	1.1528	0.9423	0.5215
382.5732	1.1276	1.0395	0.5722
382.7256	1.1318	1.1181	0.5866
382.8780	1.1403	1.1344	0.5719
383.0304	1.1467	1.0977	0.5501
383.1828	1.1873	1.0500	0.6407
383.3352	1.2391	1.0218	0.6584
383.4876	1.2425	1.0213	0.6924
383.6400	1.2433	1.0415	0.6927
383.7924	1.2459	1.0704	0.6815
383.9448	1.2338	1.0953	0.6999
384.0972	1.2228	1.1061	0.6763
384.2496	1.2181	1.1005	0.7142
384.4020	1.2147	1.0855	0.6751
384.5544	1.2126	1.0709	0.6740
384.7068	1.2107	1.0630	0.7035
384.8592	1.2094	1.0632	0.7142
385.0116	1.2089	1.0679	0.6674
385.1640	1.2069	1.0720	0.6571
385.3164	1.2070	1.0726	0.7440
385.4688	1.2080	1.0700	0.6730
385.6212	1.2101	1.0662	0.7476
385.7736	1.2127	1.0628	0.6699
385.9260	1.2211	1.0617	0.6906
386.0784	1.2428	1.0647	0.7056
386.2308	1.2497	1.0713	0.6362
386.3832	1.2472	1.0780	0.6621
386.5356	1.2486	1.0827	0.7117
386.6880	1.2756	1.0858	0.6593
386.8404	1.3219	1.0817	0.6700
386.9928	1.3123	1.0578	0.6326
387.1452	1.3023	1.0168	0.6037
387.2976	1.2869	0.9786	0.6750
387.4500	1.1978	0.9526	0.6333
387.6024	1.0229	0.9248	0.5532
387.7548	1.0150	0.8713	0.3831
387.9072	1.0027	0.7861	0.3803
388.0596	0.9932	0.6952	0.4056
388.2120	1.0003	0.6326	0.4125
388.3644	0.9401	0.6144	0.3559
388.5168	0.9230	0.6413	0.4753
388.6692	0.9099	0.7068	0.6411
388.8216	0.9956	0.7917	0.6111
388.9740	1.0479	0.8563	0.6461
389.1264	1.0513	0.8724	0.6007
389.2788	1.0565	0.8595	0.6130
389.4312	1.0655	0.8528	0.6056
389.5836	1.1393	0.8679	0.6240
389.7360	1.1327	0.9048	0.6022
389.8884	1.1353	0.9540	0.5909
390.0408	1.1392	0.9980	0.5834
390.1932	1.1454	1.0212	0.5941
390.3456	1.1577	1.0214	0.5757
390.4980	1.1881	1.0109	0.6007
390.6504	1.2148	1.0108	0.7052
390.8028	1.2233	1.0379	0.7664
390.9552	1.2369	1.0903	0.7002
391.1076	1.2938	1.1503	0.6775
391.2600	1.3364	1.1959	0.7467
391.4124	1.3430	1.2154	0.8442
391.5648	1.3527	1.2155	0.8289
391.7172	1.3636	1.2094	0.9933
391.8696	1.3619	1.1994	0.8603
392.0220	1.3613	1.1827	0.6824
392.1744	1.3533	1.1621	0.6842
392.3268	1.3220	1.1419	0.7479
392.4792	1.2796	1.1235	0.6704
392.6316	1.2662	1.1101	0.6530
392.7840	1.2611	1.1042	0.7294
392.9364	1.2557	1.1037	0.7137
393.0888	1.2351	1.1036	0.6937
393.2412	1.2269	1.0962	0.7567
393.3936	1.2322	1.0745	0.5941
393.5460	1.2530	1.0395	0.6169
393.6984	1.2586	1.0018	0.5766
393.8508	1.2648	0.9773	0.5822
394.0032	1.3315	0.9793	0.5428
394.1556	1.3463	1.0054	0.5903
394.3080	1.3389	1.0282	0.6563
394.4604	1.3285	1.0125	0.5909
394.6128	1.2963	0.9494	0.5650
394.7652	1.1963	0.8573	0.5693
394.9176	1.1104	0.7597	0.4448
395.0700	1.0555	0.6734	0.3666
395.2224	1.0226	0.6069	0.3679
395.3748	0.9729	0.5628	0.3698
395.5272	0.9185	0.5411	0.3615
395.6796	0.8981	0.5360	0.3289
395.8320	0.8747	0.5360	0.3453
395.9844	0.8514	0.5308	0.2568
396.1368	0.8330	0.5175	0.2571
396.2892	0.8055	0.4985	0.2542
396.4416	0.7713	0.4776	0.2485
396.5940	0.7656	0.4586	0.2474
396.7464	0.7634	0.4447	0.2403
396.8988	0.7527	0.4381	0.2831
397.0512	0.7426	0.4425	0.2918
397.2036	0.7562	0.4629	0.3353
397.3560	0.7758	0.5046	0.3652
397.5084	0.8512	0.5693	0.3662
397.6608	0.9068	0.6501	0.3971
397.8132	0.9318	0.7313	0.3776
397.9656	1.0164	0.8016	0.4697
398.1180	1.1675	0.8685	0.4967
398.2704	1.2073	0.9495	0.5060
398.4228	1.2305	1.0454	0.5761
398.5752	1.2649	1.1276	0.6081
398.7276	1.2642	1.1636	0.6005
398.8800	1.2669	1.1506	0.5909
399.0324	1.2637	1.1089	0.6542
399.1848	1.2367	1.0627	0.6576
399.3372	1.2120	1.0299	0.6435
399.4896	1.1943	1.0156	0.6543
399.6420	1.1849	1.0154	0.6515
399.7944	1.1808	1.0229	0.6536
399.9468	1.1709	1.0303	0.6387
400.0992	1.1641	1.0308	0.6349
400.2516	1.1800	1.0240	0.6221
400.4040	1.1865	1.0134	0.5786
400.5564	1.1965	1.0031	0.5705
400.7088	1.2026	0.9968	0.6140
400.8612	1.2027	0.9912	0.6033
401.0136	1.1827	0.9710	0.6437
401.1660	1.1739	0.9229	0.5078
401.3184	1.1694	0.8557	0.5214
401.4708	1.1639	0.7934	0.4719
401.6232	1.1577	0.7547	0.4361
401.7756	1.0905	0.7423	0.4638
401.9280	1.0685	0.7447	0.4718
402.0804	1.0812	0.7454	0.4640
402.2328	1.0788	0.7342	0.4765
402.3852	1.0406	0.7149	0.4514
402.5376	1.0367	0.7029	0.4372
402.6900	1.0697	0.7150	0.4678
402.8424	1.0733	0.7599	0.4562
402.9948	1.0607	0.8327	0.4458
403.1472	1.0443	0.9129	0.4566
403.2996	1.1058	0.9704	0.4857
403.4520	1.2160	0.9931	0.5203
403.6044	1.2262	1.0004	0.5388
403.7568	1.2315	1.0128	0.5243
403.9092	1.2518	1.0292	0.5444
404.0616	1.2660	1.0402	0.5449
404.2140	1.2680	1.0442	0.5627
404.3664	1.2548	1.0434	0.6630
404.5188	1.2382	1.0402	0.6644
404.6712	1.2302	1.0383	0.6617
404.8236	1.2270	1.0407	0.6609
404.9760	1.2260	1.0499	0.6845
405.1284	1.2264	1.0694	0.6688
405.2808	1.2271	1.0976	0.6662
405.4332	1.2283	1.1230	0.6883
405.5856	1.2353	1.1332	0.7420
405.7380	1.2418	1.1261	0.6782
405.8904	1.2640	1.1093	0.6892
406.0428	1.3354	1.0932	0.6699
406.1952	1.3602	1.0827	0.6805
406.3476	1.3610	1.0772	0.6635
406.5000	1.3677	1.0786	0.6774
406.6524	1.3468	1.0815	0.6567
406.8048	1.2839	1.0523	0.6452
406.9572	1.2708	0.9558	0.5136
407.1096	1.2363	0.8154	0.4510
407.2620	1.0959	0.6867	0.4646
407.4144	0.9007	0.5975	0.4225
407.5668	0.8038	0.5470	0.3335
407.7192	0.8799	0.5235	0.3013
407.8716	0.9237	0.5128	0.3211
408.0240	0.8219	0.5066	0.3148
408.1764	0.7921	0.5074	0.3340
408.3288	0.7936	0.5243	0.3901
408.4812	0.7838	0.5634	0.4530
408.6336	0.7911	0.6184	0.3635
408.7860	0.8714	0.6662	0.3355
408.9384	0.9774	0.6827	0.4092
409.0908	0.9909	0.6723	0.4797
409.2432	0.9974	0.6623	0.4424
409.3956	1.0138	0.6695	0.4675
409.5480	1.0562	0.6921	0.4650
409.7004	1.1132	0.7265	0.4473
409.8528	1.1235	0.7793	0.5285
410.0052	1.1287	0.8583	0.5083
410.1576	1.1214	0.9548	0.5084
410.3100	1.1658	1.0342	0.5129
410.4624	1.1756	1.0582	0.5766
410.6148	1.1722	1.0304	0.6012
410.7672	1.1769	0.9925	0.6440
410.9196	1.1943	0.9757	0.6131
411.0720	1.1779	0.9836	0.6298
411.2244	1.1758	1.0045	0.5589
411.3768	1.1640	1.0229	0.5687
411.5292	1.1369	1.0278	0.5772
411.6816	1.1613	1.0211	0.5566
411.8340	1.1575	1.0158	0.5997
411.9864	1.1693	1.0220	0.6216
412.1388	1.2343	1.0426	0.5986
412.2912	1.3425	1.0837	0.6177
412.4436	1.4300	1.1610	0.7777
412.5960	1.5199	1.2914	1.2152
412.7484	1.6722	1.4790	0.9877
412.9008	2.1644	1.6931	0.9569
413.0532	2.3209	1.8391	1.1221
413.2056	2.2926	1.8413	1.1271
413.3580	2.3111	1.7712	1.0780
413.5104	2.2419	1.6966	0.9781
413.6628	2.0449	1.5174	0.9327
413.8152	1.4862	1.1837	0.4118
413.9676	1.0957	0.8565	0.3185
414.1200	0.9769	0.6401	0.3290
414.2724	0.9415	0.5241	0.3042
414.4248	0.9111	0.4743	0.3043
414.5772	0.8400	0.4623	0.3001
414.7296	0.7328	0.4667	0.3464
414.8820	0.7188	0.4759	0.3428
415.0344	0.7589	0.4886	0.3557
415.1868	0.7883	0.5064	0.3374
415.3392	0.7736	0.5280	0.3571
415.4916	0.7848	0.5501	0.3957
415.6440	0.8845	0.5715	0.3564
415.7964	0.9456	0.5984	0.4249
415.9488	0.9575	0.6423	0.3403
416.1012	0.9663	0.7081	0.5180
416.2536	0.9850	0.7822	0.3379
416.4060	1.0598	0.8402	0.4351
416.5584	1.0848	0.8707	0.4441
416.7108	1.0959	0.8849	0.5261
416.8632	1.1138	0.9031	0.4799
417.0156	1.1193	0.9341	0.4853
417.1680	1.1694	0.9650	0.4984
417.3204	1.2101	0.9829	0.5796
417.4728	1.2147	0.9944	0.6258
417.6252	1.2158	1.0106	0.6143
417.7776	1.2149	1.0304	0.5827
417.9300	1.2105	1.0461	0.6198
418.0824	1.1712	1.0489	0.6269
418.2348	1.1480	1.0350	0.7466
418.3872	1.1422	1.0133	0.7525
418.5396	1.1441	0.9963	0.7125
418.6920	1.1358	0.9885	0.7577
418.8444	1.1087	0.9879	0.7404
418.9968	1.0698	0.9885	0.6534
419.1492	1.0787	0.9822	0.6523
419.3016	1.0913	0.9666	0.6076
419.4540	1.0705	0.9470	0.6808
419.6064	1.0508	0.9304	0.6328
419.7588	1.0460	0.9234	0.6517
419.9112	1.0522	0.9284	0.6250
420.0636	1.0688	0.9397	0.5172
420.2160	1.0923	0.9482	0.6000
420.3684	1.1196	0.9539	0.6038
420.5208	1.1370	0.9682	0.6845
420.6732	1.1814	1.0087	0.7473
420.8256	1.4837	1.0932	0.7725
420.9780	1.5546	1.2226	0.8083
421.1304	1.5280	1.3619	0.8134
421.2828	1.4347	1.4697	0.8162
421.4352	1.5240	1.5209	0.7846
421.5876	1.2308	1.4162	0.9315
421.7400	1.0549	1.1091	0.4639
421.8924	1.0156	0.7905	0.3110
422.0448	0.9825	0.5855	0.3663
422.1972	0.9461	0.4820	0.4621
422.3496	0.8356	0.4454	0.3237
422.5020	0.7126	0.4512	0.3538
422.6544	0.7013	0.4781	0.3590
422.8068	0.7004	0.5056	0.3687
422.9592	0.7036	0.5218	0.3746
423.1116	0.7245	0.5287	0.3679
423.2640	0.8535	0.5392	0.3832
423.4164	1.0468	0.5718	0.4093
423.5688	1.0762	0.6457	0.4198
423.7212	1.0884	0.7750	0.4604
423.8736	1.0970	0.9446	0.4668
424.0260	1.1424	1.0635	0.4597
424.1784	1.1447	1.0241	0.5832
424.3308	1.1122	0.8788	0.4490
424.4832	1.1266	0.7445	0.4557
424.6356	1.1365	0.6633	0.4747
424.7880	1.1286	0.6324	0.4587
424.9404	1.0612	0.6424	0.4791
425.0928	1.0376	0.6856	0.4542
425.2452	1.0994	0.7543	0.5105
425.3976	1.0969	0.8373	0.5222
425.5500	1.0464	0.9133	0.4970
425.7024	1.0443	0.9486	0.4923
425.8548	1.0938	0.9233	0.5601
426.0072	1.1155	0.8618	0.5337
426.1596	1.1135	0.8063	0.4435
426.3120	1.1073	0.7738	0.4395
426.4644	1.1240	0.7607	0.4979
426.6168	1.1965	0.7621	0.5074
426.7692	1.3017	0.7772	0.5362
426.9216	1.3036	0.8117	0.6841
427.0740	1.2992	0.8811	0.6503
427.2264	1.2968	0.9921	0.5741
427.3788	1.3226	1.0893	0.5679
427.5312	1.1269	1.0571	0.5852
427.6836	1.0723	0.8905	0.3909
427.8360	1.0536	0.7100	0.3873
427.9884	1.0344	0.5865	0.3628
428.1408	1.0168	0.5260	0.3867
428.2932	0.9338	0.5148	0.3666
428.4456	0.8305	0.5377	0.4136
428.5980	0.8295	0.5806	0.4215
428.7504	0.8271	0.6277	0.4171
428.9028	0.8406	0.6600	0.4245
429.0552	0.8432	0.6687	0.4321
429.2076	0.9936	0.6669	0.4690
429.3600	1.0750	0.6760	0.4979
429.5124	1.0913	0.7084	0.5097
429.6648	1.1094	0.7640	0.4922
429.8172	1.1258	0.8255	0.4591
429.9696	1.1367	0.8611	0.4879
430.1220	1.1625	0.8523	0.4964
430.2744	1.1730	0.8135	0.4715
430.4268	1.1720	0.7703	0.4780
430.5792	1.1597	0.7403	0.4570
430.7316	1.1415	0.7307	0.4495
430.8840	1.1306	0.7351	0.4630
431.0364	1.1145	0.7355	0.4905
431.1888	1.0673	0.7133	0.3995
431.3412	1.0427	0.6635	0.4255
431.4936	1.0284	0.5978	0.3607
431.6460	0.9946	0.5350	0.3534
431.7984	0.8705	0.4877	0.3394
431.9508	0.8410	0.4583	0.3390
432.1032	0.8431	0.4438	0.3313
432.2556	0.8323	0.4398	0.3338
432.4080	0.7659	0.4408	0.3351
432.5604	0.7233	0.4410	0.3425
432.7128	0.7160	0.4366	0.3548
432.8652	0.7102	0.4274	0.3602
433.0176	0.6995	0.4161	0.3590
433.1700	0.6745	0.4064	0.3578
433.3224	0.6454	0.4009	0.3618
433.4748	0.6423	0.3999	0.3324
433.6272	0.6529	0.4015	0.3497
433.7796	0.6509	0.4033	0.3347
433.9320	0.6346	0.4046	0.2935
434.0844	0.6278	0.4094	0.2916
434.2368	0.6362	0.4243	0.3060
434.3892	0.7089	0.4522	0.2739
434.5416	0.7223	0.4859	0.3166
434.6940	0.7274	0.5123	0.3080
434.8464	0.7726	0.5280	0.2981
434.9988	0.8701	0.5481	0.3478
435.1512	0.8875	0.5946	0.4440
435.3036	0.8811	0.6807	0.5709
435.4560	0.9079	0.7919	0.5758
435.6084	0.9851	0.8785	0.6413
435.7608	1.0237	0.8979	0.5676
435.9132	1.0280	0.8616	0.4966
436.0656	1.0734	0.8092	0.5081
436.2180	1.0921	0.7699	0.5635
436.3704	1.0538	0.7537	0.5067
436.5228	1.0379	0.7601	0.5202
436.6752	1.0559	0.7886	0.6530
436.8276	1.0692	0.8348	0.6414
436.9800	1.0916	0.8827	0.6301
437.1324	1.0974	0.9119	0.5928
437.2848	1.1026	0.9151	0.6469
437.4372	1.1039	0.9036	0.6853
437.5896	1.0975	0.8937	0.6757
437.7420	1.0928	0.8940	0.6827
437.8944	1.0908	0.9017	0.6528
438.0468	1.0872	0.9078	0.6214
438.1992	1.0702	0.9057	0.6109
438.3516	1.0660	0.8937	0.6290
438.5040	1.0642	0.8756	0.5999
438.6564	1.0625	0.8576	0.5614
438.8088	1.0675	0.8458	0.5712
438.9612	1.0735	0.8458	0.5560
439.1136	1.0771	0.8611	0.5810
439.2660	1.0789	0.8902	0.6110
439.4184	1.0833	0.9255	0.5948
439.5708	1.1079	0.9567	0.6033
439.7232	1.1168	0.9752	0.6631
439.8756	1.1220	0.9807	0.6898
440.0280	1.1292	0.9793	0.6396
440.1804	1.1438	0.9773	0.6699
440.3328	1.1731	0.9801	0.7516
440.4852	1.1898	0.9955	0.6334
440.6376	1.2197	1.0296	0.6541
440.7900	1.2430	1.0826	0.6651
440.9424	1.2612	1.1468	0.6651
441.0948	1.2884	1.2059	0.7357
441.2472	1.3138	1.2420	0.7950
441.3996	1.3436	1.2506	1.1009
441.5520	1.4010	1.2420	0.8810
441.7044	1.4121	1.2291	0.8196
441.8568	1.4177	1.2218	0.7870
442.0092	1.4320	1.2255	0.7539
442.1616	1.4464	1.2392	0.7697
442.3140	1.4837	1.2621	0.7839
442.4664	1.4863	1.2954	0.8500
442.6188	1.4799	1.3365	0.8992
442.7712	1.4688	1.3764	0.8524
442.9236	1.4289	1.3988	0.8939
443.0760	1.3697	1.3794	0.9576
443.2284	1.3440	1.3080	0.6885
443.3808	1.3149	1.2087	0.6385
443.5332	1.2806	1.1182	0.6497
443.6856	1.2522	1.0606	0.6250
443.8380	1.2517	1.0465	0.6639
443.9904	1.2538	1.0773	0.6892
444.1428	1.3027	1.1471	0.6834
444.2952	1.3754	1.2446	0.8516
444.4476	1.4563	1.3488	0.9895
444.6000	1.4749	1.4247	1.0645
444.7524	1.4900	1.4469	1.0936
444.9048	1.5064	1.4278	1.0138
445.0572	1.5844	1.3982	0.9004
445.2096	1.5935	1.3790	0.9270
445.3620	1.5994	1.3775	0.8980
445.5144	1.5941	1.3896	0.9152
445.6668	1.5564	1.4035	0.9129
445.8192	1.5409	1.4099	0.9117
445.9716	1.5436	1.4074	0.8598
446.1240	1.5483	1.3986	0.8782
446.2764	1.5474	1.3880	0.8736
446.4288	1.5473	1.3824	0.8719
446.5812	1.5484	1.3868	0.8970
446.7336	1.5695	1.4003	0.8997
446.8860	1.5915	1.4179	0.9525
447.0384	1.5944	1.4334	0.9481
447.1908	1.5989	1.4414	0.9739
447.3432	1.6069	1.4411	0.9298
447.4956	1.6114	1.4361	0.9669
447.6480	1.6191	1.4312	0.9407
447.8004	1.6330	1.4304	0.9311
447.9528	1.6495	1.4330	0.9351
448.1052	1.6659	1.4354	0.9399
448.2576	1.7500	1.4410	0.8892
448.4100	1.8662	1.4559	0.9887
448.5624	1.8824	1.4745	1.0346
448.7148	1.8827	1.4928	0.9852
448.8672	1.8773	1.5184	0.9783
449.0196	1.9732	1.5182	0.9246
449.1720	1.5592	1.3868	0.9133
449.3244	1.3699	1.1149	0.7237
449.4768	1.7532	0.8469	0.7230
449.6292	1.5603	0.6680	0.7054
449.7816	0.9405	0.5721	0.6993
449.9340	0.8660	0.5294	0.4021
450.0864	0.9406	0.5102	0.3141
450.2388	0.8702	0.4925	0.3067
450.3912	0.7371	0.4704	0.2599
450.5436	0.7435	0.4523	0.2868
450.6960	0.7016	0.4484	0.3480
450.8484	0.6997	0.4613	0.3311
451.0008	0.7430	0.4859	0.3552
451.1532	0.8343	0.5141	0.3642
451.3056	0.8454	0.5409	0.3760
451.4580	0.8249	0.5656	0.3671
451.6104	0.8464	0.5861	0.2665
451.7628	0.9148	0.5980	0.2653
451.9152	0.9465	0.6034	0.3743
452.0676	0.9630	0.6161	0.5030
452.2200	0.9932	0.6537	0.5413
452.3724	1.0029	0.7214	0.4842
452.5248	1.0115	0.7990	0.5398
452.6772	1.0639	0.8537	0.5297
452.8296	1.1209	0.8799	0.5335
452.9820	1.1303	0.8996	0.5339
453.1344	1.1564	0.9276	0.5808
453.2868	1.1409	0.9600	0.5729
453.4392	1.0877	0.9791	0.5779
453.5916	1.0909	0.9741	0.6036
453.7440	1.0877	0.9577	0.6417
453.8964	1.0893	0.9465	0.5916
454.0488	1.0825	0.9432	0.6054
454.2012	1.0590	0.9440	0.5812
454.3536	1.0546	0.9477	0.6106
454.5060	1.0537	0.9534	0.6166
454.6584	1.0536	0.9591	0.6204
454.8108	1.0552	0.9636	0.5996
454.9632	1.0648	0.9664	0.6180
455.1156	1.0677	0.9691	0.7037
455.2680	1.0766	0.9765	0.6611
455.4204	1.1178	0.9908	0.6321
455.5728	1.1676	1.0120	0.6567
455.7252	1.1803	1.0418	0.7790
455.8776	1.1984	1.0824	0.8473
456.0300	1.2440	1.1322	0.8251
456.1824	1.3074	1.1832	0.8688
456.3348	1.3309	1.2232	0.8046
456.4872	1.3622	1.2467	0.8505
456.6396	1.3911	1.2603	0.8508
456.7920	1.4033	1.2679	0.7533
456.9444	1.4058	1.2622	0.8190
457.0968	1.4080	1.2388	0.8152
457.2492	1.3842	1.2024	0.7483
457.4016	1.3371	1.1564	0.7958
457.5540	1.3785	1.1004	0.8158
457.7064	1.3695	1.0360	0.7676
457.8588	1.2564	0.9713	0.7674
458.0112	1.2278	0.9242	0.6278
458.1636	1.2343	0.9162	0.6248
458.3160	1.2342	0.9579	0.5929
458.4684	1.2331	1.0428	0.5402
458.6208	1.2586	1.1498	0.5490
458.7732	1.2752	1.2499	0.7969
458.9256	1.3070	1.3187	1.0476
459.0780	1.3721	1.3526	0.6667
459.2304	1.4959	1.3668	0.6761
459.3828	1.6415	1.3745	1.0089
459.5352	1.6313	1.3879	0.9931
459.6876	1.6337	1.4257	1.0223
459.8400	1.6896	1.4917	0.9842
459.9924	1.7077	1.5570	0.9609
460.1448	1.6921	1.5906	0.9924
460.2972	1.6984	1.5903	0.9990
460.4496	1.7138	1.5685	1.0232
460.6020	1.7101	1.5409	1.0401
460.7544	1.7307	1.5275	1.0043
460.9068	1.7708	1.5347	0.9733
461.0592	1.7891	1.5495	1.0137
461.2116	1.7831	1.5636	1.0086
461.3640	1.7739	1.5801	0.9812
461.5164	1.7624	1.5891	0.9106
461.6688	1.7316	1.5598	1.1279
461.8212	1.5487	1.4705	0.9997
461.9736	1.4765	1.3360	0.6970
462.1260	1.4617	1.2014	0.6540
462.2784	1.4457	1.1100	0.6602
462.4308	1.3295	1.0754	0.6764
462.5832	1.2495	1.0799	0.6727
462.7356	1.2345	1.0885	0.6980
462.8880	1.2100	1.0711	0.5810
463.0404	1.1626	1.0237	0.6534
463.1928	1.1108	0.9683	0.7387
463.3452	1.1341	0.9319	0.5804
463.4976	1.1377	0.9259	0.5452
463.6500	1.1195	0.9428	0.5897
463.8024	1.0326	0.9650	0.5306
463.9548	1.0188	0.9756	0.5963
464.1072	1.0235	0.9656	0.5653
464.2596	1.0253	0.9373	0.5098
464.4120	1.0234	0.9030	0.5486
464.5644	1.0185	0.8785	0.5900
464.7168	1.0397	0.8772	0.5507
464.8692	1.1759	0.9114	0.6654
465.0216	1.2180	0.9939	0.7431
465.1740	1.1355	1.1239	0.8787
465.3264	1.1673	1.2554	0.7781
465.4788	1.2903	1.3077	0.5714
465.6312	1.4326	1.2711	0.7742
465.7836	1.4859	1.2232	0.9259
465.9360	1.5434	1.2297	0.9203
466.0884	1.5498	1.3121	0.9488
466.2408	1.5540	1.4457	0.9944
466.3932	1.5968	1.5571	0.9650
466.5456	1.6303	1.5883	1.0304
466.6980	1.6354	1.5579	0.9657
466.8504	1.6422	1.5050	0.9586
467.0028	1.6452	1.4522	0.9679
467.1552	1.6493	1.4185	0.9915
467.3076	1.6534	1.4127	0.9511
467.4600	1.6594	1.4313	0.9336
467.6124	1.7386	1.4710	0.9818
467.7648	1.7136	1.5174	0.9533
467.9172	1.6830	1.5437	0.9672
468.0696	1.6900	1.5482	0.9162
468.2220	1.8243	1.5478	0.9920
468.3744	1.7253	1.5075	0.9185
468.5268	1.7839	1.3853	0.7874
468.6792	1.7159	1.2390	0.8941
468.8316	1.7052	1.1505	1.0213
468.9840	1.3136	1.1226	0.7804
469.1364	1.1234	1.0861	0.5284
469.2888	1.0923	0.9712	0.3697
469.4412	1.0559	0.8071	0.3942
469.5936	1.0051	0.6760	0.5301
469.7460	0.9657	0.6141	0.4463
469.8984	0.9717	0.6203	0.4156
470.0508	1.0068	0.6862	0.4634
470.2032	1.0137	0.8037	0.4635
470.3556	1.0228	0.9480	0.5232
470.5080	1.1029	1.0446	0.5732
470.6604	1.1393	1.0112	0.6069
470.8128	1.1435	0.8826	0.6814
470.9652	1.1698	0.7523	0.4869
471.1176	1.1393	0.6629	0.4393
471.2700	1.1155	0.6184	0.4703
471.4224	1.0528	0.6089	0.3865
471.5748	0.9413	0.6171	0.4148
471.7272	0.8917	0.6249	0.3994
471.8796	0.8783	0.6233	0.3864
472.0320	0.8697	0.6157	0.4231
472.1844	0.8776	0.6099	0.3996
472.3368	0.9069	0.6108	0.4201
472.4892	0.9000	0.6183	0.4210
472.6416	0.8856	0.6275	0.4482
472.7940	0.8878	0.6324	0.4459
472.9464	0.8912	0.6314	0.4617
473.0988	0.8972	0.6325	0.4146
473.2512	0.9003	0.6502	0.3822
473.4036	0.9487	0.6972	0.4024
473.5560	0.9921	0.7768	0.4729
473.7084	0.9911	0.8734	0.4764
473.8608	0.9898	0.9446	0.4792
474.0132	1.0006	0.9541	0.4615
474.1656	1.1033	0.9205	0.4777
474.3180	1.1652	0.8924	0.6532
474.4704	1.1687	0.9022	0.6396
474.6228	1.1758	0.9593	0.6647
474.7752	1.1901	1.0520	0.6400
474.9276	1.1873	1.1406	0.6421
475.0800	1.1919	1.1775	0.7458
475.2324	1.1929	1.1572	0.7493
475.3848	1.1987	1.1147	0.8428
475.5372	1.1985	1.0797	0.8791
475.6896	1.2278	1.0632	0.7642
475.8420	1.2934	1.0689	0.6581
475.9944	1.3265	1.1010	0.6575
476.1468	1.3428	1.1654	0.7793
476.2992	1.3603	1.2637	0.8576
476.4516	1.3902	1.3842	0.7915
476.6040	1.5001	1.4969	1.0268
476.7564	1.6624	1.5679	1.1318
476.9088	1.6987	1.5919	1.0180
477.0612	1.6784	1.5957	1.0082
477.2136	1.6789	1.5978	0.9759
477.3660	1.7334	1.5956	0.9825
477.5184	1.7281	1.5870	0.9873
477.6708	1.7261	1.5744	0.9421
477.8232	1.7118	1.5586	0.9941
477.9756	1.6969	1.5484	0.9077
478.1280	1.6529	1.5529	0.9127
478.2804	1.5191	1.5489	0.9775
478.4328	1.4927	1.4917	0.7277
478.5852	1.4713	1.3753	0.6725
478.7376	1.4253	1.2435	0.7426
478.8900	1.3244	1.1418	0.7044
479.0424	1.3141	1.0913	0.6368
479.1948	1.3109	1.0863	0.6923
479.3472	1.2765	1.1043	0.7030
479.4996	1.2476	1.1222	0.6850
479.6520	1.2435	1.1280	0.7177
479.8044	1.2381	1.1172	0.6950
479.9568	1.2410	1.0931	0.7184
480.1092	1.2366	1.0666	0.6797
480.2616	1.2225	1.0456	0.6171
480.4140	1.2052	1.0299	0.6344
480.5664	1.1714	1.0168	0.5488
480.7188	1.1731	1.0023	0.5744
480.8712	1.1983	0.9822	0.5829
481.0236	1.1559	0.9569	0.5929
481.1760	1.1466	0.9317	0.5723
481.3284	1.1380	0.9106	0.5479
481.4808	1.1276	0.8988	0.5425
481.6332	1.1184	0.9003	0.5452
481.7856	1.0549	0.9067	0.5765
481.9380	0.9799	0.8952	0.5671
