HOLE:	U1352B
EXPEDITION:	317
TOP:	414.5768
BOTTOM:	485.9000
DEPTH_WMSF	FX	FY	FZ	FNOR	FINC	RB	P1AZ	HAZI	AX	AY	AZ
m	oer	oer	oer	oer	deg	deg	deg	deg	m/s2	m/s2	m/s2
414.5768	-0.120626	-0.164519	0.836402	0.861620	75.8098	190.3184	151.3942	321.0731	0.1664	-0.0413	9.8705
414.7292	-0.119009	-0.165498	0.836522	0.861620	75.8098	190.3184	151.3942	321.0731	0.1663	-0.0425	9.8581
414.8816	-0.118560	-0.165842	0.836335	0.861620	75.8098	190.3184	151.3942	321.0731	0.1664	-0.0410	9.8513
415.0340	-0.118923	-0.165957	0.836348	0.861620	75.8098	190.3184	151.3942	321.0731	0.1715	-0.0414	9.8189
415.1864	-0.114797	-0.169137	0.836572	0.861620	75.8098	190.3184	151.3942	321.0731	0.1750	-0.0376	9.9197
415.3388	-0.115838	-0.168262	0.836575	0.861620	75.8098	190.3184	151.3942	321.0731	0.1751	-0.0396	9.8700
415.4912	-0.117145	-0.167338	0.836645	0.861620	75.8098	190.3184	151.3942	321.0731	0.1750	-0.0412	9.8618
415.6436	-0.118828	-0.166212	0.836579	0.861620	75.8098	190.3184	151.3942	321.0731	0.1838	-0.0421	9.5640
415.7960	-0.110931	-0.172003	0.836686	0.861620	75.8098	190.3184	151.3942	321.0731	0.1904	-0.0324	10.1203
415.9484	-0.110875	-0.172181	0.836658	0.861737	75.8050	190.2063	151.3356	321.1270	0.1867	-0.0322	9.8639
416.1008	-0.110809	-0.172179	0.836676	0.861965	75.7948	189.9317	151.1929	321.2598	0.1878	-0.0324	9.8039
416.2532	-0.100119	-0.179351	0.837546	0.862194	75.7834	187.9975	149.4097	321.4111	0.2234	-0.0284	9.8764
416.4056	-0.097962	-0.181049	0.837287	0.862409	75.7720	185.8090	147.3764	321.5665	0.2100	-0.0142	9.8748
416.5580	-0.112048	-0.171960	0.836818	0.862598	75.7607	188.5129	150.2483	321.7336	0.2177	-0.0187	9.9636
416.7104	-0.132572	-0.154883	0.836447	0.862780	75.7491	194.4320	156.3407	321.9055	0.1787	-0.0619	9.8078
416.8628	-0.133785	-0.154287	0.837054	0.862962	75.7370	197.0528	159.1412	322.0848	0.1911	-0.0687	9.4556
417.0152	-0.113766	-0.171189	0.840443	0.863106	75.7255	193.7747	156.0161	322.2383	0.2059	-0.0359	10.4587
417.1676	-0.111827	-0.172322	0.840153	0.863177	75.7145	189.7043	152.0815	322.3757	0.2120	-0.0378	9.8673
417.3200	-0.111795	-0.172380	0.840114	0.863214	75.7029	189.3252	151.8524	322.5261	0.2108	-0.0339	9.8595
417.4724	-0.111745	-0.172590	0.840127	0.863249	75.6915	189.1501	151.8175	322.6656	0.2119	-0.0359	9.5842
417.6248	-0.112182	-0.172360	0.839659	0.863258	75.6821	188.9529	151.7489	322.7940	0.2172	-0.0343	10.0580
417.7772	-0.110645	-0.173532	0.839578	0.863227	75.6777	188.7487	151.6338	322.8833	0.2187	-0.0323	9.8644
417.9296	-0.110764	-0.173313	0.839382	0.863201	75.6763	188.5397	151.4872	322.9457	0.2196	-0.0318	9.8635
418.0820	-0.110815	-0.173276	0.839488	0.863212	75.6703	188.4844	151.5474	323.0612	0.2207	-0.0327	9.8232
418.2344	-0.110149	-0.173616	0.838832	0.863192	75.6618	188.0091	151.2360	323.2245	0.2244	-0.0374	9.6101
418.3868	-0.101546	-0.179077	0.836996	0.863050	75.6555	186.2903	149.6541	323.3619	0.2127	-0.0160	10.0119
418.5392	-0.097646	-0.181624	0.836884	0.862833	75.6518	184.1681	147.6178	323.4487	0.2150	-0.0124	9.8643
418.6916	-0.097711	-0.181637	0.836817	0.862628	75.6477	183.6751	147.2446	323.5688	0.2156	-0.0119	9.8637
418.8440	-0.097015	-0.182053	0.837009	0.862425	75.6417	183.6957	147.4106	323.7139	0.2178	-0.0101	9.7949
418.9964	-0.116522	-0.169208	0.836660	0.862223	75.6369	186.6447	150.4524	323.8055	0.2161	-0.0333	9.8719
419.1488	-0.139443	-0.150108	0.836642	0.862036	75.6313	194.5095	158.4054	323.8925	0.2058	-0.0652	9.8456
419.3012	-0.142299	-0.147052	0.836773	0.861856	75.6262	198.6459	162.6340	323.9838	0.2019	-0.0705	9.9599
419.4536	-0.141011	-0.148785	0.836523	0.861677	75.6212	198.4676	162.5465	324.0744	0.2027	-0.0689	9.8647
419.6060	-0.141306	-0.148306	0.836594	0.861521	75.6161	198.2293	162.4143	324.1818	0.2028	-0.0678	9.8666
419.7584	-0.141856	-0.147769	0.836611	0.861440	75.6094	198.2556	162.5723	324.3132	0.2030	-0.0693	9.8580
419.9108	-0.138836	-0.150742	0.836622	0.861396	75.6021	197.2165	161.6709	324.4508	0.1991	-0.0651	9.8174
420.0632	-0.107897	-0.175049	0.836684	0.861352	75.5963	192.1253	156.7005	324.5727	0.2041	-0.0325	10.1334
420.2156	-0.106603	-0.176317	0.836058	0.861316	75.5904	185.2242	149.9096	324.6841	0.2093	-0.0196	9.8643
420.3680	-0.107029	-0.176126	0.836314	0.861284	75.5840	185.2416	150.0335	324.7898	0.2120	-0.0181	9.8636
420.5204	-0.107116	-0.176198	0.836181	0.861254	75.5752	185.1428	150.0801	324.9355	0.2118	-0.0202	9.8636
420.6728	-0.107829	-0.175644	0.836164	0.861226	75.5619	185.0742	150.1950	325.1201	0.2113	-0.0195	9.8815
420.8252	-0.105255	-0.176845	0.836124	0.861155	75.5610	183.8578	149.1853	325.3270	0.2134	-0.0171	9.4469
420.9776	-0.070361	-0.194913	0.836074	0.861071	75.5755	176.4788	141.6670	325.1895	0.2059	0.0284	9.9063
421.1300	-0.070602	-0.194830	0.835864	0.860980	75.5920	173.6113	138.5985	324.9890	0.2066	0.0278	9.8643
421.2824	-0.070522	-0.194799	0.835963	0.860879	75.6092	173.8664	138.6164	324.7520	0.2067	0.0268	9.8650
421.4348	-0.070895	-0.194784	0.836036	0.860784	75.6258	173.8338	138.3049	324.4720	0.2082	0.0262	9.8701
421.5872	-0.054406	-0.200315	0.835900	0.860697	75.6418	173.0583	137.3146	324.2586	0.1988	0.0474	9.8377
421.7396	-0.057701	-0.196947	0.835779	0.860617	75.6599	176.9713	140.9731	324.0028	0.1997	0.0347	10.3611
421.8920	-0.012621	-0.208022	0.835379	0.860536	75.6775	162.7754	126.5126	323.7402	0.1809	0.0907	10.0340
422.0444	-0.181553	-0.088859	0.835675	0.860464	75.6928	192.5219	156.0292	323.5045	0.1541	-0.1274	9.4304
422.1968	-0.190700	-0.066372	0.835809	0.860400	75.7039	224.8151	188.1232	323.3023	0.1328	-0.1520	9.5918
422.3492	-0.191283	-0.063851	0.835572	0.860328	75.7134	225.7286	188.7934	323.0591	0.1290	-0.1543	9.4428
422.5016	-0.154854	-0.131499	0.835391	0.860262	75.7239	216.1670	178.9638	322.7915	0.1623	-0.0893	10.2506
422.6540	-0.152628	-0.134074	0.835456	0.860191	75.7340	204.7233	167.2591	322.5319	0.1698	-0.0865	9.8639
422.8064	-0.152752	-0.134050	0.835447	0.860129	75.7448	205.0646	167.3046	322.2362	0.1693	-0.0879	9.8643
422.9588	-0.153030	-0.133986	0.835384	0.860060	75.7578	205.3967	167.3235	321.9221	0.1687	-0.0873	9.8640
423.1112	-0.152659	-0.134380	0.835427	0.860011	75.7669	205.5167	167.1364	321.6165	0.1701	-0.0875	9.8104
423.2636	-0.127788	-0.159341	0.835461	0.859949	75.7833	199.6223	160.8900	321.2646	0.1831	-0.0512	9.9889
423.4160	-0.102299	-0.177374	0.835444	0.859933	75.7882	193.2586	154.0413	320.7793	0.1866	-0.0202	10.0147
423.5684	-0.076998	-0.191316	0.834960	0.859937	75.7764	180.5807	141.2858	320.7044	0.1908	0.0055	9.8641
423.7208	-0.076916	-0.191222	0.834967	0.859945	75.7643	179.7365	140.3973	320.6610	0.1917	0.0052	9.8638
423.8732	-0.075942	-0.191537	0.834988	0.859955	75.7531	179.6411	140.2913	320.6500	0.1918	0.0044	9.7949
424.0256	-0.068881	-0.194391	0.835345	0.859950	75.7479	178.3330	138.9008	320.5679	0.1912	0.0104	9.3828
424.1780	-0.064099	-0.195964	0.834960	0.859944	75.7423	176.2751	136.7499	320.4746	0.1837	0.0158	10.1297
424.3304	-0.064498	-0.195664	0.835003	0.859970	75.7412	176.3173	136.6531	320.3357	0.1849	0.0141	9.8643
424.4828	-0.064805	-0.195552	0.834950	0.859987	75.7400	176.5636	136.7473	320.1848	0.1840	0.0134	9.8631
424.6352	-0.065228	-0.195407	0.834829	0.859992	75.7414	176.9028	136.8983	319.9960	0.1866	0.0108	9.7505
424.7876	-0.071960	-0.192657	0.834936	0.859989	75.7478	178.2366	137.9918	319.7553	0.1840	0.0027	9.9477
424.9400	-0.079007	-0.189443	0.834914	0.859993	75.7608	180.7511	140.2757	319.5254	0.1845	-0.0053	9.8515
425.0924	-0.087360	-0.185524	0.834900	0.860006	75.7787	183.4265	142.6014	319.1736	0.1827	-0.0142	9.9555
425.2448	-0.087961	-0.185262	0.834864	0.860021	75.7958	184.9890	143.8396	318.8503	0.1843	-0.0170	9.8639
425.3972	-0.093073	-0.182226	0.835268	0.860030	75.8122	185.8589	144.4253	318.5643	0.1820	-0.0237	9.6072
425.5496	-0.096410	-0.180447	0.835441	0.860057	75.8274	188.2740	146.5578	318.2817	0.1834	-0.0299	9.8751
425.7020	-0.096289	-0.180489	0.835438	0.860087	75.8414	188.5079	146.5522	318.0423	0.1808	-0.0279	10.0003
425.8544	-0.096091	-0.180473	0.835379	0.860121	75.8541	188.7291	146.5294	317.7993	0.1824	-0.0299	9.8384
426.0068	-0.095198	-0.181092	0.834967	0.860161	75.8668	189.8341	147.4362	317.6011	0.1755	-0.0337	8.7985
426.1592	-0.114552	-0.168387	0.835788	0.860203	75.8778	193.7747	151.2183	317.4422	0.1704	-0.0511	9.9811
426.3116	-0.114416	-0.168547	0.835979	0.860231	75.8870	195.3044	152.6530	317.3470	0.1677	-0.0510	10.3066
426.4640	-0.115401	-0.167972	0.835888	0.860211	75.8995	195.5926	152.8489	317.2547	0.1732	-0.0505	9.8574
426.6164	-0.115434	-0.167902	0.836089	0.860178	75.9129	195.9016	152.9668	317.0633	0.1722	-0.0496	9.8387
426.7688	-0.112270	-0.170095	0.836212	0.860133	75.9247	195.5530	152.4693	316.9146	0.1736	-0.0408	10.5357
426.9212	-0.108202	-0.173355	0.835953	0.860051	75.9384	193.9360	150.7096	316.7721	0.1738	-0.0423	9.8643
427.0736	-0.108359	-0.172815	0.836055	0.859975	75.9538	193.8488	150.4480	316.5974	0.1735	-0.0406	9.8714
427.2260	-0.108742	-0.172765	0.836031	0.859934	75.9600	194.0669	150.5678	316.4983	0.1740	-0.0409	9.8614
427.3784	-0.107286	-0.173391	0.836091	0.859925	75.9558	193.5555	150.0844	316.5271	0.1758	-0.0402	9.7666
427.5308	-0.110579	-0.171254	0.835503	0.859893	75.9524	197.1067	153.6855	316.5767	0.1662	-0.0416	9.8486
427.6832	-0.143659	-0.141750	0.834842	0.859832	75.9532	204.7929	161.3837	316.5870	0.1466	-0.0823	10.1745
427.8356	-0.124244	-0.160984	0.834702	0.859783	75.9522	202.1447	158.7163	316.5684	0.1636	-0.0589	9.9042
427.9880	-0.153728	-0.130865	0.834750	0.859746	75.9458	205.5004	162.1393	316.6355	0.1474	-0.0912	9.6720
428.1404	-0.172249	-0.103200	0.834861	0.859716	75.9375	216.6620	173.3711	316.7053	0.1288	-0.1157	9.5921
428.2928	-0.155246	-0.128153	0.834826	0.859686	75.9335	214.1001	170.8097	316.7051	0.1425	-0.0981	9.6701
428.4452	-0.064103	-0.195094	0.835006	0.859655	75.9299	193.2935	150.0005	316.7042	0.1765	0.0039	10.2315
428.5976	-0.060710	-0.196587	0.835014	0.859614	75.9272	180.5427	137.2087	316.6649	0.1832	0.0111	10.0679
428.7500	-0.131154	-0.155089	0.834814	0.859553	75.9300	191.3757	147.8902	316.5122	0.1663	-0.0664	9.5326
428.9024	-0.120525	-0.163664	0.834875	0.859519	75.9311	199.7368	156.0528	316.3134	0.1664	-0.0579	9.6648
429.0548	-0.090782	-0.183035	0.834907	0.859527	75.9323	191.4892	147.5939	316.1033	0.1775	-0.0257	9.7163
429.2072	-0.052353	-0.199012	0.835021	0.859574	75.9397	181.9797	137.8277	315.8479	0.1789	0.0139	9.9897
429.3596	-0.065035	-0.194924	0.835294	0.859674	75.9484	179.9484	135.4576	315.5095	0.1947	0.0042	9.9592
429.5120	-0.085677	-0.185691	0.835285	0.859805	75.9530	185.0548	140.2701	315.2145	0.1756	-0.0199	9.8497
429.6644	-0.041278	-0.201701	0.835203	0.859933	75.9596	182.3611	137.2988	314.9370	0.1796	0.0242	9.9389
429.8168	-0.095369	-0.180278	0.835062	0.860021	75.9772	185.0650	139.5977	314.5321	0.1776	-0.0359	10.1303
429.9692	-0.092961	-0.181686	0.834941	0.860083	76.0016	191.4904	145.4995	314.0072	0.1687	-0.0322	9.8665
430.1216	-0.093042	-0.181549	0.834977	0.860153	76.0218	192.2522	145.7189	313.4649	0.1686	-0.0319	9.8405
430.2740	-0.122381	-0.161345	0.834952	0.860227	76.0382	198.1145	151.1128	312.9958	0.1524	-0.0721	9.8116
430.4264	-0.124776	-0.159373	0.836493	0.860286	76.0582	203.2897	155.7985	312.5053	0.1527	-0.0760	9.9741
430.5788	-0.124694	-0.159239	0.836641	0.860324	76.0841	204.6232	156.5517	311.9252	0.1531	-0.0781	9.8054
430.7312	-0.129876	-0.154939	0.837155	0.860334	76.1117	206.2561	157.5997	311.3402	0.1531	-0.0828	10.0324
430.8836	-0.130180	-0.154433	0.836993	0.860341	76.1366	207.6444	158.4499	310.8011	0.1523	-0.0842	9.8632
431.0360	-0.130370	-0.154346	0.837004	0.860345	76.1631	208.4010	158.6375	310.2321	0.1525	-0.0838	9.8648
431.1884	-0.134777	-0.149969	0.836834	0.860366	76.1851	209.9415	159.7045	309.7592	0.1451	-0.0904	9.6270
431.3408	-0.129986	-0.154341	0.836499	0.860387	76.2037	210.2204	159.5617	309.3378	0.1481	-0.0907	10.0707
431.4932	-0.132312	-0.152269	0.836538	0.860398	76.2218	210.3641	159.2933	308.9263	0.1491	-0.0884	9.8095
431.6456	-0.134482	-0.150208	0.836587	0.860398	76.2336	211.4252	160.0462	308.6170	0.1473	-0.0919	9.8576
431.7980	-0.132811	-0.151763	0.836421	0.860328	76.2392	211.7970	160.2227	308.4224	0.1458	-0.0960	9.7390
431.9504	-0.145101	-0.139271	0.836150	0.860221	76.2426	214.9764	163.2704	308.2896	0.1348	-0.0941	10.1277
432.1028	-0.146870	-0.137479	0.836303	0.860095	76.2454	216.9677	165.1049	308.1330	0.1358	-0.1043	9.8644
432.2552	-0.146868	-0.137565	0.836312	0.859972	76.2476	217.3118	165.3226	308.0072	0.1361	-0.1061	9.8603
432.4076	-0.135532	-0.149061	0.836144	0.859859	76.2474	214.9858	162.9078	307.9175	0.1280	-0.0915	9.8436
432.5600	-0.134977	-0.149468	0.835863	0.859761	76.2431	212.8611	160.7578	307.8920	0.1448	-0.0921	9.8901
432.7124	-0.134882	-0.149487	0.835628	0.859679	76.2372	212.5461	160.4776	307.9279	0.1417	-0.0921	9.8559
432.8648	-0.126910	-0.156662	0.835175	0.859601	76.2310	211.1495	159.1422	307.9895	0.1321	-0.0802	9.9623
433.0172	-0.124831	-0.158496	0.834907	0.859527	76.2225	208.9277	157.0130	308.0811	0.1437	-0.0800	9.8663
433.1696	-0.125104	-0.158257	0.834929	0.859458	76.2151	208.4959	156.6599	308.1613	0.1419	-0.0790	9.8432
433.3220	-0.125460	-0.158075	0.834949	0.859409	76.2050	208.5268	156.7919	308.2627	0.1410	-0.0792	9.8570
433.4744	-0.128613	-0.155185	0.835071	0.859376	76.1917	209.0052	157.4315	308.4231	0.1398	-0.0738	9.7960
433.6268	-0.102897	-0.174426	0.834968	0.859347	76.1764	204.5543	153.1668	308.6105	0.1607	-0.0639	10.0044
433.7792	-0.098725	-0.177305	0.834917	0.859322	76.1614	199.2253	148.0076	308.7794	0.1624	-0.0505	10.0389
433.9316	-0.100626	-0.176001	0.834946	0.859339	76.1431	198.9582	148.0109	309.0492	0.1573	-0.0549	9.8111
434.0840	-0.100037	-0.176515	0.834946	0.859371	76.1245	198.6896	147.9917	309.2985	0.1630	-0.0515	9.5415
434.2364	-0.090562	-0.181756	0.834953	0.859450	76.1004	195.3816	145.1293	309.7462	0.1617	-0.0440	9.9736
434.3888	-0.090999	-0.181453	0.834981	0.859567	76.0726	196.1117	146.1144	310.0009	0.1567	-0.0501	9.6384
434.5412	-0.087463	-0.183427	0.834992	0.859660	76.0398	194.1458	144.5202	310.3739	0.1637	-0.0406	9.7067
434.6936	-0.070847	-0.191150	0.835228	0.859754	76.0088	189.5760	140.3364	310.7586	0.1722	-0.0245	10.0036
434.8460	-0.069639	-0.191826	0.835088	0.859831	75.9809	187.3833	138.5664	311.1821	0.1738	-0.0234	9.8529
434.9984	-0.066289	-0.193093	0.835086	0.859829	75.9692	186.8324	138.1559	311.3226	0.1768	-0.0209	9.6931
435.1508	-0.046474	-0.199651	0.835381	0.859838	75.9628	181.3959	132.6852	311.2880	0.1812	0.0022	9.8743
435.3032	-0.042945	-0.200283	0.835604	0.859823	75.9555	179.7674	131.2605	311.4943	0.1725	-0.0022	9.7362
435.4556	-0.000802	-0.205942	0.836025	0.859755	75.9641	172.3560	123.6404	311.2868	0.1791	0.0630	9.6852
435.6080	0.087990	-0.188508	0.834988	0.859680	75.9763	146.9951	98.0712	311.0815	0.1417	0.1204	10.1964
435.7604	0.087654	-0.188500	0.835055	0.859618	75.9822	142.7177	93.6973	310.9846	0.1718	0.1382	9.8407
435.9128	0.052421	-0.200610	0.835328	0.859545	75.9937	148.8716	99.6157	310.7485	0.1892	0.0882	9.6951
436.0652	-0.005945	-0.204181	0.834799	0.859440	76.0101	159.0841	109.4989	310.4184	0.1729	0.0428	9.6683
436.2176	-0.046865	-0.199012	0.834578	0.859342	76.0277	180.7475	130.8566	310.1087	0.1654	0.0010	10.2521
436.3700	-0.043365	-0.199925	0.834750	0.859247	76.0449	181.1950	131.0064	309.8112	0.1755	-0.0188	10.0542
436.5224	-0.099800	-0.175668	0.834358	0.859125	76.0648	189.3607	138.8018	309.4396	0.1650	-0.0568	9.6497
436.6748	-0.137073	-0.147296	0.834151	0.858993	76.0845	208.7528	157.8812	309.1247	0.1263	-0.0982	9.9219
436.8272	-0.139853	-0.143717	0.834264	0.858837	76.1107	214.8711	163.4640	308.5889	0.1313	-0.0995	10.0936
436.9796	-0.125139	-0.158113	0.834182	0.858666	76.1414	209.6604	157.8970	308.2334	0.1508	-0.0809	9.9052
437.1320	-0.141253	-0.142774	0.834143	0.858511	76.1801	213.3918	161.0802	307.6850	0.1301	-0.1024	9.7226
437.2844	-0.145682	-0.137953	0.833998	0.858359	76.2180	217.2756	164.4155	307.1348	0.1251	-0.1107	9.7346
437.4368	-0.141080	-0.142758	0.834263	0.858219	76.2524	217.2740	163.8214	306.5433	0.1327	-0.1036	9.9123
437.5892	-0.137552	-0.146701	0.834256	0.858136	76.2753	217.0012	163.2059	306.2017	0.1459	-0.0971	10.1887
437.7416	-0.136198	-0.147800	0.834139	0.858045	76.2954	215.5132	161.5056	305.9875	0.1410	-0.0985	9.8653
437.8940	-0.136860	-0.147234	0.834032	0.857975	76.3204	215.9780	161.3069	305.3257	0.1426	-0.0939	9.9271
438.0464	-0.136595	-0.147316	0.834255	0.857954	76.3227	215.9799	161.4521	305.4678	0.1330	-0.1029	9.8258
438.1988	-0.139560	-0.144359	0.834268	0.857947	76.3262	216.5875	161.9604	305.3679	0.1312	-0.0948	9.8077
438.3512	-0.156407	-0.124598	0.834226	0.857938	76.3293	221.8454	167.2004	305.3504	0.1242	-0.1058	9.8768
438.5036	-0.162741	-0.116253	0.834269	0.857932	76.3301	225.8979	171.3099	305.4079	0.1211	-0.1288	9.9536
438.6560	-0.163319	-0.115696	0.834194	0.857944	76.3322	227.6801	172.9392	305.2560	0.1172	-0.1316	9.9294
438.8084	-0.162520	-0.116755	0.834302	0.857997	76.3237	227.4405	172.9851	305.5400	0.1391	-0.1339	9.8571
438.9608	-0.161368	-0.118184	0.834281	0.858076	76.3133	226.8457	172.6546	305.8035	0.1289	-0.1204	9.6906
439.1132	-0.161495	-0.117955	0.834021	0.858157	76.3044	226.5130	172.5028	305.9855	0.1023	-0.1231	9.9447
439.2656	-0.151436	-0.130848	0.833907	0.858249	76.2969	223.8531	169.9557	306.0989	-0.0497	-0.1797	10.3648
439.4180	-0.150058	-0.132860	0.833892	0.858342	76.2884	221.4318	167.7200	306.2831	0.1109	-0.1225	9.8654
439.5704	-0.149932	-0.133205	0.834329	0.858422	76.2795	220.6567	167.1245	306.4628	0.1398	-0.1160	9.7960
439.7228	-0.154363	-0.127937	0.834254	0.858498	76.2687	221.4959	168.1548	306.6541	0.1323	-0.1270	9.6727
439.8752	-0.144755	-0.139108	0.834296	0.858560	76.2566	219.5624	166.4144	306.8471	0.1391	-0.0755	9.9235
440.0276	-0.119105	-0.162868	0.835013	0.858609	76.2466	210.0457	157.0114	306.9623	0.1786	-0.0894	10.3255
440.1800	-0.108355	-0.171277	0.835335	0.858647	76.2370	204.7100	151.7567	307.0430	0.1730	-0.0696	9.8639
440.3324	-0.105551	-0.172784	0.835113	0.858687	76.2269	203.4673	150.6002	307.1285	0.1706	-0.0705	9.7045
440.4848	-0.105367	-0.173012	0.835288	0.858733	76.2134	202.7463	150.1503	307.4011	0.1711	-0.0713	9.8621
440.6372	-0.112786	-0.167961	0.835390	0.858785	76.2023	203.7451	151.2766	307.5280	0.1727	-0.0692	9.9076
440.7896	-0.111059	-0.169221	0.835094	0.858872	76.1894	204.9253	152.2195	307.2906	0.1705	-0.0772	9.9400
440.9420	-0.111565	-0.168808	0.834963	0.859018	76.1530	204.6170	152.2661	307.6457	0.1714	-0.0795	9.8849
441.0944	-0.110563	-0.169404	0.834801	0.859187	76.1094	204.0622	152.2111	308.1451	0.1716	-0.0769	9.5860
441.2468	-0.110870	-0.169026	0.834473	0.859345	76.0653	203.4814	152.3230	308.8384	0.1689	-0.0779	10.0309
441.3992	-0.110726	-0.169206	0.834358	0.859447	76.0405	203.4078	152.2336	308.8218	0.1707	-0.0773	9.8746
441.5516	-0.110662	-0.169278	0.834389	0.859534	76.0127	203.1482	152.1405	308.9882	0.1650	-0.0776	9.8630
441.7040	-0.108921	-0.170441	0.834474	0.859625	75.9794	202.2280	151.7220	309.4907	0.1737	-0.0765	9.7295
441.8564	-0.090608	-0.180671	0.834433	0.859709	75.9495	196.2514	146.1249	309.8709	0.1429	-0.0752	9.6941
442.0088	0.073135	-0.193070	0.834812	0.859785	75.9197	167.1768	117.3808	310.2068	0.1728	0.0912	10.0171
442.1612	0.165694	-0.127590	0.835310	0.859878	75.8873	131.2007	81.8480	310.6530	0.0534	0.2228	10.0842
442.3136	0.158638	-0.136226	0.835136	0.859966	75.8584	118.0758	69.2083	311.1376	0.0964	0.2053	9.8631
442.4660	0.135930	-0.157294	0.835290	0.860031	75.8430	122.8932	74.0587	311.1709	0.1091	0.2348	9.8059
442.6184	0.117211	-0.171384	0.835040	0.860098	75.8311	129.6706	80.7126	311.0484	0.1476	0.1806	9.8528
442.7708	0.148393	-0.146050	0.835548	0.860188	75.8112	129.7366	80.9321	311.2018	0.0640	0.2180	9.9601
442.9232	0.078256	-0.192695	0.835529	0.860290	75.7866	136.3507	87.9133	311.5685	0.1708	0.1275	10.0185
443.0756	0.077685	-0.192898	0.835489	0.860359	75.7731	145.3359	97.0383	311.7086	0.1772	0.1277	9.9636
443.2280	0.090321	-0.187499	0.835237	0.860416	75.7638	144.0967	95.8395	311.7495	0.1833	0.1251	9.9367
443.3804	0.092706	-0.186568	0.835415	0.860482	75.7439	141.5600	93.8715	312.3186	0.1737	0.1299	9.8169
443.5328	0.014047	-0.205527	0.835082	0.860484	75.7423	151.2349	103.8818	312.6528	0.2999	0.0298	9.1657
443.6852	0.017192	-0.204852	0.834914	0.860420	75.7659	162.4104	114.7966	312.3907	0.1952	0.0352	9.9808
443.8376	0.018392	-0.204752	0.834903	0.860383	75.7859	161.8689	114.0164	312.1521	0.2008	0.0494	9.8507
443.9900	0.035399	-0.203494	0.834940	0.860395	75.7897	160.0051	112.1787	312.1781	0.2224	0.0507	10.0211
444.1424	0.016112	-0.206068	0.835284	0.860369	75.7968	162.2980	114.2461	311.9523	0.1983	0.0627	9.8624
444.2948	-0.070409	-0.190731	0.834844	0.860329	75.8087	175.3216	126.8364	311.5165	0.1952	-0.0643	9.7450
444.4472	-0.036297	-0.201597	0.835064	0.860343	75.8035	180.2962	131.9665	311.6705	0.2177	0.0222	9.6035
444.5996	0.017192	-0.206119	0.835369	0.860355	75.8026	169.3067	120.9701	311.6666	0.1921	0.0722	10.0294
444.7520	-0.010203	-0.205444	0.835212	0.860360	75.8045	167.6558	119.2069	311.5544	0.2143	0.0271	10.1129
444.9044	-0.045121	-0.198957	0.834956	0.860384	75.8019	175.3940	126.9151	311.5220	0.1949	-0.0181	9.6555
445.0568	-0.024009	-0.203656	0.835433	0.860436	75.7885	173.7247	125.5600	311.8369	0.2000	0.0092	9.9733
445.2092	0.073707	-0.193333	0.835371	0.860502	75.7697	155.3749	107.7974	312.4268	0.1716	0.1149	10.1112
445.3616	0.124790	-0.164581	0.834481	0.860550	75.7599	134.7599	87.5108	312.7567	0.1468	0.1581	9.8762
445.5140	0.118529	-0.170825	0.835370	0.860567	75.7616	130.6735	83.4949	312.8282	0.1400	0.1679	10.2473
445.6664	0.098634	-0.183821	0.835634	0.860576	75.7643	135.5953	88.5152	312.9265	0.1549	0.1609	9.7193
445.8188	0.088406	-0.188003	0.835336	0.860589	75.7656	138.7541	91.8773	313.1295	0.1850	0.1523	9.7531
445.9712	0.083002	-0.191369	0.835712	0.860555	75.7819	140.0358	92.9574	312.9275	0.1716	0.1439	10.1857
446.1236	0.072331	-0.195260	0.835636	0.860504	75.7993	145.6720	98.4016	312.7359	0.1690	0.1339	9.9568
446.2760	0.043579	-0.203082	0.835635	0.860484	75.8095	151.1962	103.8559	312.6655	0.1896	0.1000	9.8417
446.4284	0.036858	-0.204169	0.835652	0.860481	75.8126	155.5636	108.3777	312.8181	0.1879	0.0943	9.7646
446.5808	0.014573	-0.206330	0.835657	0.860478	75.8186	160.7982	113.7855	312.9905	0.1969	0.0702	9.8521
446.7332	-0.029026	-0.203626	0.835526	0.860536	75.8203	170.5077	123.9856	313.4789	0.2016	0.0266	9.9900
446.8856	-0.123174	-0.160681	0.835500	0.860607	75.8235	186.8868	140.8141	313.9254	0.1917	-0.0826	9.9712
447.0380	-0.111258	-0.169763	0.835526	0.860629	75.8438	199.6987	153.4677	313.7650	0.1846	-0.0698	9.8710
447.1904	-0.111680	-0.169380	0.835375	0.860677	75.8598	198.6520	152.4336	313.7783	0.1840	-0.0734	9.8487
447.3428	-0.111820	-0.169314	0.835205	0.860756	75.8722	198.4568	152.3471	313.8862	0.1828	-0.0720	9.7915
447.4952	-0.106339	-0.172979	0.835200	0.860822	75.8876	197.3217	151.1619	313.8361	0.1800	-0.0669	9.4850
447.6476	-0.093916	-0.180580	0.835449	0.860883	75.9013	194.8696	148.6258	313.7534	0.1589	-0.0357	9.8221
447.8000	-0.092531	-0.182590	0.836855	0.860924	75.9146	192.9318	146.5808	313.6464	0.2250	-0.0518	10.0343
447.9524	-0.092583	-0.182474	0.836758	0.860971	75.9249	192.4499	146.0297	313.5761	0.2202	-0.0386	9.8935
448.1048	-0.090639	-0.183003	0.836735	0.861032	75.9309	192.2035	145.7388	313.5324	0.2132	-0.0427	9.8567
448.2572	-0.089777	-0.183557	0.837260	0.861111	75.9283	191.7942	145.3553	313.5588	0.2137	-0.0424	9.8382
448.4096	-0.082621	-0.187195	0.837339	0.861214	75.9180	190.3184	144.0375	313.7166	0.2078	-0.0389	10.0058
448.5620	-0.079466	-0.188828	0.837697	0.861342	75.9085	188.4007	142.2718	313.8691	0.2193	-0.0277	9.8683
448.7144	-0.076351	-0.190142	0.837674	0.861478	75.8975	187.5525	141.6259	314.0717	0.2219	-0.0232	9.9463
448.8668	-0.072570	-0.191624	0.837304	0.861613	75.8865	186.3189	140.5942	314.2732	0.2195	-0.0241	10.0168
449.0192	-0.071654	-0.191937	0.836933	0.861737	75.8777	185.5136	139.9368	314.4220	0.2176	-0.0223	9.8772
449.1716	-0.072834	-0.191513	0.837014	0.861818	75.8764	185.6288	140.0098	314.3794	0.2173	-0.0230	9.8559
449.3240	-0.073785	-0.191088	0.836978	0.861834	75.8806	186.0982	140.3288	314.2284	0.2143	-0.0250	9.8640
449.4764	-0.076703	-0.189980	0.836559	0.861849	75.8853	186.9518	140.9922	314.0385	0.2126	-0.0254	9.8516
449.6288	-0.080705	-0.188052	0.837155	0.861859	75.8879	188.1647	142.0814	313.9137	0.2137	-0.0311	9.7126
449.7812	-0.080786	-0.188172	0.837308	0.861847	75.8897	188.8091	142.6410	313.8294	0.2142	-0.0312	9.9353
449.9336	-0.080332	-0.188405	0.837215	0.861792	75.8966	188.8549	142.5678	313.7116	0.2149	-0.0277	9.7874
450.0860	-0.078853	-0.188917	0.837261	0.861715	75.9068	188.6915	142.1206	313.4270	0.2154	-0.0304	9.6755
450.2384	-0.077835	-0.189365	0.837333	0.861642	75.9152	188.6595	141.8524	313.1909	0.2172	-0.0299	9.8162
450.3908	-0.077080	-0.189523	0.837326	0.861605	75.9214	188.3931	141.4407	313.0460	0.2178	-0.0329	10.0014
450.5432	-0.078620	-0.188698	0.836910	0.861575	75.9280	189.2158	142.0855	312.8673	0.2151	-0.0361	10.0460
450.6956	-0.074155	-0.190631	0.836878	0.861541	75.9335	187.9932	140.7076	312.7117	0.2131	-0.0326	9.9176
450.8480	-0.076210	-0.189828	0.836978	0.861503	75.9393	188.6580	141.1824	312.5233	0.2178	-0.0373	9.5488
451.0004	-0.086612	-0.184742	0.837306	0.861467	75.9416	190.2753	142.6330	312.3547	0.2097	-0.0431	9.5472
451.1528	-0.110229	-0.170580	0.836866	0.861416	75.9410	198.1072	150.2986	312.1871	0.2050	-0.0704	9.7208
451.3052	-0.078939	-0.188237	0.836564	0.861370	75.9392	192.4379	144.5096	312.0690	0.2105	-0.0403	10.1053
451.4576	-0.078113	-0.188650	0.836283	0.861326	75.9365	189.9585	141.9401	311.9783	0.2122	-0.0409	9.7480
451.6100	-0.078149	-0.188245	0.836750	0.861284	75.9323	190.0288	141.9323	311.9001	0.2138	-0.0413	9.8454
451.7624	-0.076720	-0.189013	0.836677	0.861250	75.9260	189.7960	141.6674	311.8681	0.2140	-0.0403	9.7710
451.9148	-0.066877	-0.193027	0.836544	0.861251	75.9220	187.9899	139.8009	311.8085	0.2188	-0.0270	9.8448
452.0672	-0.062249	-0.194864	0.836143	0.861257	75.9165	185.8725	137.7004	311.8253	0.2125	-0.0223	9.9383
452.2196	-0.044129	-0.200221	0.836139	0.861261	75.9111	182.7546	134.5968	311.8412	0.2128	-0.0013	9.8574
452.3720	-0.024130	-0.204274	0.836233	0.861250	75.9096	176.2130	127.9545	311.7426	0.2157	0.0183	9.7375
452.5244	-0.019644	-0.204740	0.836216	0.861255	75.9070	173.2658	124.8973	311.6343	0.2141	0.0299	9.8957
452.6768	-0.012500	-0.205699	0.836171	0.861249	75.9094	172.6417	124.1857	311.5465	0.2154	0.0362	9.7265
452.8292	-0.003139	-0.206073	0.836196	0.861234	75.9145	169.1565	120.5320	311.3771	0.2142	0.0452	9.6705
452.9816	0.000439	-0.206265	0.836528	0.861193	75.9198	167.9327	119.1225	311.1921	0.2096	0.0519	9.8681
453.1340	-0.005162	-0.205852	0.836746	0.861113	75.9272	169.4039	120.3958	310.9952	0.2095	0.0452	10.1410
453.2864	-0.004407	-0.205837	0.836761	0.861028	75.9359	169.7907	120.5494	310.7609	0.2096	0.0435	10.1170
453.4388	-0.016654	-0.204839	0.836810	0.860958	75.9453	171.5951	122.1315	310.5375	0.2107	0.0311	9.7218
453.5912	-0.023048	-0.204103	0.836767	0.860878	75.9604	174.4304	124.6939	310.2651	0.2101	0.0195	9.7876
453.7436	-0.055238	-0.196606	0.836711	0.860790	75.9810	180.9386	130.9317	309.9939	0.2199	-0.0143	9.8829
453.8960	-0.061752	-0.194322	0.836340	0.860691	76.0055	187.1865	136.7005	309.5114	0.2013	-0.0305	9.8818
454.0484	-0.062714	-0.193804	0.836124	0.860587	76.0299	187.9540	136.9830	309.0283	0.1997	-0.0322	9.8775
454.2008	-0.069987	-0.191032	0.835600	0.860476	76.0550	189.0481	137.5738	308.5232	0.1956	-0.0402	9.9987
454.3532	-0.075290	-0.188880	0.835499	0.860363	76.0819	192.7372	140.7315	307.9919	0.1923	-0.0470	9.8839
454.5056	-0.076100	-0.188575	0.835362	0.860228	76.1049	193.4936	140.9965	307.5007	0.1910	-0.0473	9.8619
454.6580	-0.077793	-0.187773	0.835414	0.860102	76.1258	194.2032	141.1889	306.9834	0.1885	-0.0492	9.7570
454.8104	-0.108470	-0.170539	0.835410	0.859979	76.1436	201.2338	147.6914	306.4547	0.1729	-0.0843	9.8312
454.9628	-0.107485	-0.171053	0.835571	0.859855	76.1587	207.0556	153.0490	305.9886	0.1644	-0.0779	9.8301
455.1152	-0.092994	-0.179552	0.835345	0.859736	76.1714	202.7033	148.2547	305.5487	0.1766	-0.0689	9.9652
455.2676	-0.093328	-0.179289	0.835252	0.859648	76.1781	201.3517	146.5863	305.2303	0.1765	-0.0705	9.8003
455.4200	-0.089999	-0.180969	0.835191	0.859567	76.1872	201.0417	145.9772	304.9325	0.1771	-0.0697	9.8591
455.5724	-0.086948	-0.182276	0.835305	0.859511	76.2005	200.5822	145.1122	304.5262	0.1828	-0.0703	9.8533
455.7248	-0.077023	-0.187354	0.835151	0.859483	76.2090	198.5934	142.8316	304.2353	0.1835	-0.0571	9.7221
455.8772	-0.056295	-0.195284	0.835335	0.859451	76.2180	193.9668	137.8739	303.9035	0.1948	-0.0393	9.8026
456.0296	-0.040413	-0.199700	0.835047	0.859419	76.2269	187.5989	131.2213	303.6222	0.1959	-0.0226	9.9353
456.1820	-0.040261	-0.199545	0.835038	0.859415	76.2335	187.0848	130.4655	303.3799	0.1952	-0.0228	10.0128
456.3344	-0.041585	-0.199084	0.834976	0.859419	76.2388	187.8686	131.0285	303.1590	0.1972	-0.0238	9.8250
456.4868	-0.032460	-0.200900	0.835136	0.859447	76.2472	186.6929	129.6175	302.9229	0.1951	-0.0169	9.9258
456.6392	-0.068898	-0.190297	0.835176	0.859463	76.2552	192.0401	134.7518	302.7102	0.2065	-0.0242	10.3924
456.7916	-0.062986	-0.192502	0.835008	0.859493	76.2632	195.2060	137.7294	302.5215	0.1837	-0.0554	9.8797
456.9440	-0.064615	-0.191931	0.834972	0.859516	76.2715	195.1383	137.4708	302.3286	0.1963	-0.0409	9.7928
457.0964	-0.070094	-0.189949	0.834991	0.859548	76.2794	196.3184	138.5141	302.1936	0.1838	-0.0580	9.7709
457.2488	-0.077071	-0.186899	0.834961	0.859565	76.2901	198.6028	140.6580	302.0527	0.1813	-0.0635	9.8961
457.4012	-0.092348	-0.179373	0.835833	0.859583	76.3035	201.6721	143.5649	301.8884	0.1763	-0.0731	10.1580
457.5536	-0.107205	-0.170328	0.835900	0.859612	76.3158	206.9306	148.7069	301.7718	0.1646	-0.0973	9.8483
457.7060	-0.104125	-0.172205	0.836006	0.859643	76.3234	208.5044	150.2231	301.7148	0.1659	-0.0924	9.8711
457.8584	-0.105024	-0.171765	0.836007	0.859656	76.3268	208.5541	150.2591	301.7002	0.1656	-0.0965	9.7895
458.0108	-0.107832	-0.169918	0.836147	0.859671	76.3310	209.4149	151.0745	301.6552	0.1650	-0.0998	9.6941
458.1632	-0.104750	-0.171859	0.836019	0.859678	76.3297	209.7432	151.4688	301.7209	0.1654	-0.1000	9.7531
458.3156	-0.104754	-0.171986	0.836099	0.859697	76.3302	208.4326	150.1785	301.7406	0.1631	-0.0895	9.9383
458.4680	-0.104801	-0.171703	0.836147	0.859744	76.3241	208.4622	150.3183	301.8523	0.1642	-0.0904	9.8636
458.6204	-0.104727	-0.171881	0.835966	0.859811	76.3129	208.3127	150.2666	301.9497	0.1623	-0.0922	9.7566
458.7728	-0.102951	-0.173240	0.836148	0.859854	76.3004	207.8023	149.8451	302.0385	0.1637	-0.0842	9.8230
458.9252	-0.062945	-0.192914	0.835331	0.859887	76.2885	201.6718	143.7902	302.1158	0.1731	-0.0438	9.8808
459.0776	-0.082620	-0.184495	0.835423	0.859909	76.2727	195.5971	137.9005	302.3008	0.1775	-0.0560	10.0641
459.2300	-0.081833	-0.184974	0.835459	0.859939	76.2583	200.5195	143.0043	302.4819	0.1697	-0.0577	10.2202
459.3824	-0.074583	-0.188270	0.835606	0.859959	76.2440	197.6352	140.3169	302.6795	0.1753	-0.0562	9.7090
459.5348	-0.066396	-0.191408	0.835534	0.859971	76.2283	196.7129	139.6284	302.9131	0.1802	-0.0439	9.8895
459.6872	0.010890	-0.204552	0.835398	0.859981	76.2153	183.1147	126.1787	303.0624	0.1799	0.0200	9.8935
459.8396	0.021379	-0.203693	0.835540	0.859997	76.2014	169.7926	113.0327	303.2416	0.1849	0.0369	9.9024
459.9920	0.016883	-0.204141	0.835355	0.860006	76.1894	169.8126	113.1811	303.3703	0.1839	0.0266	9.7705
460.1444	0.000178	-0.204255	0.835599	0.860005	76.1791	174.2911	117.8035	303.5137	0.1853	0.0154	9.9098
460.2968	-0.002820	-0.204442	0.835674	0.860013	76.1715	175.5769	119.2218	303.6467	0.1839	0.0070	9.7780
460.4492	-0.014728	-0.203458	0.835665	0.860032	76.1681	178.3273	122.0943	303.7675	0.1858	0.0016	9.8426
460.6016	-0.015236	-0.203524	0.835592	0.860054	76.1615	179.1815	123.0487	303.8679	0.1827	0.0048	9.9204
460.7540	-0.030951	-0.201550	0.835608	0.860074	76.1553	181.6198	125.6465	304.0266	0.1846	-0.0034	10.1187
460.9064	-0.030059	-0.201588	0.835648	0.860094	76.1494	183.0508	127.2378	304.1858	0.1825	-0.0109	9.8630
461.0588	-0.031585	-0.201362	0.835648	0.860099	76.1522	183.0267	127.2825	304.2559	0.1842	-0.0090	9.6634
461.2112	-0.038562	-0.199947	0.835623	0.860097	76.1591	184.8059	129.1738	304.3662	0.1730	-0.0269	9.5427
461.3636	-0.054156	-0.195986	0.835558	0.860100	76.1659	189.2479	133.7188	304.4684	0.1777	-0.0396	9.6707
461.5160	-0.057427	-0.195016	0.835733	0.860102	76.1707	190.3989	134.9366	304.5352	0.1789	-0.0253	10.3451
461.6684	-0.056580	-0.195236	0.835693	0.860095	76.1755	190.2951	134.9469	304.6495	0.1672	-0.0242	10.2279
461.8208	-0.057379	-0.194870	0.835629	0.860089	76.1784	189.6663	134.4107	304.7422	0.1741	-0.0338	9.6650
461.9732	-0.053648	-0.196426	0.835551	0.860021	76.1759	189.7603	134.6555	304.8927	0.1751	-0.0234	10.0899
462.1256	-0.069537	-0.190678	0.835692	0.859967	76.1753	191.2266	136.2464	305.0186	0.1764	-0.0386	9.9631
462.2780	-0.074080	-0.188608	0.835599	0.859926	76.1749	194.6067	139.7372	305.1276	0.1692	-0.0559	9.4463
462.4304	-0.074772	-0.188517	0.836106	0.859856	76.1733	195.1242	140.4006	305.2751	0.1725	-0.0466	9.8855
462.5828	-0.074687	-0.188605	0.836023	0.859784	76.1729	194.9627	140.3080	305.3438	0.1801	-0.0462	10.1456
462.7352	-0.076386	-0.187876	0.836072	0.859718	76.1722	194.7200	140.0680	305.3458	0.1722	-0.0484	9.6683
462.8876	-0.077343	-0.187426	0.835913	0.859657	76.1669	195.6631	141.0836	305.4179	0.1657	-0.0458	9.8606
463.0400	-0.067975	-0.191333	0.835549	0.859607	76.1584	194.6203	140.1328	305.5097	0.2024	-0.0445	9.8807
463.1924	-0.038583	-0.200322	0.834381	0.859573	76.1446	184.6930	130.4482	305.7550	0.1819	-0.0092	9.8597
463.3448	-0.062821	-0.193199	0.834998	0.859544	76.1299	188.8886	134.8962	306.0050	0.1791	-0.0328	9.7276
463.4972	-0.061977	-0.193674	0.835050	0.859512	76.1173	190.3560	136.5047	306.1464	0.1791	-0.0301	9.8462
463.6496	-0.071678	-0.189658	0.834424	0.859479	76.0996	188.4735	134.9091	306.4353	0.1791	-0.0618	10.2340
463.8020	-0.065481	-0.192463	0.834478	0.859438	76.0831	191.1425	137.7893	306.6455	0.1753	-0.0407	9.8637
463.9544	-0.062261	-0.193516	0.834438	0.859390	76.0737	190.4644	137.2294	306.7632	0.1788	-0.0378	9.7635
464.1068	-0.034763	-0.201249	0.834505	0.859363	76.0700	182.8832	129.7804	306.8979	0.1817	-0.0057	9.8817
464.2592	-0.007165	-0.204951	0.834511	0.859336	76.0659	177.3712	124.3392	306.9686	0.1781	0.0227	10.0525
464.4116	0.012891	-0.205297	0.834430	0.859303	76.0630	170.5240	117.5357	307.0132	0.1773	0.0425	9.8850
464.5640	0.012881	-0.205282	0.834533	0.859339	76.0669	168.2718	115.2203	306.9505	0.1784	0.0436	9.8629
464.7164	0.013288	-0.205174	0.834493	0.859346	76.0697	168.1156	115.0298	306.9168	0.1767	0.0322	9.8914
464.8688	0.012129	-0.205276	0.834524	0.859309	76.0706	168.1271	115.0456	306.9198	0.1812	0.0437	9.7952
465.0212	0.007714	-0.205263	0.834688	0.859297	76.0733	168.5655	115.4129	306.8499	0.1809	0.0424	9.9415
465.1736	-0.060431	-0.194263	0.835007	0.859297	76.0721	180.5842	127.5365	306.9533	0.1832	-0.0475	9.9635
465.3260	-0.070613	-0.190434	0.835542	0.859292	76.0735	191.9929	138.9642	306.9691	0.1755	-0.0417	9.8635
465.4784	-0.062226	-0.193649	0.835385	0.859316	76.0765	190.8845	137.8640	306.9769	0.1843	-0.0371	9.8063
465.6308	-0.062102	-0.193661	0.835051	0.859342	76.0799	189.2639	136.3185	307.0529	0.1809	-0.0314	9.8095
465.7832	-0.073603	-0.189250	0.835328	0.859349	76.0915	191.7431	138.6380	306.8930	0.1779	-0.0384	9.8094
465.9356	-0.075870	-0.188266	0.834460	0.859354	76.1037	194.0238	140.7740	306.7478	0.1612	-0.0389	10.2360
466.0880	-0.078138	-0.187145	0.834460	0.859365	76.1157	194.7247	141.3651	306.6382	0.1724	-0.0477	9.8696
466.2404	-0.074960	-0.188346	0.834463	0.859380	76.1280	194.0853	140.5808	306.4920	0.1783	-0.0477	9.6466
466.3928	-0.074512	-0.188862	0.834543	0.859394	76.1398	193.9441	140.3080	306.3623	0.1763	-0.0417	9.6439
466.5452	-0.072472	-0.189528	0.834459	0.859424	76.1451	194.0064	140.3282	306.3192	0.1746	-0.0464	9.7181
466.6976	-0.064039	-0.192980	0.835112	0.859428	76.1461	190.9481	137.1900	306.2403	0.1824	-0.0289	10.2312
466.8500	-0.064459	-0.192976	0.835215	0.859522	76.1436	190.6713	137.0176	306.3442	0.2073	-0.0301	10.1856
467.0024	-0.063962	-0.193060	0.835052	0.859646	76.1420	190.7167	137.1934	306.4744	0.1834	-0.0344	9.8247
467.1548	-0.065162	-0.192489	0.835106	0.859760	76.1383	190.6602	137.2812	306.6189	0.1799	-0.0335	9.9886
467.3072	-0.068863	-0.191453	0.835605	0.859896	76.1347	191.3426	138.0710	306.7276	0.1857	-0.0340	10.2460
467.4596	-0.068609	-0.191427	0.835293	0.860069	76.1323	191.8765	138.6951	306.8160	0.1841	-0.0380	9.9858
467.6120	-0.069441	-0.191173	0.835459	0.860238	76.1270	191.6837	138.6862	306.9994	0.1825	-0.0385	9.7456
467.7644	-0.069720	-0.190815	0.835553	0.860322	76.1239	191.7673	138.8470	307.0775	0.1831	-0.0403	9.5100
467.9168	-0.070040	-0.190749	0.835384	0.860396	76.1201	191.9256	139.1040	307.1765	0.1614	-0.0407	9.5261
468.0692	-0.067638	-0.192189	0.837320	0.860466	76.1178	191.5025	138.7607	307.2551	0.1991	-0.0343	10.2322
468.2216	-0.067371	-0.192154	0.837290	0.860557	76.1179	191.0097	138.2754	307.2635	0.1959	-0.0344	10.1445
468.3740	-0.069882	-0.191253	0.837192	0.860602	76.1175	191.4549	138.7989	307.3420	0.1942	-0.0394	9.7038
468.5264	-0.069369	-0.191401	0.837282	0.860634	76.1186	191.7962	138.9802	307.1816	0.1919	-0.0398	9.7025
468.6788	-0.066686	-0.192469	0.837352	0.860650	76.1180	191.1625	138.3003	307.1360	0.2011	-0.0404	9.6076
468.8312	-0.063694	-0.193747	0.836834	0.860665	76.1186	190.4261	137.4310	307.0036	0.1895	-0.0307	9.8532
468.9836	-0.066364	-0.192394	0.835610	0.860680	76.1175	191.0900	138.0480	306.9555	0.1899	-0.0358	10.2099
469.1360	-0.066278	-0.192492	0.835671	0.860690	76.1176	191.1170	137.9367	306.8181	0.1851	-0.0327	10.4979
469.2884	-0.065575	-0.192719	0.836786	0.860701	76.1161	191.0403	137.7995	306.7583	0.1919	-0.0323	9.7788
469.4408	-0.066470	-0.192592	0.836733	0.860619	76.1170	191.4480	138.0316	306.5825	0.1881	-0.0324	9.8746
469.5932	-0.056269	-0.195127	0.835640	0.860516	76.1188	191.2284	137.6172	306.3868	0.1908	-0.0144	10.1724
469.7456	-0.036248	-0.200529	0.835576	0.860418	76.1213	183.7125	129.8994	306.1862	0.1941	-0.0134	10.0428
469.8980	-0.036865	-0.200216	0.835329	0.860293	76.1236	183.5497	129.5611	306.0112	0.1979	-0.0118	9.9743
470.0504	-0.039264	-0.200045	0.835574	0.860161	76.1252	183.1925	129.0205	305.8286	0.1938	-0.0199	9.4766
470.2028	-0.038958	-0.200014	0.835555	0.860036	76.1289	184.7877	130.3405	305.5526	0.1952	-0.0089	9.6858
470.3552	-0.040503	-0.199457	0.835576	0.860004	76.1318	183.7334	129.1086	305.3756	0.2042	-0.0191	9.6468
470.5076	-0.037990	-0.200390	0.835634	0.859972	76.1332	185.6355	130.8823	305.2449	0.2052	-0.0166	10.0880
470.6600	-0.041232	-0.199652	0.835397	0.859899	76.1369	185.2425	130.2722	305.0292	0.2024	-0.0222	9.9747
470.8124	-0.044186	-0.198581	0.835343	0.859796	76.1432	186.9538	131.5936	304.6391	0.1996	-0.0237	9.8115
470.9648	-0.044536	-0.198490	0.835433	0.859772	76.1443	187.3800	132.0189	304.6365	0.2018	-0.0248	9.8400
471.1172	-0.048390	-0.197605	0.835059	0.859750	76.1478	189.0700	133.7174	304.6457	0.2035	-0.0315	10.0664
471.2696	-0.046320	-0.198034	0.835074	0.859733	76.1525	188.0985	132.6398	304.5400	0.2049	-0.0271	9.7627
471.4220	-0.041519	-0.199390	0.835066	0.859708	76.1565	186.8603	131.3973	304.5354	0.2060	-0.0236	9.6062
471.5744	-0.044891	-0.198486	0.835246	0.859693	76.1608	187.9986	132.5586	304.5582	0.2060	-0.0294	10.0466
471.7268	-0.045379	-0.198402	0.835076	0.859682	76.1676	187.5994	132.0120	304.4111	0.2087	-0.0244	10.1114
471.8792	-0.045085	-0.198522	0.834874	0.859676	76.1699	187.7847	132.1521	304.3666	0.2044	-0.0258	9.8256
472.0316	-0.046032	-0.198471	0.834911	0.859672	76.1739	187.8162	132.1224	304.3049	0.1367	-0.0674	8.9657
472.1840	-0.074300	-0.188422	0.835632	0.859657	76.1808	194.9513	139.1251	304.1704	0.1732	-0.0532	10.0506
472.3364	-0.075188	-0.188269	0.835407	0.859678	76.1807	196.9457	141.1343	304.1864	0.1942	-0.0597	9.8677
472.4888	-0.073930	-0.188861	0.835535	0.859720	76.1774	196.7429	140.9692	304.2227	0.2168	-0.0862	10.2412
472.6412	-0.079337	-0.186419	0.835590	0.859761	76.1749	197.6436	141.8664	304.2197	0.1966	-0.0628	9.6052
472.7936	-0.086539	-0.182823	0.835617	0.859797	76.1720	199.2934	143.5583	304.2603	0.1950	-0.0225	9.2677
472.9460	-0.055608	-0.195549	0.835649	0.859824	76.1679	192.8575	137.1783	304.3171	0.2113	-0.0415	10.0500
473.0984	-0.055766	-0.195471	0.835500	0.859858	76.1678	191.1082	135.3738	304.2641	0.2068	-0.0396	9.8478
473.2508	-0.067655	-0.191472	0.835450	0.859887	76.1683	193.1328	137.3832	304.2479	0.2017	-0.0554	9.5676
473.4032	-0.082549	-0.184524	0.835452	0.859919	76.1648	197.6499	142.0755	304.4223	0.2036	-0.0925	9.4390
473.5556	-0.026577	-0.202447	0.835603	0.859927	76.1660	186.4676	130.7040	304.2351	0.2129	-0.0105	9.5146
473.7080	-0.016503	-0.203599	0.835655	0.859947	76.1628	181.7395	125.9783	304.2389	0.2251	-0.0024	10.4086
473.8604	-0.015650	-0.203663	0.835681	0.859971	76.1582	179.7150	123.9855	304.2711	0.2216	0.0023	9.8621
474.0128	-0.018471	-0.203367	0.835570	0.859995	76.1516	180.0770	124.4519	304.3750	0.2222	-0.0035	9.7607
474.1652	-0.015784	-0.203538	0.835439	0.859991	76.1542	180.4901	124.6252	304.1353	0.2147	0.0172	9.6177
474.3176	-0.041601	-0.199182	0.835658	0.859975	76.1495	183.7962	128.0661	304.2679	0.2181	-0.0220	10.0806
474.4700	-0.041509	-0.199097	0.835516	0.859954	76.1506	187.1949	131.4366	304.2401	0.2188	-0.0300	9.8607
474.6224	-0.044855	-0.198494	0.835490	0.859943	76.1519	187.5413	131.7455	304.2029	0.2177	-0.0192	9.3622
474.7748	-0.043457	-0.198579	0.835653	0.859960	76.1489	187.6335	131.8464	304.2103	0.2227	-0.0327	9.8938
474.9272	-0.035927	-0.200522	0.835664	0.859920	76.1514	187.0546	131.1848	304.1284	0.2227	-0.0253	9.6345
475.0796	-0.036315	-0.200346	0.835616	0.859874	76.1559	185.9538	129.9847	304.0287	0.2201	-0.0220	9.8578
475.2320	-0.040848	-0.199308	0.835532	0.859824	76.1601	186.5375	130.5248	303.9850	0.2450	-0.0118	9.8209
475.3844	-0.054508	-0.195482	0.835290	0.859775	76.1644	191.1748	135.1050	303.9283	0.2189	-0.0444	9.8641
475.5368	-0.054532	-0.195578	0.835340	0.859723	76.1709	191.5315	135.3357	303.8019	0.2192	-0.0431	9.8601
475.6892	-0.054592	-0.195479	0.835234	0.859646	76.1759	191.6680	135.3740	303.7035	0.2169	-0.0436	9.8350
475.8416	-0.060268	-0.193584	0.835636	0.859623	76.1774	192.6595	136.4115	303.7500	0.2086	-0.0679	9.8696
475.9940	-0.049792	-0.196982	0.835530	0.859583	76.1814	191.2337	134.9385	303.7026	0.2362	-0.0355	9.6897
476.1464	-0.039290	-0.199186	0.835094	0.859530	76.1852	187.9885	131.6481	303.6567	0.2307	-0.0352	9.8885
476.2988	-0.050725	-0.196902	0.834936	0.859486	76.1904	189.3140	132.8760	303.5598	0.2110	-0.0340	10.1113
476.4512	-0.050539	-0.196687	0.834833	0.859468	76.1945	190.7671	134.2490	303.4794	0.2223	-0.0412	9.8609
476.6036	-0.046889	-0.197747	0.834873	0.859459	76.2050	190.7297	133.8344	303.1017	0.2153	-0.0380	9.8810
476.7560	-0.049448	-0.196900	0.834719	0.859454	76.1999	190.3399	133.7091	303.3665	0.2331	-0.0384	10.2932
476.9084	-0.063806	-0.192355	0.834685	0.859456	76.2024	192.2028	135.5290	303.3223	0.2237	-0.0769	9.6508
477.0608	-0.066930	-0.191289	0.835052	0.859458	76.2063	196.0525	139.2913	303.2349	0.2268	-0.0619	9.8633
477.2132	-0.068526	-0.190726	0.834947	0.859445	76.2117	196.0606	139.2286	303.1632	0.2124	-0.0588	9.5973
477.3656	-0.068131	-0.190713	0.834943	0.859408	76.2196	196.4249	139.5498	303.1210	0.2120	-0.0617	9.8619
477.5180	-0.068044	-0.190748	0.835220	0.859394	76.2290	196.7383	139.7695	303.0265	0.2149	-0.0764	9.4816
477.6704	-0.013343	-0.203051	0.835535	0.859381	76.2386	186.8411	129.7988	302.9549	0.2314	-0.0152	9.9933
477.8228	-0.038362	-0.199458	0.835346	0.859392	76.2480	186.5728	129.3680	302.7940	0.2237	-0.0820	10.6253
477.9752	-0.061790	-0.193155	0.835242	0.859399	76.2553	195.8061	138.4907	302.6808	0.2207	-0.0579	9.8412
478.1276	-0.062423	-0.192774	0.835428	0.859417	76.2623	195.5535	138.0978	302.5405	0.2175	-0.0495	9.6338
478.2800	-0.082074	-0.184513	0.835545	0.859461	76.2666	194.5832	137.0717	302.4850	0.2194	-0.0536	10.1703
478.4324	-0.079644	-0.185538	0.835330	0.859461	76.2737	201.9549	144.2133	302.2527	0.1964	-0.0733	10.1556
478.5848	-0.104293	-0.172139	0.835352	0.859479	76.2796	208.8836	150.9539	302.0638	0.2003	-0.1126	9.8615
478.7372	-0.104404	-0.172166	0.835330	0.859510	76.2835	209.2632	151.2164	301.9466	0.1994	-0.1120	9.8612
478.8896	-0.108944	-0.169186	0.835444	0.859539	76.2856	209.7232	151.6259	301.8957	0.2096	-0.1137	9.3633
479.0420	-0.075307	-0.187558	0.835302	0.859535	76.2918	202.4057	144.1716	301.7611	0.2203	-0.0800	9.8818
479.1944	-0.075271	-0.187513	0.835306	0.859533	76.2952	200.1374	141.9304	301.7883	0.2209	-0.0830	9.8630
479.3468	-0.058121	-0.193710	0.835602	0.859538	76.3046	196.9908	138.4942	301.4997	0.2240	-0.0701	10.1639
479.4992	-0.057979	-0.193688	0.835293	0.859542	76.3091	195.3203	136.7270	301.4021	0.2276	-0.0643	9.8626
479.6516	-0.058126	-0.193688	0.835291	0.859543	76.3115	195.3807	136.7418	301.3557	0.2261	-0.0653	9.8617
479.8040	-0.052348	-0.195522	0.835543	0.859558	76.3112	194.3853	135.7244	301.3362	0.2259	-0.0576	9.9783
479.9564	-0.060615	-0.192752	0.835625	0.859585	76.3088	194.6291	135.9351	301.3015	0.2287	-0.0626	10.0915
480.1088	-0.062190	-0.192484	0.835650	0.859602	76.3076	196.7699	138.0328	301.2588	0.2297	-0.0685	9.8425
480.2612	-0.056662	-0.194090	0.835557	0.859616	76.3060	195.5218	136.7063	301.1797	0.2239	-0.0635	9.5451
480.4136	-0.062160	-0.192326	0.835650	0.859610	76.3057	195.9138	137.0989	301.1809	0.2199	-0.0702	9.8847
480.5660	-0.073819	-0.188145	0.835489	0.859613	76.3080	198.8099	139.9427	301.1269	0.2270	-0.0787	9.8216
480.7184	-0.076444	-0.187079	0.835557	0.859617	76.3102	201.0187	142.1176	301.0930	0.2230	-0.0827	9.8651
480.8708	-0.073182	-0.188641	0.835531	0.859617	76.3134	200.5925	141.6723	301.0743	0.2222	-0.0803	9.8538
481.0232	-0.072635	-0.188699	0.835611	0.859544	76.3194	200.1672	141.1138	300.9417	0.2198	-0.0780	9.4788
481.1756	-0.075627	-0.187313	0.835636	0.859457	76.3255	201.0932	141.9205	300.8228	0.2175	-0.0809	9.6353
481.3280	-0.062858	-0.192135	0.835637	0.859407	76.3314	200.7588	141.4845	300.7193	0.2263	-0.0710	10.5674
481.4804	-0.072291	-0.188522	0.835278	0.859377	76.3380	198.4740	139.0870	300.6084	0.2250	-0.0809	9.6721
481.6328	-0.077973	-0.186057	0.835218	0.859317	76.3451	201.7437	142.1821	300.4321	0.2226	-0.0928	9.7764
481.7852	-0.076460	-0.186882	0.835410	0.859154	76.3557	202.1697	142.3388	300.1643	0.2154	-0.0860	9.7397
481.9376	-0.067777	-0.190291	0.835578	0.858993	76.3710	201.7301	141.4830	299.7466	0.2149	-0.0788	9.8602
482.0900	-0.084603	-0.182354	0.835544	0.858820	76.3846	200.9879	140.3784	299.3846	0.2034	-0.1042	10.1706
482.2424	-0.079809	-0.184777	0.834087	0.858671	76.3964	204.4071	143.4720	299.0593	0.2129	-0.0988	9.8590
482.3948	-0.079567	-0.184702	0.834148	0.858560	76.4112	204.7810	143.4417	298.6553	0.2146	-0.1000	9.8600
482.5472	-0.085265	-0.182344	0.835433	0.858454	76.4242	206.1740	144.4385	298.2582	0.2110	-0.1002	9.7676
482.6996	-0.084344	-0.182895	0.835198	0.858351	76.4345	207.1460	145.0382	297.8855	0.2114	-0.1008	9.8838
482.8520	-0.062189	-0.191301	0.834096	0.858255	76.4460	202.8609	140.3738	297.5077	0.2049	-0.0842	9.9930
483.0044	-0.092178	-0.177570	0.833346	0.858146	76.4569	206.6443	143.7867	297.1360	0.2093	-0.1304	9.8965
483.1568	-0.087437	-0.180075	0.832895	0.858025	76.4699	209.7204	146.4321	296.7056	0.2037	-0.1263	10.1150
483.3092	-0.080971	-0.183538	0.833286	0.857837	76.4834	209.1700	145.4480	296.2703	0.2036	-0.1091	9.7637
483.4616	-0.082585	-0.182583	0.833322	0.857638	76.4963	208.3594	144.1597	295.7943	0.2070	-0.1111	9.5417
483.6140	-0.070075	-0.187821	0.833959	0.857509	76.5061	206.7623	142.2095	295.4412	0.2167	-0.1028	9.8133
483.7664	-0.046607	-0.195944	0.834081	0.857392	76.5158	203.2563	138.3470	295.0858	0.2256	-0.0784	9.9637
483.9188	-0.046738	-0.195817	0.834002	0.857234	76.5262	198.8489	133.5412	294.6872	0.2308	-0.0788	9.8662
484.0712	-0.047607	-0.195556	0.833813	0.857050	76.5367	199.4531	133.7314	294.2723	0.2282	-0.0788	9.8597
484.2236	-0.053746	-0.193454	0.833917	0.856898	76.5445	201.1308	135.1161	293.9803	0.2233	-0.0896	9.8297
484.3760	-0.055326	-0.192786	0.833343	0.856846	76.5487	201.9009	135.6924	293.7866	0.2185	-0.0943	9.7286
484.5284	-0.053917	-0.192976	0.832315	0.856796	76.5499	203.1111	136.7688	293.6520	0.2124	-0.0941	9.8737
484.6808	-0.050596	-0.193905	0.832364	0.856758	76.5532	201.4015	134.8649	293.4568	0.2159	-0.0896	9.7627
484.8332	-0.068400	-0.187729	0.832763	0.856699	76.5579	201.6062	134.8629	293.2512	0.2050	-0.1119	9.9014
484.9856	-0.072123	-0.185931	0.832644	0.856598	76.5599	201.7526	134.8485	293.0896	0.2034	-0.1190	9.9714
485.1380	-0.065077	-0.188958	0.832153	0.856491	76.5634	201.8997	134.8442	292.9386	0.2032	-0.1133	9.8593
485.2904	-0.065085	-0.188882	0.832213	0.856387	76.5681	202.0414	134.8339	292.7868	0.2034	-0.1120	9.8585
485.4428	-0.064540	-0.188922	0.832544	0.856287	76.5729	202.1781	134.8226	292.6380	0.2037	-0.1149	9.7452
485.5952	-0.067769	-0.187423	0.832547	0.856202	76.5763	202.3041	134.8131	292.5024	0.2003	-0.1129	9.6839
485.7476	-0.049175	-0.193639	0.832777	0.856126	76.5777	202.3669	134.8069	292.4349	0.2120	-0.0978	9.9575
485.9000	-0.043261	-0.194953	0.832779	0.856106	76.5779	202.3926	134.8041	292.4057	0.2139	-0.0903	9.9038
