HOLE:	U1352B
EXPEDITION:	317
TOP:	81.1260
BOTTOM:	465.4788
DEPTH_WMSF	RHOM	DRH	PEFL	NRHB
m	g/cm3	g/cm3	barns/e-	g/cm3
81.1260	1.2918	-0.0518	1.5793	1.2918
81.2784	1.3086	-0.0003	1.5300	1.3086
81.4308	1.3035	-0.0013	1.5133	1.3035
81.5832	1.2984	-0.0013	1.5099	1.2984
81.7356	1.2912	-0.0031	1.5259	1.2912
81.8880	1.2935	-0.0032	1.5118	1.2935
82.0404	1.2894	-0.0037	1.4914	1.2894
82.1928	1.2912	-0.0036	1.4833	1.2912
82.3452	1.2825	-0.0052	1.4922	1.2825
82.4976	1.2805	-0.0049	1.5149	1.2805
82.6500	1.2789	-0.0057	1.5239	1.2789
82.8024	1.2723	-0.0069	1.5339	1.2723
82.9548	1.2755	-0.0065	1.5351	1.2755
83.1072	1.2676	-0.0071	1.5307	1.2676
83.2596	1.2678	-0.0073	1.5029	1.2678
83.4120	1.2600	-0.0075	1.4864	1.2600
83.5644	1.2616	-0.0067	1.4757	1.2616
83.7168	1.2586	-0.0076	1.4859	1.2586
83.8692	1.2589	-0.0074	1.4942	1.2589
84.0216	1.2584	-0.0077	1.5151	1.2584
84.1740	1.2609	-0.0077	1.5164	1.2609
84.3264	1.2624	-0.0076	1.5099	1.2624
84.4788	1.2625	-0.0079	1.5162	1.2625
84.6312	1.2610	-0.0085	1.5224	1.2610
84.7836	1.2600	-0.0079	1.5500	1.2600
84.9360	1.2598	-0.0076	1.5384	1.2598
85.0884	1.2588	-0.0078	1.5261	1.2588
85.2408	1.2588	-0.0076	1.5301	1.2588
85.3932	1.2617	-0.0072	1.5552	1.2617
85.5456	1.2648	-0.0069	1.5828	1.2648
85.6980	1.2724	-0.0062	1.5886	1.2724
85.8504	1.2761	-0.0059	1.5841	1.2761
86.0028	1.2823	-0.0044	1.5944	1.2823
86.1552	1.2834	-0.0039	1.6098	1.2834
86.3076	1.2871	-0.0032	1.6123	1.2871
86.4600	1.2930	-0.0020	1.6213	1.2930
86.6124	1.2988	-0.0012	1.6031	1.2988
86.7648	1.3009	-0.0010	1.6110	1.3009
86.9172	1.2983	-0.0014	1.6121	1.2983
87.0696	1.2941	-0.0018	1.6381	1.2941
87.2220	1.2974	-0.0012	1.6420	1.2974
87.3744	1.2968	-0.0011	1.6526	1.2968
87.5268	1.3000	-0.0010	1.6424	1.3000
87.6792	1.2993	-0.0009	1.6526	1.2993
87.8316	1.3048	-0.0008	1.6576	1.3048
87.9840	1.3107	-0.0002	1.6669	1.3107
88.1364	1.3236	0.0030	1.6663	1.3236
88.2888	1.3333	0.0052	1.6697	1.3333
88.4412	1.3445	0.0082	1.6781	1.3445
88.5936	1.3739	0.0149	1.6968	1.3739
88.7460	1.3858	0.0173	1.6875	1.3858
88.8984	1.3796	0.0151	1.6780	1.3796
89.0508	1.3438	0.0112	1.6286	1.3438
89.2032	1.3149	0.0055	1.6354	1.3149
89.3556	1.3174	0.0037	1.5782	1.3174
89.5080	1.3021	-0.0004	1.5979	1.3021
89.6604	1.3048	-0.0012	1.5431	1.3048
89.8128	1.2850	-0.0044	1.5317	1.2850
89.9652	1.2929	-0.0028	1.5188	1.2929
90.1176	1.2950	-0.0024	1.5175	1.2950
90.2700	1.2925	-0.0021	1.5706	1.2925
90.4224	1.2928	-0.0017	1.5734	1.2928
90.5748	1.2843	-0.0028	1.6096	1.2843
90.7272	1.2901	-0.0029	1.5746	1.2901
90.8796	1.2779	-0.0055	1.5746	1.2779
91.0320	1.2775	-0.0059	1.5385	1.2775
91.1844	1.2651	-0.0065	1.5536	1.2651
91.3368	1.2696	-0.0055	1.5185	1.2696
91.4892	1.2659	-0.0051	1.5519	1.2659
91.6416	1.2672	-0.0054	1.5451	1.2672
91.7940	1.2627	-0.0064	1.5662	1.2627
91.9464	1.2596	-0.0073	1.5479	1.2596
92.0988	1.2596	-0.0079	1.5239	1.2596
92.2512	1.2566	-0.0087	1.5285	1.2566
92.4036	1.2585	-0.0077	1.5199	1.2585
92.5560	1.2587	-0.0058	1.5388	1.2587
92.7084	1.2621	-0.0052	1.5247	1.2621
92.8608	1.2611	-0.0043	1.5403	1.2611
93.0132	1.2650	-0.0041	1.5448	1.2650
93.1656	1.2677	-0.0037	1.5729	1.2677
93.3180	1.2790	-0.0030	1.5677	1.2790
93.4704	1.2818	-0.0029	1.5635	1.2818
93.6228	1.2812	-0.0027	1.5364	1.2812
93.7752	1.2800	-0.0024	1.5104	1.2800
93.9276	1.2790	-0.0016	1.4928	1.2790
94.0800	1.2788	-0.0028	1.5131	1.2788
94.2324	1.2727	-0.0032	1.5312	1.2727
94.3848	1.2704	-0.0040	1.5353	1.2704
94.5372	1.2691	-0.0046	1.5256	1.2691
94.6896	1.2674	-0.0052	1.5192	1.2674
94.8420	1.2694	-0.0046	1.5383	1.2694
94.9944	1.2699	-0.0040	1.5372	1.2699
95.1468	1.2715	-0.0043	1.5410	1.2715
95.2992	1.2726	-0.0029	1.5390	1.2726
95.4516	1.2721	-0.0030	1.5245	1.2721
95.6040	1.2726	-0.0032	1.5695	1.2726
95.7564	1.2820	-0.0025	1.5903	1.2820
95.9088	1.2857	-0.0019	1.5815	1.2857
96.0612	1.2814	-0.0031	1.5416	1.2814
96.2136	1.2755	-0.0034	1.5655	1.2755
96.3660	1.2859	-0.0016	1.6225	1.2859
96.5184	1.3014	0.0000	1.6305	1.3014
96.6708	1.3130	0.0024	1.6122	1.3130
96.8232	1.3142	0.0038	1.6102	1.3142
96.9756	1.3155	0.0043	1.6273	1.3155
97.1280	1.3141	0.0046	1.5991	1.3141
97.2804	1.3174	0.0045	1.5970	1.3174
97.4328	1.3175	0.0045	1.5950	1.3175
97.5852	1.3171	0.0042	1.6192	1.3171
97.7376	1.3140	0.0032	1.6083	1.3140
97.8900	1.3095	0.0029	1.6044	1.3095
98.0424	1.2972	0.0012	1.5867	1.2972
98.1948	1.2867	-0.0005	1.6090	1.2867
98.3472	1.2758	-0.0026	1.6197	1.2758
98.4996	1.2794	-0.0026	1.6573	1.2794
98.6520	1.2910	-0.0009	1.6578	1.2910
98.8044	1.3372	0.0066	1.6539	1.3372
98.9568	1.3830	0.0149	1.6650	1.3830
99.1092	1.4197	0.0231	1.6754	1.4197
99.2616	1.4304	0.0279	1.7344	1.4304
99.4140	1.4357	0.0294	1.7933	1.4357
99.5664	1.4330	0.0298	1.7963	1.4330
99.7188	1.4233	0.0295	1.7763	1.4233
99.8712	1.4195	0.0282	1.7167	1.4195
100.0236	1.4531	0.0367	1.7346	1.4531
100.1760	1.4533	0.0372	1.7384	1.4533
100.3284	1.4638	0.0401	1.7296	1.4638
100.4808	1.4446	0.0377	1.7032	1.4446
100.6332	1.4557	0.0406	1.6929	1.4557
100.7856	1.4379	0.0350	1.6965	1.4379
100.9380	1.4350	0.0345	1.7062	1.4350
101.0904	1.4593	0.0404	1.7219	1.4593
101.2428	1.4963	0.0476	1.7476	1.4963
101.3952	1.4852	-0.0002	1.7710	1.4852
101.5476	1.5051	-0.0115	1.7711	1.5051
101.7000	1.5369	-0.0008	1.7909	1.5369
101.8524	1.5866	0.0081	1.8334	1.5866
102.0048	1.6526	0.0279	1.8931	1.6526
102.1572	1.7339	0.0493	1.9429	1.7339
102.3096	1.8059	0.0553	1.9455	1.8059
102.4620	1.8554	0.0741	1.9411	1.8554
102.6144	1.8988	0.0975	1.9049	1.8988
102.7668	1.8392	0.0810	1.9309	1.8392
102.9192	1.7981	0.0691	1.9630	1.7981
103.0716	1.6617	0.0388	1.7914	1.6617
103.2240	1.4500	-0.0035	1.6411	1.4500
103.3764	1.3415	0.0190	1.5419	1.3415
103.5288	1.2632	0.0056	1.5067	1.2632
103.6812	1.2472	-0.0025	1.5361	1.2472
103.8336	1.2497	-0.0037	1.5499	1.2497
103.9860	1.3045	0.0029	1.5607	1.3045
104.1384	1.4169	0.0107	1.5767	1.4169
104.2908	1.5275	0.0023	1.6349	1.5275
104.4432	1.6764	0.0293	1.7208	1.6764
104.5956	1.7456	0.0631	1.7827	1.7456
104.7480	1.8174	0.0807	1.8055	1.8174
104.9004	1.8061	0.0813	1.8879	1.8061
105.0528	1.8088	0.0776	1.9018	1.8088
105.2052	1.8294	0.0745	2.0083	1.8294
105.3576	1.8435	0.0746	2.0200	1.8435
105.5100	1.8809	0.0748	2.0429	1.8809
105.6624	1.8961	0.0745	1.9864	1.8961
105.8148	1.9160	0.0698	1.9599	1.9160
105.9672	1.9174	0.0730	2.0582	1.9174
106.1196	1.9160	0.0611	2.1033	1.9160
106.2720	1.9103	0.0427	2.2857	1.9103
106.4244	1.9299	0.0229	2.4991	1.9299
106.5768	1.9558	0.0147	2.6056	1.9558
106.7292	1.9691	0.0088	2.6175	1.9691
106.8816	1.9711	0.0044	2.5743	1.9711
107.0340	1.9641	-0.0009	2.7537	1.9641
107.1864	1.9667	-0.0000	2.8300	1.9667
107.3388	1.9609	-0.0042	2.7748	1.9501
107.4912	1.9720	-0.0042	2.7852	1.9120
107.6436	1.9738	-0.0034	2.7393	1.9919
107.7960	1.9701	-0.0080	2.8435	1.9862
107.9484	1.9626	-0.0119	2.7285	1.9392
108.1008	1.9665	-0.0128	2.7115	2.0192
108.2532	1.9667	-0.0117	2.7142	1.9407
108.4056	1.9609	-0.0157	2.7596	1.9721
108.5580	1.9700	-0.0083	2.7900	1.9525
108.7104	1.9713	-0.0081	2.7466	2.0542
108.8628	1.9753	-0.0090	2.8359	1.8530
109.0152	1.9684	-0.0100	2.5568	1.9608
109.1676	1.9668	-0.0048	2.4291	2.0979
109.3200	1.9592	-0.0067	2.2048	1.9526
109.4724	1.9620	-0.0040	2.2900	1.9149
109.6248	1.9613	-0.0012	2.3850	1.9599
109.7772	1.9606	-0.0047	2.3745	1.9174
109.9296	1.9597	-0.0081	2.3792	1.9813
110.0820	1.9583	-0.0109	2.3045	2.0412
110.2344	1.9324	-0.0098	2.2580	1.9781
110.3868	1.8810	-0.0043	2.2119	1.8956
110.5392	1.8533	0.0062	2.0828	1.8533
110.6916	1.8324	0.0090	2.0945	1.8324
110.8440	1.8564	0.0281	2.1162	1.8564
110.9964	1.8843	0.0314	2.3389	1.8843
111.1488	1.9195	0.0199	2.4689	1.9195
111.3012	1.9708	0.0195	2.5721	1.9708
111.4536	1.9592	0.0067	2.5761	1.9592
111.6060	1.9692	0.0093	2.6993	1.9692
111.7584	1.9710	-0.0008	2.8069	1.9578
111.9108	1.9981	-0.0013	2.8392	2.0117
112.0632	1.9904	-0.0119	2.8381	2.0629
112.2156	1.9835	-0.0196	2.9034	1.9894
112.3680	1.9819	-0.0196	2.9674	2.0630
112.5204	1.9765	-0.0181	2.9750	1.9553
112.6728	1.9705	-0.0202	2.8897	1.8977
112.8252	1.9778	-0.0165	2.7875	1.9547
112.9776	1.9833	-0.0153	2.7243	2.0394
113.1300	1.9891	-0.0166	2.8158	2.0116
113.2824	1.9909	-0.0157	2.8166	1.9664
113.4348	1.9830	-0.0133	2.9182	2.0156
113.5872	1.9772	-0.0086	2.8699	1.9854
113.7396	1.9840	-0.0042	2.9063	1.9875
113.8920	1.9867	-0.0010	2.8335	1.9692
114.0444	1.9845	0.0012	2.8185	1.9845
114.1968	1.9734	-0.0006	2.7783	1.9796
114.3492	1.9898	-0.0025	2.8066	1.9541
114.5016	1.9966	-0.0028	2.7603	1.9893
114.6540	1.9968	0.0003	2.7831	2.0113
114.8064	1.9831	-0.0041	2.6789	1.9871
114.9588	1.9755	-0.0049	2.6383	1.8815
115.1112	1.9804	-0.0011	2.6476	1.9936
115.2636	1.9747	-0.0018	2.7476	1.9776
115.4160	1.9703	-0.0054	2.7553	1.9622
115.5684	1.9695	-0.0040	2.6866	1.9813
115.7208	1.9695	-0.0030	2.6321	1.9790
115.8732	1.9740	-0.0024	2.6700	1.9670
116.0256	1.9778	-0.0028	2.7277	1.9473
116.1780	1.9834	-0.0019	2.8139	1.9862
116.3304	1.9780	-0.0036	2.7747	2.0205
116.4828	1.9796	-0.0060	2.7979	1.9649
116.6352	1.9896	-0.0080	2.8167	1.9358
116.7876	2.0080	-0.0062	2.9173	2.0010
116.9400	2.0183	-0.0077	2.8817	2.0745
117.0924	2.0143	-0.0114	2.8309	2.0146
117.2448	2.0082	-0.0157	2.8333	2.0054
117.3972	1.9989	-0.0179	2.8972	1.9715
117.5496	1.9895	-0.0211	2.9537	2.0171
117.7020	1.9952	-0.0227	2.9015	1.9966
117.8544	2.0145	-0.0139	2.9909	2.0302
118.0068	2.0313	-0.0016	2.9560	2.1501
118.1592	2.0359	-0.0007	2.9862	1.9623
118.3116	2.0427	-0.0029	2.8486	1.8163
118.4640	2.0360	-0.0034	2.8838	2.1121
118.6164	2.0018	-0.0123	2.5222	2.1595
118.7688	1.8486	-0.0300	2.4345	1.9410
118.9212	1.7779	-0.0078	2.3854	1.7779
119.0736	1.7562	0.0129	2.5675	1.7562
119.2260	1.8278	0.0199	2.7215	1.8278
119.3784	1.9373	0.0397	2.7411	1.9373
119.5308	1.9997	0.0353	2.7450	1.9997
119.6832	2.0192	0.0114	2.6781	2.0192
119.8356	2.0505	0.0072	2.7520	2.0505
119.9880	2.0512	0.0137	2.6910	2.0512
120.1404	2.0240	0.0089	2.7103	2.0240
120.2928	1.9879	0.0073	2.6275	1.9879
120.4452	1.9680	-0.0042	2.6134	1.9948
120.5976	1.9456	-0.0125	2.5462	1.8278
120.7500	1.9355	-0.0100	2.4885	2.0620
120.9024	1.9333	-0.0103	2.5311	2.0052
121.0548	1.9370	-0.0158	2.6826	1.7532
121.2072	1.9526	-0.0072	2.8079	1.9797
121.3596	1.9644	0.0017	2.8190	1.9644
121.5120	1.9492	-0.0091	2.7453	1.8639
121.6644	1.9579	-0.0105	2.7760	1.7809
121.8168	1.9680	-0.0066	2.6979	2.0815
121.9692	1.9672	-0.0120	2.6746	2.0338
122.1216	1.9561	-0.0216	2.6936	1.9052
122.2740	1.9565	-0.0197	2.8461	1.9771
122.4264	1.9534	-0.0173	2.9326	1.9647
122.5788	1.9501	-0.0174	2.9469	1.9677
122.7312	1.9493	-0.0162	2.8661	1.9239
122.8836	1.9470	-0.0162	2.8512	1.9280
123.0360	1.9391	-0.0167	2.7512	1.9453
123.1884	1.9352	-0.0188	2.7395	1.9414
123.3408	1.9331	-0.0200	2.6254	1.9274
123.4932	1.9288	-0.0167	2.6667	1.9706
123.6456	1.9222	-0.0100	2.6837	1.9938
123.7980	1.9159	-0.0071	2.7472	1.8877
123.9504	1.9206	-0.0015	2.6660	1.9206
124.1028	1.9259	0.0050	2.6074	1.9259
124.2552	1.9245	0.0067	2.5208	1.9245
124.4076	1.9239	0.0041	2.5384	1.9239
124.5600	1.9224	0.0061	2.4290	1.9224
124.7124	1.9240	0.0084	2.4095	1.9240
124.8648	1.9183	0.0089	2.3110	1.9183
125.0172	1.9208	0.0108	2.3538	1.9208
125.1696	1.9173	0.0107	2.3601	1.9173
125.3220	1.9182	0.0095	2.3801	1.9182
125.4744	1.9188	0.0115	2.3606	1.9188
125.6268	1.9152	0.0138	2.3466	1.9152
125.7792	1.9169	0.0117	2.4276	1.9169
125.9316	1.9230	0.0111	2.4483	1.9230
126.0840	1.9284	0.0096	2.3897	1.9284
126.2364	1.9101	-0.0015	2.3817	1.9101
126.3888	1.8855	-0.0155	2.3831	1.8765
126.5412	1.8910	-0.0178	2.5008	1.9246
126.6936	1.9027	-0.0147	2.5430	1.9667
126.8460	1.9221	-0.0074	2.6016	1.9673
126.9984	1.9264	-0.0027	2.5426	1.9221
127.1508	1.9300	0.0014	2.5179	1.9300
127.3032	1.9293	0.0005	2.5653	1.9293
127.4556	1.9191	-0.0016	2.6913	1.9191
127.6080	1.9127	-0.0083	2.8047	1.9929
127.7604	1.8952	-0.0027	2.6562	1.8952
127.9128	1.8493	-0.0002	2.5509	1.8493
128.0652	1.8320	-0.0015	2.4134	1.8320
128.2176	1.8427	-0.0033	2.4000	1.8427
128.3700	1.8727	0.0062	2.3646	1.8727
128.5224	1.8516	-0.0078	2.4331	1.9712
128.6748	1.8393	-0.0135	2.3162	1.8409
128.8272	1.8262	-0.0039	2.2254	1.8262
128.9796	1.8022	0.0099	2.0680	1.8022
129.1320	1.7667	0.0176	2.0855	1.7667
129.2844	1.7915	0.0463	2.0991	1.7915
129.4368	1.8016	0.0512	2.0704	1.8016
129.5892	1.7943	0.0535	2.0992	1.7943
129.7416	1.7920	0.0286	2.1807	1.7920
129.8940	1.7832	0.0073	2.4182	1.7832
130.0464	1.8152	0.0043	2.4455	1.8152
130.1988	1.8111	0.0036	2.3647	1.8111
130.3512	1.8326	0.0128	2.3173	1.8326
130.5036	1.8522	0.0059	2.2349	1.8522
130.6560	1.8756	0.0043	2.2406	1.8756
130.8084	1.9028	0.0094	2.1416	1.9028
130.9608	1.9042	0.0018	2.2592	1.9042
131.1132	1.9226	0.0016	2.4174	1.9226
131.2656	1.9312	-0.0006	2.4710	1.9312
131.4180	1.9289	0.0000	2.3816	1.9289
131.5704	1.9202	-0.0023	2.1751	1.9202
131.7228	1.9218	0.0008	2.1728	1.9218
131.8752	1.9284	0.0038	2.2224	1.9284
132.0276	1.9195	-0.0040	2.3533	1.9447
132.1800	1.9226	-0.0077	2.3162	1.9150
132.3324	1.9348	-0.0094	2.3525	1.9236
132.4848	1.9529	-0.0048	2.3592	1.9216
132.6372	1.9576	-0.0023	2.4617	1.9791
132.7896	1.9579	-0.0006	2.4331	1.9579
132.9420	1.9514	-0.0019	2.3870	1.9473
133.0944	1.9560	0.0045	2.3660	1.9560
133.2468	1.9544	0.0079	2.3421	1.9544
133.3992	1.9547	0.0095	2.2954	1.9547
133.5516	1.9542	0.0108	2.3137	1.9542
133.7040	1.9441	0.0089	2.2615	1.9441
133.8564	1.9413	0.0084	2.3078	1.9413
134.0088	1.9411	0.0088	2.1894	1.9411
134.1612	1.9383	0.0078	2.1596	1.9383
134.3136	1.9318	0.0075	2.0757	1.9318
134.4660	1.9240	0.0077	2.0892	1.9240
134.6184	1.9138	0.0060	2.0616	1.9138
134.7708	1.9148	0.0101	2.1335	1.9148
134.9232	1.9161	0.0106	2.2032	1.9161
135.0756	1.9431	0.0087	2.4184	1.9431
135.2280	1.9695	0.0096	2.4624	1.9695
135.3804	1.9919	0.0063	2.4162	1.9919
135.5328	1.9941	0.0119	2.3755	1.9941
135.6852	1.9903	-0.0014	2.4069	1.9934
135.8376	2.0061	-0.0027	2.4948	1.9967
135.9900	2.0211	-0.0053	2.6142	2.0507
136.1424	2.0237	-0.0050	2.7264	2.0923
136.2948	2.0166	-0.0075	2.8350	2.0076
136.4472	2.0234	-0.0079	2.7620	1.9527
136.5996	2.0257	-0.0074	2.6969	1.9997
136.7520	2.0269	-0.0075	2.6777	2.0930
136.9044	2.0144	-0.0137	2.6830	2.0359
137.0568	2.0151	-0.0168	2.6847	1.9582
137.2092	2.0102	-0.0177	2.4772	2.0213
137.3616	1.9865	-0.0138	2.4284	2.0674
137.5140	1.9666	-0.0147	2.3656	2.0529
137.6664	1.9560	-0.0087	2.3288	1.8127
137.8188	1.9297	-0.0036	2.3730	1.9447
137.9712	1.8628	0.0079	2.4865	1.8628
138.1236	1.8092	0.0156	2.4025	1.8092
138.2760	1.7007	0.0139	2.2433	1.7007
138.4284	1.7014	0.0122	2.1312	1.7014
138.5808	1.7143	-0.0009	2.0558	1.7143
138.7332	1.8387	0.0053	2.1197	1.8387
138.8856	1.8965	0.0017	2.1416	1.8965
139.0380	1.9210	0.0091	2.3693	1.9210
139.1904	1.9418	0.0068	2.4434	1.9418
139.3428	1.9259	-0.0007	2.4425	1.9259
139.4952	1.9278	0.0045	2.4981	1.9278
139.6476	1.9481	0.0119	2.6064	1.9481
139.8000	1.9791	0.0039	2.7313	1.9791
139.9524	2.0313	0.0035	2.7399	2.0313
140.1048	2.0458	-0.0041	2.7968	2.1954
140.2572	2.0392	-0.0168	2.8088	2.0876
140.4096	2.0299	-0.0284	2.8402	2.0299
140.5620	2.0319	-0.0272	2.8486	2.0319
140.7144	2.0174	-0.0268	2.9579	2.0214
140.8668	1.9935	-0.0273	2.9385	2.0006
141.0192	1.9912	-0.0266	2.9257	1.9809
141.1716	1.9986	-0.0207	2.8295	1.8576
141.3240	1.9935	-0.0133	2.7056	2.1103
141.4764	1.9512	-0.0091	2.6069	2.0908
141.6288	1.9069	-0.0132	2.6155	1.8937
141.7812	1.8980	0.0022	2.6483	1.8980
141.9336	1.9056	0.0113	2.6043	1.9056
142.0860	1.9024	0.0049	2.4946	1.9024
142.2384	1.9327	0.0130	2.5497	1.9327
142.3908	1.9578	0.0092	2.6371	1.9578
142.5432	1.9680	0.0090	2.6416	1.9680
142.6956	1.9326	-0.0069	2.6464	1.9362
142.8480	1.9170	-0.0180	2.6144	1.9342
143.0004	1.9281	-0.0112	2.6911	1.8936
143.1528	1.9536	-0.0081	2.7136	2.0085
143.3052	1.9579	-0.0099	2.7945	1.8725
143.4576	1.9698	-0.0126	2.8338	1.9367
143.6100	1.9776	-0.0105	2.8064	2.0574
143.7624	1.9753	-0.0196	2.8074	1.9947
143.9148	1.9743	-0.0275	2.6960	1.9539
144.0672	1.9849	-0.0271	2.7144	1.9975
144.2196	1.9884	-0.0253	2.7571	2.0151
144.3720	1.9645	-0.0329	2.8499	1.9645
144.5244	1.9586	-0.0305	2.7684	1.9586
144.6768	1.9559	-0.0302	2.7377	1.9559
144.8292	1.9878	-0.0223	2.8638	1.9764
144.9816	2.0058	-0.0227	2.9576	2.0275
145.1340	2.0143	-0.0268	2.9525	2.0133
145.2864	2.0143	-0.0292	2.8677	2.0143
145.4388	2.0184	-0.0213	2.9063	2.0728
145.5912	2.0107	-0.0164	2.9666	2.0645
145.7436	1.9820	-0.0173	2.9008	1.9051
145.8960	1.9697	-0.0199	2.7712	1.8695
146.0484	1.9578	-0.0223	2.7295	1.9373
146.2008	1.9605	-0.0301	2.7697	1.9605
146.3532	1.9686	-0.0376	2.7925	1.9686
146.5056	1.9895	-0.0358	2.7057	1.9895
146.6580	2.0157	-0.0305	2.6222	2.0157
146.8104	2.0107	-0.0274	2.5957	2.0078
146.9628	2.0025	-0.0121	2.5162	2.1678
147.1152	1.9792	-0.0003	2.5272	1.9812
147.2676	1.9604	0.0086	2.4661	1.9604
147.4200	1.9387	0.0094	2.4303	1.9387
147.5724	1.8689	0.0085	2.2511	1.8689
147.7248	1.8065	0.0028	2.2748	1.8065
147.8772	1.7738	0.0059	2.2702	1.7738
148.0296	1.7856	0.0113	2.4461	1.7856
148.1820	1.8316	0.0131	2.5616	1.8316
148.3344	1.8702	0.0178	2.7155	1.8702
148.4868	1.9016	0.0044	2.6893	1.9016
148.6392	1.9075	0.0154	2.6499	1.9075
148.7916	1.9030	0.0077	2.4827	1.9030
148.9440	1.8561	0.0127	2.3103	1.8561
149.0964	1.8194	0.0054	2.1004	1.8194
149.2488	1.8007	0.0032	1.9814	1.8007
149.4012	1.8314	0.0084	1.9601	1.8314
149.5536	1.8426	0.0098	2.0191	1.8426
149.7060	1.8421	0.0038	2.2100	1.8421
149.8584	1.8759	0.0023	2.4636	1.8759
150.0108	1.9245	0.0073	2.7079	1.9245
150.1632	1.9622	0.0058	2.7339	1.9622
150.3156	1.9583	-0.0031	2.7592	1.9655
150.4680	1.9555	-0.0122	2.8099	1.9756
150.6204	1.9603	-0.0132	2.8144	1.9376
150.7728	1.9666	-0.0160	2.7934	1.9729
150.9252	1.9800	-0.0153	2.7965	1.9911
151.0776	1.9907	-0.0152	2.8640	2.0015
151.2300	2.0021	-0.0164	2.8681	2.0011
151.3824	2.0039	-0.0191	2.8743	1.9522
151.5348	1.9985	-0.0190	2.8228	2.0492
151.6872	1.9926	-0.0146	2.8998	2.0900
151.8396	1.9905	-0.0172	2.8472	1.9552
151.9920	1.9888	-0.0109	2.8271	1.8636
152.1444	1.9844	-0.0078	2.7269	2.1024
152.2968	1.9680	-0.0106	2.7117	1.8963
152.4492	1.9685	-0.0144	2.6457	1.9628
152.6016	1.9746	-0.0102	2.6559	1.9994
152.7540	1.9680	-0.0152	2.5821	1.9684
152.9064	1.9676	-0.0104	2.6329	1.9879
153.0588	1.9575	-0.0073	2.5605	2.0426
153.2112	1.9541	-0.0022	2.6288	1.9274
153.3636	1.9486	0.0008	2.5625	1.9486
153.5160	1.9489	0.0111	2.5306	1.9489
153.6684	1.9426	0.0054	2.4438	1.9426
153.8208	1.9565	0.0027	2.4086	1.9565
153.9732	1.9963	0.0051	2.3866	1.9963
154.1256	2.0205	0.0056	2.5304	2.0205
154.2780	2.0277	-0.0055	2.6621	2.0021
154.4304	2.0521	-0.0066	2.7969	1.9886
154.5828	2.0885	-0.0040	2.6907	2.0984
154.7352	2.1145	-0.0072	2.7002	2.1471
154.8876	2.0849	-0.0107	2.6096	2.1371
155.0400	2.0338	-0.0121	2.6098	2.2091
155.1924	1.9840	-0.0127	2.5576	1.8891
155.3448	1.9800	-0.0114	2.5875	1.8222
155.4972	2.0189	-0.0016	2.6066	1.9418
155.6496	2.0506	-0.0038	2.7357	2.1152
155.8020	2.0468	-0.0140	2.9389	2.1125
155.9544	2.0064	-0.0198	2.9691	2.1019
156.1068	1.9669	-0.0128	3.0113	2.1256
156.2592	1.9620	-0.0040	2.8358	1.8685
156.4116	1.9805	0.0085	2.7128	1.9805
156.5640	2.0044	0.0079	2.5302	2.0044
156.7164	2.0114	0.0109	2.4936	2.0114
156.8688	2.0061	-0.0003	2.5365	2.0173
157.0212	2.0067	-0.0072	2.6344	2.0406
157.1736	2.0180	-0.0117	2.8219	1.9730
157.3260	2.0292	-0.0133	2.9640	2.0349
157.4784	2.0365	-0.0167	2.8864	2.0561
157.6308	2.0274	-0.0219	2.8252	2.0227
157.7832	2.0266	-0.0261	2.8479	2.0386
157.9356	2.0175	-0.0285	2.9944	2.0175
158.0880	2.0170	-0.0237	3.1721	2.0533
158.2404	2.0176	-0.0163	3.1795	2.0630
158.3928	2.0104	-0.0157	3.1121	1.9463
158.5452	2.0162	-0.0120	2.8444	1.9700
158.6976	1.9917	-0.0050	2.6738	2.0520
158.8500	1.9676	-0.0122	2.6054	2.0599
159.0024	1.9382	-0.0196	2.7320	1.6831
159.1548	1.9356	-0.0046	2.8579	2.0968
159.3072	1.9548	0.0101	2.7678	1.9548
159.4596	1.9523	0.0011	2.7475	1.9523
159.6120	2.0011	0.0130	2.7611	2.0011
159.7644	2.0065	0.0145	2.9481	2.0065
159.9168	1.9985	0.0061	2.9359	1.9985
160.0692	1.9860	-0.0050	2.9758	1.9640
160.2216	1.9903	-0.0068	3.0255	1.8469
160.3740	1.9987	-0.0050	2.9951	2.0138
160.5264	1.9973	-0.0091	2.9730	2.0939
160.6788	1.9930	-0.0165	2.8108	1.9641
160.8312	1.9943	-0.0222	2.8261	1.9874
160.9836	2.0052	-0.0193	2.7103	1.9721
161.1360	2.0102	-0.0221	2.8515	2.0703
161.2884	2.0099	-0.0252	2.9403	2.0040
161.4408	1.9591	-0.0138	3.0297	2.0848
161.5932	1.8860	-0.0102	2.7692	2.1474
161.7456	1.7988	-0.0109	2.4275	1.5336
161.8980	1.8128	-0.0013	2.2685	1.8128
162.0504	1.8445	0.0073	2.3394	1.8445
162.2028	1.8933	0.0053	2.4970	1.8933
162.3552	1.9042	0.0063	2.4799	1.9042
162.5076	1.9149	0.0064	2.4396	1.9149
162.6600	1.9452	0.0097	2.5598	1.9452
162.8124	1.9640	0.0065	2.7196	1.9640
162.9648	1.9798	0.0096	2.7373	1.9798
163.1172	1.9804	0.0047	2.7414	1.9804
163.2696	1.9666	-0.0079	2.6386	1.9208
163.4220	1.9686	-0.0065	2.5981	2.0645
163.5744	1.9576	-0.0096	2.5416	1.9576
163.7268	1.9427	-0.0046	2.5922	1.9510
163.8792	1.9489	0.0088	2.6569	1.9489
164.0316	1.9503	0.0111	2.7340	1.9503
164.1840	1.9793	0.0105	2.8553	1.9793
164.3364	2.0060	0.0112	2.9228	2.0060
164.4888	2.0222	0.0055	2.9507	2.0222
164.6412	2.0143	-0.0044	2.8871	2.1544
164.7936	2.0074	-0.0173	2.9035	2.0320
164.9460	2.0039	-0.0219	2.8944	1.8164
165.0984	2.0128	-0.0150	2.9103	2.1333
165.2508	2.0084	-0.0152	2.7928	2.0959
165.4032	1.9941	-0.0256	2.7465	1.9226
165.5556	2.0046	-0.0207	2.6350	1.9853
165.7080	2.0099	-0.0200	2.6593	2.0236
165.8604	2.0048	-0.0302	2.7064	2.0048
166.0128	1.9982	-0.0367	2.7244	1.9982
166.1652	1.9968	-0.0388	2.8583	1.9968
166.3176	1.9926	-0.0338	2.8783	1.9926
166.4700	1.9945	-0.0276	2.9011	2.0035
166.6224	1.9910	-0.0245	2.8066	1.9051
166.7748	2.0025	-0.0181	2.7332	1.9579
166.9272	2.0058	-0.0164	2.7818	2.0421
167.0796	1.9986	-0.0218	2.7869	2.0029
167.2320	2.0130	-0.0178	2.8742	2.0400
167.3844	2.0301	-0.0064	2.8306	2.1029
167.5368	2.0551	0.0062	2.8506	2.0551
167.6892	2.0543	0.0113	2.7750	2.0543
167.8416	2.0496	0.0095	2.7285	2.0496
167.9940	2.0467	0.0103	2.6873	2.0467
168.1464	2.0326	-0.0017	2.7272	2.0792
168.2988	2.0225	-0.0112	2.7194	2.0019
168.4512	2.0166	-0.0157	2.6912	2.0573
168.6036	2.0193	-0.0162	2.5774	2.0369
168.7560	2.0214	-0.0168	2.6372	1.9975
168.9084	2.0257	-0.0151	2.6459	2.0374
169.0608	2.0266	-0.0143	2.7695	2.0133
169.2132	2.0278	-0.0155	2.7662	2.0310
169.3656	2.0293	-0.0162	2.7204	2.0161
169.5180	2.0318	-0.0175	2.7105	2.0334
169.6704	2.0300	-0.0187	2.6952	2.0439
169.8228	2.0235	-0.0190	2.7184	2.0396
169.9752	2.0107	-0.0228	2.6896	2.0270
170.1276	2.0060	-0.0242	2.7158	1.9570
170.2800	2.0033	-0.0240	2.6824	2.0173
170.4324	2.0035	-0.0219	2.6880	2.0391
170.5848	1.9995	-0.0269	2.7182	1.9949
170.7372	2.0053	-0.0192	2.7559	1.9968
170.8896	2.0163	-0.0174	2.7479	2.0732
171.0420	2.0159	-0.0157	2.5725	1.9184
171.1944	2.0170	-0.0123	2.5445	2.0969
171.3468	1.9945	-0.0120	2.4885	2.0185
171.4992	1.9765	-0.0056	2.5046	1.9778
171.6516	1.9607	-0.0009	2.5428	1.9607
171.8040	1.9589	0.0080	2.5274	1.9589
171.9564	1.9556	0.0077	2.4957	1.9556
172.1088	1.9475	0.0115	2.3554	1.9475
172.2612	1.8802	0.0130	2.2427	1.8802
172.4136	1.8237	0.0233	2.1839	1.8237
172.5660	1.7868	0.0333	2.1503	1.7868
172.7184	1.8052	0.0473	2.1555	1.8052
172.8708	1.8134	0.0633	2.1532	1.8134
173.0232	1.8066	0.0536	2.1474	1.8066
173.1756	1.7922	0.0475	2.1403	1.7922
173.3280	1.8034	0.0442	2.1733	1.8034
173.4804	1.8088	0.0342	2.3095	1.8088
173.6328	1.8419	0.0221	2.4703	1.8419
173.7852	1.8891	0.0251	2.5158	1.8891
173.9376	1.9056	0.0025	2.4717	1.9056
174.0900	1.9215	0.0120	2.4671	1.9215
174.2424	1.9505	0.0133	2.6172	1.9505
174.3948	1.9664	0.0122	2.6133	1.9664
174.5472	1.9765	-0.0019	2.6613	1.9960
174.6996	1.9874	0.0006	2.6986	1.9874
174.8520	1.9886	-0.0068	2.8929	2.0413
175.0044	1.9929	-0.0054	2.8926	2.0382
175.1568	1.9889	-0.0106	2.9143	1.9867
175.3092	1.9954	-0.0080	2.8585	1.9508
175.4616	2.0095	-0.0043	2.8554	2.0384
175.6140	2.0149	-0.0057	2.6948	1.9930
175.7664	2.0269	-0.0076	2.6809	1.9829
175.9188	2.0390	-0.0055	2.6314	2.0946
176.0712	2.0386	-0.0084	2.7339	2.0748
176.2236	2.0320	-0.0123	2.6729	1.9829
176.3760	2.0335	-0.0112	2.6684	2.0429
176.5284	2.0573	-0.0138	2.5502	2.0194
176.6808	2.0777	-0.0222	2.5464	2.0085
176.8332	2.0959	-0.0304	2.4251	2.0959
176.9856	2.0092	-0.0492	2.2541	2.0092
177.1380	1.8127	-0.0598	2.3178	1.8127
177.2904	1.7834	-0.0332	2.4024	1.8314
177.4428	1.7973	-0.0035	2.6078	1.7973
177.5952	1.9298	0.0129	2.6061	1.9298
177.7476	1.9641	0.0158	2.5384	1.9641
177.9000	1.9690	0.0091	2.5903	1.9690
178.0524	1.9672	0.0116	2.5744	1.9672
178.2048	1.9700	-0.0018	2.6631	1.8911
178.3572	2.0109	-0.0011	2.7305	1.9654
178.5096	2.0263	0.0012	2.7608	2.0294
178.6620	1.9923	-0.0166	2.8135	2.0825
178.8144	1.9643	-0.0297	2.6914	1.9643
178.9668	1.9630	-0.0280	2.7201	1.9549
179.1192	1.9716	-0.0203	2.6733	1.9678
179.2716	1.9790	-0.0181	2.7776	1.9993
179.4240	1.9796	-0.0198	2.8118	1.9318
179.5764	1.9763	-0.0226	2.8620	1.9757
179.7288	1.9677	-0.0210	2.8413	2.0174
179.8812	1.9565	-0.0289	2.8197	1.9580
180.0336	1.9553	-0.0318	2.7995	1.9553
180.1860	1.9723	-0.0288	2.8171	1.9732
180.3384	1.9765	-0.0305	2.7601	1.9765
180.4908	1.9834	-0.0319	2.7408	1.9834
180.6432	1.9913	-0.0301	2.6752	1.9913
180.7956	2.0085	-0.0257	2.6468	1.9842
180.9480	2.0029	-0.0234	2.6473	2.0330
181.1004	1.9912	-0.0187	2.6197	2.0486
181.2528	1.9705	-0.0205	2.6447	1.9587
181.4052	1.9791	-0.0172	2.6297	1.9110
181.5576	1.9798	-0.0130	2.6810	1.9485
181.7100	1.9778	-0.0128	2.6141	2.0553
181.8624	1.9686	-0.0153	2.5930	1.9420
182.0148	1.9765	-0.0164	2.5990	1.9664
182.1672	1.9789	-0.0137	2.5634	1.9633
182.3196	1.9780	-0.0155	2.5167	2.0113
182.4720	1.9801	-0.0152	2.4985	1.9611
182.6244	1.9782	-0.0151	2.6515	1.9899
182.7768	1.9738	-0.0114	2.8039	2.0082
182.9292	1.9658	-0.0111	2.9840	1.9718
183.0816	1.9705	-0.0095	2.9805	1.9032
183.2340	1.9819	-0.0060	3.0608	1.9617
183.3864	1.9833	-0.0081	3.0032	2.0154
183.5388	1.9826	-0.0129	2.9778	1.9493
183.6912	1.9815	-0.0159	2.8946	2.0148
183.8436	1.9877	-0.0157	2.8323	2.0120
183.9960	1.9838	-0.0211	2.7092	1.9570
184.1484	1.9924	-0.0186	2.5140	1.9784
184.3008	1.9955	-0.0156	2.4018	2.0570
184.4532	2.0006	-0.0168	2.4090	1.9858
184.6056	2.0030	-0.0158	2.4174	1.9313
184.7580	2.0186	-0.0051	2.5165	2.1296
184.9104	2.0153	-0.0031	2.5708	2.0536
185.0628	2.0032	-0.0067	2.7496	1.8627
185.2152	1.9878	-0.0014	2.7548	1.9923
185.3676	1.9780	0.0009	2.7661	1.9780
185.5200	1.9675	-0.0063	2.7001	1.8613
185.6724	1.9830	-0.0068	2.7104	1.8982
185.8248	1.9428	0.0024	2.4084	1.9428
185.9772	1.8571	-0.0109	2.1478	2.0870
186.1296	1.7844	-0.0259	1.9416	1.4020
186.2820	1.7712	-0.0148	2.0857	1.7617
186.4344	1.7846	0.0112	2.4154	1.7846
186.5868	1.7433	0.0101	2.4335	1.7433
186.7392	1.6590	0.0117	2.3270	1.6590
186.8916	1.6688	0.0212	2.1232	1.6688
187.0440	1.7104	0.0197	2.0232	1.7104
187.1964	1.7479	0.0090	2.0201	1.7479
187.3488	1.7216	0.0098	2.0754	1.7216
187.5012	1.6835	0.0034	2.0167	1.6835
187.6536	1.5862	-0.0005	2.0285	1.5862
187.8060	1.5548	0.0140	2.0861	1.5548
187.9584	1.5708	0.0149	2.2693	1.5708
188.1108	1.6601	-0.0015	2.0993	1.6601
188.2632	1.6816	0.0020	1.9342	1.6816
188.4156	1.6866	0.0069	1.8137	1.6866
188.5680	1.6757	0.0111	1.8360	1.6757
188.7204	1.7184	0.0149	1.8149	1.7184
188.8728	1.7039	0.0109	1.8329	1.7039
189.0252	1.7608	0.0103	2.0125	1.7608
189.1776	1.7209	0.0071	1.8970	1.7209
189.3300	1.6011	0.0055	1.8470	1.6011
189.4824	1.4756	-0.0064	1.9198	1.4756
189.6348	1.4671	-0.0019	2.0200	1.4671
189.7872	1.4812	0.0136	2.1003	1.4812
189.9396	1.5693	0.0133	1.9896	1.5693
190.0920	1.6751	0.0106	2.1408	1.6751
190.2444	1.8832	0.0242	2.4443	1.8832
190.3968	1.9444	0.0131	2.5468	1.9444
190.5492	1.9306	0.0015	2.4799	1.9306
190.7016	1.9322	-0.0015	2.4045	1.9322
190.8540	1.9225	0.0020	2.3359	1.9225
191.0064	1.9073	0.0001	2.4461	1.9073
191.1588	1.9025	0.0072	2.5896	1.9025
191.3112	1.9034	0.0080	2.6243	1.9034
191.4636	1.9073	0.0141	2.6273	1.9073
191.6160	1.9086	0.0200	2.5135	1.9086
191.7684	1.9091	0.0202	2.5553	1.9091
191.9208	1.9022	0.0116	2.5141	1.9022
192.0732	1.9090	0.0069	2.5929	1.9090
192.2256	1.9190	0.0127	2.5892	1.9190
192.3780	1.9165	0.0081	2.6122	1.9165
192.5304	1.9110	0.0046	2.6675	1.9110
192.6828	1.9158	0.0039	2.7445	1.9158
192.8352	1.9293	0.0027	2.7933	1.9293
192.9876	1.9430	0.0046	2.8088	1.9430
193.1400	1.9501	0.0024	2.7739	1.9501
193.2924	1.9458	-0.0019	2.7886	1.9377
193.4448	1.9446	-0.0051	2.6908	1.9508
193.5972	1.9446	-0.0042	2.5993	1.9671
193.7496	1.9440	-0.0063	2.5874	1.9792
193.9020	1.9430	-0.0087	2.6672	1.8789
194.0544	1.9451	-0.0086	2.7793	1.9296
194.2068	1.9464	-0.0039	2.7190	2.0074
194.3592	1.9421	-0.0001	2.6630	1.9421
194.5116	1.9454	0.0056	2.6319	1.9454
194.6640	1.9560	0.0111	2.6183	1.9560
194.8164	1.9595	0.0138	2.5791	1.9595
194.9688	1.9207	0.0108	2.4788	1.9207
195.1212	1.8582	0.0071	2.4805	1.8582
195.2736	1.8198	0.0096	2.4947	1.8198
195.4260	1.8230	0.0080	2.5298	1.8230
195.5784	1.8574	0.0239	2.4756	1.8574
195.7308	1.8531	0.0239	2.3001	1.8531
195.8832	1.7862	0.0155	2.1917	1.7862
196.0356	1.7507	0.0148	2.0842	1.7507
196.1880	1.7408	0.0202	2.0282	1.7408
196.3404	1.7672	0.0333	2.0017	1.7672
196.4928	1.7789	0.0417	2.0104	1.7789
196.6452	1.7909	0.0350	2.1723	1.7909
196.7976	1.8242	0.0280	2.2969	1.8242
196.9500	1.8643	0.0247	2.4813	1.8643
197.1024	1.8773	0.0158	2.3953	1.8773
197.2548	1.8640	0.0073	2.4402	1.8640
197.4072	1.8772	0.0073	2.4805	1.8772
197.5596	1.8803	0.0080	2.6608	1.8803
197.7120	1.8597	0.0084	2.6645	1.8597
197.8644	1.8394	0.0094	2.7216	1.8394
198.0168	1.8600	0.0153	2.6322	1.8600
198.1692	1.9086	0.0115	2.6538	1.9086
198.3216	1.8872	0.0093	2.5183	1.8872
198.4740	1.8712	0.0127	2.4597	1.8712
198.6264	1.8414	0.0024	2.4143	1.8414
198.7788	1.8391	0.0095	2.5822	1.8391
198.9312	1.8078	0.0087	2.6666	1.8078
199.0836	1.8208	0.0096	2.8031	1.8208
199.2360	1.8874	0.0118	2.7638	1.8874
199.3884	1.9412	0.0051	2.8056	1.9412
199.5408	1.9640	0.0114	2.8227	1.9640
199.6932	1.9670	0.0033	2.7636	1.9670
199.8456	1.9714	0.0106	2.5660	1.9714
199.9980	1.9320	0.0128	2.3670	1.9320
200.1504	1.8803	0.0056	2.3063	1.8803
200.3028	1.8927	0.0086	2.4223	1.8927
200.4552	1.9325	0.0085	2.4048	1.9325
200.6076	1.9280	0.0099	2.3790	1.9280
200.7600	1.9044	0.0085	2.3275	1.9044
200.9124	1.8839	0.0075	2.4168	1.8839
201.0648	1.8566	0.0092	2.3601	1.8566
201.2172	1.8303	0.0318	2.3030	1.8303
201.3696	1.7775	0.0317	2.2558	1.7775
201.5220	1.7867	0.0520	2.2296	1.7867
201.6744	1.8070	0.0747	2.1882	1.8070
201.8268	1.8163	0.0774	2.2152	1.8163
201.9792	1.8392	0.0731	2.2803	1.8392
202.1316	1.8650	0.0569	2.4020	1.8650
202.2840	1.8884	0.0405	2.3697	1.8884
202.4364	1.8691	0.0315	2.3837	1.8691
202.5888	1.8436	0.0212	2.3047	1.8436
202.7412	1.8118	0.0163	2.2093	1.8118
202.8936	1.8316	0.0235	2.1646	1.8316
203.0460	1.8418	0.0249	2.1759	1.8418
203.1984	1.8546	0.0120	2.3102	1.8546
203.3508	1.8766	0.0082	2.3674	1.8766
203.5032	1.9127	0.0107	2.4914	1.9127
203.6556	1.9390	0.0122	2.5561	1.9390
203.8080	1.9450	0.0087	2.5980	1.9450
203.9604	1.9401	0.0042	2.5421	1.9401
204.1128	1.9394	0.0005	2.4405	1.9394
204.2652	1.9258	0.0023	2.4104	1.9258
204.4176	1.8951	-0.0006	2.3936	1.8951
204.5700	1.8675	-0.0036	2.4077	1.8675
204.7224	1.8674	-0.0012	2.4029	1.8674
204.8748	1.8811	0.0035	2.4160	1.8811
205.0272	1.8803	0.0032	2.3809	1.8803
205.1796	1.8753	0.0009	2.4766	1.8753
205.3320	1.8841	0.0080	2.5977	1.8841
205.4844	1.8875	0.0081	2.8084	1.8875
205.6368	1.9092	0.0251	2.7782	1.9092
205.7892	1.9208	0.0280	2.5617	1.9208
205.9416	1.9251	0.0331	2.2266	1.9251
206.0940	1.9038	0.0275	2.0911	1.9038
206.2464	1.8745	0.0086	2.0779	1.8745
206.3988	1.8672	0.0098	2.1048	1.8672
206.5512	1.8748	0.0105	2.0914	1.8748
206.7036	1.8886	0.0079	2.1054	1.8886
206.8560	1.9120	0.0072	2.1591	1.9120
207.0084	1.9281	0.0123	2.1822	1.9281
207.1608	1.9128	0.0032	2.1434	1.9128
207.3132	1.8775	-0.0012	2.0051	1.8775
207.4656	1.8363	0.0009	1.9763	1.8363
207.6180	1.7864	0.0031	2.0386	1.7864
207.7704	1.8102	0.0050	2.1324	1.8102
207.9228	1.8015	0.0082	2.0437	1.8015
208.0752	1.8102	0.0083	1.9892	1.8102
208.2276	1.7964	0.0089	2.0308	1.7964
208.3800	1.8374	0.0078	2.1763	1.8374
208.5324	1.8848	0.0252	2.1352	1.8848
208.6848	1.8994	0.0221	2.1166	1.8994
208.8372	1.9171	0.0139	2.1188	1.9171
208.9896	1.9202	0.0210	2.1951	1.9202
209.1420	1.8899	0.0247	2.1645	1.8899
209.2944	1.8354	0.0221	2.1441	1.8354
209.4468	1.8370	0.0306	2.1279	1.8370
209.5992	1.8747	0.0657	2.0787	1.8747
209.7516	1.8936	0.0757	2.0720	1.8936
209.9040	1.8762	0.0706	2.0151	1.8762
210.0564	1.8801	0.0655	1.9799	1.8801
210.2088	1.8526	0.0656	1.8868	1.8526
210.3612	1.7641	0.0444	1.9156	1.7641
210.5136	1.6658	0.0229	1.9793	1.6658
210.6660	1.6174	0.0135	2.0040	1.6174
210.8184	1.6202	0.0166	1.9829	1.6202
210.9708	1.6153	0.0114	1.9545	1.6153
211.1232	1.6297	0.0189	1.9635	1.6297
211.2756	1.6505	0.0293	1.9618	1.6505
211.4280	1.6823	0.0421	1.9711	1.6823
211.5804	1.7230	0.0566	1.9897	1.7230
211.7328	1.7726	0.0695	2.0384	1.7726
211.8852	1.8291	0.0675	2.0902	1.8291
212.0376	1.8724	0.0617	2.1834	1.8724
212.1900	1.9130	0.0517	2.2273	1.9130
212.3424	1.9062	0.0272	2.2213	1.9062
212.4948	1.9034	0.0125	2.2014	1.9034
212.6472	1.8838	0.0090	2.1684	1.8838
212.7996	1.8738	0.0085	2.2665	1.8738
212.9520	1.8700	0.0096	2.2960	1.8700
213.1044	1.8731	0.0089	2.3187	1.8731
213.2568	1.8781	0.0081	2.2793	1.8781
213.4092	1.8747	0.0093	2.2810	1.8747
213.5616	1.8638	0.0083	2.1962	1.8638
213.7140	1.8304	0.0110	2.1030	1.8304
213.8664	1.8139	0.0217	2.0314	1.8139
214.0188	1.8047	0.0375	2.0167	1.8047
214.1712	1.8265	0.0590	2.0052	1.8265
214.3236	1.8340	0.0697	2.0762	1.8340
214.4760	1.8325	0.0751	2.1542	1.8325
214.6284	1.8240	0.0756	2.2130	1.8240
214.7808	1.8201	0.0768	2.1667	1.8201
214.9332	1.8177	0.0816	2.0867	1.8177
215.0856	1.8041	0.0740	1.9981	1.8041
215.2380	1.7854	0.0541	1.9608	1.7854
215.3904	1.7736	0.0470	1.9959	1.7736
215.5428	1.7615	0.0401	2.0103	1.7615
215.6952	1.7449	0.0337	2.0745	1.7449
215.8476	1.7496	0.0431	2.0701	1.7496
216.0000	1.7640	0.0623	2.1205	1.7640
216.1524	1.7796	0.0718	2.0990	1.7796
216.3048	1.8009	0.0801	2.1397	1.8009
216.4572	1.8206	0.0844	2.0809	1.8206
216.6096	1.8252	0.0879	2.0753	1.8252
216.7620	1.8256	0.0844	2.0115	1.8256
216.9144	1.8115	0.0733	1.9179	1.8115
217.0668	1.6387	0.0283	1.8277	1.6387
217.2192	1.5100	0.0041	1.8490	1.5100
217.3716	1.4803	0.0143	1.9053	1.4803
217.5240	1.5234	0.0067	1.8811	1.5234
217.6764	1.5709	-0.0084	1.8178	1.5709
217.8288	1.6458	0.0183	1.7770	1.6458
217.9812	1.7129	0.0418	1.8694	1.7129
218.1336	1.7931	0.0752	1.9155	1.7931
218.2860	1.8241	0.0883	1.8653	1.8241
218.4384	1.8483	0.0931	1.8644	1.8483
218.5908	1.8608	0.0856	1.8470	1.8608
218.7432	1.8537	0.0779	1.8575	1.8537
218.8956	1.8404	0.0676	1.8224	1.8404
219.0480	1.8245	0.0686	1.8218	1.8245
219.2004	1.7389	0.0512	1.8417	1.7389
219.3528	1.6919	0.0466	1.8430	1.6919
219.5052	1.6805	0.0520	1.8283	1.6805
219.6576	1.7301	0.0660	1.8331	1.7301
219.8100	1.7597	0.0722	1.8280	1.7597
219.9624	1.7802	0.0836	1.8202	1.7802
220.1148	1.7672	0.0873	1.7869	1.7672
220.2672	1.7368	0.0804	1.8042	1.7368
220.4196	1.6777	0.0689	1.7737	1.6777
220.5720	1.6561	0.0675	1.7637	1.6561
220.7244	1.6443	0.0660	1.7663	1.6443
220.8768	1.6578	0.0642	1.7362	1.6578
221.0292	1.6968	0.0695	1.7337	1.6968
221.1816	1.7411	0.0771	1.6963	1.7411
221.3340	1.7779	0.0808	1.7225	1.7779
221.4864	1.7924	0.0774	1.7396	1.7924
221.6388	1.8052	0.0751	1.7798	1.8052
221.7912	1.8212	0.0766	1.8415	1.8212
221.9436	1.8182	0.0726	1.8692	1.8182
222.0960	1.8147	0.0616	1.8249	1.8147
222.2484	1.8273	0.0540	1.8358	1.8273
222.4008	1.8322	0.0489	1.8228	1.8322
222.5532	1.8274	0.0464	1.8484	1.8274
222.7056	1.8189	0.0372	1.7771	1.8189
222.8580	1.8102	0.0478	1.8091	1.8102
223.0104	1.8258	0.0608	1.8419	1.8258
223.1628	1.7665	0.0648	1.9049	1.7665
223.3152	1.7409	0.0636	1.8646	1.7409
223.4676	1.7451	0.0717	1.8271	1.7451
223.6200	1.8110	0.0743	1.7945	1.8110
223.7724	1.8817	0.0756	1.7899	1.8817
223.9248	1.8932	0.0568	1.8221	1.8932
224.0772	1.8882	0.0443	1.8302	1.8882
224.2296	1.8710	0.0306	1.8261	1.8710
224.3820	1.8258	0.0274	1.7967	1.8258
224.5344	1.7989	0.0407	1.7880	1.7989
224.6868	1.7986	0.0414	1.8070	1.7986
224.8392	1.8289	0.0480	1.8037	1.8289
224.9916	1.8809	0.0614	1.7694	1.8809
225.1440	1.8925	0.0506	1.8020	1.8925
225.2964	1.8959	0.0333	1.8352	1.8959
225.4488	1.9192	0.0350	1.8228	1.9192
225.6012	1.9050	0.0203	1.8132	1.9050
225.7536	1.8936	0.0179	1.9134	1.8936
225.9060	1.7477	0.0118	1.5846	1.7477
226.0584	1.4535	-0.0200	1.4555	1.5109
226.2108	1.2863	-0.0274	1.3542	1.0729
226.3632	1.2118	-0.0175	1.3582	1.1561
226.5156	1.2218	-0.0088	1.4144	1.2218
226.6680	1.2393	-0.0086	1.4893	1.2393
226.8204	1.2848	-0.0050	1.5619	1.2848
226.9728	1.3617	0.0057	1.5569	1.3617
227.1252	1.3727	0.0095	1.5190	1.3727
227.2776	1.3971	0.0089	1.5593	1.3971
227.4300	1.4806	0.0130	1.6785	1.4806
227.5824	1.6424	-0.0032	1.9461	1.6424
227.7348	1.8225	0.0267	1.9719	1.8225
227.8872	1.8362	0.0360	2.0090	1.8362
228.0396	1.8408	0.0384	1.9748	1.8408
228.1920	1.8506	0.0381	1.9696	1.8506
228.3444	1.8692	0.0365	1.9189	1.8692
228.4968	1.8709	0.0304	1.9449	1.8709
228.6492	1.8801	0.0282	1.9184	1.8801
228.8016	1.8690	0.0282	1.9083	1.8690
228.9540	1.8623	0.0262	1.8795	1.8623
229.1064	1.8580	0.0265	1.9523	1.8580
229.2588	1.8682	0.0232	1.9821	1.8682
229.4112	1.8727	0.0232	1.9749	1.8727
229.5636	1.8676	0.0184	1.8993	1.8676
229.7160	1.8399	0.0184	1.8845	1.8399
229.8684	1.8351	0.0130	1.8344	1.8351
230.0208	1.8483	0.0174	1.8569	1.8483
230.1732	1.8666	0.0230	1.8577	1.8666
230.3256	1.8671	0.0242	1.9070	1.8671
230.4780	1.8561	0.0119	1.9348	1.8561
230.6304	1.8733	0.0152	1.9546	1.8733
230.7828	1.8806	0.0136	1.9388	1.8806
230.9352	1.8462	0.0104	1.8946	1.8462
231.0876	1.8309	0.0100	1.8615	1.8309
231.2400	1.8247	0.0114	1.8605	1.8247
231.3924	1.8619	0.0148	1.8533	1.8619
231.5448	1.8780	0.0165	1.8796	1.8780
231.6972	1.8831	0.0104	1.9671	1.8831
231.8496	1.8739	0.0088	1.9761	1.8739
232.0020	1.8611	0.0083	2.0007	1.8611
232.1544	1.8547	0.0088	1.9766	1.8547
232.3068	1.8491	0.0091	1.9885	1.8491
232.4592	1.8522	0.0093	1.9615	1.8522
232.6116	1.8469	0.0091	1.9064	1.8469
232.7640	1.8486	0.0092	1.8989	1.8486
232.9164	1.8438	0.0084	1.8861	1.8438
233.0688	1.8411	0.0084	1.8756	1.8411
233.2212	1.8342	0.0096	1.8637	1.8342
233.3736	1.8045	0.0136	1.7927	1.8045
233.5260	1.7588	0.0135	1.8792	1.7588
233.6784	1.7447	0.0218	1.8517	1.7447
233.8308	1.7407	0.0244	1.9426	1.7407
233.9832	1.6661	0.0056	1.8800	1.6661
234.1356	1.5361	0.0101	1.7357	1.5361
234.2880	1.3821	-0.0068	1.5645	1.3821
234.4404	1.2963	-0.0150	1.4407	1.2919
234.5928	1.2738	-0.0097	1.4135	1.2738
234.7452	1.2780	-0.0074	1.4860	1.2780
234.8976	1.3127	-0.0020	1.5883	1.3127
235.0500	1.3642	0.0061	1.6912	1.3642
235.2024	1.4204	0.0141	1.7235	1.4204
235.3548	1.4363	0.0184	1.6986	1.4363
235.5072	1.4288	0.0190	1.6471	1.4288
235.6596	1.4797	0.0175	1.6260	1.4797
235.8120	1.5665	0.0212	1.6800	1.5665
235.9644	1.6494	-0.0027	1.8978	1.6494
236.1168	1.6669	-0.0009	2.0233	1.6669
236.2692	1.6499	-0.0018	1.8579	1.6499
236.4216	1.5439	-0.0082	1.7756	1.5439
236.5740	1.5634	0.0049	1.7492	1.5634
236.7264	1.5772	-0.0061	1.8464	1.5772
236.8788	1.7307	0.0220	1.7593	1.7307
237.0312	1.7146	0.0334	1.6626	1.7146
237.1836	1.7050	0.0455	1.6905	1.7050
237.3360	1.6878	0.0460	1.8248	1.6878
237.4884	1.6822	0.0441	1.9267	1.6822
237.6408	1.6695	0.0462	1.9671	1.6695
237.7932	1.6758	0.0514	1.9588	1.6758
237.9456	1.7105	0.0613	1.9299	1.7105
238.0980	1.6944	0.0577	1.8715	1.6944
238.2504	1.6003	0.0292	1.8549	1.6003
238.4028	1.5117	0.0036	1.7945	1.5117
238.5552	1.4802	0.0026	1.7677	1.4802
238.7076	1.5087	0.0221	1.7506	1.5087
238.8600	1.5381	0.0379	1.7311	1.5381
239.0124	1.5084	0.0420	1.6968	1.5084
239.1648	1.4626	0.0337	1.6628	1.4626
239.3172	1.4243	0.0269	1.6807	1.4243
239.4696	1.4216	0.0241	1.7463	1.4216
239.6220	1.4260	0.0228	1.7967	1.4260
239.7744	1.4317	0.0245	1.8388	1.4317
239.9268	1.4412	0.0255	1.8258	1.4412
240.0792	1.4364	0.0247	1.8038	1.4364
240.2316	1.4365	0.0245	1.7834	1.4365
240.3840	1.4373	0.0243	1.7685	1.4373
240.5364	1.4408	0.0257	1.7530	1.4408
240.6888	1.4445	0.0262	1.7570	1.4445
240.8412	1.4531	0.0278	1.7546	1.4531
240.9936	1.4686	0.0333	1.7463	1.4686
241.1460	1.4783	0.0372	1.7539	1.4783
241.2984	1.4779	0.0378	1.7237	1.4779
241.4508	1.4669	0.0345	1.7263	1.4669
241.6032	1.4531	0.0306	1.7217	1.4531
241.7556	1.4305	0.0244	1.7326	1.4305
241.9080	1.4110	0.0199	1.7133	1.4110
242.0604	1.3895	0.0148	1.6978	1.3895
242.2128	1.3859	0.0150	1.6872	1.3859
242.3652	1.3880	0.0140	1.6905	1.3880
242.5176	1.3917	0.0140	1.6492	1.3917
242.6700	1.3775	0.0108	1.6381	1.3775
242.8224	1.3613	0.0086	1.6575	1.3613
242.9748	1.3445	0.0049	1.6581	1.3445
243.1272	1.3408	0.0041	1.6607	1.3408
243.2796	1.3351	0.0016	1.6328	1.3351
243.4320	1.3371	0.0018	1.6551	1.3371
243.5844	1.3349	0.0010	1.5956	1.3349
243.7368	1.3139	-0.0017	1.5270	1.3139
243.8892	1.2865	-0.0042	1.4719	1.2865
244.0416	1.2697	-0.0042	1.4519	1.2697
244.1940	1.2626	-0.0057	1.4425	1.2626
244.3464	1.2602	-0.0072	1.4291	1.2602
244.4988	1.2758	-0.0031	1.4799	1.2758
244.6512	1.3166	0.0030	1.5894	1.3166
244.8036	1.3746	0.0120	1.7386	1.3746
244.9560	1.4266	0.0235	1.8005	1.4266
245.1084	1.4573	0.0349	1.8037	1.4573
245.2608	1.4494	0.0345	1.7701	1.4494
245.4132	1.4424	0.0347	1.6827	1.4424
245.5656	1.4003	0.0255	1.6033	1.4003
245.7180	1.4107	0.0246	1.5248	1.4107
245.8704	1.3554	0.0144	1.6118	1.3554
246.0228	1.3674	0.0113	1.6005	1.3674
246.1752	1.3071	0.0019	1.6317	1.3071
246.3276	1.3792	0.0096	1.5857	1.3792
246.4800	1.4538	0.0174	1.6462	1.4538
246.6324	1.6113	0.0132	1.7022	1.6113
246.7848	1.6989	0.0431	1.6635	1.6989
246.9372	1.7271	0.0619	1.7280	1.7271
247.0896	1.7431	0.0716	1.7777	1.7431
247.2420	1.7562	0.0715	1.8507	1.7562
247.3944	1.7876	0.0833	1.8759	1.7876
247.5468	1.7778	0.0806	1.8066	1.7778
247.6992	1.7731	0.0737	1.7676	1.7731
247.8516	1.7720	0.0591	1.7492	1.7720
248.0040	1.7021	0.0448	1.7704	1.7021
248.1564	1.6357	0.0249	1.7152	1.6357
248.3088	1.5985	0.0182	1.6962	1.5985
248.4612	1.6749	0.0226	1.6228	1.6749
248.6136	1.5444	0.0081	1.5502	1.5444
248.7660	1.3994	-0.0030	1.5535	1.3994
248.9184	1.2654	-0.0172	1.7420	1.1549
249.0708	1.3165	-0.0086	1.7938	1.3165
249.2232	1.3354	0.0006	1.7034	1.3354
249.3756	1.3340	0.0006	1.4832	1.3340
249.5280	1.2671	-0.0057	1.4514	1.2671
249.6804	1.2536	-0.0068	1.4497	1.2536
249.8328	1.2577	-0.0051	1.4393	1.2577
249.9852	1.2751	-0.0021	1.4577	1.2751
250.1376	1.4031	-0.0053	1.5139	1.4031
250.2900	1.5804	-0.0004	1.5760	1.5804
250.4424	1.7118	0.0203	1.5847	1.7118
250.5948	1.5561	-0.0037	1.5819	1.5561
250.7472	1.5033	-0.0169	1.6651	1.3515
250.8996	1.6249	-0.0025	1.7832	1.6249
251.0520	1.8482	0.0108	2.1360	1.8482
251.2044	1.9865	0.0086	2.2772	1.9865
251.3568	2.0118	0.0134	2.2332	2.0118
251.5092	1.9849	-0.0066	2.2297	2.0331
251.6616	1.9736	-0.0100	2.2902	1.9692
251.8140	1.9677	-0.0003	2.4347	1.9677
251.9664	1.9703	0.0098	2.3263	1.9703
252.1188	1.9761	0.0095	2.1790	1.9761
252.2712	1.9955	0.0145	2.0173	1.9955
252.4236	1.9625	0.0077	1.9978	1.9625
252.5760	1.9220	0.0113	1.9784	1.9220
252.7284	1.8743	0.0062	1.9387	1.8743
252.8808	1.8668	0.0084	1.9062	1.8668
253.0332	1.8821	0.0175	1.8885	1.8821
253.1856	1.8891	0.0210	1.8646	1.8891
253.3380	1.8917	0.0187	1.8764	1.8917
253.4904	1.8908	0.0099	1.8978	1.8908
253.6428	1.9088	0.0102	1.9368	1.9088
253.7952	1.9204	0.0086	1.9657	1.9204
253.9476	1.9229	0.0084	1.9675	1.9229
254.1000	1.9370	0.0089	2.0202	1.9370
254.2524	1.9533	0.0089	2.0778	1.9533
254.4048	1.9675	0.0109	2.1085	1.9675
254.5572	1.9597	0.0066	2.1667	1.9597
254.7096	1.9441	0.0011	2.1450	1.9441
254.8620	1.9411	0.0013	2.1820	1.9411
255.0144	1.9431	0.0025	2.1832	1.9431
255.1668	1.9508	0.0077	2.2402	1.9508
255.3192	1.9454	0.0097	2.2133	1.9454
255.4716	1.9382	0.0103	2.1827	1.9382
255.6240	1.9312	0.0099	2.1283	1.9312
255.7764	1.8251	0.0081	1.6361	1.8251
255.9288	1.4815	-0.0321	1.6894	1.7293
256.0812	1.3504	-0.0379	1.6328	1.2379
256.2336	1.2799	-0.0247	1.5363	1.0886
256.3860	1.2875	-0.0065	1.3058	1.2875
256.5384	1.2344	-0.0069	1.1998	1.2344
256.6908	1.1974	-0.0097	1.2053	1.1974
256.8432	1.1969	-0.0089	1.2429	1.1969
256.9956	1.1953	-0.0083	1.2572	1.1953
257.1480	1.1935	-0.0084	1.2778	1.1935
257.3004	1.2309	0.0001	1.3155	1.2309
257.4528	1.3111	0.0139	1.4010	1.3111
257.6052	1.3904	0.0285	1.4716	1.3904
257.7576	1.4255	0.0400	1.4765	1.4255
257.9100	1.4030	0.0269	1.4424	1.4030
258.0624	1.4106	0.0337	1.4293	1.4106
258.2148	1.4137	0.0057	1.4996	1.4137
258.3672	1.4446	0.0054	1.5848	1.4446
258.5196	1.4630	0.0199	1.6061	1.4630
258.6720	1.4725	-0.0077	1.5745	1.4725
258.8244	1.5107	0.0024	1.5314	1.5107
258.9768	1.4775	0.0151	1.3987	1.4775
259.1292	1.3446	0.0108	1.3489	1.3446
259.2816	1.2386	0.0008	1.2975	1.2386
259.4340	1.2085	-0.0039	1.3095	1.2085
259.5864	1.2069	-0.0046	1.2913	1.2069
259.7388	1.2048	-0.0054	1.3266	1.2048
259.8912	1.2478	0.0000	1.4517	1.2478
260.0436	1.2952	0.0069	1.6017	1.2952
260.1960	1.3653	0.0169	1.6601	1.3653
260.3484	1.3840	0.0222	1.6095	1.3840
260.5008	1.3907	0.0252	1.5468	1.3907
260.6532	1.4104	0.0304	1.5069	1.4104
260.8056	1.4509	0.0357	1.5013	1.4509
260.9580	1.4723	-0.0074	1.5324	1.4723
261.1104	1.5360	0.0081	1.5622	1.5360
261.2628	1.6089	0.0080	1.6414	1.6089
261.4152	1.7319	0.0092	1.9787	1.7319
261.5676	1.8671	0.0072	2.3538	1.8671
261.7200	1.9378	0.0042	2.5212	1.9378
261.8724	1.9437	0.0095	2.4697	1.9437
262.0248	1.9449	0.0098	2.4781	1.9449
262.1772	1.9618	0.0108	2.5102	1.9618
262.3296	1.9770	0.0121	2.6219	1.9770
262.4820	1.9631	0.0066	2.6117	1.9631
262.6344	1.9483	-0.0059	2.6008	1.9508
262.7868	1.9467	-0.0085	2.3515	1.8798
262.9392	1.9129	0.0038	2.1318	1.9129
263.0916	1.8274	0.0106	2.0458	1.8274
263.2440	1.7844	0.0092	2.0536	1.7844
263.3964	1.8157	0.0294	2.0193	1.8157
263.5488	1.8509	0.0552	2.0778	1.8509
263.7012	1.8184	0.0390	2.2488	1.8184
263.8536	1.6822	0.0115	2.4827	1.6822
264.0060	1.6433	0.0041	2.5574	1.6433
264.1584	1.6504	0.0050	2.4786	1.6504
264.3108	1.6830	0.0107	1.9629	1.6830
264.4632	1.5717	-0.0025	1.6783	1.5717
264.6156	1.4219	0.0308	1.4298	1.4219
264.7680	1.2830	0.0133	1.3189	1.2830
264.9204	1.2101	-0.0002	1.2378	1.2101
265.0728	1.1905	-0.0061	1.2092	1.1905
265.2252	1.1903	-0.0073	1.2080	1.1903
265.3776	1.1889	-0.0083	1.1957	1.1889
265.5300	1.1911	-0.0086	1.1914	1.1911
265.6824	1.1911	-0.0087	1.1878	1.1911
265.8348	1.1903	-0.0098	1.1808	1.1903
265.9872	1.1911	-0.0091	1.1958	1.1911
266.1396	1.1903	-0.0090	1.2169	1.1903
266.2920	1.1887	-0.0098	1.2265	1.1887
266.4444	1.1927	-0.0094	1.2730	1.1927
266.5968	1.2021	-0.0078	1.2667	1.2021
266.7492	1.2047	-0.0078	1.2765	1.2047
266.9016	1.2002	-0.0079	1.2733	1.2002
267.0540	1.2046	-0.0071	1.3483	1.2046
267.2064	1.3150	-0.0049	1.5190	1.3150
267.3588	1.4752	-0.0034	1.9085	1.4752
267.5112	1.6990	0.0173	2.0915	1.6990
267.6636	1.7063	0.0108	2.1291	1.7063
267.8160	1.7085	-0.0000	2.1930	1.7085
267.9684	1.7370	-0.0025	2.2851	1.7370
268.1208	1.8066	0.0128	2.1925	1.8066
268.2732	1.7242	0.0106	2.1375	1.7242
268.4256	1.6370	0.0040	2.3141	1.6370
268.5780	1.5737	0.0042	2.4245	1.5737
268.7304	1.5669	0.0150	2.2822	1.5669
268.8828	1.5329	-0.0013	1.9641	1.5329
269.0352	1.5116	-0.0016	1.9010	1.5116
269.1876	1.5939	0.0044	2.0501	1.5939
269.3400	1.7201	-0.0010	2.2982	1.7201
269.4924	1.8741	0.0062	2.2628	1.8741
269.6448	1.8901	0.0051	2.2876	1.8901
269.7972	1.8876	-0.0034	2.5030	1.8876
269.9496	1.9201	-0.0094	3.0039	1.6944
270.1020	1.9948	-0.0005	3.1592	2.0148
270.2544	2.0086	-0.0043	2.9379	2.1303
270.4068	1.9825	-0.0182	2.7217	2.0054
270.5592	1.9577	-0.0195	2.6191	1.9684
270.7116	1.9239	-0.0117	2.6824	1.9772
270.8640	1.8886	-0.0072	2.7044	1.9511
271.0164	1.8595	-0.0050	2.8041	1.8153
271.1688	1.8784	0.0081	2.9381	1.8784
271.3212	1.8988	0.0084	3.1966	1.8988
271.4736	1.9564	0.0097	3.3724	1.9564
271.6260	2.0015	0.0040	3.5008	2.0015
271.7784	2.0250	-0.0018	3.3904	2.1763
271.9308	1.9903	-0.0217	3.3849	2.0466
272.0832	1.9680	-0.0350	3.0643	1.9680
272.2356	1.9503	-0.0301	2.8970	1.9503
272.3880	1.9634	-0.0292	2.6299	1.9634
272.5404	1.9218	-0.0354	2.6810	1.9218
272.6928	1.9247	-0.0191	2.6453	2.1438
272.8452	1.8833	-0.0132	2.6563	1.9853
272.9976	1.8881	-0.0146	2.7873	1.6602
273.1500	1.9408	0.0002	2.9100	1.9408
273.3024	1.9960	0.0077	3.1131	1.9960
273.4548	2.0269	0.0093	3.0119	2.0269
273.6072	1.9929	-0.0056	2.9381	2.1267
273.7596	1.9761	-0.0115	2.9116	1.8195
273.9120	1.9815	-0.0149	2.8888	1.8622
274.0644	2.0084	-0.0098	2.9827	2.0926
274.2168	2.0169	-0.0167	2.9872	2.0947
274.3692	2.0015	-0.0297	3.1992	2.0015
274.5216	1.9895	-0.0209	3.1947	2.0299
274.6740	1.8995	-0.0077	2.5839	2.1749
274.8264	1.7231	-0.0164	2.2754	1.8429
274.9788	1.6132	-0.0133	2.0389	1.5004
275.1312	1.5730	0.0010	1.9321	1.5730
275.2836	1.6093	0.0108	2.0165	1.6093
275.4360	1.7198	0.0073	2.2753	1.7198
275.5884	1.8813	0.0159	3.2582	1.8813
275.7408	2.0409	0.0158	3.2633	2.0409
275.8932	2.0060	0.0109	2.9450	2.0060
276.0456	1.8890	-0.0059	2.5153	2.1458
276.1980	1.8121	-0.0105	2.3307	1.6161
276.3504	1.8098	-0.0055	2.1606	1.8098
276.5028	1.8667	0.0095	2.1611	1.8667
276.6552	1.8771	0.0014	2.2791	1.8771
276.8076	1.8597	-0.0072	2.5984	1.9960
276.9600	1.8965	-0.0055	3.1271	1.9586
277.1124	1.9660	0.0052	3.3271	1.9660
277.2648	2.0168	0.0150	3.3276	2.0168
277.4172	2.0077	0.0125	3.1497	2.0077
277.5696	1.9781	-0.0014	3.0994	1.9914
277.7220	1.9820	-0.0031	3.0030	1.9465
277.8744	2.0041	-0.0036	3.1096	1.9168
278.0268	2.0244	-0.0005	3.0780	2.0603
278.1792	2.0179	-0.0040	3.0453	2.1314
278.3316	2.0061	-0.0123	3.1282	1.9401
278.4840	2.0249	-0.0136	3.0881	1.9450
278.6364	2.0537	-0.0106	3.1393	2.0670
278.7888	2.0668	-0.0156	3.0733	2.1114
278.9412	2.0635	-0.0220	3.2016	2.0790
279.0936	2.0549	-0.0262	3.1628	2.0554
279.2460	2.0394	-0.0296	3.2095	2.0394
279.3984	2.0265	-0.0265	3.2562	2.0263
279.5508	2.0211	-0.0200	3.2787	2.0820
279.7032	2.0229	-0.0186	3.1212	1.9706
279.8556	2.0217	-0.0154	2.5140	1.9712
280.0080	1.9684	-0.0171	2.3662	2.0599
280.1604	1.9402	-0.0178	2.1041	1.9764
280.3128	1.9019	-0.0239	2.1374	1.8156
280.4652	1.8888	-0.0164	2.0313	1.8722
280.6176	1.8743	-0.0149	2.2009	1.9444
280.7700	1.8879	-0.0098	2.4226	1.8286
280.9224	1.9394	-0.0016	2.6163	1.9394
281.0748	1.9686	0.0073	2.6027	1.9686
281.2272	1.9774	-0.0002	2.6323	1.9774
281.3796	1.9925	-0.0023	2.6503	1.9308
281.5320	2.0003	-0.0066	2.6838	2.1170
281.6844	2.0002	-0.0078	2.5197	2.0516
281.8368	1.9859	-0.0112	2.5351	1.9722
281.9892	1.9848	-0.0065	2.4514	1.9975
282.1416	1.9526	-0.0026	2.3689	1.9441
282.2940	1.9142	-0.0112	2.2135	1.9420
282.4464	1.8754	-0.0171	2.2204	1.6876
282.5988	1.8636	-0.0167	2.2568	2.0212
282.7512	1.8538	-0.0152	2.4214	1.9287
282.9036	1.8782	-0.0216	2.5727	1.7381
283.0560	1.9406	-0.0093	2.8881	1.8272
283.2084	2.0065	0.0007	2.9985	2.0219
283.3608	2.0041	-0.0090	3.0321	2.0282
283.5132	1.9925	-0.0195	3.0416	1.9393
283.6656	1.9933	-0.0203	2.9889	2.0251
283.8180	2.0002	-0.0216	2.8979	2.0128
283.9704	2.0004	-0.0263	2.7756	2.0009
284.1228	1.9976	-0.0274	2.7902	1.9972
284.2752	1.9940	-0.0278	2.8194	1.9940
284.4276	1.9868	-0.0270	2.8299	1.9893
284.5800	1.9498	-0.0127	2.6743	2.0682
284.7324	1.9465	-0.0104	2.6836	2.0454
284.8848	1.9507	-0.0084	2.4677	1.4862
285.0372	2.0050	0.0024	2.4345	2.0050
285.1896	1.9951	0.0009	2.3595	1.9951
285.3420	1.9770	-0.0193	2.4523	1.9911
285.4944	1.9855	-0.0161	2.6071	1.9838
285.6468	1.9985	-0.0058	2.6389	2.0557
285.7992	1.9962	0.0007	2.7402	1.9975
285.9516	1.9952	0.0050	2.6600	1.9952
286.1040	2.0031	0.0113	2.6557	2.0031
286.2564	1.9840	0.0100	1.8828	1.9840
286.4088	1.5850	-0.0518	1.7241	1.5850
286.5612	1.3940	-0.0664	1.7565	1.3940
286.7136	1.4088	-0.0351	1.9492	1.1508
286.8660	1.5126	-0.0002	1.8670	1.5126
287.0184	1.4964	0.0155	1.6166	1.4964
287.1708	1.3387	-0.0052	1.4573	1.3387
287.3232	1.2743	-0.0112	1.4421	1.2743
287.4756	1.2700	-0.0148	1.4660	1.2706
287.6280	1.2713	-0.0149	1.5053	1.2714
287.7804	1.2738	-0.0136	1.5095	1.2738
287.9328	1.3498	-0.0153	1.6461	1.3498
288.0852	1.5037	-0.0155	1.7466	1.5037
288.2376	1.7188	-0.0018	1.7624	1.7188
288.3900	1.7672	-0.0114	1.6443	1.9340
288.5424	1.6857	-0.0391	1.7348	1.7032
288.6948	1.6656	-0.0224	1.8955	1.8794
288.8472	1.6601	0.0027	1.8212	1.6601
288.9996	1.6319	0.0131	1.7702	1.6319
289.1520	1.6406	0.0166	1.7976	1.6406
289.3044	1.7172	0.0374	1.8732	1.7172
289.4568	1.8075	0.0427	1.9091	1.8075
289.6092	1.8412	0.0539	2.0577	1.8412
289.7616	1.7737	0.0254	2.2826	1.7737
289.9140	1.7035	0.0024	2.5886	1.7035
290.0664	1.6727	-0.0087	2.2486	1.6727
290.2188	1.6443	-0.0112	2.2248	1.6443
290.3712	1.6866	0.0424	2.3290	1.6866
290.5236	1.6221	0.0250	2.8058	1.6221
290.6760	1.5784	0.0138	2.2547	1.5784
290.8284	1.4298	-0.0106	1.7922	1.4298
290.9808	1.3476	-0.0087	1.5227	1.3476
291.1332	1.2744	-0.0121	1.4354	1.2744
291.2856	1.2626	-0.0123	1.4344	1.2626
291.4380	1.2637	-0.0122	1.4665	1.2637
291.5904	1.3580	-0.0134	1.5119	1.3580
291.7428	1.5037	-0.0114	1.5946	1.5037
291.8952	1.7072	0.0070	1.5907	1.7072
292.0476	1.7373	0.0009	1.6357	1.7373
292.2000	1.7438	-0.0006	1.7147	1.7438
292.3524	1.7786	0.0059	1.7755	1.7786
292.5048	1.7443	0.0144	1.9111	1.7443
292.6572	1.5930	0.0046	2.0675	1.5930
292.8096	1.5011	0.0024	2.0765	1.5011
292.9620	1.5226	0.0056	2.1786	1.5226
293.1144	1.6437	0.0370	1.9875	1.6437
293.2668	1.6765	0.0324	1.9383	1.6765
293.4192	1.6279	0.0071	1.9040	1.6279
293.5716	1.6696	-0.0093	2.0908	1.6696
293.7240	1.8015	-0.0090	2.5750	1.8036
293.8764	1.8943	-0.0093	2.6140	2.0649
294.0288	1.8769	-0.0160	2.8410	2.0834
294.1812	1.8927	-0.0143	3.0268	1.8310
294.3336	1.9408	-0.0053	3.1894	1.7775
294.4860	1.9930	0.0156	3.1217	1.9930
294.6384	1.9944	0.0152	3.0048	1.9944
294.7908	1.9947	0.0045	3.0534	1.9947
294.9432	2.0217	0.0009	3.0052	1.9846
295.0956	2.0440	0.0038	3.1230	2.0458
295.2480	2.0316	-0.0107	3.3243	2.0491
295.4004	2.0473	-0.0165	3.7800	2.0195
295.5528	2.0602	-0.0146	3.9071	2.0934
295.7052	2.0605	-0.0149	3.7115	2.1113
295.8576	2.0323	-0.0211	3.4005	2.0179
296.0100	1.9859	-0.0071	3.3494	2.0960
296.1624	1.9469	0.0067	3.3765	1.9469
296.3148	1.9072	0.0037	3.3790	1.9072
296.4672	1.9130	0.0133	3.1827	1.9130
296.6196	1.9310	0.0193	3.0998	1.9310
296.7720	1.9507	-0.0001	3.0769	1.9507
296.9244	2.0100	0.0037	3.3312	2.0100
297.0768	2.0506	0.0064	3.3398	2.0506
297.2292	2.0114	-0.0247	3.4026	2.0406
297.3816	2.0033	-0.0372	3.4094	2.0033
297.5340	2.0287	-0.0300	3.7261	2.0287
297.6864	2.0580	-0.0203	3.7328	2.0943
297.8388	2.0625	-0.0244	3.6724	2.0625
297.9912	2.0645	-0.0293	3.4493	2.0645
298.1436	2.0662	-0.0252	3.4233	2.0662
298.2960	2.0622	-0.0269	3.4540	2.0622
298.4484	2.0403	-0.0315	3.5029	2.0403
298.6008	2.0540	-0.0280	3.6393	2.0540
298.7532	2.0576	-0.0273	3.5504	2.0576
298.9056	2.0761	-0.0271	3.0418	2.0761
299.0580	1.8527	-0.0566	2.3138	1.8527
299.2104	1.5317	-0.0907	2.4308	1.5317
299.3628	1.4787	-0.0623	2.5623	1.4787
299.5152	1.5386	-0.0163	2.5045	1.5386
299.6676	1.5934	0.0202	2.1737	1.5934
299.8200	1.6163	0.0144	1.8524	1.6163
299.9724	1.6270	-0.0077	1.8461	1.6270
300.1248	1.8585	0.0071	1.9595	1.8585
300.2772	1.9108	-0.0084	2.2267	2.1300
300.4296	1.9249	-0.0399	2.5026	1.9249
300.5820	1.9646	-0.0400	2.8245	1.9646
300.7344	2.0046	-0.0244	3.0083	2.0068
300.8868	2.0123	-0.0125	3.1699	2.1297
301.0392	2.0087	-0.0088	3.2004	1.9716
301.1916	2.0159	-0.0086	3.1583	1.8452
301.3440	2.0405	-0.0020	3.0535	2.0105
301.4964	2.0410	-0.0046	3.0605	2.1535
301.6488	2.0280	-0.0108	3.0731	2.0785
301.8012	2.0214	-0.0174	3.0171	1.9985
301.9536	2.0283	-0.0165	2.8626	1.9120
302.1060	2.0387	-0.0163	2.7371	2.0920
302.2584	2.0264	-0.0214	2.7198	2.0681
302.4108	2.0073	-0.0323	2.8506	2.0073
302.5632	1.9758	-0.0196	3.0220	2.0656
302.7156	1.8351	-0.0154	2.8565	2.1090
302.8680	1.6201	-0.0233	2.7649	1.6636
303.0204	1.4808	-0.0152	2.4127	1.4808
303.1728	1.4248	0.0041	2.1292	1.4248
303.3252	1.4689	0.0193	1.9989	1.4689
303.4776	1.5737	0.0094	2.1010	1.5737
303.6300	1.7306	0.0117	2.4616	1.7306
303.7824	1.8654	0.0307	2.3809	1.8654
303.9348	1.8669	0.0162	2.5767	1.8669
304.0872	1.8559	0.0012	2.7015	1.8559
304.2396	1.8577	0.0063	2.5366	1.8577
304.3920	1.8102	-0.0232	2.4562	1.6819
304.5444	1.8114	-0.0188	2.2771	2.0351
304.6968	1.7973	-0.0093	2.2767	1.9327
304.8492	1.7818	0.0098	2.1661	1.7818
305.0016	1.7295	-0.0019	2.1124	1.7295
305.1540	1.6089	-0.0069	1.9336	1.6089
305.3064	1.5257	0.0213	1.8418	1.5257
305.4588	1.4683	0.0163	1.7845	1.4683
305.6112	1.4848	0.0184	1.6979	1.4848
305.7636	1.4674	0.0335	1.6004	1.4674
305.9160	1.3665	0.0146	1.5285	1.3665
306.0684	1.2813	0.0044	1.5218	1.2813
306.2208	1.2542	-0.0036	1.5220	1.2542
306.3732	1.2455	-0.0095	1.5008	1.2455
306.5256	1.2406	-0.0106	1.4819	1.2406
306.6780	1.2326	-0.0112	1.4587	1.2326
306.8304	1.2266	-0.0119	1.4699	1.2266
306.9828	1.2259	-0.0111	1.4875	1.2259
307.1352	1.2313	-0.0108	1.5436	1.2313
307.2876	1.2684	-0.0034	1.5759	1.2684
307.4400	1.3319	0.0030	1.5747	1.3319
307.5924	1.4439	0.0073	1.4855	1.4439
307.7448	1.5900	0.0110	1.4868	1.5900
307.8972	1.7579	0.0127	1.6432	1.7579
308.0496	1.8819	0.0134	2.0591	1.8819
308.2020	1.9196	-0.0023	2.3817	1.9196
308.3544	1.9509	-0.0103	2.5612	1.9902
308.5068	1.9735	-0.0142	2.5409	1.8969
308.6592	1.9798	-0.0147	2.5658	1.9898
308.8116	1.9794	-0.0168	2.6904	2.0332
308.9640	1.9672	-0.0095	2.7146	2.0475
309.1164	1.9827	0.0054	2.5845	1.9827
309.2688	1.9879	0.0109	2.4618	1.9879
309.4212	2.0120	0.0112	2.4719	2.0120
309.5736	2.0435	0.0113	2.6499	2.0435
309.7260	2.0478	-0.0016	2.8764	2.1730
309.8784	2.0413	-0.0187	3.0318	2.1172
310.0308	2.0279	-0.0302	3.1634	2.0279
310.1832	2.0250	-0.0324	3.1034	2.0250
310.3356	2.0261	-0.0293	3.1142	2.0261
310.4880	2.0196	-0.0290	2.9442	2.0196
310.6404	2.0146	-0.0206	2.9747	2.0532
310.7928	2.0058	-0.0121	2.9209	2.0751
310.9452	2.0101	-0.0084	2.9921	1.9111
311.0976	2.0205	-0.0062	2.2489	1.8398
311.2500	1.7642	-0.0376	1.7677	1.7642
311.4024	1.4245	-0.0795	1.8912	1.4245
311.5548	1.3947	-0.0577	2.0562	1.3947
311.7072	1.5128	-0.0038	2.7509	1.5128
311.8596	1.6582	-0.0210	1.7327	1.6582
312.0120	1.5029	0.0304	1.5144	1.5029
312.1644	1.3392	0.0107	1.4249	1.3392
312.3168	1.2632	0.0037	1.4597	1.2632
312.4692	1.2615	-0.0001	1.4469	1.2615
312.6216	1.2467	-0.0034	1.4245	1.2467
312.7740	1.2549	-0.0046	1.5360	1.2549
312.9264	1.3910	-0.0119	1.8817	1.3910
313.0788	1.6172	0.0005	3.1717	1.6172
313.2312	1.8941	0.0045	3.3245	1.8941
313.3836	1.9122	0.0212	3.1031	1.9122
313.5360	1.9064	0.0024	2.9733	1.9064
313.6884	1.9499	0.0046	2.8029	1.9499
313.8408	2.0003	0.0031	2.9536	2.0003
313.9932	2.0334	-0.0027	2.9002	2.1599
314.1456	2.0309	-0.0162	2.8112	2.0951
314.2980	2.0240	-0.0289	2.7952	2.0240
314.4504	2.0271	-0.0294	2.9676	2.0271
314.6028	2.0286	-0.0283	3.1060	2.0286
314.7552	2.0283	-0.0275	3.1035	2.0283
314.9076	2.0298	-0.0281	3.1197	2.0298
315.0600	2.0316	-0.0294	3.0581	2.0316
315.2124	2.0333	-0.0287	2.9567	2.0333
315.3648	2.0297	-0.0289	2.8738	2.0297
315.5172	2.0190	-0.0315	2.8204	2.0190
315.6696	2.0191	-0.0285	2.7556	2.0191
315.8220	2.0263	-0.0238	2.6003	2.0410
315.9744	2.0311	-0.0228	2.4745	2.0103
316.1268	2.0305	-0.0225	2.4837	2.0088
316.2792	2.0291	-0.0216	2.5361	2.0618
316.4316	2.0212	-0.0227	2.5867	2.0242
316.5840	2.0010	-0.0224	2.6799	2.0316
316.7364	1.9869	-0.0176	2.7240	2.0232
316.8888	1.9838	-0.0177	2.7671	1.9109
317.0412	1.9818	-0.0112	2.7008	1.9306
317.1936	1.9978	-0.0075	2.7383	2.0985
317.3460	1.9995	-0.0101	2.7992	1.8822
317.4984	2.0286	-0.0072	2.8646	2.0573
317.6508	2.0320	-0.0065	2.7817	2.0716
317.8032	2.0321	-0.0141	2.8483	1.9841
317.9556	2.0286	-0.0174	2.8657	2.0264
318.1080	2.0257	-0.0187	2.8980	2.0631
318.2604	2.0092	-0.0256	2.8300	2.0238
318.4128	2.0039	-0.0271	2.7851	2.0009
318.5652	2.0036	-0.0265	2.8407	1.9984
318.7176	2.0006	-0.0252	2.8632	2.0008
318.8700	1.9841	-0.0212	2.5614	2.0418
319.0224	1.9094	-0.0343	2.2882	1.9094
319.1748	1.8433	-0.0437	2.1429	1.8433
319.3272	1.7985	-0.0493	2.1855	1.7985
319.4796	1.7991	-0.0435	2.1670	1.7991
319.6320	1.7962	-0.0438	2.1603	1.7962
319.7844	1.7658	-0.0274	2.0886	1.8898
319.9368	1.7928	-0.0249	2.2884	1.8459
320.0892	1.8569	-0.0119	2.6029	1.3593
320.2416	1.9998	0.0144	3.0569	1.9998
320.3940	2.0387	0.0181	3.0471	2.0387
320.5464	2.0172	-0.0082	2.8729	1.9910
320.6988	2.0260	-0.0043	2.8181	2.0432
320.8512	1.9214	-0.0015	1.7945	1.9214
321.0036	1.5256	-0.0536	1.5228	1.5256
321.1560	1.3088	-0.0606	1.3941	1.3088
321.3084	1.2064	-0.0413	1.3961	1.2064
321.4608	1.2210	-0.0135	1.4542	1.2203
321.6132	1.2227	-0.0107	1.4527	1.2227
321.7656	1.2203	-0.0114	1.4579	1.2203
321.9180	1.2360	-0.0084	1.4697	1.2360
322.0704	1.3176	0.0007	1.5262	1.3176
322.2228	1.3529	0.0081	1.5655	1.3529
322.3752	1.3575	0.0113	1.5324	1.3575
322.5276	1.3541	0.0105	1.5434	1.3541
322.6800	1.4694	0.0089	1.5933	1.4694
322.8324	1.6846	0.0187	1.9637	1.6846
322.9848	1.8533	0.0025	2.5469	1.8533
323.1372	1.9452	0.0119	2.7853	1.9452
323.2896	1.9593	-0.0051	2.7272	2.0601
323.4420	1.9442	-0.0181	2.6478	1.9414
323.5944	1.9350	-0.0256	2.8618	1.9951
323.7468	1.9525	-0.0148	2.9522	2.0373
323.8992	1.9635	-0.0081	2.9960	1.9283
324.0516	1.9691	-0.0044	2.9743	1.8595
324.2040	1.9724	-0.0032	2.9502	1.8768
324.3564	1.9900	-0.0055	2.9371	2.0498
324.5088	2.0084	-0.0017	3.0687	2.0879
324.6612	2.0095	0.0050	3.3325	2.0095
324.8136	2.0046	0.0124	3.3882	2.0046
324.9660	2.0219	0.0130	3.3448	2.0219
325.1184	2.0508	0.0077	3.1857	2.0508
325.2708	2.0452	0.0119	3.1569	2.0452
325.4232	2.0201	-0.0023	3.1225	2.0864
325.5756	2.0022	-0.0163	3.0923	1.7907
325.7280	2.0361	-0.0105	3.0539	2.0902
325.8804	2.0253	-0.0066	3.0478	2.1305
326.0328	2.0042	-0.0027	2.9839	2.1599
326.1852	1.9989	0.0023	2.9869	1.9989
326.3376	1.9877	0.0123	2.6586	1.9877
326.4900	1.8897	0.0154	2.6976	1.8897
326.6424	1.8848	0.0155	2.4286	1.8848
326.7948	1.8653	-0.0009	2.0773	1.8653
326.9472	1.9114	0.0062	2.0429	1.9114
327.0996	1.8896	-0.0091	2.3303	2.0281
327.2520	1.8678	-0.0107	2.9493	2.0089
327.4044	1.9233	0.0107	2.9745	1.9233
327.5568	1.9305	0.0093	2.9042	1.9305
327.7092	1.9671	0.0064	2.8210	1.9671
327.8616	2.0021	0.0087	2.9508	2.0021
328.0140	2.0153	0.0114	2.9609	2.0153
328.1664	2.0216	-0.0020	2.9907	2.0312
328.3188	2.0164	0.0015	2.7998	2.0167
328.4712	1.9911	-0.0102	2.8604	2.0120
328.6236	1.9863	-0.0133	2.8119	1.8385
328.7760	2.0076	-0.0149	2.9330	2.1186
328.9284	2.0164	-0.0167	2.8869	2.0188
329.0808	2.0030	-0.0295	2.9451	2.0030
329.2332	2.0006	-0.0280	2.9099	2.0006
329.3856	2.0183	-0.0300	3.1801	2.0183
329.5380	2.0159	-0.0289	3.5904	2.0159
329.6904	2.0119	-0.0266	3.9734	2.0119
329.8428	1.9833	-0.0322	3.9034	1.9833
329.9952	1.9879	-0.0310	3.7688	1.9879
330.1476	2.0239	-0.0180	3.6924	2.0161
330.3000	2.0500	-0.0158	3.7518	2.0622
330.4524	2.0708	-0.0150	3.7565	2.0626
330.6048	2.0699	-0.0179	3.7301	2.0922
330.7572	2.0544	-0.0172	3.0928	2.0816
330.9096	1.7929	-0.0455	1.8775	1.7929
331.0620	1.4378	-0.0834	1.6190	1.4378
331.2144	1.2616	-0.0763	1.4447	1.2616
331.3668	1.2064	-0.0464	1.4540	1.2064
331.5192	1.2376	-0.0145	1.4419	1.2422
331.6716	1.2411	-0.0122	1.4748	1.2411
331.8240	1.2815	-0.0072	1.5376	1.2815
331.9764	1.4201	-0.0133	1.7837	1.4201
332.1288	1.6518	-0.0029	1.8432	1.6518
332.2812	1.8632	0.0181	1.6417	1.8632
332.4336	1.7529	-0.0168	1.6736	2.0631
332.5860	1.7245	-0.0595	2.0519	1.7245
332.7384	1.8576	-0.0323	3.1382	1.8576
332.8908	2.0536	0.0053	3.3834	2.0536
333.0432	2.0666	-0.0043	3.4844	2.1651
333.1956	2.0426	-0.0255	3.4773	2.0426
333.3480	2.0466	-0.0263	3.3277	2.0466
333.5004	2.0428	-0.0178	3.1405	2.1403
333.6528	2.0401	-0.0133	2.9850	2.1062
333.8052	2.0343	-0.0058	2.9057	1.9244
333.9576	2.0546	0.0012	2.9671	2.0331
334.1100	2.0712	0.0004	3.0207	1.9850
334.2624	2.0937	-0.0034	3.0285	2.1171
334.4148	2.0930	-0.0106	2.9635	2.2339
334.5672	2.0849	-0.0264	2.9419	2.0849
334.7196	2.0905	-0.0268	2.8315	2.0905
334.8720	2.0792	-0.0229	2.8039	2.1348
335.0244	2.0514	-0.0258	2.7725	2.0489
335.1768	2.0280	-0.0285	2.9487	2.0280
335.3292	2.0355	-0.0199	2.9662	2.0084
335.4816	2.0377	-0.0202	3.1236	2.0201
335.6340	2.0337	-0.0203	3.1052	2.0473
335.7864	2.0310	-0.0180	3.1559	2.1004
335.9388	2.0271	-0.0185	3.0781	2.0240
336.0912	2.0313	-0.0181	3.1471	1.9314
336.2436	2.0360	-0.0166	3.1349	2.0340
336.3960	2.0313	-0.0105	3.0669	2.1212
336.5484	2.0087	0.0037	2.9616	2.0087
336.7008	1.9891	0.0091	2.9378	1.9891
336.8532	1.9985	0.0066	2.9883	1.9985
337.0056	2.0390	0.0118	2.8448	2.0390
337.1580	1.9948	0.0128	2.4310	1.9948
337.3104	1.9041	0.0099	2.2896	1.9041
337.4628	1.8159	0.0088	2.2214	1.8159
337.6152	1.7899	0.0253	2.3300	1.7899
337.7676	1.8078	0.0679	2.3808	1.8078
337.9200	1.7644	0.0600	2.0369	1.7644
338.0724	1.5477	0.0145	1.7832	1.5477
338.2248	1.4010	0.0224	1.6222	1.4010
338.3772	1.2840	0.0067	1.5287	1.2840
338.5296	1.3024	0.0065	1.4927	1.3024
338.6820	1.4165	-0.0009	1.5870	1.4165
338.8344	1.6414	0.0085	1.9232	1.6414
338.9868	1.8956	0.0230	2.2035	1.8956
339.1392	1.9571	0.0104	2.1025	1.9571
339.2916	1.8847	-0.0344	2.2477	1.8847
339.4440	1.8868	-0.0166	2.6767	2.1012
339.5964	1.9393	0.0088	2.8889	1.9393
339.7488	1.9696	0.0066	2.9769	1.9696
339.9012	2.0376	0.0215	2.9359	2.0376
340.0536	2.0822	0.0264	3.0428	2.0822
340.2060	2.0749	0.0064	3.1066	2.0749
340.3584	2.0678	0.0068	3.1829	2.0678
340.5108	2.0559	-0.0050	3.1445	2.0215
340.6632	2.0625	-0.0078	3.1457	1.9150
340.8156	2.0740	-0.0060	3.1617	2.1281
340.9680	2.0604	-0.0079	3.0707	2.1839
341.1204	2.0393	-0.0148	3.0242	2.0576
341.2728	2.0333	-0.0134	2.8720	1.9554
341.4252	2.0398	-0.0078	2.8763	2.0132
341.5776	2.0301	-0.0045	2.8034	2.0721
341.7300	1.8077	-0.0222	1.7698	2.0074
341.8824	1.4388	-0.0693	1.5338	1.4388
342.0348	1.2598	-0.0660	1.4685	1.2598
342.1872	1.2052	-0.0398	1.6329	1.2052
342.3396	1.2567	-0.0094	1.6513	1.2567
342.4920	1.2552	-0.0095	1.5576	1.2552
342.6444	1.2669	-0.0046	1.4795	1.2669
342.7968	1.2776	0.0026	1.5372	1.2776
342.9492	1.3163	0.0133	1.5945	1.3163
343.1016	1.3481	0.0228	1.6058	1.3481
343.2540	1.4030	0.0354	1.7617	1.4030
343.4064	1.4138	0.0235	1.8643	1.4138
343.5588	1.4100	0.0099	1.8777	1.4100
343.7112	1.4528	0.0004	1.9015	1.4528
343.8636	1.5898	0.0015	2.0378	1.5898
344.0160	1.8305	0.0448	2.4944	1.8305
344.1684	1.9482	0.0736	2.5495	1.9482
344.3208	1.9533	0.0732	2.6108	1.9533
344.4732	1.9551	0.0601	2.6596	1.9551
344.6256	1.9498	0.0553	2.5528	1.9498
344.7780	1.9478	0.0580	2.4398	1.9478
344.9304	1.9127	0.0582	2.4681	1.9127
345.0828	1.9320	0.0427	2.6778	1.9320
345.2352	1.9675	0.0318	3.0478	1.9675
345.3876	2.0344	0.0299	3.2006	2.0344
345.5400	2.0226	0.0079	3.1803	2.0226
345.6924	2.0157	-0.0070	3.1926	1.9671
345.8448	2.0270	-0.0092	3.1081	2.0827
345.9972	2.0371	-0.0105	3.1163	2.0704
346.1496	2.0384	-0.0132	3.0823	2.0397
346.3020	2.0475	-0.0119	3.0544	2.0298
346.4544	2.0574	-0.0147	3.2098	2.0097
346.6068	2.0637	-0.0152	3.1552	2.0479
346.7592	2.0578	-0.0209	3.2713	2.1261
346.9116	2.0352	-0.0336	3.1794	2.0352
347.0640	2.0324	-0.0391	3.2208	2.0324
347.2164	2.0414	-0.0365	3.1718	2.0414
347.3688	2.0424	-0.0397	3.3347	2.0424
347.5212	2.0531	-0.0351	3.6491	2.0531
347.6736	2.0573	-0.0328	3.8785	2.0573
347.8260	2.0745	-0.0264	3.9376	2.0745
347.9784	2.0810	-0.0166	4.0095	2.1216
348.1308	2.1038	-0.0079	4.2063	2.1485
348.2832	2.1140	-0.0096	4.2416	1.9895
348.4356	2.1418	-0.0062	3.9451	2.0598
348.5880	2.0982	-0.0090	3.5848	2.2432
348.7404	2.0446	-0.0265	3.4313	2.0446
348.8928	1.9977	-0.0441	3.2660	1.9977
349.0452	2.0160	-0.0354	3.2762	2.0160
349.1976	2.0255	-0.0292	3.2162	2.0255
349.3500	2.0224	-0.0396	3.3276	2.0224
349.5024	2.0443	-0.0344	3.3799	2.0443
349.6548	2.0614	-0.0308	3.3929	2.0614
349.8072	2.0466	-0.0339	3.2701	2.0466
349.9596	2.0289	-0.0374	3.2676	2.0289
350.1120	2.0102	-0.0399	3.2942	2.0102
350.2644	2.0117	-0.0368	3.2935	2.0117
350.4168	2.0110	-0.0343	3.1102	2.0110
350.5692	2.0005	-0.0207	2.7403	2.0720
350.7216	1.9712	-0.0261	2.7933	2.0066
350.8740	1.9480	-0.0124	2.9960	1.7604
351.0264	1.9640	0.0148	3.1824	1.9640
351.1788	1.9422	0.0052	3.1152	1.9422
351.3312	1.9747	0.0077	2.9625	1.9747
351.4836	2.0028	0.0077	3.0420	2.0028
351.6360	2.0334	0.0016	3.0333	2.0334
351.7884	2.0426	0.0042	3.0740	2.0426
351.9408	2.0362	-0.0049	3.0584	2.0094
352.0932	2.0421	-0.0049	3.1398	2.0625
352.2456	2.0382	-0.0095	3.0354	1.9935
352.3980	2.0408	-0.0133	3.0003	2.0777
352.5504	2.0348	-0.0171	2.9303	2.0358
352.7028	2.0310	-0.0200	2.9616	2.0495
352.8552	2.0293	-0.0160	2.9458	2.0808
353.0076	2.0294	-0.0121	2.9712	2.0404
353.1600	2.0274	-0.0077	2.9804	1.9801
353.3124	2.0373	-0.0073	2.9459	1.9748
353.4648	2.0488	-0.0087	2.9389	1.9698
353.6172	2.0572	-0.0131	2.8769	2.1410
353.7696	2.0545	-0.0189	3.0137	2.0982
353.9220	2.0517	-0.0276	3.0230	2.0517
354.0744	2.0634	-0.0198	3.1573	2.0600
354.2268	2.0777	-0.0136	3.0823	2.1143
354.3792	2.0799	-0.0117	3.0867	2.0387
354.5316	2.0754	-0.0109	3.0498	2.0414
354.6840	2.0386	-0.0080	2.7620	2.1244
354.8364	1.9585	-0.0038	2.5563	2.1161
354.9888	1.9023	0.0043	2.4081	1.9023
355.1412	1.8655	0.0072	2.3027	1.8655
355.2936	1.8708	0.0067	2.1794	1.8708
355.4460	1.9008	0.0039	2.1851	1.9008
355.5984	1.9755	0.0165	2.5076	1.9755
355.7508	2.0361	0.0099	2.9895	2.0361
355.9032	2.0547	-0.0109	3.1913	2.1293
356.0556	2.0491	-0.0160	3.2321	2.0358
356.2080	2.0169	-0.0001	3.1806	2.0857
356.3604	1.9692	0.0084	3.1339	1.9692
356.5128	1.9459	0.0319	3.0226	1.9459
356.6652	1.9781	0.0764	2.9573	1.9781
356.8176	2.0126	0.0895	2.9327	2.0126
356.9700	2.0352	0.0711	3.1091	2.0352
357.1224	2.0009	0.0700	3.3515	2.0009
357.2748	1.9328	0.0583	3.4536	1.9328
357.4272	1.8527	0.0487	3.2052	1.8527
357.5796	1.8659	0.0668	3.1251	1.8659
357.7320	1.9312	0.0702	2.9980	1.9312
357.8844	1.9861	0.0377	3.2980	1.9861
358.0368	2.0636	0.0169	3.2505	2.0636
358.1892	2.0551	0.0029	3.2338	2.0574
358.3416	2.0362	-0.0179	3.2208	2.0409
358.4940	2.0378	-0.0125	3.2018	2.1022
358.6464	2.0348	0.0024	3.2075	2.0348
358.7988	2.0339	0.0136	3.1032	2.0339
358.9512	2.0315	0.0071	2.9695	2.0315
359.1036	2.0540	0.0146	2.9004	2.0540
359.2560	2.0614	0.0105	3.0752	2.0614
359.4084	2.0636	0.0097	3.1922	2.0636
359.5608	2.0591	-0.0040	3.2261	2.1452
359.7132	2.0611	-0.0111	3.1165	2.1433
359.8656	2.0425	-0.0282	3.1224	2.0425
360.0180	2.0480	-0.0286	3.1339	2.0480
360.1704	2.0593	-0.0251	3.2000	2.0597
360.3228	2.0716	-0.0217	3.2200	2.0774
360.4752	2.0729	-0.0190	3.2432	2.0771
360.6276	2.0258	-0.0010	3.2201	2.1236
360.7800	1.9161	0.0140	2.7455	1.9161
360.9324	1.7897	0.0193	2.2577	1.7897
361.0848	1.7294	0.0141	1.8511	1.7294
361.2372	1.7327	-0.0043	1.6691	1.7327
361.3896	1.7940	-0.0019	1.7567	1.7940
361.5420	1.8840	0.0106	2.0733	1.8840
361.6944	1.9523	0.0095	2.5750	1.9523
361.8468	2.0313	0.0131	2.9952	2.0313
361.9992	2.0644	0.0142	2.8987	2.0644
362.1516	2.0587	0.0045	2.8464	2.0587
362.3040	2.0535	0.0076	2.7658	2.0535
362.4564	2.0023	0.0098	2.7242	2.0023
362.6088	1.9714	0.0101	2.7947	1.9714
362.7612	1.9615	0.0095	2.8535	1.9615
362.9136	2.0115	0.0253	2.9023	2.0115
363.0660	2.0325	0.0350	2.9045	2.0325
363.2184	2.0279	0.0123	2.8734	2.0279
363.3708	2.0388	0.0071	2.9204	2.0388
363.5232	2.0624	0.0070	3.0243	2.0624
363.6756	2.0558	-0.0017	3.0811	2.1124
363.8280	2.0360	-0.0150	3.0783	2.0712
363.9804	2.0249	-0.0202	2.9892	2.0337
364.1328	2.0263	-0.0182	2.9665	2.0572
364.2852	2.0305	-0.0172	2.9331	2.0175
364.4376	2.0315	-0.0168	2.9398	1.9702
364.5900	2.0414	-0.0126	3.0201	2.0790
364.7424	2.0460	-0.0101	3.1084	2.0869
364.8948	2.0514	-0.0116	3.0929	2.0232
365.0472	2.0488	-0.0134	3.1546	1.9853
365.1996	2.0510	-0.0134	3.1924	2.0652
365.3520	2.0427	-0.0161	3.2952	2.0984
365.5044	2.0327	-0.0173	3.1989	2.0558
365.6568	2.0234	-0.0163	3.2520	2.0364
365.8092	2.0262	-0.0173	3.1615	1.9441
365.9616	2.0388	-0.0153	3.1898	1.9697
366.1140	2.0610	-0.0138	3.1133	2.1557
366.2664	2.0585	-0.0205	3.1272	2.0477
366.4188	2.0568	-0.0276	3.1818	2.0568
366.5712	2.0549	-0.0267	3.2792	2.0549
366.7236	2.0529	-0.0297	3.3674	2.0529
366.8760	2.0548	-0.0286	3.4562	2.0548
367.0284	2.0511	-0.0291	3.5496	2.0511
367.1808	2.0439	-0.0304	3.6983	2.0439
367.3332	2.0290	-0.0291	3.6772	2.0290
367.4856	2.0183	-0.0285	3.6258	2.0183
367.6380	2.0165	-0.0267	3.5317	2.0165
367.7904	2.0262	-0.0213	3.2910	2.0247
367.9428	1.9689	-0.0105	2.1556	2.1014
368.0952	1.7430	-0.0320	1.8092	2.0083
368.2476	1.6116	-0.0350	1.6614	1.4057
368.4000	1.5328	-0.0133	1.8794	1.5328
368.5524	1.5436	0.0117	1.8965	1.5436
368.7048	1.5826	0.0175	2.0872	1.5826
368.8572	1.7233	0.0222	2.1408	1.7233
369.0096	1.8839	-0.0118	3.0133	1.8839
369.1620	2.0323	-0.0047	3.0721	2.0323
369.3144	2.0485	0.0030	3.0647	2.0485
369.4668	2.0422	-0.0079	3.0703	2.0268
369.6192	2.0467	-0.0103	3.0730	2.1002
369.7716	2.0460	-0.0149	3.0147	2.0978
369.9240	2.0541	-0.0147	3.0210	2.0580
370.0764	2.0563	-0.0135	2.9990	2.0248
370.2288	2.0566	-0.0138	3.0291	2.0292
370.3812	2.0593	-0.0104	2.9645	2.0802
370.5336	2.0592	-0.0130	3.0055	2.1071
370.6860	2.0558	-0.0169	2.9386	1.9540
370.8384	2.0550	-0.0184	2.9966	2.0825
370.9908	2.0495	-0.0198	2.9181	2.0947
371.1432	2.0453	-0.0279	2.9764	2.0453
371.2956	2.0470	-0.0279	2.9136	2.0470
371.4480	2.0514	-0.0276	2.9962	2.0514
371.6004	2.0498	-0.0195	2.9094	2.0858
371.7528	2.0306	-0.0063	2.9337	2.2020
371.9052	2.0086	0.0084	2.8220	2.0086
372.0576	1.9877	0.0084	2.8779	1.9877
372.2100	2.0124	0.0327	2.8338	2.0124
372.3624	2.0444	0.0487	2.9536	2.0444
372.5148	2.0466	0.0330	3.0558	2.0466
372.6672	2.0333	0.0137	3.0920	2.0333
372.8196	2.0237	0.0128	3.0373	2.0237
372.9720	1.9894	-0.0068	2.8769	1.9353
373.1244	1.9833	-0.0126	2.7552	2.0578
373.2768	1.9720	-0.0074	2.6452	2.1032
373.4292	1.9710	-0.0094	2.6802	1.9642
373.5816	1.9734	-0.0051	2.6550	1.7653
373.7340	2.0070	0.0066	2.6920	2.0070
373.8864	2.0070	0.0068	2.7925	2.0070
374.0388	2.0300	-0.0022	3.1506	1.9673
374.1912	2.0654	-0.0004	3.4753	1.9916
374.3436	2.1077	-0.0001	3.6301	2.1918
374.4960	2.0972	-0.0085	3.4330	2.1113
374.6484	2.0799	-0.0163	3.2854	2.1377
374.8008	2.0675	-0.0186	3.2011	2.0555
374.9532	2.0642	-0.0210	3.1308	2.0227
375.1056	2.0760	-0.0157	3.1833	2.0964
375.2580	2.0719	-0.0177	3.1030	2.0962
375.4104	2.0591	-0.0216	3.1454	2.0453
375.5628	2.0495	-0.0217	3.1458	2.0696
375.7152	2.0478	-0.0213	3.1570	2.0375
375.8676	2.0523	-0.0200	3.2286	2.0272
376.0200	2.0527	-0.0192	3.2798	2.0679
376.1724	2.0472	-0.0209	3.2416	2.0422
376.3248	2.0491	-0.0181	3.2279	2.0832
376.4772	2.0594	-0.0134	3.1761	2.0880
376.6296	2.0688	-0.0108	3.1690	2.0161
376.7820	2.0816	-0.0090	3.2714	2.0411
376.9344	2.1122	-0.0037	3.2840	2.0949
377.0868	2.1470	0.0015	3.3886	2.2124
377.2392	2.1702	0.0005	3.3218	2.1667
377.3916	2.1682	-0.0012	3.3418	2.1101
377.5440	2.1525	-0.0028	3.2518	2.2343
377.6964	2.1291	-0.0090	3.0970	2.1089
377.8488	2.1067	-0.0175	3.0363	2.0579
378.0012	2.1012	-0.0182	2.9985	2.1103
378.1536	2.0984	-0.0214	3.0026	2.1129
378.3060	2.0932	-0.0254	3.0234	2.0932
378.4584	2.0885	-0.0306	3.1098	2.0885
378.6108	2.0881	-0.0315	3.2003	2.0881
378.7632	2.0910	-0.0314	3.1852	2.0910
378.9156	2.0962	-0.0311	3.0706	2.0962
379.0680	2.1080	-0.0287	3.0350	2.1080
379.2204	2.1148	-0.0238	3.1457	2.1148
379.3728	2.1151	-0.0221	3.2992	2.1120
379.5252	2.1030	-0.0240	3.3549	2.1030
379.6776	2.1047	-0.0241	3.1823	2.1047
379.8300	2.1093	-0.0232	3.0743	2.1087
379.9824	2.1230	-0.0189	2.9563	2.1373
380.1348	2.1250	-0.0179	3.0417	2.1396
380.2872	2.1260	-0.0164	3.0007	2.1226
380.4396	2.1257	-0.0147	3.0127	2.1209
380.5920	2.1270	-0.0142	2.8430	2.1029
380.7444	2.1269	-0.0147	2.8884	2.1206
380.8968	2.1178	-0.0181	2.8957	2.1232
381.0492	2.1053	-0.0225	2.9013	2.1066
381.2016	2.0935	-0.0261	2.9106	2.0935
381.3540	2.0926	-0.0207	2.9002	2.1045
381.5064	2.0668	-0.0048	2.8839	2.1983
381.6588	2.0165	0.0074	2.8121	2.0165
381.8112	1.9850	0.0305	2.7358	1.9850
381.9636	1.8681	0.0362	1.9611	1.8681
382.1160	1.6234	0.0235	1.6340	1.6234
382.2684	1.5382	0.0161	1.4280	1.5382
382.4208	1.5661	0.0078	1.3663	1.5661
382.5732	1.7627	0.0102	1.5632	1.7627
382.7256	1.9073	0.0239	1.6812	1.9073
382.8780	1.9378	0.0080	1.8640	1.9378
383.0304	1.9556	0.0085	2.2020	1.9556
383.1828	1.9670	0.0079	2.3318	1.9670
383.3352	1.9619	0.0105	2.4528	1.9619
383.4876	1.9919	0.0115	2.5543	1.9919
383.6400	2.0313	0.0075	2.6866	2.0313
383.7924	2.0658	0.0066	2.9678	2.0658
383.9448	2.0794	-0.0086	3.0598	2.1170
384.0972	2.0852	-0.0179	3.1513	2.1252
384.2496	2.0830	-0.0269	3.0403	2.0830
384.4020	2.0846	-0.0288	3.1271	2.0846
384.5544	2.0790	-0.0305	3.1792	2.0790
384.7068	2.0805	-0.0274	3.2258	2.0805
384.8592	2.0792	-0.0260	3.1142	2.0792
385.0116	2.0830	-0.0238	3.1303	2.0804
385.1640	2.0845	-0.0229	3.1163	2.0824
385.3164	2.0900	-0.0192	2.8812	2.1032
385.4688	2.0781	-0.0135	2.8699	2.1241
385.6212	2.0735	-0.0093	2.7627	2.1351
385.7736	2.0726	-0.0058	2.9748	1.9286
385.9260	2.0974	0.0015	2.9624	2.0765
386.0784	2.1084	0.0054	3.0659	2.1084
386.2308	2.1051	-0.0023	3.0849	2.1119
386.3832	2.0934	-0.0092	3.0826	2.0900
386.5356	2.0904	-0.0134	3.0155	2.0870
386.6880	2.0861	-0.0170	2.9687	2.0976
386.8404	2.0890	-0.0189	2.9676	2.1050
386.9928	2.0841	-0.0204	3.0537	2.0879
387.1452	2.0819	-0.0208	3.1459	2.0972
387.2976	2.0713	-0.0162	3.0852	2.0785
387.4500	2.0309	0.0146	2.3990	2.0309
387.6024	1.7590	-0.0065	2.0963	1.7590
387.7548	1.5871	-0.0067	1.9513	1.5871
387.9072	1.4720	0.0039	1.6441	1.4720
388.0596	1.3861	0.0122	1.5133	1.3861
388.2120	1.4082	-0.0103	1.3168	1.4082
388.3644	1.4488	-0.0298	1.1752	1.2293
388.5168	1.5963	-0.0316	1.2703	1.8952
388.6692	1.6022	-0.0630	1.5333	1.6022
388.8216	1.6858	-0.0696	2.4744	1.6858
388.9740	1.8492	-0.0323	2.9932	1.8539
389.1264	1.8812	-0.0258	2.8848	1.8335
389.2788	1.8262	-0.0414	2.7120	1.8262
389.4312	1.8158	-0.0430	2.6426	1.8158
389.5836	1.8103	-0.0461	2.7615	1.8103
389.7360	1.8205	-0.0406	2.9730	1.8205
389.8884	1.8219	-0.0352	3.0505	1.8219
390.0408	1.8209	-0.0310	2.9611	1.7970
390.1932	1.8075	-0.0324	2.9308	1.7937
390.3456	1.8672	-0.0245	2.9338	1.8138
390.4980	1.9229	-0.0236	2.8804	1.8481
390.6504	1.9255	-0.0232	2.7183	2.0547
390.8028	1.8426	-0.0438	2.7038	1.8426
390.9552	1.8413	-0.0462	2.8190	1.8413
391.1076	1.9352	-0.0052	3.0838	1.9349
391.2600	2.0024	0.0037	3.0545	2.0024
391.4124	2.0032	0.0065	3.1369	2.0032
391.5648	2.0234	0.0144	3.1729	2.0234
391.7172	2.0409	0.0243	3.1486	2.0409
391.8696	2.0175	0.0052	3.0529	2.0175
392.0220	2.0144	0.0035	2.9294	2.0144
392.1744	2.0089	0.0046	2.9737	2.0089
392.3268	2.0061	0.0062	2.9559	2.0061
392.4792	2.0095	0.0132	2.9714	2.0095
392.6316	2.0204	0.0139	2.9246	2.0204
392.7840	2.0204	0.0040	2.9611	2.0204
392.9364	2.0244	-0.0044	2.9647	2.0713
393.0888	2.0081	-0.0048	2.7186	2.0753
393.2412	1.9592	-0.0129	2.5280	2.0404
393.3936	1.9250	-0.0151	2.4782	1.7365
393.5460	1.9079	-0.0126	2.3498	1.9709
393.6984	1.9006	-0.0077	2.2818	1.9402
393.8508	1.8254	0.0041	2.0381	1.8254
394.0032	1.7381	0.0086	1.9746	1.7381
394.1556	1.6923	0.0263	1.9499	1.6923
394.3080	1.7443	0.0607	1.9125	1.7443
394.4604	1.6304	0.0535	1.8530	1.6304
394.6128	1.4653	0.0065	1.8391	1.4653
394.7652	1.3980	0.0222	1.8160	1.3980
394.9176	1.3815	0.0197	1.6279	1.3815
395.0700	1.3339	0.0148	1.3953	1.3339
395.2224	1.2490	0.0036	1.2420	1.2490
395.3748	1.1941	-0.0004	1.1655	1.1941
395.5272	1.1779	-0.0056	1.1581	1.1779
395.6796	1.1758	-0.0079	1.1649	1.1758
395.8320	1.1755	-0.0078	1.1810	1.1755
395.9844	1.1747	-0.0080	1.1875	1.1747
396.1368	1.1742	-0.0081	1.1939	1.1742
396.2892	1.1741	-0.0078	1.2000	1.1741
396.4416	1.1749	-0.0073	1.1958	1.1749
396.5940	1.1753	-0.0073	1.2139	1.1753
396.7464	1.1738	-0.0071	1.2325	1.1738
396.8988	1.1734	-0.0073	1.2792	1.1734
397.0512	1.1725	-0.0071	1.2875	1.1725
397.2036	1.1719	-0.0085	1.3034	1.1719
397.3560	1.1720	-0.0074	1.3118	1.1720
397.5084	1.1789	-0.0059	1.3354	1.1789
397.6608	1.2115	0.0004	1.3778	1.2115
397.8132	1.2875	0.0143	1.4186	1.2875
397.9656	1.4141	0.0185	1.5178	1.4141
398.1180	1.5240	0.0064	1.5930	1.5240
398.2704	1.6431	0.0452	1.5954	1.6431
398.4228	1.6780	0.0566	1.6705	1.6780
398.5752	1.7759	0.0447	1.9649	1.7759
398.7276	1.9241	0.0355	2.7400	1.9241
398.8800	2.0686	0.0292	2.8443	2.0686
399.0324	2.0525	0.0149	2.7861	2.0525
399.1848	2.0284	-0.0102	2.6983	2.0217
399.3372	2.0433	-0.0105	2.8671	1.9983
399.4896	2.0516	-0.0035	2.9725	2.0821
399.6420	2.0652	0.0020	2.9321	2.1037
399.7944	2.0668	-0.0035	2.8315	1.8778
399.9468	2.0874	-0.0043	2.7083	1.9618
400.0992	2.0991	-0.0011	2.7246	2.2201
400.2516	2.0736	-0.0127	2.6888	2.1738
400.4040	2.0557	-0.0188	2.6847	2.0638
400.5564	2.0550	-0.0138	2.7201	2.0291
400.7088	2.0621	-0.0071	2.7338	2.0309
400.8612	2.0614	-0.0018	2.6748	2.0644
401.0136	2.0142	0.0068	2.4969	2.0142
401.1660	1.8292	0.0065	2.4176	1.8292
401.3184	1.7880	0.0148	2.4181	1.7880
401.4708	1.7998	0.0031	2.2571	1.7998
401.6232	1.7861	0.0039	1.5298	1.7861
401.7756	1.4828	-0.0027	1.3929	1.4828
401.9280	1.2502	-0.0429	1.2995	1.2502
402.0804	1.1506	-0.0463	1.3098	1.1506
402.2328	1.1792	-0.0171	1.3032	1.1131
402.3852	1.1848	-0.0108	1.3119	1.1847
402.5376	1.1878	-0.0096	1.3249	1.1878
402.6900	1.2026	-0.0062	1.3745	1.2026
402.8424	1.2320	-0.0004	1.3958	1.2320
402.9948	1.3000	0.0097	1.3685	1.3000
403.1472	1.4244	0.0074	1.2602	1.4244
403.2996	1.5926	0.0098	1.0998	1.5926
403.4520	1.7510	0.0093	1.2716	1.7510
403.6044	1.8177	-0.0081	1.6734	1.8545
403.7568	1.8945	-0.0230	2.5035	1.9733
403.9092	2.0087	-0.0074	2.8618	2.0539
404.0616	2.0315	-0.0077	2.7262	2.0005
404.2140	2.0367	-0.0051	2.8126	1.9910
404.3664	2.0348	-0.0033	2.8023	2.1187
404.5188	2.0334	-0.0008	2.8326	2.0381
404.6712	2.0233	0.0020	2.7720	2.0233
404.8236	2.0221	0.0089	2.7865	2.0221
404.9760	2.0162	0.0082	2.7338	2.0162
405.1284	2.0210	0.0127	2.6825	2.0210
405.2808	2.0200	0.0119	2.6342	2.0200
405.4332	2.0318	0.0082	2.7813	2.0318
405.5856	2.0531	0.0124	2.7897	2.0531
405.7380	2.0709	0.0108	2.8328	2.0709
405.8904	2.0598	-0.0021	2.7812	2.1051
406.0428	2.0574	-0.0061	2.7925	2.0772
406.1952	2.0604	-0.0082	2.7429	2.0499
406.3476	2.0618	-0.0040	2.6871	2.0514
406.5000	2.0639	0.0009	2.7122	2.1155
406.6524	2.0621	-0.0008	2.8140	1.9850
406.8048	2.0669	-0.0025	2.7545	1.9544
406.9572	1.9994	-0.0064	1.4697	2.1228
407.1096	1.4723	-0.0915	1.3364	1.4723
407.2620	1.2426	-0.0995	1.2806	1.2426
407.4144	1.1307	-0.0749	1.3345	1.1307
407.5668	1.1686	-0.0338	1.3420	1.0811
407.7192	1.1919	-0.0102	1.3337	1.1919
407.8716	1.1913	-0.0093	1.2927	1.1913
408.0240	1.1924	-0.0099	1.2905	1.1924
408.1764	1.1947	-0.0089	1.2876	1.1947
408.3288	1.1968	-0.0082	1.2742	1.1968
408.4812	1.1980	-0.0076	1.2595	1.1980
408.6336	1.1984	-0.0078	1.3217	1.1984
408.7860	1.2155	-0.0042	1.4049	1.2155
408.9384	1.2314	-0.0038	1.4737	1.2314
409.0908	1.2443	-0.0025	1.4403	1.2443
409.2432	1.2386	-0.0016	1.4580	1.2386
409.3956	1.2504	0.0017	1.4711	1.2504
409.5480	1.3507	0.0142	1.5647	1.3507
409.7004	1.4619	-0.0033	1.6491	1.4619
409.8528	1.6427	0.0365	1.7312	1.6427
410.0052	1.6894	0.0695	1.7739	1.6894
410.1576	1.7331	0.1023	1.9050	1.7331
410.3100	1.7647	0.1106	2.0276	1.7647
410.4624	1.8060	0.1186	2.0718	1.8060
410.6148	1.8337	0.1248	1.9805	1.8337
410.7672	1.8502	0.1326	1.9841	1.8502
410.9196	1.8497	0.1311	1.9718	1.8497
411.0720	1.8519	0.1304	2.1106	1.8519
411.2244	1.8876	0.1022	2.2884	1.8876
411.3768	1.9437	0.0750	2.7175	1.9437
411.5292	2.0162	0.0540	2.8683	2.0162
411.6816	1.9892	0.0196	2.8895	1.9892
411.8340	1.9805	0.0133	2.9463	1.9805
411.9864	1.9863	0.0150	3.0615	1.9863
412.1388	2.0285	0.0111	3.2281	2.0285
412.2912	2.1020	0.0084	3.3367	2.1020
412.4436	2.1835	0.0044	3.2391	2.3097
412.5960	2.1943	-0.0136	3.3296	2.3210
412.7484	2.1614	-0.0444	3.5872	2.1614
412.9008	2.1583	-0.0458	3.9070	2.1583
413.0532	2.1484	-0.0415	4.0919	2.1484
413.2056	2.1393	-0.0362	4.0942	2.1393
413.3580	2.1338	-0.0216	4.0303	2.1338
413.5104	1.9390	-0.0180	3.5140	2.1863
413.6628	1.6369	-0.0433	3.3224	1.6369
413.8152	1.4606	-0.0382	2.2251	1.0365
413.9676	1.3221	-0.0226	1.6177	1.1137
414.1200	1.2612	-0.0048	1.2876	1.2612
414.2724	1.1937	-0.0109	1.2192	1.1937
414.4248	1.1843	-0.0117	1.2295	1.1847
414.5772	1.1843	-0.0121	1.2325	1.1890
414.7296	1.1867	-0.0110	1.2274	1.1867
414.8820	1.1881	-0.0106	1.2206	1.1881
415.0344	1.1908	-0.0081	1.2353	1.1908
415.1868	1.1910	-0.0079	1.2567	1.1910
415.3392	1.1944	-0.0069	1.2973	1.1944
415.4916	1.1973	-0.0078	1.3299	1.1973
415.6440	1.1994	-0.0073	1.3419	1.1994
415.7964	1.1972	-0.0090	1.3444	1.1972
415.9488	1.1994	-0.0105	1.3285	1.1994
416.1012	1.2304	-0.0152	1.3574	1.1884
416.2536	1.3572	-0.0295	1.3372	1.1412
416.4060	1.4305	-0.0351	1.3272	1.3540
416.5584	1.3834	-0.0500	1.2794	1.3834
416.7108	1.2886	-0.0911	1.4025	1.2886
416.8632	1.3954	-0.0955	1.7796	1.3954
417.0156	1.7389	-0.0214	2.9935	1.8504
417.1680	1.9681	0.0106	3.0341	1.9681
417.3204	1.9573	-0.0117	2.9921	1.9878
417.4728	1.9510	-0.0156	2.9520	1.9517
417.6252	1.9466	-0.0157	2.7618	1.9707
417.7776	1.9329	-0.0116	2.5601	1.9536
417.9300	1.9196	-0.0083	2.5202	1.9760
418.0824	1.8982	-0.0116	2.5796	1.7791
418.2348	1.9053	-0.0103	2.5594	1.8136
418.3872	1.9149	-0.0040	2.5401	2.0026
418.5396	1.9170	-0.0019	2.6823	1.9312
418.6920	1.9203	0.0101	3.0064	1.9203
418.8444	1.9245	0.0094	3.0243	1.9245
418.9968	1.9149	0.0106	2.9410	1.9149
419.1492	1.9253	0.0158	2.7475	1.9253
419.3016	1.9135	0.0147	2.7799	1.9135
419.4540	1.9387	0.0016	2.8001	1.9387
419.6064	1.9599	-0.0043	3.0794	1.7878
419.7588	1.9980	0.0006	3.2739	2.0236
419.9112	1.9929	-0.0021	3.3803	2.0590
420.0636	1.9838	-0.0112	3.3467	1.9492
420.2160	1.9886	-0.0128	3.2050	1.9689
420.3684	2.0000	-0.0146	3.1357	1.9637
420.5208	2.0185	-0.0182	3.0931	2.0317
420.6732	2.0406	-0.0184	3.1560	2.0674
420.8256	2.0558	-0.0198	3.1738	2.0957
420.9780	2.0531	-0.0236	3.2160	2.0517
421.1304	2.0757	-0.0251	3.2857	2.0757
421.2828	2.1007	-0.0253	3.2946	2.1007
421.4352	2.1340	-0.0281	3.5083	2.1340
421.5876	2.1033	-0.0248	2.3331	2.1033
421.7400	1.6034	-0.1020	1.6747	1.6034
421.8924	1.3105	-0.1121	1.5074	1.3105
422.0448	1.1715	-0.0842	1.3513	1.1715
422.1972	1.1790	-0.0358	1.3842	1.1450
422.3496	1.2040	-0.0106	1.3716	1.2040
422.5020	1.2062	-0.0097	1.3679	1.2062
422.6544	1.2067	-0.0093	1.3535	1.2067
422.8068	1.2074	-0.0083	1.3747	1.2074
422.9592	1.2054	-0.0082	1.4020	1.2054
423.1116	1.2066	-0.0077	1.4506	1.2066
423.2640	1.2192	-0.0038	1.4686	1.2192
423.4164	1.2517	0.0024	1.4929	1.2517
423.5688	1.3631	0.0016	1.4458	1.3631
423.7212	1.5199	0.0078	1.5053	1.5199
423.8736	1.7267	-0.0006	1.6933	1.7267
424.0260	1.8160	0.0054	2.3033	1.8160
424.1784	1.8318	0.0021	2.0264	1.8318
424.3308	1.5923	-0.0005	1.7150	1.5923
424.4832	1.3711	-0.0146	1.5281	1.3711
424.6356	1.2416	-0.0155	1.4582	1.1440
424.7880	1.2193	-0.0055	1.4757	1.2193
424.9404	1.2251	-0.0051	1.5140	1.2251
425.0928	1.2319	-0.0043	1.5398	1.2319
425.2452	1.2611	-0.0005	1.5423	1.2611
425.3976	1.2811	0.0043	1.5185	1.2811
425.5500	1.2982	0.0081	1.4620	1.2982
425.7024	1.3356	0.0042	1.4988	1.3356
425.8548	1.4472	0.0047	1.8988	1.4472
426.0072	1.4628	0.0036	2.0198	1.4628
426.1596	1.3694	-0.0098	1.8322	1.3694
426.3120	1.2412	-0.0228	1.5927	1.1272
426.4644	1.2775	-0.0053	1.5108	1.2775
426.6168	1.3652	0.0230	1.5456	1.3652
426.7692	1.4380	0.0201	1.5877	1.4380
426.9216	1.4316	-0.0163	1.6038	1.4316
427.0740	1.5274	0.0057	1.6733	1.5274
427.2264	1.6964	0.0313	2.0718	1.6964
427.3788	1.8438	-0.0116	3.0159	1.8438
427.5312	1.9810	0.0028	3.4503	1.9810
427.6836	1.9922	0.0099	2.6907	1.9922
427.8360	1.7997	-0.0033	1.7467	1.7997
427.9884	1.4477	-0.0387	1.5479	1.6159
428.1408	1.2558	-0.0479	1.4319	1.2558
428.2932	1.1754	-0.0358	1.4439	1.1754
428.4456	1.1981	-0.0148	1.4899	1.1463
428.5980	1.2224	-0.0087	1.5663	1.2224
428.7504	1.2398	-0.0067	1.6041	1.2398
428.9028	1.2503	-0.0052	1.6233	1.2503
429.0552	1.2412	-0.0043	1.6409	1.2412
429.2076	1.2353	-0.0039	1.6668	1.2353
429.3600	1.2353	-0.0038	1.6581	1.2353
429.5124	1.2436	-0.0039	1.6771	1.2436
429.6648	1.3786	-0.0039	1.7944	1.3786
429.8172	1.5824	0.0075	2.3503	1.5824
429.9696	1.8811	-0.0039	2.3631	1.8811
430.1220	1.8877	-0.0042	2.2778	1.8877
430.2744	1.8221	0.0133	1.9091	1.8221
430.4268	1.5442	-0.0169	1.7947	1.6429
430.5792	1.3851	-0.0196	1.7753	1.3833
430.7316	1.3015	-0.0121	1.7604	1.3015
430.8840	1.3205	0.0047	1.6708	1.3205
431.0364	1.2943	0.0081	1.5231	1.2943
431.1888	1.2550	0.0018	1.4201	1.2550
431.3412	1.2189	-0.0024	1.3788	1.2189
431.4936	1.2100	-0.0056	1.3798	1.2100
431.6460	1.2080	-0.0075	1.3965	1.2080
431.7984	1.2082	-0.0081	1.3966	1.2082
431.9508	1.2082	-0.0074	1.3943	1.2082
432.1032	1.2073	-0.0086	1.4209	1.2073
432.2556	1.2059	-0.0084	1.4438	1.2059
432.4080	1.2054	-0.0090	1.4435	1.2054
432.5604	1.2047	-0.0092	1.4206	1.2047
432.7128	1.2053	-0.0107	1.4316	1.2053
432.8652	1.2043	-0.0111	1.4361	1.2043
433.0176	1.2047	-0.0113	1.4381	1.2048
433.1700	1.2048	-0.0104	1.4141	1.2048
433.3224	1.2061	-0.0104	1.4094	1.2061
433.4748	1.2049	-0.0108	1.4024	1.2049
433.6272	1.2042	-0.0111	1.4121	1.2042
433.7796	1.2047	-0.0104	1.4468	1.2047
433.9320	1.2044	-0.0108	1.4786	1.2044
434.0844	1.2056	-0.0102	1.5141	1.2056
434.2368	1.2068	-0.0091	1.5162	1.2068
434.3892	1.2079	-0.0085	1.5145	1.2079
434.5416	1.2060	-0.0097	1.5309	1.2060
434.6940	1.2261	-0.0075	1.5842	1.2261
434.8464	1.2884	-0.0004	1.6384	1.2884
434.9988	1.4316	-0.0063	1.6948	1.4316
435.1512	1.6275	-0.0027	1.6411	1.6275
435.3036	1.8312	0.0092	1.6846	1.8312
435.4560	1.8274	-0.0174	1.7998	2.0483
435.6084	1.8060	-0.0590	2.1925	1.8060
435.7608	1.8478	-0.0388	2.5185	1.8478
435.9132	1.8707	-0.0325	2.5320	1.8707
436.0656	1.8683	-0.0330	2.4294	1.8683
436.2180	1.8710	-0.0275	2.5116	1.9400
436.3704	1.8724	-0.0294	2.7181	1.9007
436.5228	1.8614	-0.0450	2.8460	1.8614
436.6752	1.8757	-0.0424	2.8751	1.8757
436.8276	1.8991	-0.0397	2.9521	1.8991
436.9800	1.9227	-0.0418	2.9172	1.9227
437.1324	1.9533	-0.0339	2.8883	1.9533
437.2848	1.9630	-0.0321	2.9059	1.9630
437.4372	1.9641	-0.0318	2.9353	1.9641
437.5896	1.9640	-0.0237	2.8587	1.9832
437.7420	1.9693	-0.0235	2.7464	1.9832
437.8944	1.9688	-0.0260	2.7108	1.8914
438.0468	1.9771	-0.0276	2.7417	1.9889
438.1992	1.9762	-0.0299	2.8188	1.9762
438.3516	1.9678	-0.0357	2.9022	1.9678
438.5040	1.9559	-0.0315	2.9345	1.9559
438.6564	1.9429	-0.0274	2.8575	1.9291
438.8088	1.9283	-0.0238	2.7495	1.9018
438.9612	1.9278	-0.0189	2.7945	1.8921
439.1136	1.9243	-0.0204	2.8426	1.9197
439.2660	1.9327	-0.0200	2.8012	1.9312
439.4184	1.9364	-0.0230	2.7300	1.9550
439.5708	1.9319	-0.0245	2.7301	1.9376
439.7232	1.9223	-0.0283	2.7298	1.9279
439.8756	1.9218	-0.0280	2.7865	1.9104
440.0280	1.9254	-0.0287	2.7076	1.9253
440.1804	1.9429	-0.0244	2.6977	1.9383
440.3328	1.9557	-0.0239	2.6108	1.9692
440.4852	1.9764	-0.0183	2.6861	1.9806
440.6376	1.9850	-0.0180	2.9871	1.9973
440.7900	2.0393	-0.0128	3.1377	1.9677
440.9424	2.0830	-0.0103	3.1251	2.0317
441.0948	2.1112	-0.0084	2.9143	2.1893
441.2472	2.0812	-0.0214	3.0718	2.0995
441.3996	2.0625	-0.0309	3.1980	2.0625
441.5520	2.0762	-0.0259	3.2856	2.0762
441.7044	2.0789	-0.0248	3.2439	2.0789
441.8568	2.0825	-0.0233	3.4045	2.0825
442.0092	2.0886	-0.0208	3.4352	2.0980
442.1616	2.0922	-0.0215	3.4701	2.0863
442.3140	2.1004	-0.0214	3.4796	2.0992
442.4664	2.1051	-0.0191	3.5587	2.1105
442.6188	2.1014	-0.0241	3.6730	2.1014
442.7712	2.1075	-0.0203	3.7246	2.1049
442.9236	2.0616	-0.0038	3.2351	2.2611
443.0760	1.9950	-0.0038	3.0173	2.1865
443.2284	1.9300	-0.0002	2.9490	1.9300
443.3808	1.9201	0.0122	3.0182	1.9201
443.5332	1.9259	0.0226	2.9994	1.9259
443.6856	1.9520	0.0081	2.8676	1.9520
443.8380	2.0008	0.0063	2.9528	2.0008
443.9904	2.0396	0.0112	2.9904	2.0396
444.1428	2.0061	-0.0096	3.0481	2.0163
444.2952	1.9911	-0.0177	3.2269	1.9905
444.4476	2.0057	-0.0140	3.3967	1.9546
444.6000	2.0337	-0.0127	3.5988	2.0369
444.7524	2.0618	-0.0081	3.7386	2.0682
444.9048	2.0737	-0.0036	3.8676	2.1653
445.0572	2.0761	-0.0072	3.9574	2.0629
445.2096	2.0738	-0.0116	3.8946	1.8846
445.3620	2.0990	-0.0118	3.9780	2.1583
445.5144	2.1089	-0.0167	4.0339	2.1374
445.6668	2.1018	-0.0341	4.0558	2.1018
445.8192	2.0990	-0.0374	4.0245	2.0990
445.9716	2.0852	-0.0416	3.8125	2.0852
446.1240	2.0887	-0.0382	3.8468	2.0887
446.2764	2.0756	-0.0400	3.7018	2.0756
446.4288	2.0815	-0.0366	3.6269	2.0815
446.5812	2.0843	-0.0348	3.6426	2.0843
446.7336	2.0982	-0.0321	3.8003	2.0982
446.8860	2.1054	-0.0276	3.9526	2.1054
447.0384	2.1067	-0.0252	4.0005	2.1067
447.1908	2.1063	-0.0211	4.0075	2.1063
447.3432	2.1034	-0.0183	4.1071	2.1054
447.4956	2.1045	-0.0182	4.1423	2.0915
447.6480	2.1005	-0.0202	4.2700	2.1002
447.8004	2.1101	-0.0213	4.0922	2.1101
447.9528	2.1012	-0.0273	4.0971	2.1012
448.1052	2.0939	-0.0304	3.9956	2.0939
448.2576	2.0814	-0.0307	4.1399	2.0814
448.4100	2.0901	-0.0296	4.1325	2.0901
448.5624	2.1023	-0.0228	4.1111	2.1023
448.7148	2.1050	-0.0152	3.9976	2.1811
448.8672	2.0913	-0.0112	3.8878	2.1531
449.0196	2.0903	-0.0102	3.9742	2.0139
449.1720	2.0986	-0.0056	3.9979	1.9683
449.3244	2.1022	0.0020	2.1154	2.1916
449.4768	1.6091	-0.0729	1.6678	1.6091
449.6292	1.3179	-0.0970	1.5862	1.3179
449.7816	1.1741	-0.0781	1.5799	1.1741
449.9340	1.1812	-0.0391	1.6115	1.1812
450.0864	1.2113	-0.0102	1.5710	1.2113
450.2388	1.2083	-0.0107	1.5078	1.2083
450.3912	1.2067	-0.0109	1.4996	1.2068
450.5436	1.2060	-0.0104	1.4956	1.2060
450.6960	1.2072	-0.0105	1.4916	1.2072
450.8484	1.2071	-0.0102	1.5183	1.2071
451.0008	1.2072	-0.0102	1.5600	1.2072
451.1532	1.2141	-0.0088	1.6170	1.2141
451.3056	1.2239	-0.0079	1.6075	1.2239
451.4580	1.2282	-0.0073	1.6070	1.2282
451.6104	1.2261	-0.0076	1.6112	1.2261
451.7628	1.2252	-0.0075	1.6247	1.2252
451.9152	1.2980	-0.0114	1.6341	1.2980
452.0676	1.4063	-0.0123	1.6773	1.4063
452.2200	1.5526	-0.0035	1.7743	1.5526
452.3724	1.5842	-0.0031	2.0028	1.5842
452.5248	1.5717	-0.0044	2.0283	1.5717
452.6772	1.4486	-0.0102	1.9475	1.4486
452.8296	1.4247	-0.0114	1.8435	1.4247
452.9820	1.4859	-0.0155	1.7546	1.4807
453.1344	1.7192	0.0011	1.9574	1.7192
453.2868	1.9012	0.0201	2.0285	1.9012
453.4392	1.8790	-0.0042	2.0622	1.8977
453.5916	1.8842	-0.0053	2.0875	1.7996
453.7440	1.9107	0.0059	2.2425	1.9107
453.8964	1.9494	0.0086	2.5382	1.9494
454.0488	1.9855	0.0092	2.7303	1.9855
454.2012	2.0039	0.0130	2.7243	2.0039
454.3536	1.9805	-0.0041	2.8036	1.9786
454.5060	1.9821	-0.0101	2.7996	1.9804
454.6584	1.9886	-0.0101	2.8709	2.0352
454.8108	2.0027	-0.0121	2.8914	1.9962
454.9632	2.0003	-0.0153	2.9041	1.9485
455.1156	1.9954	-0.0106	2.9509	2.0723
455.2680	1.9816	-0.0138	2.8685	2.0446
455.4204	1.9833	-0.0098	2.8539	1.8654
455.5728	2.0201	0.0088	2.7909	2.0201
455.7252	2.0356	0.0094	2.7790	2.0356
455.8776	2.0354	0.0008	2.8429	2.0354
456.0300	2.0299	0.0036	2.9125	2.0299
456.1824	2.0114	0.0066	3.0022	2.0114
456.3348	2.0219	0.0082	3.1365	2.0219
456.4872	2.0499	0.0093	3.0719	2.0499
456.6396	2.0794	0.0020	2.9498	2.1353
456.7920	2.0635	-0.0155	2.7873	1.9893
456.9444	2.0381	-0.0413	2.9117	2.0381
457.0968	2.0332	-0.0118	3.0484	2.2725
457.2492	2.0146	0.0113	3.1376	2.0146
457.4016	1.9999	0.0222	3.2735	1.9999
457.5540	2.0568	0.0755	3.0585	2.0568
457.7064	2.0086	0.0921	2.9209	2.0086
457.8588	1.8524	0.0477	2.5563	1.8524
458.0112	1.6344	-0.0015	2.1920	1.6344
458.1636	1.6124	0.0205	1.8981	1.6124
458.3160	1.5515	0.0084	1.6728	1.5515
458.4684	1.5732	0.0061	1.7976	1.5732
458.6208	1.6427	-0.0088	2.0364	1.6427
458.7732	1.8173	-0.0127	2.9921	1.5026
458.9256	2.1092	0.0048	3.2914	2.1092
459.0780	2.1641	0.0073	3.3231	2.2626
459.2304	2.1356	-0.0269	3.5572	2.1356
459.3828	2.1275	-0.0341	3.7968	2.1275
459.5352	2.1185	-0.0340	4.1186	2.1185
459.6876	2.1100	-0.0318	4.2571	2.1100
459.8400	2.1056	-0.0260	4.4104	2.1056
459.9924	2.1100	-0.0201	4.4013	2.1101
460.1448	2.1056	-0.0220	4.4148	2.1056
460.2972	2.1154	-0.0197	4.2025	2.1154
460.4496	2.1264	-0.0188	4.0919	2.1280
460.6020	2.1287	-0.0261	3.9025	2.1287
460.7544	2.1238	-0.0306	4.0181	2.1238
460.9068	2.1201	-0.0327	4.1514	2.1201
461.0592	2.1182	-0.0347	4.2594	2.1182
461.2116	2.1226	-0.0428	4.1702	2.1226
461.3640	2.1340	-0.0455	4.1512	2.1340
461.5164	2.1390	-0.0545	3.9172	2.1390
461.6688	2.1061	-0.0370	3.4622	2.1061
461.8212	2.0427	-0.0287	3.1412	2.0427
461.9736	1.9970	-0.0068	2.9833	1.7269
462.1260	1.9916	0.0081	2.9891	1.9916
462.2784	2.0123	0.0295	2.9066	2.0123
462.4308	2.0308	0.0239	2.9425	2.0308
462.5832	2.0441	0.0186	3.0313	2.0441
462.7356	2.0469	0.0080	3.1175	2.0469
462.8880	1.9317	0.0038	2.5898	1.9317
463.0404	1.7926	0.0149	2.2468	1.7926
463.1928	1.6546	0.0076	1.9975	1.6546
463.3452	1.6638	0.0082	1.9748	1.6638
463.4976	1.7493	0.0172	1.9189	1.7493
463.6500	1.8622	0.0185	1.9408	1.8622
463.8024	1.8090	0.0083	1.9872	1.8090
463.9548	1.7795	0.0102	2.1691	1.7795
464.1072	1.7536	0.0130	2.3375	1.7536
464.2596	1.7661	0.0023	2.3537	1.7661
464.4120	1.7665	0.0038	2.3755	1.7665
464.5644	1.7829	-0.0021	2.4539	1.7829
464.7168	1.8734	0.0030	2.6910	1.8734
464.8692	1.9932	0.0089	2.9847	1.9932
465.0216	2.1142	0.0059	3.1719	2.1142
465.1740	2.1355	0.0069	3.2396	2.1355
465.3264	2.1169	-0.0123	3.3286	2.1298
465.4788	2.1135	-0.0131	3.2398	2.0960
