HOLE:	U1352B
EXPEDITION:	317
TOP:	102.0048
BOTTOM:	465.4788
DEPTH_WMSF	LCAL
m	in
102.0048	3.1392
102.1572	8.3837
102.3096	18.8297
102.4620	18.8214
102.6144	18.8131
102.7668	18.8147
102.9192	18.8158
103.0716	18.8214
103.2240	18.8158
103.3764	18.8103
103.5288	18.8305
103.6812	18.8158
103.8336	18.8186
103.9860	18.8214
104.1384	18.8273
104.2908	18.8158
104.4432	18.8158
104.5956	18.8103
104.7480	18.8269
104.9004	18.8214
105.0528	18.8186
105.2052	18.8115
105.3576	18.8297
105.5100	18.8103
105.6624	18.8131
105.8148	18.8242
105.9672	18.8214
106.1196	18.8131
106.2720	18.8115
106.4244	18.8242
106.5768	18.8158
106.7292	18.8075
106.8816	18.8075
107.0340	18.8048
107.1864	18.8158
107.3388	18.7608
107.4912	18.7749
107.6436	18.8186
107.7960	18.8020
107.9484	18.7493
108.1008	18.7493
108.2532	18.7937
108.4056	18.7465
108.5580	18.7299
108.7104	18.7101
108.8628	18.7743
109.0152	18.7632
109.1676	18.7327
109.3200	18.7133
109.4724	18.7853
109.6248	18.7964
109.7772	18.7893
109.9296	18.7552
110.0820	18.8052
110.2344	18.8075
110.3868	18.7632
110.5392	18.7826
110.6916	18.8186
110.8440	18.8214
110.9964	18.8158
111.1488	18.8131
111.3012	18.8273
111.4536	18.8158
111.6060	18.8131
111.7584	18.8103
111.9108	18.7909
112.0632	18.7465
112.2156	18.7438
112.3680	18.7299
112.5204	18.7244
112.6728	18.7438
112.8252	18.8048
112.9776	18.8158
113.1300	18.8075
113.2824	18.8075
113.4348	18.7988
113.5872	18.8075
113.7396	18.8020
113.8920	18.8158
114.0444	18.8075
114.1968	18.7826
114.3492	18.8020
114.5016	18.7988
114.6540	18.8186
114.8064	18.8048
114.9588	18.7964
115.1112	18.8158
115.2636	18.8131
115.4160	18.8048
115.5684	18.8103
115.7208	18.8103
115.8732	18.8103
116.0256	18.7992
116.1780	18.8048
116.3304	18.7766
116.4828	18.7909
116.6352	18.7743
116.7876	18.7743
116.9400	18.7632
117.0924	18.7382
117.2448	18.7354
117.3972	18.6966
117.5496	18.7196
117.7020	18.7327
117.8544	18.6855
118.0068	18.6357
118.1592	18.6606
118.3116	18.6357
118.4640	18.6848
118.6164	18.6246
118.7688	18.5608
118.9212	18.5885
119.0736	18.6301
119.2260	18.9739
119.3784	18.8653
119.5308	18.7050
119.6832	18.7182
119.8356	18.7715
119.9880	18.7640
120.1404	18.7826
120.2928	18.7964
120.4452	18.7632
120.5976	18.7493
120.7500	18.8048
120.9024	18.7992
121.0548	18.7937
121.2072	18.7703
121.3596	18.7438
121.5120	18.7410
121.6644	18.7216
121.8168	18.7105
121.9692	18.6911
122.1216	18.7576
122.2740	18.8048
122.4264	18.7640
122.5788	18.7715
122.7312	18.8048
122.8836	18.7853
123.0360	18.7881
123.1884	18.8048
123.3408	18.8075
123.4932	18.8147
123.6456	18.8048
123.7980	18.7881
123.9504	18.8048
124.1028	18.7909
124.2552	18.7830
124.4076	18.7937
124.5600	18.8131
124.7124	18.8158
124.8648	18.8103
125.0172	18.8214
125.1696	18.8048
125.3220	18.8048
125.4744	18.8103
125.6268	18.8048
125.7792	18.8242
125.9316	18.8075
126.0840	18.8075
126.2364	18.8048
126.3888	18.7743
126.5412	18.8020
126.6936	18.7549
126.8460	18.7418
126.9984	18.7410
127.1508	18.7576
127.3032	18.7438
127.4556	18.7050
127.6080	18.6994
127.7604	18.7133
127.9128	18.6994
128.0652	18.7022
128.2176	18.7299
128.3700	18.7715
128.5224	18.7937
128.6748	18.7853
128.8272	18.7549
128.9796	18.7493
129.1320	18.7743
129.2844	18.7992
129.4368	18.8020
129.5892	18.7770
129.7416	18.7826
129.8940	18.7909
130.0464	18.7798
130.1988	18.8020
130.3512	18.8020
130.5036	18.7465
130.6560	18.7327
130.8084	18.7244
130.9608	18.6939
131.1132	18.6966
131.2656	18.7006
131.4180	18.6828
131.5704	18.6939
131.7228	18.7299
131.8752	18.7382
132.0276	18.7513
132.1800	18.7521
132.3324	18.7382
132.4848	18.7576
132.6372	18.7715
132.7896	18.7826
132.9420	18.8020
133.0944	18.7826
133.2468	18.7798
133.3992	18.7909
133.5516	18.7853
133.7040	18.8020
133.8564	18.8103
134.0088	18.8103
134.1612	18.8075
134.3136	18.8020
134.4660	18.8158
134.6184	18.8178
134.7708	18.8103
134.9232	18.8020
135.0756	18.8048
135.2280	18.8020
135.3804	18.7964
135.5328	18.7632
135.6852	18.7992
135.8376	18.7937
135.9900	18.7632
136.1424	18.7271
136.2948	18.7604
136.4472	18.7271
136.5996	18.7164
136.7520	18.7216
136.9044	18.7271
137.0568	18.7410
137.2092	18.7549
137.3616	18.7133
137.5140	18.6246
137.6664	18.7450
137.8188	18.8103
137.9712	18.7549
138.1236	18.5802
138.2760	18.8186
138.4284	18.8158
138.5808	18.8158
138.7332	18.8685
138.8856	18.9406
139.0380	18.8242
139.1904	18.6495
139.3428	18.7604
139.4952	18.8051
139.6476	18.7937
139.8000	18.8131
139.9524	18.8242
140.1048	18.6273
140.2572	18.6856
140.4096	18.7077
140.5620	18.6412
140.7144	18.6024
140.8668	18.6107
141.0192	18.6994
141.1716	18.7354
141.3240	18.5885
141.4764	18.5858
141.6288	18.6309
141.7812	18.7438
141.9336	18.7604
142.0860	18.7410
142.2384	18.7244
142.3908	18.7327
142.5432	18.7101
142.6956	18.7881
142.8480	18.7549
143.0004	18.7133
143.1528	18.7188
143.3052	18.7992
143.4576	18.8048
143.6100	18.6772
143.7624	18.6499
143.9148	18.6661
144.0672	18.7604
144.2196	18.8020
144.3720	18.7493
144.5244	18.7465
144.6768	18.7354
144.8292	18.7105
144.9816	18.7006
145.1340	18.6939
145.2864	18.6911
145.4388	18.6745
145.5912	18.6495
145.7436	18.6578
145.8960	18.6551
146.0484	18.6499
146.2008	18.6634
146.3532	18.6467
146.5056	18.6024
146.6580	18.6246
146.8104	18.6523
146.9628	18.6056
147.1152	18.5968
147.2676	18.6717
147.4200	18.7216
147.5724	18.7244
147.7248	18.7465
147.8772	18.7687
148.0296	18.7671
148.1820	18.7521
148.3344	18.7354
148.4868	18.7105
148.6392	18.7438
148.7916	18.7545
148.9440	18.7632
149.0964	18.7465
149.2488	18.7549
149.4012	18.8103
149.5536	18.8214
149.7060	18.8269
149.8584	18.7988
150.0108	18.8242
150.1632	18.7327
150.3156	18.7244
150.4680	18.6467
150.6204	18.6341
150.7728	18.6357
150.9252	18.6495
151.0776	18.6384
151.2300	18.7188
151.3824	18.7133
151.5348	18.6495
151.6872	18.6578
151.8396	18.7418
151.9920	18.7244
152.1444	18.6856
152.2968	18.6911
152.4492	18.8020
152.6016	18.8103
152.7540	18.7988
152.9064	18.7909
153.0588	18.8020
153.2112	18.8214
153.3636	18.8214
153.5160	18.8103
153.6684	18.8103
153.8208	18.8020
153.9732	18.7992
154.1256	18.7853
154.2780	18.8075
154.4304	18.7826
154.5828	18.7545
154.7352	18.6911
154.8876	18.6911
155.0400	18.6523
155.1924	18.4887
155.3448	18.7465
155.4972	18.7992
155.6496	18.7410
155.8020	18.7022
155.9544	18.6939
156.1068	18.6911
156.2592	18.7050
156.4116	18.7069
156.5640	18.7077
156.7164	18.6994
156.8688	18.7327
157.0212	18.6883
157.1736	18.6357
157.3260	18.6404
157.4784	18.7327
157.6308	18.7382
157.7832	18.7354
157.9356	18.7271
158.0880	18.7105
158.2404	18.6800
158.3928	18.7069
158.5452	18.7077
158.6976	18.7133
158.8500	18.6717
159.0024	18.7188
159.1548	18.6966
159.3072	18.7216
159.4596	18.7291
159.6120	18.6800
159.7644	18.6689
159.9168	18.7354
160.0692	18.7438
160.2216	18.7160
160.3740	18.7006
160.5264	18.6966
160.6788	18.7077
160.8312	18.6828
160.9836	18.6800
161.1360	18.6190
161.2884	18.6135
161.4408	18.6162
161.5932	18.6024
161.7456	18.6246
161.8980	18.6562
162.0504	18.6856
162.2028	18.6911
162.3552	18.8048
162.5076	18.8158
162.6600	18.8131
162.8124	18.8158
162.9648	18.7576
163.1172	18.7545
163.2696	18.7687
163.4220	18.7881
163.5744	18.7909
163.7268	18.7853
163.8792	18.6883
164.0316	18.8590
164.1840	18.8935
164.3364	18.7354
164.4888	18.7438
164.6412	18.6273
164.7936	18.6190
164.9460	18.7299
165.0984	18.5865
165.2508	18.5774
165.4032	18.5996
165.5556	18.5968
165.7080	18.5941
165.8604	18.5913
166.0128	18.5858
166.1652	18.5913
166.3176	18.5992
166.4700	18.6190
166.6224	18.6772
166.7748	18.6714
166.9272	18.6657
167.0796	18.7105
167.2320	18.7050
167.3844	18.6606
167.5368	18.6357
167.6892	18.6551
167.8416	18.6721
167.9940	18.6911
168.1464	18.7438
168.2988	18.7604
168.4512	18.7770
168.6036	18.7659
168.7560	18.7549
168.9084	18.7450
169.0608	18.7438
169.2132	18.7438
169.3656	18.7410
169.5180	18.7687
169.6704	18.7659
169.8228	18.7493
169.9752	18.7327
170.1276	18.7299
170.2800	18.7354
170.4324	18.7513
170.5848	18.7493
170.7372	18.7216
170.8896	18.7354
171.0420	18.7521
171.1944	18.7465
171.3468	18.7291
171.4992	18.7798
171.6516	18.8158
171.8040	18.8075
171.9564	18.8075
172.1088	18.8158
172.2612	18.8075
172.4136	18.8051
172.5660	18.8103
172.7184	18.8048
172.8708	18.8131
173.0232	18.8103
173.1756	18.8158
173.3280	18.8158
173.4804	18.8131
173.6328	18.7853
173.7852	18.7861
173.9376	18.7216
174.0900	18.7410
174.2424	18.7188
174.3948	18.6357
174.5472	18.6329
174.6996	18.6440
174.8520	18.6052
175.0044	18.6412
175.1568	18.7133
175.3092	18.6994
175.4616	18.6828
175.6140	18.6856
175.7664	18.6939
175.9188	18.6745
176.0712	18.7022
176.2236	18.7216
176.3760	18.6943
176.5284	18.6772
176.6808	18.6495
176.8332	18.6689
176.9856	18.6911
177.1380	18.6551
177.2904	17.7945
177.4428	18.5260
177.5952	19.1885
177.7476	18.9378
177.9000	18.3648
178.0524	17.9149
178.2048	18.7022
178.3572	18.8685
178.5096	18.4305
178.6620	18.0091
178.8144	18.5663
178.9668	18.7493
179.1192	18.7925
179.2716	18.7077
179.4240	18.8020
179.5764	18.7465
179.7288	18.6661
179.8812	18.5941
180.0336	18.6357
180.1860	18.6119
180.3384	18.5968
180.4908	18.6135
180.6432	18.6273
180.7956	18.6745
180.9480	18.6301
181.1004	18.6412
181.2528	18.7299
181.4052	18.7545
181.5576	18.7327
181.7100	18.7216
181.8624	18.7244
182.0148	18.7549
182.1672	18.7687
182.3196	18.7632
182.4720	18.7465
182.6244	18.7513
182.7768	18.7576
182.9292	18.7576
183.0816	18.7632
183.2340	18.7576
183.3864	18.7216
183.5388	18.6939
183.6912	18.6966
183.8436	18.6784
183.9960	18.6994
184.1484	18.6661
184.3008	18.6551
184.4532	18.6883
184.6056	18.6856
184.7580	18.6661
184.9104	18.6689
185.0628	18.6721
185.2152	18.6689
185.3676	18.6828
185.5200	18.7576
185.6724	18.7188
185.8248	18.6467
185.9772	18.6301
186.1296	18.6848
186.2820	18.6939
186.4344	18.7077
186.5868	18.7632
186.7392	18.7937
186.8916	18.7798
187.0440	18.7937
187.1964	18.7521
187.3488	18.7576
187.5012	18.7881
187.6536	18.7703
187.8060	18.7271
187.9584	18.8020
188.1108	18.7971
188.2632	18.7354
188.4156	18.7160
188.5680	18.7992
188.7204	18.8408
188.8728	18.8131
189.0252	18.8131
189.1776	18.8103
189.3300	18.8103
189.4824	18.8214
189.6348	18.8178
189.7872	18.8214
189.9396	18.8158
190.0920	18.8214
190.2444	18.8158
190.3968	18.8325
190.5492	18.8408
190.7016	18.8269
190.8540	18.8269
191.0064	18.8242
191.1588	18.8297
191.3112	18.8214
191.4636	18.8186
191.6160	18.8214
191.7684	18.8269
191.9208	18.8186
192.0732	18.8178
192.2256	18.8158
192.3780	18.8158
192.5304	18.8131
192.6828	18.8158
192.8352	18.8158
192.9876	18.7992
193.1400	18.7604
193.2924	18.7715
193.4448	18.7632
193.5972	18.7576
193.7496	18.7632
193.9020	18.7743
194.0544	18.7826
194.2068	18.7604
194.3592	18.7465
194.5116	18.7604
194.6640	18.8020
194.8164	18.7766
194.9688	18.7438
195.1212	18.7632
195.2736	18.7881
195.4260	18.8075
195.5784	18.8131
195.7308	18.7964
195.8832	18.7715
196.0356	18.7988
196.1880	18.8186
196.3404	18.8325
196.4928	18.8269
196.6452	18.8297
196.7976	18.8242
196.9500	18.8214
197.1024	18.8269
197.2548	18.8214
197.4072	18.8242
197.5596	18.8242
197.7120	18.8186
197.8644	18.8214
198.0168	18.8297
198.1692	18.8519
198.3216	18.8408
198.4740	18.8352
198.6264	18.8242
198.7788	18.8436
198.9312	18.8622
199.0836	18.8325
199.2360	18.8242
199.3884	18.8242
199.5408	18.8297
199.6932	18.8325
199.8456	18.8297
199.9980	18.8297
200.1504	18.8242
200.3028	18.8242
200.4552	18.8352
200.6076	18.8269
200.7600	18.8242
200.9124	18.8214
201.0648	18.8297
201.2172	18.8214
201.3696	18.8242
201.5220	18.8337
201.6744	18.8325
201.8268	18.8269
201.9792	18.8214
202.1316	18.8269
202.2840	18.8269
202.4364	18.8186
202.5888	18.8269
202.7412	18.8178
202.8936	18.8242
203.0460	18.8075
203.1984	18.7992
203.3508	18.8131
203.5032	18.7853
203.6556	18.8131
203.8080	18.7909
203.9604	18.7992
204.1128	18.8519
204.2652	18.8103
204.4176	18.7604
204.5700	18.7830
204.7224	18.8048
204.8748	18.7826
205.0272	18.7964
205.1796	18.8020
205.3320	18.8020
205.4844	18.7743
205.6368	18.7909
205.7892	18.8048
205.9416	18.7964
206.0940	18.7481
206.2464	18.7354
206.3988	18.7853
206.5512	18.8158
206.7036	18.8242
206.8560	18.8158
207.0084	18.8131
207.1608	18.8214
207.3132	18.8158
207.4656	18.8214
207.6180	18.8075
207.7704	18.7988
207.9228	18.8075
208.0752	18.8158
208.2276	18.7992
208.3800	18.7493
208.5324	18.7743
208.6848	18.8075
208.8372	18.8103
208.9896	18.7798
209.1420	18.7770
209.2944	18.8075
209.4468	18.8147
209.5992	18.8214
209.7516	18.8214
209.9040	18.8186
210.0564	18.8186
210.2088	18.8186
210.3612	18.8214
210.5136	18.8131
210.6660	18.8269
210.8184	18.8325
210.9708	18.8305
211.1232	18.8242
211.2756	18.8325
211.4280	18.8297
211.5804	18.8242
211.7328	18.8269
211.8852	18.8242
212.0376	18.8242
212.1900	18.8020
212.3424	18.8083
212.4948	18.8824
212.6472	18.8186
212.7996	18.7964
212.9520	18.7438
213.1044	18.7992
213.2568	18.8158
213.4092	18.7964
213.5616	18.7576
213.7140	18.7743
213.8664	18.7671
214.0188	18.7992
214.1712	18.8048
214.3236	18.8075
214.4760	18.8020
214.6284	18.8020
214.7808	18.8158
214.9332	18.8214
215.0856	18.8186
215.2380	18.8214
215.3904	18.8103
215.5428	18.8048
215.6952	18.7743
215.8476	18.7576
216.0000	18.7659
216.1524	18.7604
216.3048	18.7937
216.4572	18.8131
216.6096	18.8131
216.7620	18.8131
216.9144	18.8158
217.0668	18.8048
217.2192	18.8131
217.3716	18.8103
217.5240	18.8210
217.6764	18.8242
217.8288	18.8186
217.9812	18.8214
218.1336	18.8242
218.2860	18.8214
218.4384	18.8242
218.5908	18.8075
218.7432	18.8103
218.8956	18.8103
219.0480	18.8020
219.2004	18.7964
219.3528	18.7861
219.5052	18.8186
219.6576	18.8075
219.8100	18.7964
219.9624	18.7937
220.1148	18.8048
220.2672	18.7992
220.4196	18.7909
220.5720	18.8020
220.7244	18.8297
220.8768	18.8214
221.0292	18.8210
221.1816	18.8214
221.3340	18.8075
221.4864	18.8158
221.6388	18.8075
221.7912	18.7881
221.9436	18.7964
222.0960	18.7854
222.2484	18.7576
222.4008	18.7909
222.5532	18.8020
222.7056	18.7992
222.8580	18.8020
223.0104	18.7632
223.1628	18.8131
223.3152	18.8269
223.4676	18.8325
223.6200	18.8131
223.7724	18.8048
223.9248	18.8158
224.0772	18.8075
224.2296	18.8048
224.3820	18.8075
224.5344	18.7964
224.6868	18.8075
224.8392	18.8131
224.9916	18.8083
225.1440	18.7992
225.2964	18.8158
225.4488	18.8214
225.6012	18.8131
225.7536	18.7992
225.9060	18.8048
226.0584	18.8131
226.2108	18.8131
226.3632	18.8158
226.5156	18.8214
226.6680	18.8103
226.8204	18.8210
226.9728	18.7853
227.1252	19.0570
227.2776	19.0931
227.4300	18.8436
227.5824	18.8214
227.7348	18.8186
227.8872	18.8131
228.0396	18.8131
228.1920	18.8178
228.3444	18.8131
228.4968	18.7964
228.6492	18.8630
228.8016	18.8186
228.9540	18.7160
229.1064	18.8103
229.2588	18.8269
229.4112	18.8214
229.5636	18.7798
229.7160	18.7853
229.8684	18.8131
230.0208	18.8115
230.1732	18.8186
230.3256	18.8103
230.4780	18.8048
230.6304	18.8075
230.7828	18.8131
230.9352	18.8214
231.0876	18.8242
231.2400	18.8103
231.3924	18.7992
231.5448	18.8048
231.6972	18.7992
231.8496	18.8131
232.0020	18.8103
232.1544	18.8048
232.3068	18.7992
232.4592	18.8158
232.6116	18.8192
232.7640	18.8048
232.9164	18.7861
233.0688	18.8020
233.2212	18.8083
233.3736	18.7992
233.5260	18.8051
233.6784	18.8075
233.8308	18.8147
233.9832	18.8214
234.1356	18.8051
234.2880	18.8103
234.4404	18.8020
234.5928	18.8052
234.7452	18.8158
234.8976	18.8147
235.0500	18.8075
235.2024	18.8242
235.3548	18.8214
235.5072	18.8178
235.6596	18.8186
235.8120	18.8052
235.9644	18.8186
236.1168	18.8075
236.2692	18.8147
236.4216	18.8051
236.5740	18.8131
236.7264	18.7964
236.8788	18.8178
237.0312	18.8186
237.1836	18.8115
237.3360	18.8131
237.4884	18.7988
237.6408	18.8048
237.7932	18.8083
237.9456	18.8075
238.0980	18.8048
238.2504	18.8083
238.4028	18.8103
238.5552	18.8052
238.7076	18.8186
238.8600	18.8178
239.0124	18.8158
239.1648	18.8083
239.3172	18.8186
239.4696	18.8131
239.6220	18.8147
239.7744	18.8297
239.9268	18.8147
240.0792	18.8075
240.2316	18.8083
240.3840	18.8131
240.5364	18.8051
240.6888	18.8075
240.8412	18.8147
240.9936	18.8214
241.1460	18.8131
241.2984	18.8083
241.4508	18.8214
241.6032	18.8115
241.7556	18.8103
241.9080	18.7988
242.0604	18.8020
242.2128	18.8052
242.3652	18.8103
242.5176	18.8075
242.6700	18.8115
242.8224	18.8083
242.9748	18.7992
243.1272	18.7937
243.2796	18.7925
243.4320	18.7992
243.5844	18.8052
243.7368	18.8075
243.8892	18.7703
244.0416	18.7438
244.1940	18.7830
244.3464	18.7909
244.4988	18.7798
244.6512	18.7632
244.8036	18.7659
244.9560	18.7798
245.1084	18.7687
245.2608	18.7893
245.4132	18.8020
245.5656	18.7659
245.7180	18.7481
245.8704	18.7604
246.0228	18.8463
246.1752	18.8186
246.3276	18.7703
246.4800	18.7770
246.6324	18.7798
246.7848	18.7576
246.9372	18.7798
247.0896	18.7861
247.2420	18.7438
247.3944	18.7576
247.5468	18.7881
247.6992	18.7735
247.8516	18.7687
248.0040	18.7481
248.1564	18.7798
248.3088	18.7481
248.4612	18.7465
248.6136	18.7493
248.7660	18.7481
248.9184	18.7964
249.0708	18.8115
249.2232	18.8048
249.3756	18.7766
249.5280	18.7909
249.6804	18.8075
249.8328	18.8115
249.9852	18.8103
250.1376	18.8052
250.2900	18.8131
250.4424	18.7323
250.5948	18.7410
250.7472	18.7798
250.8996	18.7659
251.0520	18.7038
251.2044	18.6966
251.3568	18.7259
251.5092	18.7382
251.6616	18.7101
251.8140	18.6800
251.9664	18.6658
252.1188	18.7188
252.2712	18.7133
252.4236	18.6848
252.5760	18.6883
252.7284	18.7481
252.8808	18.7493
253.0332	18.7410
253.1856	18.7513
253.3380	18.7659
253.4904	18.7450
253.6428	18.7354
253.7952	18.7069
253.9476	18.7244
254.1000	18.7196
254.2524	18.7077
254.4048	18.7271
254.5572	18.7291
254.7096	18.7022
254.8620	18.6943
255.0144	18.7133
255.1668	18.7228
255.3192	18.4638
255.4716	18.6277
255.6240	18.8103
255.7764	18.8103
255.9288	18.8083
256.0812	18.8269
256.2336	18.8273
256.3860	18.8131
256.5384	18.8178
256.6908	18.8048
256.8432	18.8158
256.9956	18.8178
257.1480	18.8186
257.3004	18.8273
257.4528	18.8214
257.6052	18.8083
257.7576	18.8103
257.9100	18.8020
258.0624	18.8147
258.2148	18.8214
258.3672	18.8115
258.5196	18.8242
258.6720	18.8083
258.8244	18.8048
258.9768	18.8083
259.1292	18.8103
259.2816	18.8147
259.4340	18.8131
259.5864	18.8103
259.7388	18.8115
259.8912	18.8103
260.0436	18.8083
260.1960	18.8048
260.3484	18.8210
260.5008	18.8075
260.6532	18.8269
260.8056	18.8210
260.9580	18.8186
261.1104	18.8083
261.2628	18.8075
261.4152	18.8083
261.5676	18.7216
261.7200	18.6784
261.8724	18.7354
262.0248	18.7438
262.1772	18.7481
262.3296	18.7521
262.4820	18.7196
262.6344	18.7632
262.7868	18.7830
262.9392	18.7798
263.0916	18.7893
263.2440	18.7715
263.3964	18.8115
263.5488	18.8131
263.7012	18.8048
263.8536	18.6056
264.0060	17.7097
264.1584	18.6531
264.3108	18.1062
264.4632	16.9644
264.6156	16.5704
264.7680	17.1387
264.9204	17.8705
265.0728	18.7493
265.2252	18.8115
265.3776	18.8103
265.5300	18.8115
265.6824	18.8020
265.8348	18.8147
265.9872	18.8186
266.1396	18.8083
266.2920	18.8186
266.4444	18.8242
266.5968	18.8115
266.7492	18.8131
266.9016	18.8115
267.0540	18.8158
267.2064	18.8051
267.3588	18.8158
267.5112	18.8147
267.6636	18.8186
267.8160	18.8158
267.9684	18.8051
268.1208	18.8048
268.2732	18.8083
268.4256	18.5968
268.5780	17.8135
268.7304	17.7513
268.8828	16.5621
269.0352	17.0416
269.1876	17.1220
269.3400	16.7933
269.4924	17.5074
269.6448	18.8463
269.7972	18.1283
269.9496	16.8504
270.1020	17.8650
270.2544	17.0436
270.4068	17.0749
270.5592	16.9486
270.7116	16.5316
270.8640	16.7700
271.0164	15.2916
271.1688	15.2591
271.3212	15.0508
271.4736	14.8322
271.6260	14.7752
271.7784	16.0880
271.9308	16.0852
272.0832	16.0900
272.2356	15.8801
272.3880	15.6718
272.5404	17.3993
272.6928	18.6879
272.8452	18.7632
272.9976	18.6879
273.1500	18.7077
273.3024	18.5042
273.4548	17.3383
273.6072	17.8389
273.7596	17.3743
273.9120	16.9771
274.0644	16.9030
274.2168	17.2523
274.3692	17.0816
274.5216	16.6230
274.6740	16.0425
274.8264	16.0353
274.9788	17.8895
275.1312	18.7327
275.2836	18.7386
275.4360	18.7160
275.5884	18.7160
275.7408	16.6349
275.8932	16.5233
276.0456	16.3086
276.1980	16.3042
276.3504	16.6508
276.5028	15.0651
276.6552	15.0382
276.8076	14.7768
276.9600	14.3855
277.1124	14.0311
277.2648	15.4560
277.4172	15.6528
277.5696	15.6722
277.7220	15.7193
277.8744	16.2183
278.0268	16.2611
278.1792	16.4096
278.3316	16.1153
278.4840	15.9494
278.6364	16.0140
278.7888	16.0991
278.9412	16.1546
279.0936	16.1692
279.2460	15.9577
279.3984	15.9157
279.5508	16.2266
279.7032	16.4892
279.8556	16.6535
280.0080	16.7807
280.1604	16.2266
280.3128	18.5105
280.4652	18.8075
280.6176	18.7964
280.7700	18.3394
280.9224	18.7259
281.0748	18.7632
281.2272	18.7632
281.3796	18.6404
281.5320	17.6903
281.6844	18.0701
281.8368	18.7077
281.9892	18.6911
282.1416	18.7576
282.2940	18.7418
282.4464	17.4381
282.5988	17.1609
282.7512	16.9708
282.9036	16.6175
283.0560	16.4037
283.2084	15.2619
283.3608	16.1724
283.5132	17.3244
283.6656	16.6825
283.8180	16.3930
283.9704	16.3054
284.1228	15.5169
284.2752	15.2924
284.4276	15.2853
284.5800	15.2120
284.7324	15.5166
284.8848	16.8116
285.0372	16.1573
285.1896	16.2801
285.3420	15.7447
285.4944	15.4975
285.6468	14.8960
285.7992	14.8005
285.9516	14.9764
286.1040	14.9209
286.2564	14.6687
286.4088	14.2746
286.5612	14.9071
286.7136	18.7964
286.8660	18.7893
287.0184	16.7700
287.1708	17.4333
287.3232	18.7770
287.4756	18.8052
287.6280	18.8075
287.7804	18.8178
287.9328	18.8020
288.0852	18.8052
288.2376	18.8048
288.3900	18.8103
288.5424	18.7956
288.6948	18.7604
288.8472	18.5675
288.9996	17.4797
289.1520	17.2559
289.3044	16.7090
289.4568	15.3708
289.6092	15.2231
289.7616	16.1248
289.9140	18.6689
290.0664	17.3161
290.2188	16.9137
290.3712	16.3375
290.5236	14.9463
290.6760	16.9030
290.8284	16.9945
290.9808	17.0246
291.1332	18.4887
291.2856	18.7956
291.4380	18.8075
291.5904	18.7608
291.7428	18.7687
291.8952	17.5474
292.0476	17.3549
292.2000	16.5399
292.3524	18.3299
292.5048	18.8048
292.6572	18.7418
292.8096	18.8214
292.9620	18.8527
293.1144	18.8796
293.2668	18.8052
293.4192	18.7715
293.5716	18.3584
293.7240	18.3945
293.8764	18.6939
294.0288	18.8337
294.1812	18.5359
294.3336	17.1719
294.4860	14.1974
294.6384	14.8639
294.7908	14.8156
294.9432	14.8481
295.0956	14.8516
295.2480	14.8544
295.4004	14.8572
295.5528	14.8627
295.7052	14.8797
295.8576	15.0207
296.0100	15.2037
296.1624	15.6021
296.3148	16.0104
296.4672	16.0361
296.6196	15.7415
296.7720	15.6021
296.9244	15.5946
297.0768	16.1597
297.2292	16.3264
297.3816	16.0361
297.5340	15.4449
297.6864	14.4045
297.8388	14.1586
297.9912	14.2057
298.1436	14.3158
298.2960	14.2584
298.4484	13.9134
298.6008	13.7511
298.7532	13.7677
298.9056	13.7835
299.0580	13.7677
299.2104	13.7483
299.3628	15.1372
299.5152	17.0658
299.6676	15.6722
299.8200	15.1926
299.9724	15.0825
300.1248	14.7380
300.2772	14.8386
300.4296	14.9126
300.5820	14.9273
300.7344	14.8544
300.8868	14.6908
301.0392	14.4235
301.1916	14.3748
301.3440	14.2968
301.4964	14.1392
301.6488	14.1194
301.8012	15.0013
301.9536	15.0374
302.1060	14.3031
302.2584	14.2861
302.4108	14.2841
302.5632	14.2113
302.7156	14.0338
302.8680	13.8093
303.0204	13.8841
303.1728	14.1099
303.3252	14.1808
303.4776	14.4172
303.6300	14.6243
303.7824	14.6188
303.9348	14.6041
304.0872	14.3582
304.2396	14.7625
304.3920	14.2279
304.5444	14.4615
304.6968	14.1392
304.8492	14.5079
305.0016	15.6560
305.1540	15.6971
305.3064	15.0235
305.4588	16.3340
305.6112	18.7964
305.7636	18.5327
305.9160	18.3612
306.0684	18.7770
306.2208	18.8115
306.3732	18.8075
306.5256	18.8115
306.6780	18.8103
306.8304	18.8214
306.9828	18.8052
307.1352	18.8103
307.2876	18.8083
307.4400	18.8158
307.5924	18.8020
307.7448	18.8147
307.8972	18.4555
308.0496	17.1070
308.2020	15.8718
308.3544	16.1312
308.5068	18.7410
308.6592	18.8491
308.8116	17.5030
308.9640	16.7423
309.1164	15.2663
309.2688	16.4179
309.4212	15.9189
309.5736	14.0172
309.7260	13.3273
309.8784	13.6014
310.0308	13.6125
310.1832	13.5428
310.3356	13.5154
310.4880	13.5206
310.6404	13.5071
310.7928	13.7994
310.9452	14.3748
311.0976	14.0449
311.2500	13.4731
311.4024	13.5127
311.5548	14.6960
311.7072	17.1110
311.8596	13.8121
312.0120	13.5404
312.1644	13.7095
312.3168	17.8135
312.4692	18.8214
312.6216	18.8103
312.7740	18.8115
312.9264	18.8075
313.0788	18.4313
313.2312	18.3667
313.3836	18.5359
313.5360	18.5303
313.6884	18.5612
313.8408	18.0313
313.9932	14.4469
314.1456	13.6402
314.2980	13.6402
314.4504	13.6695
314.6028	13.8730
314.7552	14.5079
314.9076	14.5384
315.0600	15.7581
315.2124	16.7363
315.3648	16.6175
315.5172	16.5937
315.6696	17.0943
315.8220	15.1871
315.9744	14.3970
316.1268	14.4108
316.2792	14.6520
316.4316	15.3756
316.5840	16.3680
316.7364	18.5675
316.8888	18.8269
317.0412	18.8325
317.1936	18.6309
317.3460	18.7521
317.4984	18.3363
317.6508	18.8935
317.8032	18.9065
317.9556	18.7327
318.1080	17.4840
318.2604	17.2135
318.4128	6.6460
318.5652	7.4998
318.7176	7.2095
318.8700	6.8167
319.0224	6.8456
319.1748	9.6926
319.3272	15.6916
319.4796	15.7858
319.6320	15.7858
319.7844	15.7890
319.9368	15.7914
320.0892	16.2932
320.2416	18.7196
320.3940	18.8075
320.5464	18.8103
320.6988	18.8178
320.8512	18.8020
321.0036	18.7493
321.1560	18.7988
321.3084	18.8214
321.4608	18.8273
321.6132	18.8131
321.7656	18.8131
321.9180	18.8178
322.0704	18.8269
322.2228	18.8186
322.3752	18.8083
322.5276	18.8131
322.6800	18.8115
322.8324	18.8131
322.9848	18.8103
323.1372	18.7956
323.2896	18.7937
323.4420	18.7956
323.5944	18.8048
323.7468	18.8158
323.8992	18.1778
324.0516	18.5580
324.2040	18.5422
324.3564	17.3466
324.5088	17.2084
324.6612	16.1241
324.8136	15.5308
324.9660	16.8155
325.1184	15.5336
325.2708	15.0508
325.4232	15.1178
325.5756	15.5668
325.7280	15.7573
325.8804	15.7914
326.0328	15.9094
326.1852	15.7831
326.3376	15.7387
326.4900	15.3740
326.6424	15.1538
326.7948	15.0413
326.9472	15.6556
327.0996	15.3284
327.2520	14.8892
327.4044	15.7304
327.5568	16.8123
327.7092	15.9799
327.8616	14.8132
328.0140	14.8599
328.1664	16.9486
328.3188	18.7271
328.4712	18.6800
328.6236	16.0361
328.7760	16.9114
328.9284	17.4967
329.0808	18.7493
329.2332	18.7323
329.3856	18.5747
329.5380	17.3858
329.6904	14.6936
329.8428	14.6576
329.9952	14.6580
330.1476	14.6687
330.3000	14.7118
330.4524	14.8932
330.6048	14.9875
330.7572	14.9970
330.9096	15.0651
331.0620	15.0568
331.2144	15.1585
331.3668	18.4250
331.5192	18.7766
331.6716	18.7354
331.8240	18.7770
331.9764	18.7925
332.1288	18.8020
332.2812	18.8273
332.4336	18.8519
332.5860	18.8075
332.7384	18.8115
332.8908	17.1387
333.0432	15.6496
333.1956	15.6112
333.3480	15.5613
333.5004	15.5261
333.6528	15.5696
333.8052	18.2602
333.9576	18.7050
334.1100	18.6974
334.2624	17.7181
334.4148	16.8226
334.5672	16.7522
334.7196	16.6563
334.8720	16.0805
335.0244	15.5197
335.1768	15.8219
335.3292	15.8302
335.4816	15.8330
335.6340	16.5454
335.7864	16.2896
335.9388	15.7387
336.0912	15.6813
336.2436	15.3478
336.3960	15.1934
336.5484	15.0984
336.7008	16.5870
336.8532	17.6994
337.0056	16.7478
337.1580	14.9811
337.3104	14.5301
337.4628	16.8662
337.6152	18.4610
337.7676	18.7354
337.9200	18.8052
338.0724	18.8131
338.2248	18.8115
338.3772	18.8214
338.5296	18.8158
338.6820	18.8115
338.8344	18.8214
338.9868	18.8048
339.1392	18.8178
339.2916	18.8242
339.4440	18.8147
339.5964	18.7798
339.7488	19.0047
339.9012	19.0515
340.0536	18.8337
340.2060	18.7493
340.3584	18.7632
340.5108	17.5664
340.6632	17.5157
340.8156	17.0785
340.9680	16.7561
341.1204	16.4928
341.2728	16.5431
341.4252	16.9446
341.5776	17.7311
341.7300	18.1588
341.8824	18.6412
342.0348	18.7861
342.1872	18.8131
342.3396	18.8048
342.4920	18.8115
342.6444	18.8158
342.7968	18.8052
342.9492	18.8075
343.1016	18.7992
343.2540	18.8178
343.4064	18.8075
343.5588	18.8051
343.7112	18.8131
343.8636	18.8158
344.0160	18.8178
344.1684	18.8075
344.3208	18.8020
344.4732	18.8075
344.6256	18.8103
344.7780	18.8147
344.9304	18.8020
345.0828	18.8083
345.2352	18.8020
345.3876	17.5101
345.5400	16.8472
345.6924	16.8143
345.8448	16.7458
345.9972	16.7478
346.1496	16.7478
346.3020	16.7426
346.4544	16.7395
346.6068	16.7423
346.7592	16.8282
346.9116	16.8587
347.0640	16.8535
347.2164	17.0306
347.3688	17.0028
347.5212	16.8472
347.6736	16.8476
347.8260	16.9086
347.9784	16.8599
348.1308	16.7339
348.2832	16.6476
348.4356	16.6480
348.5880	16.6349
348.7404	16.6064
348.8928	16.6397
349.0452	17.2496
349.1976	17.2939
349.3500	17.2717
349.5024	17.2828
349.6548	16.9502
349.8072	16.6381
349.9596	16.8393
350.1120	16.8337
350.2644	16.8345
350.4168	16.8226
350.5692	16.8219
350.7216	16.9114
350.8740	17.4187
351.0264	18.8115
351.1788	18.0618
351.3312	17.0880
351.4836	18.1367
351.6360	18.8158
351.7884	18.8495
351.9408	18.8408
352.0932	18.8158
352.2456	18.7798
352.3980	17.5767
352.5504	17.5379
352.7028	17.5406
352.8552	17.5434
353.0076	17.6646
353.1600	18.0646
353.3124	18.1272
353.4648	18.2004
353.6172	18.6467
353.7696	18.6721
353.9220	18.5830
354.0744	18.5830
354.2268	18.6246
354.3792	18.6357
354.5316	18.6119
354.6840	18.5553
354.8364	18.3224
354.9888	17.9814
355.1412	18.7715
355.2936	18.8051
355.4460	18.8075
355.5984	18.7465
355.7508	18.8083
355.9032	18.8103
356.0556	18.8051
356.2080	18.8186
356.3604	18.7493
356.5128	18.4250
356.6652	18.4499
356.8176	18.4535
356.9700	18.4610
357.1224	17.8567
357.2748	18.2507
357.4272	17.8179
357.5796	17.8594
357.7320	18.0891
357.8844	18.6717
358.0368	18.4000
358.1892	18.6974
358.3416	17.7957
358.4940	17.7945
358.6464	18.5386
358.7988	18.7687
358.9512	18.8083
359.1036	18.7909
359.2560	18.8115
359.4084	18.7937
359.5608	18.7604
359.7132	18.7798
359.8656	18.7881
360.0180	18.7964
360.1704	18.8147
360.3228	17.8317
360.4752	17.4998
360.6276	17.4159
360.7800	17.3106
360.9324	17.5062
361.0848	18.6218
361.2372	18.7853
361.3896	18.8210
361.5420	18.8131
361.6944	18.8115
361.8468	18.8075
361.9992	18.8186
362.1516	18.8463
362.3040	18.8158
362.4564	18.8048
362.6088	18.7798
362.7612	18.8186
362.9136	18.7988
363.0660	18.7937
363.2184	18.7077
363.3708	18.7798
363.5232	18.7105
363.6756	18.3743
363.8280	18.4056
363.9804	18.6495
364.1328	18.7101
364.2852	18.6384
364.4376	18.6151
364.5900	18.5996
364.7424	18.1616
364.8948	18.6341
365.0472	18.6135
365.1996	18.1747
365.3520	17.4464
365.5044	17.0880
365.6568	17.9232
365.8092	18.7382
365.9616	18.6404
366.1140	17.4048
366.2664	17.4016
366.4188	17.3383
366.5712	17.4575
366.7236	17.4523
366.8760	17.4547
367.0284	17.4547
367.1808	17.4682
367.3332	17.5018
367.4856	17.5018
367.6380	17.5062
367.7904	17.4991
367.9428	17.5062
368.0952	17.5018
368.2476	17.8179
368.4000	18.8749
368.5524	18.9461
368.7048	18.8558
368.8572	18.7853
369.0096	16.3237
369.1620	17.0405
369.3144	18.8574
369.4668	18.8269
369.6192	18.7291
369.7716	18.7465
369.9240	18.5707
370.0764	18.7465
370.2288	18.5739
370.3812	17.9038
370.5336	17.6155
370.6860	17.4903
370.8384	17.5600
370.9908	17.5767
371.1432	17.5727
371.2956	17.5628
371.4480	17.5600
371.6004	17.5791
371.7528	17.6044
371.9052	17.6543
372.0576	17.7280
372.2100	17.7042
372.3624	17.6404
372.5148	17.6202
372.6672	17.1220
372.8196	12.7570
372.9720	17.2440
373.1244	15.9189
373.2768	14.5249
373.4292	15.3174
373.5816	18.0840
373.7340	18.6404
373.8864	18.7382
374.0388	18.7327
374.1912	18.4820
374.3436	17.6515
374.4960	17.5794
374.6484	17.5695
374.8008	17.4797
374.9532	17.4408
375.1056	17.3319
375.2580	17.3189
375.4104	17.3256
375.5628	17.2967
375.7152	17.2884
375.8676	17.2856
376.0200	17.2686
376.1724	17.2579
376.3248	17.2579
376.4772	17.2496
376.6296	17.4519
376.7820	17.6515
376.9344	17.6488
377.0868	17.6543
377.2392	16.7949
377.3916	16.7680
377.5440	16.7478
377.6964	16.7450
377.8488	16.6444
378.0012	16.8088
378.1536	17.1359
378.3060	17.1775
378.4584	17.2084
378.6108	17.2107
378.7632	17.2385
378.9156	17.2412
379.0680	17.3383
379.2204	17.3993
379.3728	17.3937
379.5252	17.4111
379.6776	17.4298
379.8300	17.4159
379.9824	17.4103
380.1348	17.4080
380.2872	17.4270
380.4396	17.4131
380.5920	17.4238
380.7444	17.4602
380.8968	17.4686
381.0492	17.4523
381.2016	17.4658
381.3540	17.5295
381.5064	17.5379
381.6588	17.5434
381.8112	18.2420
381.9636	18.8131
382.1160	18.8115
382.2684	18.8020
382.4208	18.8020
382.5732	18.8083
382.7256	18.7549
382.8780	18.7244
383.0304	18.5327
383.1828	17.7458
383.3352	18.6939
383.4876	18.7228
383.6400	18.6467
383.7924	18.3529
383.9448	18.3945
384.0972	18.3869
384.2496	18.6578
384.4020	18.6634
384.5544	18.6594
384.7068	18.7133
384.8592	18.1976
385.0116	17.9466
385.1640	17.7236
385.3164	17.5474
385.4688	17.5739
385.6212	17.5268
385.7736	18.5636
385.9260	18.9129
386.0784	18.8824
386.2308	17.8515
386.3832	17.4991
386.5356	17.5220
386.6880	17.8456
386.8404	17.4111
386.9928	17.3244
387.1452	17.3272
387.2976	17.3272
387.4500	17.1387
387.6024	18.2337
387.7548	18.8048
387.9072	18.8052
388.0596	18.8075
388.2120	18.8048
388.3644	18.8147
388.5168	18.7964
388.6692	18.7992
388.8216	18.8052
388.9740	18.8020
389.1264	12.7614
389.2788	9.1833
389.4312	9.1631
389.5836	9.0716
389.7360	7.5612
389.8884	6.1886
390.0408	6.0583
390.1932	6.0373
390.3456	6.0666
390.4980	6.6626
390.6504	9.3417
390.8028	9.5152
390.9552	6.4852
391.1076	6.4777
391.2600	13.8897
391.4124	18.7410
391.5648	18.7703
391.7172	18.6246
391.8696	18.0638
392.0220	17.7319
392.1744	18.1062
392.3268	18.0891
392.4792	18.0840
392.6316	18.0674
392.7840	18.0321
392.9364	18.0840
393.0888	18.0891
393.2412	18.1145
393.3936	17.9953
393.5460	18.6943
393.6984	18.4915
393.8508	18.3723
394.0032	18.7069
394.1556	18.7909
394.3080	18.8103
394.4604	18.8052
394.6128	18.7964
394.7652	18.8052
394.9176	18.8186
395.0700	18.8075
395.2224	18.8020
395.3748	18.8075
395.5272	18.8020
395.6796	18.8083
395.8320	18.8242
395.9844	18.8083
396.1368	18.8048
396.2892	18.8075
396.4416	18.8147
396.5940	18.8048
396.7464	18.8103
396.8988	18.8051
397.0512	18.8158
397.2036	18.8075
397.3560	18.8158
397.5084	18.8115
397.6608	18.8214
397.8132	18.8075
397.9656	18.8051
398.1180	18.7992
398.2704	18.8075
398.4228	18.8052
398.5752	18.8075
398.7276	18.8158
398.8800	18.8052
399.0324	18.8048
399.1848	18.8048
399.3372	18.8115
399.4896	18.7632
399.6420	18.5525
399.7944	18.7386
399.9468	18.5109
400.0992	18.0321
400.2516	17.6820
400.4040	18.7105
400.5564	18.8075
400.7088	18.8020
400.8612	18.8075
401.0136	18.8147
401.1660	18.8048
401.3184	18.8048
401.4708	18.8083
401.6232	18.8131
401.7756	18.8083
401.9280	18.5913
402.0804	18.7937
402.2328	18.8020
402.3852	18.7715
402.5376	18.7545
402.6900	18.8103
402.8424	18.8020
402.9948	18.8051
403.1472	18.8131
403.2996	18.8075
403.4520	18.8083
403.6044	18.8048
403.7568	18.8020
403.9092	18.8020
404.0616	18.8020
404.2140	18.8131
404.3664	18.8051
404.5188	18.8075
404.6712	18.7766
404.8236	18.7160
404.9760	18.7133
405.1284	18.7038
405.2808	18.6939
405.4332	18.6939
405.5856	18.7450
405.7380	18.1672
405.8904	17.8622
406.0428	17.8622
406.1952	17.8610
406.3476	17.8262
406.5000	17.5905
406.6524	18.1335
406.8048	18.0812
406.9572	17.4840
407.1096	17.4131
407.2620	17.4935
407.4144	18.7687
407.5668	18.8147
407.7192	18.8020
407.8716	18.7956
408.0240	18.8020
408.1764	18.8103
408.3288	18.7992
408.4812	18.8052
408.6336	18.8186
408.7860	18.8020
408.9384	18.8048
409.0908	18.7687
409.2432	18.8051
409.3956	18.7909
409.5480	18.7798
409.7004	18.8158
409.8528	18.8075
410.0052	18.8048
410.1576	18.8083
410.3100	18.8075
410.4624	18.8020
410.6148	18.8020
410.7672	18.8075
410.9196	18.8158
411.0720	18.8048
411.2244	18.8052
411.3768	18.8048
411.5292	18.8103
411.6816	18.8020
411.8340	18.7992
411.9864	18.8147
412.1388	18.8020
412.2912	18.7743
412.4436	16.4539
412.5960	15.3360
412.7484	15.3257
412.9008	15.3035
413.0532	15.3138
413.2056	14.9542
413.3580	14.8766
413.5104	14.9736
413.6628	15.2092
413.8152	16.3181
413.9676	18.4000
414.1200	18.6162
414.2724	18.7937
414.4248	18.8103
414.5772	18.8075
414.7296	18.8131
414.8820	18.8051
415.0344	18.8020
415.1868	18.8131
415.3392	18.8115
415.4916	18.8075
415.6440	18.8103
415.7964	18.7988
415.9488	18.8103
416.1012	18.8147
416.2536	18.7992
416.4060	18.8131
416.5584	18.8020
416.7108	18.7992
416.8632	18.8048
417.0156	18.8147
417.1680	18.8075
417.3204	18.8020
417.4728	18.4440
417.6252	17.4713
417.7776	15.3894
417.9300	12.6430
418.0824	7.5830
418.2348	7.8768
418.3872	7.6404
418.5396	7.5857
418.6920	7.8115
418.8444	13.4129
418.9968	18.8214
419.1492	18.0163
419.3016	13.6014
419.4540	14.1574
419.6064	16.3985
419.7588	16.9086
419.9112	17.2745
420.0636	18.6721
420.2160	18.8020
420.3684	18.7881
420.5208	17.5101
420.6732	18.4978
420.8256	17.0112
420.9780	16.6341
421.1304	16.6286
421.2828	16.3846
421.4352	16.1656
421.5876	16.1490
421.7400	16.1344
421.8924	16.0991
422.0448	17.1553
422.1972	18.7766
422.3496	18.7853
422.5020	18.7937
422.6544	18.7988
422.8068	18.8131
422.9592	18.8158
423.1116	18.8103
423.2640	18.8052
423.4164	18.8103
423.5688	18.8048
423.7212	18.8051
423.8736	18.8020
424.0260	18.8048
424.1784	18.8115
424.3308	18.7549
424.4832	18.5961
424.6356	18.6412
424.7880	18.8131
424.9404	18.8052
425.0928	18.8048
425.2452	18.8103
425.3976	18.8051
425.5500	18.8048
425.7024	18.8048
425.8548	18.8020
426.0072	18.8020
426.1596	18.7937
426.3120	18.7228
426.4644	18.7937
426.6168	18.8048
426.7692	18.8052
426.9216	18.8048
427.0740	18.8020
427.2264	18.7925
427.3788	18.7354
427.5312	16.5316
427.6836	15.9918
427.8360	16.0049
427.9884	15.9938
428.1408	17.0246
428.2932	18.8158
428.4456	18.8103
428.5980	18.8147
428.7504	18.8242
428.9028	18.8103
429.0552	18.8147
429.2076	18.8186
429.3600	18.8269
429.5124	18.8178
429.6648	18.8158
429.8172	18.8083
429.9696	18.8186
430.1220	18.8048
430.2744	18.8115
430.4268	18.8131
430.5792	18.8242
430.7316	18.8103
430.8840	18.8131
431.0364	18.8115
431.1888	18.8131
431.3412	18.8158
431.4936	18.8083
431.6460	18.8186
431.7984	18.8158
431.9508	18.8052
432.1032	18.8214
432.2556	18.8075
432.4080	18.8214
432.5604	18.8048
432.7128	18.8052
432.8652	18.8048
433.0176	18.8158
433.1700	18.8186
433.3224	18.8115
433.4748	18.8075
433.6272	18.8214
433.7796	18.8020
433.9320	18.8075
434.0844	18.8051
434.2368	18.8075
434.3892	18.8158
434.5416	18.8103
434.6940	18.7992
434.8464	18.8048
434.9988	18.8147
435.1512	18.2309
435.3036	13.6125
435.4560	13.3408
435.6084	13.3020
435.7608	13.2826
435.9132	13.9701
436.0656	18.6745
436.2180	15.8746
436.3704	15.4837
436.5228	17.5284
436.6752	14.7463
436.8276	14.5827
436.9800	12.9222
437.1324	7.9952
437.2848	7.1062
437.4372	7.2475
437.5896	7.2503
437.7420	7.2570
437.8944	8.1987
438.0468	12.4786
438.1992	12.5036
438.3516	12.4980
438.5040	12.6699
438.6564	15.3257
438.8088	17.2686
438.9612	17.3133
439.1136	18.5497
439.2660	18.7022
439.4184	18.7160
439.5708	18.7196
439.7232	18.7244
439.8756	18.6495
440.0280	18.6357
440.1804	18.6277
440.3328	15.6750
440.4852	14.6243
440.6376	14.2639
440.7900	11.7432
440.9424	12.0822
441.0948	14.3637
441.2472	14.3637
441.3996	13.7677
441.5520	14.2140
441.7044	14.6354
441.8568	14.8516
442.0092	14.8960
442.1616	14.5946
442.3140	14.1530
442.4664	14.1724
442.6188	14.1392
442.7712	14.1067
442.9236	14.1031
443.0760	14.0976
443.2284	14.1946
443.3808	16.3736
443.5332	15.0595
443.6856	14.2239
443.8380	15.2896
443.9904	15.8829
444.1428	14.6687
444.2952	15.6306
444.4476	15.6500
444.6000	15.0928
444.7524	13.9610
444.9048	13.3630
445.0572	13.2050
445.2096	13.2604
445.3620	12.9915
445.5144	13.0608
445.6668	14.1004
445.8192	14.2501
445.9716	14.2398
446.1240	14.2279
446.2764	14.1253
446.4288	14.1289
446.5812	14.1115
446.7336	14.0643
446.8860	13.7677
447.0384	13.6600
447.1908	13.6430
447.3432	13.6513
447.4956	13.6513
447.6480	13.6568
447.8004	13.6505
447.9528	13.6263
448.1052	13.5931
448.2576	13.5931
448.4100	13.5986
448.5624	13.5935
448.7148	13.6263
448.8672	13.7095
449.0196	13.7178
449.1720	13.7138
449.3244	13.7123
449.4768	13.7039
449.6292	13.7677
449.7816	16.5652
449.9340	18.8020
450.0864	17.2662
450.2388	16.8365
450.3912	17.2401
450.5436	18.6717
450.6960	18.8103
450.8484	18.8103
451.0008	18.8083
451.1532	18.8075
451.3056	18.8020
451.4580	18.8048
451.6104	18.8052
451.7628	18.8075
451.9152	18.7992
452.0676	18.8020
452.2200	18.7481
452.3724	18.7160
452.5248	18.6883
452.6772	18.6384
452.8296	18.7228
452.9820	18.7937
453.1344	18.7465
453.2868	18.7992
453.4392	18.7992
453.5916	18.7659
453.7440	18.7545
453.8964	18.8020
454.0488	18.7604
454.2012	17.8567
454.3536	16.4322
454.5060	16.3098
454.6584	15.5391
454.8108	15.3146
454.9632	14.9708
455.1156	14.3031
455.2680	14.2667
455.4204	12.3012
455.5728	11.9159
455.7252	14.3887
455.8776	16.1934
456.0300	16.1906
456.1824	16.1122
456.3348	15.3451
456.4872	14.9930
456.6396	14.7403
456.7920	14.5356
456.9444	14.6132
457.0968	14.5217
457.2492	14.4552
457.4016	14.5245
457.5540	14.6659
457.7064	14.3443
457.8588	14.3637
458.0112	15.4975
458.1636	15.4865
458.3160	16.5652
458.4684	18.8352
458.6208	18.6855
458.7732	18.2753
458.9256	14.6453
459.0780	14.0394
459.2304	13.7261
459.3828	13.7095
459.5352	13.7138
459.6876	13.7067
459.8400	13.7067
459.9924	13.7233
460.1448	13.7150
460.2972	13.7265
460.4496	13.7233
460.6020	13.8065
460.7544	13.9507
460.9068	13.9356
461.0592	13.9340
461.2116	13.9340
461.3640	13.9293
461.5164	13.9479
461.6688	13.9368
461.8212	13.9340
461.9736	14.0972
462.1260	15.8108
462.2784	14.6465
462.4308	15.1399
462.5832	16.1977
462.7356	15.2702
462.8880	15.4144
463.0404	15.4726
463.1928	16.3815
463.3452	18.3446
463.4976	18.7105
463.6500	18.8075
463.8024	18.8875
463.9548	18.8242
464.1072	18.6246
464.2596	17.3414
464.4120	17.3549
464.5644	17.2812
464.7168	17.2884
464.8692	16.9296
465.0216	13.3075
465.1740	12.3483
465.3264	12.3533
465.4788	12.3336
