HOLE:	U1352B
EXPEDITION:	317
TOP:	82.0404
BOTTOM:	469.8984
DEPTH_WMSF	IDPH	IMPH	SFLU
m	ohm.m	ohm.m	ohm.m
82.0404	1950.0000	1950.0000	1.2524
82.1928	0.3418	1950.0000	0.8416
82.3452	0.3726	2.5615	0.9003
82.4976	0.4328	1.0645	0.7481
82.6500	0.4890	0.7033	0.8300
82.8024	0.5925	0.6138	0.7987
82.9548	1.0632	0.6506	0.8027
83.1072	1.2191	0.7951	0.8292
83.2596	1.8610	1.0698	0.8455
83.4120	1.9568	1.4289	0.8306
83.5644	1.3313	1.6002	0.8082
83.7168	1.3102	1.4528	0.7537
83.8692	1.2925	1.2557	0.6957
84.0216	1.2432	1.1561	0.8279
84.1740	1.2077	1.1597	0.9002
84.3264	1.2285	1.2420	0.6570
84.4788	1.2651	1.3421	0.7000
84.6312	1.2976	1.3843	0.8244
84.7836	1.3111	1.3509	0.7666
84.9360	1.3083	1.2757	0.7125
85.0884	1.3065	1.1949	0.7313
85.2408	1.2965	1.1378	0.6341
85.3932	1.2703	1.1183	0.7768
85.5456	1.2342	1.1301	0.6499
85.6980	1.2059	1.1575	0.7739
85.8504	1.1984	1.1814	0.6704
86.0028	1.2045	1.1851	0.7837
86.1552	1.2176	1.1692	0.6059
86.3076	1.2303	1.1498	0.7673
86.4600	1.2455	1.1398	0.6514
86.6124	1.2622	1.1428	0.7275
86.7648	1.2689	1.1562	0.6860
86.9172	1.2772	1.1723	0.8229
87.0696	1.2747	1.1825	0.6321
87.2220	1.2727	1.1836	0.8028
87.3744	1.2701	1.1785	0.7780
87.5268	1.2681	1.1722	0.7183
87.6792	1.2708	1.1687	0.7260
87.8316	1.2737	1.1693	0.7261
87.9840	1.2753	1.1717	0.6616
88.1364	1.2808	1.1731	0.6763
88.2888	1.2865	1.1730	0.7154
88.4412	1.2865	1.1721	0.6071
88.5936	1.2916	1.1710	0.7094
88.7460	1.2921	1.1707	0.7011
88.8984	1.2958	1.1730	0.7074
89.0508	1.3083	1.1799	0.7082
89.2032	1.3533	1.1915	0.6888
89.3556	1.3772	1.2029	0.7214
89.5080	1.3461	1.2059	0.6901
89.6604	1.3263	1.2004	0.6751
89.8128	1.3427	1.1986	0.7012
89.9652	1.3907	1.2127	0.7192
90.1176	1.4442	1.2403	0.9300
90.2700	1.4340	1.2674	0.6916
90.4224	1.4151	1.2834	0.8810
90.5748	1.4069	1.2902	0.8502
90.7272	1.4302	1.2957	0.9118
90.8796	1.4407	1.2987	0.7291
91.0320	1.4299	1.2871	0.6932
91.1844	1.3937	1.2587	0.6741
91.3368	1.3868	1.2317	0.7597
91.4892	1.4290	1.2255	0.6799
91.6416	1.4348	1.2410	0.6896
91.7940	1.4069	1.2633	0.6597
91.9464	1.3960	1.2788	0.6595
92.0988	1.4166	1.2885	0.7505
92.2512	1.4682	1.3033	0.9870
92.4036	1.5218	1.3290	0.8307
92.5560	1.5182	1.3587	0.7031
92.7084	1.5241	1.3788	0.8866
92.8608	1.5263	1.3828	0.7769
93.0132	1.5272	1.3762	0.8985
93.1656	1.5353	1.3666	0.7985
93.3180	1.5376	1.3587	0.7502
93.4704	1.5376	1.3572	0.7221
93.6228	1.5505	1.3665	0.6933
93.7752	1.5490	1.3871	0.6692
93.9276	1.5692	1.4119	0.9469
94.0800	1.5791	1.4297	0.7625
94.2324	1.5789	1.4325	0.8825
94.3848	1.5816	1.4208	0.6576
94.5372	1.5860	1.4013	0.7443
94.6896	1.5856	1.3816	0.8360
94.8420	1.5795	1.3673	0.7782
94.9944	1.5729	1.3631	0.8041
95.1468	1.5693	1.3699	0.7701
95.2992	1.5665	1.3844	0.8917
95.4516	1.5693	1.3996	0.7526
95.6040	1.5762	1.4082	0.7391
95.7564	1.5653	1.4044	0.8263
95.9088	1.5551	1.3871	0.7555
96.0612	1.5322	1.3600	0.7669
96.2136	1.5135	1.3307	0.7706
96.3660	1.5039	1.3091	0.6718
96.5184	1.5085	1.3027	0.7805
96.6708	1.5135	1.3106	0.7506
96.8232	1.5156	1.3248	0.8372
96.9756	1.5198	1.3394	0.7839
97.1280	1.5476	1.3549	0.8433
97.2804	1.5834	1.3750	0.8772
97.4328	1.5824	1.3986	0.7653
97.5852	1.5765	1.4174	0.7628
97.7376	1.5843	1.4229	0.7519
97.8900	1.5806	1.4148	0.8235
98.0424	1.5624	1.3947	0.9201
98.1948	1.5138	1.3572	0.7025
98.3472	1.4738	1.2998	0.6641
98.4996	1.4424	1.2333	0.6464
98.6520	1.4030	1.1776	0.7179
98.8044	1.3732	1.1478	0.6921
98.9568	1.3602	1.1457	0.6870
99.1092	1.3437	1.1597	0.6887
99.2616	1.3285	1.1723	0.6795
99.4140	1.3208	1.1721	0.7157
99.5664	1.3183	1.1589	0.6237
99.7188	1.3162	1.1397	0.7864
99.8712	1.3148	1.1226	0.6987
100.0236	1.3124	1.1120	0.6874
100.1760	1.3098	1.1075	0.6900
100.3284	1.3032	1.1064	0.6547
100.4808	1.2989	1.1047	0.6019
100.6332	1.2947	1.0983	0.6940
100.7856	1.2947	1.0864	0.6329
100.9380	1.2963	1.0724	0.6751
101.0904	1.2940	1.0619	0.6713
101.2428	1.2911	1.0587	0.6514
101.3952	1.2995	1.0629	0.6076
101.5476	1.2968	1.0699	0.6146
101.7000	1.2840	1.0738	0.6026
101.8524	1.2842	1.0734	0.6243
102.0048	1.2897	1.0701	0.6189
102.1572	1.2904	1.0608	0.6309
102.3096	1.2784	1.0366	0.6212
102.4620	1.2361	0.9952	0.5582
102.6144	1.2056	0.9477	0.4957
102.7668	1.1926	0.9097	0.5096
102.9192	1.1889	0.8902	0.5285
103.0716	1.1848	0.8875	0.5567
103.2240	1.1875	0.8966	0.5296
103.3764	1.2031	0.9175	0.5387
103.5288	1.2342	0.9569	0.6095
103.6812	1.2482	1.0172	0.6228
103.8336	1.2291	1.0867	0.6723
103.9860	1.2080	1.1402	0.6655
104.1384	1.2163	1.1578	0.6135
104.2908	1.2536	1.1451	0.6988
104.4432	1.2939	1.1246	0.6750
104.5956	1.3020	1.1122	0.5835
104.7480	1.2968	1.1103	0.6411
104.9004	1.2932	1.1148	0.7938
105.0528	1.3000	1.1205	0.7205
105.2052	1.3069	1.1251	0.6935
105.3576	1.2928	1.1293	0.6849
105.5100	1.2895	1.1334	0.5934
105.6624	1.2888	1.1365	0.7098
105.8148	1.2887	1.1378	0.6785
105.9672	1.3323	1.1375	0.6786
106.1196	1.2741	1.1348	0.6719
106.2720	1.2727	1.1288	0.7363
106.4244	1.2694	1.1189	0.6805
106.5768	1.2669	1.1075	0.6594
106.7292	1.2560	1.1003	0.6827
106.8816	1.2527	1.1019	0.6983
107.0340	1.2512	1.1096	0.6813
107.1864	1.2577	1.1156	0.6606
107.3388	1.2602	1.1135	0.7194
107.4912	1.2604	1.1040	0.6735
107.6436	1.2648	1.0953	0.6843
107.7960	1.2733	1.0955	0.6791
107.9484	1.2797	1.1048	0.6721
108.1008	1.2870	1.1173	0.6834
108.2532	1.2936	1.1271	0.6764
108.4056	1.2942	1.1302	0.6834
108.5580	1.2955	1.1261	0.6708
108.7104	1.2984	1.1173	0.7027
108.8628	1.2975	1.1070	0.6670
109.0152	1.2981	1.0982	0.6193
109.1676	1.2984	1.0943	0.7035
109.3200	1.3008	1.0970	0.7291
109.4724	1.2998	1.1034	0.6558
109.6248	1.2984	1.1095	0.6595
109.7772	1.2944	1.1128	0.6898
109.9296	1.2876	1.1115	0.6495
110.0820	1.2821	1.1052	0.6934
110.2344	1.2797	1.0954	0.7051
110.3868	1.2820	1.0845	0.6642
110.5392	1.2843	1.0763	0.6556
110.6916	1.2893	1.0771	0.6842
110.8440	1.3007	1.0925	0.6511
110.9964	1.3100	1.1225	0.6599
111.1488	1.3286	1.1610	0.7146
111.3012	1.3554	1.1986	0.6836
111.4536	1.3764	1.2259	0.7574
111.6060	1.3831	1.2390	0.8427
111.7584	1.3854	1.2395	0.6465
111.9108	1.3938	1.2299	0.7891
112.0632	1.3982	1.2130	0.8641
112.2156	1.4035	1.1957	0.7112
112.3680	1.4140	1.1864	0.6983
112.5204	1.4135	1.1888	0.7224
112.6728	1.4136	1.2007	0.6778
112.8252	1.4145	1.2176	0.7359
112.9776	1.4134	1.2340	0.7968
113.1300	1.4107	1.2437	0.9008
113.2824	1.4069	1.2416	0.7854
113.4348	1.4020	1.2260	0.6781
113.5872	1.3972	1.2017	0.6649
113.7396	1.3744	1.1793	0.7170
113.8920	1.3423	1.1678	0.6634
114.0444	1.3222	1.1682	0.7157
114.1968	1.3147	1.1743	0.7038
114.3492	1.3101	1.1776	0.7184
114.5016	1.3058	1.1716	0.7220
114.6540	1.2996	1.1554	0.6904
114.8064	1.2938	1.1351	0.7077
114.9588	1.2893	1.1188	0.7264
115.1112	1.2855	1.1112	0.7133
115.2636	1.2850	1.1126	0.7060
115.4160	1.2866	1.1198	0.6964
115.5684	1.2916	1.1286	0.7757
115.7208	1.3031	1.1373	0.7913
115.8732	1.3166	1.1468	0.7768
116.0256	1.3240	1.1582	0.6798
116.1780	1.3281	1.1706	0.5992
116.3304	1.3318	1.1808	0.6473
116.4828	1.3341	1.1850	0.7161
116.6352	1.3393	1.1824	0.7272
116.7876	1.3518	1.1772	0.6521
116.9400	1.3667	1.1748	0.7468
117.0924	1.3759	1.1794	0.7370
117.2448	1.3785	1.1915	0.7960
117.3972	1.3778	1.2082	0.8062
117.5496	1.3751	1.2220	0.7758
117.7020	1.3709	1.2241	0.6918
117.8544	1.3627	1.2084	0.7372
118.0068	1.3441	1.1765	0.7839
118.1592	1.3076	1.1384	0.7564
118.3116	1.2628	1.1058	0.6801
118.4640	1.2372	1.0864	0.6732
118.6164	1.2298	1.0805	0.7042
118.7688	1.2274	1.0820	0.6906
118.9212	1.2306	1.0842	0.7327
119.0736	1.2367	1.0859	0.7197
119.2260	1.2348	1.0918	0.7620
119.3784	1.2307	1.1057	0.8063
119.5308	1.2456	1.1253	0.7748
119.6832	1.2622	1.1436	0.6926
119.8356	1.2684	1.1548	0.7105
119.9880	1.2739	1.1594	0.7342
120.1404	1.2706	1.1609	0.6651
120.2928	1.2662	1.1572	0.6554
120.4452	1.2669	1.1433	0.7510
120.5976	1.2710	1.1203	0.6912
120.7500	1.2688	1.0972	0.6821
120.9024	1.2550	1.0831	0.6702
121.0548	1.2508	1.0818	0.7108
121.2072	1.2610	1.0894	0.7472
121.3596	1.2727	1.0979	0.7785
121.5120	1.2753	1.1029	0.7222
121.6644	1.2747	1.1064	0.7044
121.8168	1.2742	1.1122	0.7163
121.9692	1.2707	1.1193	0.7211
122.1216	1.2610	1.1212	0.7176
122.2740	1.2476	1.1117	0.7080
122.4264	1.2351	1.0915	0.6905
122.5788	1.2129	1.0686	0.6759
122.7312	1.1866	1.0516	0.6542
122.8836	1.1819	1.0431	0.6295
123.0360	1.1883	1.0402	0.6500
123.1884	1.1947	1.0385	0.6610
123.3408	1.1908	1.0353	0.6645
123.4932	1.1786	1.0312	0.6567
123.6456	1.1715	1.0290	0.6649
123.7980	1.1769	1.0304	0.6720
123.9504	1.1836	1.0341	0.6368
124.1028	1.1886	1.0365	0.6178
124.2552	1.1932	1.0354	0.6669
124.4076	1.1957	1.0326	0.6972
124.5600	1.1975	1.0331	0.6639
124.7124	1.2008	1.0417	0.6353
124.8648	1.2069	1.0583	0.6849
125.0172	1.2159	1.0779	0.6852
125.1696	1.2246	1.0933	0.6675
125.3220	1.2294	1.0997	0.7334
125.4744	1.2321	1.0975	0.6801
125.6268	1.2348	1.0911	0.6493
125.7792	1.2363	1.0850	0.7069
125.9316	1.2374	1.0810	0.6976
126.0840	1.2378	1.0789	0.6256
126.2364	1.2356	1.0784	0.6680
126.3888	1.2317	1.0788	0.6934
126.5412	1.2274	1.0791	0.6347
126.6936	1.2235	1.0781	0.6405
126.8460	1.2194	1.0747	0.6920
126.9984	1.2146	1.0694	0.7097
127.1508	1.2107	1.0625	0.6425
127.3032	1.2067	1.0532	0.6196
127.4556	1.2027	1.0409	0.6523
127.6080	1.1978	1.0284	0.6235
127.7604	1.1953	1.0217	0.5975
127.9128	1.1987	1.0260	0.6467
128.0652	1.2000	1.0414	0.6719
128.2176	1.1952	1.0611	0.6664
128.3700	1.1901	1.0747	0.6161
128.5224	1.1869	1.0750	0.6904
128.6748	1.1845	1.0620	0.6797
128.8272	1.1824	1.0408	0.6744
128.9796	1.1800	1.0187	0.6333
129.1320	1.1750	1.0011	0.5510
129.2844	1.1671	0.9903	0.6063
129.4368	1.1585	0.9848	0.5975
129.5892	1.1480	0.9821	0.5767
129.7416	1.1392	0.9807	0.6422
129.8940	1.1401	0.9820	0.6000
130.0464	1.1567	0.9895	0.6165
130.1988	1.1812	1.0057	0.6008
130.3512	1.2055	1.0290	0.6108
130.5036	1.2295	1.0553	0.6964
130.6560	1.2553	1.0811	0.7101
130.8084	1.2750	1.1048	0.6445
130.9608	1.2852	1.1254	0.7248
131.1132	1.2933	1.1410	0.7443
131.2656	1.3008	1.1489	0.6806
131.4180	1.3023	1.1482	0.7013
131.5704	1.3001	1.1421	0.7156
131.7228	1.2968	1.1356	0.6543
131.8752	1.2929	1.1315	0.7752
132.0276	1.2888	1.1298	0.7198
132.1800	1.2853	1.1291	0.6211
132.3324	1.2843	1.1286	0.7411
132.4848	1.2872	1.1290	0.6516
132.6372	1.2934	1.1319	0.6352
132.7896	1.3000	1.1387	0.7520
132.9420	1.3061	1.1490	0.6390
133.0944	1.3094	1.1604	0.6724
133.2468	1.3095	1.1691	0.7494
133.3992	1.3093	1.1715	0.7216
133.5516	1.3112	1.1664	0.7286
133.7040	1.3129	1.1562	0.6586
133.8564	1.3125	1.1455	0.7525
134.0088	1.3078	1.1383	0.6435
134.1612	1.3011	1.1357	0.6999
134.3136	1.2974	1.1362	0.7472
134.4660	1.2970	1.1375	0.6201
134.6184	1.2984	1.1390	0.7375
134.7708	1.3000	1.1414	0.7401
134.9232	1.3008	1.1447	0.6275
135.0756	1.3014	1.1477	0.7824
135.2280	1.3032	1.1490	0.7222
135.3804	1.3057	1.1480	0.6118
135.5328	1.3078	1.1460	0.6957
135.6852	1.3097	1.1449	0.7437
135.8376	1.3123	1.1459	0.6694
135.9900	1.3159	1.1485	0.7033
136.1424	1.3204	1.1520	0.8142
136.2948	1.3242	1.1551	0.7229
136.4472	1.3188	1.1559	0.7827
136.5996	1.3033	1.1516	0.6337
136.7520	1.2890	1.1379	0.7374
136.9044	1.2743	1.1108	0.6701
137.0568	1.2632	1.0740	0.7035
137.2092	1.2486	1.0394	0.6940
137.3616	1.2331	1.0174	0.6995
137.5140	1.2254	1.0103	0.6756
137.6664	1.2255	1.0151	0.6231
137.8188	1.2273	1.0287	0.6011
137.9712	1.2296	1.0502	0.7216
138.1236	1.2379	1.0783	0.5912
138.2760	1.2456	1.1048	0.6569
138.4284	1.2434	1.1152	0.6006
138.5808	1.2384	1.1024	0.7149
138.7332	1.2393	1.0774	0.6697
138.8856	1.2455	1.0574	0.6603
139.0380	1.2529	1.0527	0.6331
139.1904	1.2632	1.0647	0.6693
139.3428	1.2735	1.0883	0.6642
139.4952	1.2706	1.1138	0.6394
139.6476	1.2673	1.1324	0.6266
139.8000	1.2708	1.1402	0.7315
139.9524	1.2806	1.1381	0.6445
140.1048	1.2876	1.1312	0.7726
140.2572	1.2879	1.1260	0.6455
140.4096	1.2859	1.1256	0.7405
140.5620	1.2808	1.1271	0.7510
140.7144	1.2740	1.1258	0.6652
140.8668	1.2677	1.1185	0.7443
141.0192	1.2613	1.1057	0.6004
141.1716	1.2544	1.0909	0.7109
141.3240	1.2486	1.0780	0.6056
141.4764	1.2431	1.0686	0.6360
141.6288	1.2380	1.0635	0.7533
141.7812	1.2339	1.0631	0.5829
141.9336	1.2289	1.0675	0.7358
142.0860	1.2253	1.0756	0.5626
142.2384	1.2299	1.0853	0.6437
142.3908	1.2310	1.0941	0.6977
142.5432	1.2365	1.0999	0.5650
142.6956	1.2541	1.1016	0.7934
142.8480	1.2653	1.0984	0.6725
143.0004	1.2711	1.0916	0.6896
143.1528	1.2740	1.0863	0.7111
143.3052	1.2744	1.0895	0.7124
143.4576	1.2732	1.1055	0.6029
143.6100	1.2723	1.1313	0.8511
143.7624	1.2734	1.1572	0.6155
143.9148	1.2775	1.1717	0.7281
144.0672	1.2852	1.1711	0.8613
144.2196	1.2927	1.1614	0.8381
144.3720	1.3079	1.1511	0.7593
144.5244	1.3150	1.1448	0.7477
144.6768	1.3082	1.1432	0.7090
144.8292	1.3028	1.1451	0.7556
144.9816	1.3042	1.1487	0.8116
145.1340	1.2989	1.1528	0.7803
145.2864	1.2943	1.1558	0.7099
145.4388	1.2945	1.1546	0.7327
145.5912	1.2983	1.1460	0.6337
145.7436	1.3019	1.1289	0.6849
145.8960	1.3034	1.1041	0.6600
146.0484	1.3024	1.0751	0.7557
146.2008	1.3002	1.0470	0.7953
146.3532	1.2958	1.0253	0.6252
146.5056	1.2840	1.0147	0.7362
146.6580	1.2696	1.0167	0.6774
146.8104	1.2573	1.0287	0.6379
146.9628	1.2438	1.0448	0.7347
147.1152	1.2182	1.0581	0.6702
147.2676	1.2019	1.0633	0.7026
147.4200	1.1924	1.0574	0.5965
147.5724	1.1792	1.0420	0.8553
147.7248	1.1786	1.0240	0.6871
147.8772	1.1807	1.0104	0.6198
148.0296	1.1820	1.0043	0.5973
148.1820	1.1856	1.0044	0.7007
148.3344	1.1896	1.0067	0.6471
148.4868	1.1904	1.0087	0.6732
148.6392	1.1899	1.0121	0.5297
148.7916	1.1896	1.0202	0.6661
148.9440	1.1901	1.0326	0.5784
149.0964	1.1911	1.0459	0.6576
149.2488	1.1896	1.0566	0.6159
149.4012	1.1842	1.0626	0.5742
149.5536	1.1859	1.0643	0.6715
149.7060	1.1953	1.0636	0.5891
149.8584	1.2074	1.0628	0.6646
150.0108	1.2233	1.0630	0.6713
150.1632	1.2395	1.0648	0.6404
150.3156	1.2556	1.0696	0.6599
150.4680	1.2715	1.0796	0.7213
150.6204	1.2854	1.0965	0.6626
150.7728	1.2969	1.1209	0.7802
150.9252	1.3067	1.1499	0.7086
151.0776	1.3147	1.1766	0.7750
151.2300	1.3207	1.1928	0.6924
151.3824	1.3222	1.1927	0.7852
151.5348	1.3200	1.1774	0.6809
151.6872	1.3161	1.1545	0.7327
151.8396	1.3120	1.1335	0.7433
151.9920	1.3099	1.1216	0.7151
152.1444	1.3091	1.1213	0.6981
152.2968	1.3084	1.1310	0.7245
152.4492	1.3085	1.1460	0.6552
152.6016	1.3094	1.1603	0.7656
152.7540	1.3117	1.1688	0.8162
152.9064	1.3164	1.1699	0.7792
153.0588	1.3265	1.1667	0.7588
153.2112	1.3417	1.1645	0.6863
153.3636	1.3587	1.1684	0.6425
153.5160	1.3781	1.1798	0.6854
153.6684	1.3981	1.1966	0.6621
153.8208	1.4143	1.2157	0.7409
153.9732	1.4251	1.2352	0.8353
154.1256	1.4312	1.2527	0.7807
154.2780	1.4353	1.2638	0.7453
154.4304	1.4392	1.2645	0.7716
154.5828	1.4426	1.2555	0.7999
154.7352	1.4421	1.2429	0.7080
154.8876	1.4379	1.2356	0.6450
155.0400	1.4354	1.2388	0.6406
155.1924	1.4335	1.2504	0.7063
155.3448	1.4291	1.2640	0.6426
155.4972	1.4267	1.2744	0.6210
155.6496	1.4271	1.2802	0.7313
155.8020	1.4253	1.2819	0.8756
155.9544	1.4211	1.2790	0.9412
156.1068	1.4114	1.2684	0.8036
156.2592	1.3961	1.2468	0.7835
156.4116	1.3775	1.2147	0.8835
156.5640	1.3582	1.1790	0.7056
156.7164	1.3402	1.1493	0.6932
156.8688	1.3289	1.1331	0.7055
157.0212	1.3256	1.1332	0.6749
157.1736	1.3257	1.1469	0.7685
157.3260	1.3302	1.1684	0.8227
157.4784	1.3402	1.1921	0.6881
157.6308	1.3591	1.2145	0.7426
157.7832	1.3881	1.2349	0.7337
157.9356	1.4165	1.2534	0.6922
158.0880	1.4245	1.2688	0.7158
158.2404	1.4175	1.2781	0.7749
158.3928	1.3987	1.2767	0.7173
158.5452	1.3800	1.2606	0.7439
158.6976	1.3643	1.2288	0.7015
158.8500	1.3473	1.1881	0.6429
159.0024	1.3293	1.1504	0.6262
159.1548	1.3121	1.1250	0.7284
159.3072	1.2941	1.1138	0.7532
159.4596	1.2753	1.1113	0.7491
159.6120	1.2569	1.1085	0.7272
159.7644	1.2472	1.1000	0.6797
159.9168	1.2412	1.0873	0.6714
160.0692	1.2361	1.0757	0.6911
160.2216	1.2343	1.0693	0.6005
160.3740	1.2392	1.0702	0.6852
160.5264	1.2447	1.0774	0.6413
160.6788	1.2422	1.0875	0.7698
160.8312	1.2429	1.0976	0.5499
160.9836	1.2469	1.1057	0.6125
161.1360	1.2354	1.1065	0.6865
161.2884	1.2295	1.0946	0.8043
161.4408	1.2258	1.0716	0.7264
161.5932	1.2198	1.0477	0.5609
161.7456	1.2211	1.0347	0.7434
161.8980	1.2040	1.0373	0.5625
162.0504	1.1802	1.0490	0.6033
162.2028	1.1745	1.0564	0.5310
162.3552	1.1744	1.0507	0.6894
162.5076	1.1783	1.0367	0.6451
162.6600	1.1892	1.0255	0.7505
162.8124	1.1971	1.0251	0.6083
162.9648	1.1985	1.0366	0.6543
163.1172	1.1982	1.0548	0.7448
163.2696	1.1979	1.0715	0.6462
163.4220	1.1973	1.0801	0.6420
163.5744	1.1973	1.0788	0.7350
163.7268	1.1986	1.0706	0.6353
163.8792	1.2001	1.0604	0.6998
164.0316	1.2021	1.0530	0.6173
164.1840	1.2046	1.0517	0.6545
164.3364	1.2069	1.0562	0.6667
164.4888	1.2076	1.0637	0.6813
164.6412	1.2079	1.0704	0.7046
164.7936	1.2096	1.0737	0.6912
164.9460	1.2113	1.0727	0.6931
165.0984	1.2115	1.0694	0.6322
165.2508	1.2095	1.0664	0.6613
165.4032	1.2059	1.0653	0.7210
165.5556	1.2014	1.0655	0.6658
165.7080	1.1966	1.0651	0.7366
165.8604	1.1921	1.0621	0.6945
166.0128	1.1889	1.0558	0.6358
166.1652	1.1888	1.0476	0.6383
166.3176	1.1932	1.0406	0.6822
166.4700	1.2020	1.0384	0.7041
166.6224	1.2137	1.0446	0.6775
166.7748	1.2291	1.0618	0.6534
166.9272	1.2477	1.0897	0.7444
167.0796	1.2653	1.1237	0.8499
167.2320	1.2829	1.1558	0.7771
167.3844	1.3020	1.1774	0.7000
167.5368	1.3192	1.1846	0.8224
167.6892	1.3353	1.1804	0.8386
167.8416	1.3521	1.1720	0.6861
167.9940	1.3653	1.1666	0.7459
168.1464	1.3739	1.1686	0.7745
168.2988	1.3795	1.1786	0.7178
168.4512	1.3836	1.1946	0.7283
168.6036	1.3899	1.2125	0.7295
168.7560	1.3968	1.2282	0.7489
168.9084	1.3966	1.2381	0.7612
169.0608	1.3872	1.2402	0.7240
169.2132	1.3758	1.2332	0.6536
169.3656	1.3683	1.2163	0.6890
169.5180	1.3637	1.1899	0.8222
169.6704	1.3602	1.1567	0.6892
169.8228	1.3529	1.1220	0.5804
169.9752	1.3371	1.0920	0.5899
170.1276	1.3098	1.0714	0.6261
170.2800	1.2722	1.0616	0.6543
170.4324	1.2372	1.0608	0.7365
170.5848	1.2139	1.0652	0.7547
170.7372	1.2002	1.0709	0.7351
170.8896	1.1937	1.0744	0.6720
171.0420	1.1840	1.0729	0.7072
171.1944	1.1754	1.0657	0.7072
171.3468	1.1707	1.0544	0.6043
171.4992	1.1685	1.0408	0.7157
171.6516	1.1674	1.0267	0.7069
171.8040	1.1666	1.0139	0.6531
171.9564	1.1643	1.0035	0.6507
172.1088	1.1599	0.9965	0.6271
172.2612	1.1558	0.9938	0.7255
172.4136	1.1538	0.9949	0.5603
172.5660	1.1494	0.9978	0.5081
172.7184	1.1440	1.0003	0.5713
172.8708	1.1383	1.0017	0.7828
173.0232	1.1398	1.0020	0.5461
173.1756	1.1438	1.0020	0.6540
173.3280	1.1483	1.0041	0.7256
173.4804	1.1573	1.0105	0.6208
173.6328	1.1648	1.0204	0.7042
173.7852	1.1732	1.0320	0.5809
173.9376	1.1845	1.0442	0.5412
174.0900	1.1969	1.0584	0.7461
174.2424	1.2095	1.0748	0.6793
174.3948	1.2173	1.0909	0.7670
174.5472	1.2282	1.1013	0.6125
174.6996	1.2382	1.1019	0.7617
174.8520	1.2495	1.0952	0.5690
175.0044	1.2447	1.0890	0.6125
175.1568	1.2411	1.0895	0.8102
175.3092	1.2401	1.0972	0.6704
175.4616	1.2437	1.1078	0.8406
175.6140	1.2409	1.1143	0.6813
175.7664	1.2408	1.1138	0.6488
175.9188	1.2451	1.1141	0.6848
176.0712	1.2493	1.1284	0.6831
176.2236	1.2517	1.1636	0.6300
176.3760	1.2525	1.2140	0.8481
176.5284	1.2646	1.2632	0.8189
176.6808	1.2875	1.2914	0.8150
176.8332	1.3239	1.2891	0.7175
176.9856	1.3343	1.2653	0.6745
177.1380	1.3383	1.2375	0.6854
177.2904	1.3064	1.2176	0.7524
177.4428	1.2816	1.2084	0.8053
177.5952	1.2699	1.2044	0.6777
177.7476	1.2674	1.1945	0.7683
177.9000	1.2651	1.1709	0.7019
178.0524	1.2610	1.1366	0.7186
178.2048	1.2594	1.1021	0.6461
178.3572	1.2628	1.0765	0.5457
178.5096	1.2644	1.0652	0.6272
178.6620	1.2621	1.0688	0.5723
178.8144	1.2567	1.0820	0.6543
178.9668	1.2584	1.0960	0.6576
179.1192	1.2571	1.1040	0.6320
179.2716	1.2530	1.1035	0.5434
179.4240	1.2493	1.0966	0.5715
179.5764	1.2570	1.0883	0.6744
179.7288	1.2674	1.0834	0.5712
179.8812	1.2730	1.0837	0.6683
180.0336	1.2766	1.0889	0.7105
180.1860	1.2777	1.0987	0.6379
180.3384	1.2779	1.1116	0.7440
180.4908	1.2778	1.1225	0.7259
180.6432	1.2780	1.1246	0.6599
180.7956	1.2760	1.1137	0.6696
180.9480	1.2695	1.0922	0.7601
181.1004	1.2587	1.0693	0.6103
181.2528	1.2416	1.0541	0.7383
181.4052	1.2256	1.0494	0.5966
181.5576	1.2121	1.0521	0.7613
181.7100	1.2012	1.0569	0.6009
181.8624	1.1945	1.0597	0.7456
182.0148	1.1927	1.0592	0.6076
182.1672	1.1962	1.0570	0.7248
182.3196	1.2014	1.0556	0.7242
182.4720	1.2074	1.0567	0.6368
182.6244	1.2123	1.0609	0.5965
182.7768	1.2166	1.0686	0.6734
182.9292	1.2219	1.0797	0.7562
183.0816	1.2279	1.0932	0.7695
183.2340	1.2341	1.1067	0.8034
183.3864	1.2401	1.1174	0.7779
183.5388	1.2447	1.1227	0.8041
183.6912	1.2485	1.1219	0.6612
183.8436	1.2511	1.1171	0.6527
183.9960	1.2528	1.1116	0.5888
184.1484	1.2534	1.1072	0.7044
184.3008	1.2528	1.1046	0.7205
184.4532	1.2486	1.1035	0.6787
184.6056	1.2441	1.1036	0.5914
184.7580	1.2433	1.1043	0.6217
184.9104	1.2440	1.1043	0.7222
185.0628	1.2428	1.1015	0.6793
185.2152	1.2413	1.0947	0.6263
185.3676	1.2398	1.0838	0.6154
185.5200	1.2386	1.0678	0.6549
185.6724	1.2366	1.0469	0.6690
185.8248	1.2312	1.0246	0.7012
185.9772	1.2194	1.0059	0.6374
186.1296	1.2080	0.9948	0.6645
186.2820	1.1993	0.9918	0.7040
186.4344	1.1890	0.9928	0.6290
186.5868	1.1916	0.9919	0.5785
186.7392	1.1971	0.9888	0.6757
186.8916	1.2091	0.9907	0.6965
187.0440	1.2187	1.0062	0.6524
187.1964	1.2131	1.0370	0.6397
187.3488	1.2120	1.0714	0.6895
187.5012	1.2164	1.0869	0.6799
187.6536	1.2215	1.0667	0.5954
187.8060	1.2371	1.0189	0.7060
187.9584	1.2438	0.9711	0.6108
188.1108	1.2519	0.9483	0.5657
188.2632	1.2555	0.9616	0.6061
188.4156	1.2560	1.0092	0.6892
188.5680	1.2558	1.0723	0.6319
188.7204	1.2543	1.1128	0.5629
188.8728	1.2506	1.0952	0.6448
189.0252	1.2427	1.0242	0.6381
189.1776	1.2317	0.9408	0.6249
189.3300	1.2194	0.8815	0.5715
189.4824	1.2017	0.8595	0.6063
189.6348	1.1944	0.8708	0.5908
189.7872	1.1883	0.9018	0.5956
189.9396	1.1643	0.9390	0.6123
190.0920	1.1578	0.9768	0.5558
190.2444	1.1836	1.0143	0.5574
190.3968	1.2025	1.0483	0.5725
190.5492	1.2095	1.0714	0.7620
190.7016	1.2106	1.0776	0.7432
190.8540	1.2103	1.0691	0.7066
191.0064	1.2093	1.0556	0.7581
191.1588	1.2072	1.0454	0.6689
191.3112	1.2000	1.0404	0.5946
191.4636	1.1884	1.0385	0.6567
191.6160	1.1777	1.0386	0.6771
191.7684	1.1690	1.0403	0.6281
191.9208	1.1593	1.0425	0.6422
192.0732	1.1482	1.0437	0.6806
192.2256	1.1423	1.0429	0.6658
192.3780	1.1403	1.0389	0.6458
192.5304	1.1391	1.0321	0.7004
192.6828	1.1379	1.0247	0.6091
192.8352	1.1370	1.0194	0.6761
192.9876	1.1363	1.0178	0.6447
193.1400	1.1358	1.0201	0.6980
193.2924	1.1349	1.0250	0.6273
193.4448	1.1337	1.0299	0.6399
193.5972	1.1330	1.0318	0.7273
193.7496	1.1331	1.0294	0.6332
193.9020	1.1332	1.0229	0.6604
194.0544	1.1339	1.0149	0.6921
194.2068	1.1365	1.0084	0.6384
194.3592	1.1403	1.0054	0.6531
194.5116	1.1443	1.0050	0.6336
194.6640	1.1467	1.0060	0.6679
194.8164	1.1463	1.0076	0.6314
194.9688	1.1441	1.0095	0.6554
195.1212	1.1414	1.0101	0.6075
195.2736	1.1387	1.0063	0.6827
195.4260	1.1352	0.9958	0.7162
195.5784	1.1322	0.9811	0.6765
195.7308	1.1309	0.9688	0.6849
195.8832	1.1310	0.9652	0.6095
196.0356	1.1326	0.9716	0.5716
196.1880	1.1346	0.9849	0.6099
196.3404	1.1386	1.0004	0.6533
196.4928	1.1503	1.0145	0.6338
196.6452	1.1692	1.0266	0.5964
196.7976	1.1914	1.0375	0.6751
196.9500	1.2120	1.0477	0.6284
197.1024	1.2283	1.0583	0.5353
197.2548	1.2396	1.0704	0.6233
197.4072	1.2469	1.0845	0.7843
197.5596	1.2511	1.0983	0.7390
197.7120	1.2541	1.1062	0.6845
197.8644	1.2554	1.1021	0.6535
198.0168	1.2532	1.0844	0.6733
198.1692	1.2436	1.0580	0.7779
198.3216	1.2268	1.0320	0.7522
198.4740	1.2137	1.0135	0.6691
198.6264	1.2134	1.0066	0.6019
198.7788	1.2239	1.0127	0.6734
198.9312	1.2395	1.0313	0.6574
199.0836	1.2545	1.0610	0.6428
199.2360	1.2702	1.0986	0.6811
199.3884	1.2858	1.1391	0.6679
199.5408	1.3003	1.1745	0.7546
199.6932	1.3144	1.1963	0.7985
199.8456	1.3216	1.1984	0.7304
199.9980	1.3177	1.1807	0.7181
200.1504	1.2992	1.1504	0.7895
200.3028	1.2653	1.1178	0.7582
200.4552	1.2298	1.0911	0.7275
200.6076	1.2017	1.0731	0.6879
200.7600	1.1816	1.0622	0.6071
200.9124	1.1698	1.0544	0.6180
201.0648	1.1631	1.0457	0.5765
201.2172	1.1583	1.0343	0.6589
201.3696	1.1548	1.0211	0.6751
201.5220	1.1521	1.0084	0.6174
201.6744	1.1500	0.9982	0.6352
201.8268	1.1478	0.9911	0.6995
201.9792	1.1442	0.9869	0.6871
202.1316	1.1377	0.9850	0.6563
202.2840	1.1281	0.9848	0.6135
202.4364	1.1208	0.9857	0.5955
202.5888	1.1191	0.9868	0.6622
202.7412	1.1194	0.9875	0.6804
202.8936	1.1223	0.9886	0.6985
203.0460	1.1306	0.9912	0.7460
203.1984	1.1394	0.9957	0.6622
203.3508	1.1443	1.0024	0.6320
203.5032	1.1469	1.0112	0.6495
203.6556	1.1479	1.0216	0.5813
203.8080	1.1477	1.0309	0.6390
203.9604	1.1476	1.0348	0.6661
204.1128	1.1485	1.0303	0.5809
204.2652	1.1508	1.0199	0.5633
204.4176	1.1545	1.0115	0.5888
204.5700	1.1599	1.0136	0.6045
204.7224	1.1668	1.0305	0.5765
204.8748	1.1763	1.0610	0.6277
205.0272	1.1925	1.0985	0.6487
205.1796	1.2184	1.1337	0.7244
205.3320	1.2460	1.1577	0.7518
205.4844	1.2678	1.1658	0.6793
205.6368	1.2735	1.1598	0.7015
205.7892	1.2679	1.1451	0.7691
205.9416	1.2573	1.1258	0.7688
206.0940	1.2439	1.1036	0.7100
206.2464	1.2303	1.0800	0.6466
206.3988	1.2184	1.0567	0.6192
206.5512	1.2064	1.0355	0.5858
206.7036	1.1912	1.0173	0.6005
206.8560	1.1764	1.0023	0.6093
207.0084	1.1685	0.9903	0.5999
207.1608	1.1657	0.9815	0.5860
207.3132	1.1632	0.9760	0.6482
207.4656	1.1632	0.9737	0.6221
207.6180	1.1643	0.9762	0.6123
207.7704	1.1639	0.9854	0.5956
207.9228	1.1648	1.0017	0.5644
208.0752	1.1681	1.0220	0.5576
208.2276	1.1707	1.0407	0.5867
208.3800	1.1692	1.0516	0.5851
208.5324	1.1738	1.0526	0.6837
208.6848	1.1922	1.0465	0.6790
208.8372	1.2128	1.0385	0.6150
208.9896	1.2206	1.0341	0.7236
209.1420	1.2221	1.0378	0.6977
209.2944	1.2239	1.0512	0.6200
209.4468	1.2259	1.0726	0.7059
209.5992	1.2275	1.0959	0.7344
209.7516	1.2279	1.1121	0.6147
209.9040	1.2274	1.1143	0.6650
210.0564	1.2261	1.1023	0.7504
210.2088	1.2241	1.0822	0.6440
210.3612	1.2220	1.0620	0.6794
210.5136	1.2199	1.0475	0.6133
210.6660	1.2131	1.0411	0.7156
210.8184	1.1951	1.0426	0.6387
210.9708	1.1756	1.0495	0.6770
211.1232	1.1654	1.0574	0.6000
211.2756	1.1654	1.0615	0.6808
211.4280	1.1673	1.0581	0.6326
211.5804	1.1666	1.0475	0.7135
211.7328	1.1657	1.0350	0.5924
211.8852	1.1654	1.0278	0.7129
212.0376	1.1656	1.0296	0.7875
212.1900	1.1664	1.0363	0.7158
212.3424	1.1666	1.0394	0.6651
212.4948	1.1663	1.0327	0.5824
212.6472	1.1654	1.0175	0.7127
212.7996	1.1637	1.0018	0.5810
212.9520	1.1616	0.9930	0.5121
213.1044	1.1549	0.9927	0.5247
213.2568	1.1457	0.9975	0.5988
213.4092	1.1339	1.0031	0.7320
213.5616	1.1197	1.0065	0.7372
213.7140	1.1110	1.0065	0.5909
213.8664	1.1045	1.0045	0.7406
214.0188	1.1004	1.0014	0.5808
214.1712	1.0973	0.9961	0.6844
214.3236	1.0941	0.9877	0.5837
214.4760	1.0909	0.9770	0.6230
214.6284	1.0874	0.9665	0.5767
214.7808	1.0876	0.9598	0.6648
214.9332	1.0899	0.9621	0.6024
215.0856	1.0909	0.9765	0.5870
215.2380	1.0932	1.0005	0.6978
215.3904	1.0987	1.0238	0.7149
215.5428	1.1060	1.0342	0.6184
215.6952	1.1149	1.0268	0.6009
215.8476	1.1249	1.0108	0.5971
216.0000	1.1421	1.0040	0.6195
216.1524	1.1834	1.0205	0.5683
216.3048	1.2520	1.0631	0.7821
216.4572	1.3134	1.1241	0.7002
216.6096	1.3347	1.1886	0.7004
216.7620	1.3522	1.2403	0.8111
216.9144	1.3511	1.2639	0.7862
217.0668	1.3412	1.2504	0.7687
217.2192	1.3319	1.2072	0.7014
217.3716	1.3244	1.1570	0.7564
217.5240	1.3277	1.1208	0.6761
217.6764	1.3313	1.1054	0.6926
217.8288	1.3286	1.1030	0.7286
217.9812	1.3231	1.0980	0.6136
218.1336	1.3116	1.0825	0.6971
218.2860	1.2829	1.0633	0.7108
218.4384	1.2588	1.0503	0.6158
218.5908	1.2505	1.0464	0.6540
218.7432	1.2438	1.0502	0.7713
218.8956	1.2335	1.0583	0.6336
219.0480	1.2251	1.0651	0.7276
219.2004	1.2195	1.0671	0.6233
219.3528	1.2102	1.0665	0.7464
219.5052	1.2028	1.0676	0.5862
219.6576	1.1939	1.0728	0.7578
219.8100	1.1814	1.0801	0.7310
219.9624	1.1708	1.0829	0.5766
220.1148	1.1669	1.0739	0.6323
220.2672	1.1663	1.0550	0.5937
220.4196	1.1670	1.0361	0.6538
220.5720	1.1710	1.0259	0.6986
220.7244	1.1740	1.0264	0.6097
220.8768	1.1700	1.0351	0.6739
221.0292	1.1624	1.0471	0.6009
221.1816	1.1558	1.0572	0.6501
221.3340	1.1576	1.0620	0.7338
221.4864	1.1577	1.0595	0.6797
221.6388	1.1414	1.0501	0.6168
221.7912	1.1107	1.0387	0.6532
221.9436	1.0936	1.0316	0.6702
222.0960	1.0770	1.0288	0.6307
222.2484	1.0662	1.0225	0.5957
222.4008	1.0610	1.0041	0.6799
222.5532	1.0580	0.9722	0.5403
222.7056	1.0560	0.9352	0.5046
222.8580	1.0538	0.9065	0.5275
223.0104	1.0503	0.8948	0.5041
223.1628	1.0466	0.9006	0.5074
223.3152	1.0438	0.9176	0.4748
223.4676	1.0489	0.9365	0.5095
223.6200	1.0629	0.9485	0.5073
223.7724	1.0765	0.9504	0.5075
223.9248	1.0860	0.9454	0.5150
224.0772	1.0977	0.9391	0.5040
224.2296	1.1213	0.9357	0.5692
224.3820	1.1641	0.9368	0.5167
224.5344	1.2236	0.9406	0.5349
224.6868	1.2627	0.9446	0.5894
224.8392	1.2718	0.9516	0.5683
224.9916	1.2689	0.9648	0.5668
225.1440	1.2677	0.9665	0.5749
225.2964	1.2608	0.9177	0.5653
225.4488	1.2501	0.8087	0.4573
225.6012	1.2307	0.6837	0.4567
225.7536	1.1380	0.5880	0.4030
225.9060	1.0063	0.5363	0.4435
226.0584	0.9514	0.5239	0.4285
226.2108	0.9329	0.5392	0.4184
226.3632	0.9355	0.5686	0.3770
226.5156	0.9281	0.6023	0.4118
226.6680	0.9342	0.6407	0.4026
226.8204	0.9683	0.6942	0.4479
226.9728	1.0013	0.7752	0.4966
227.1252	1.0614	0.8883	0.7176
227.2776	1.1633	1.0126	0.6048
227.4300	1.2183	1.0985	0.6620
227.5824	1.2340	1.1144	0.6856
227.7348	1.2229	1.0791	0.6191
227.8872	1.2035	1.0329	0.7028
228.0396	1.1994	1.0033	0.6365
228.1920	1.1938	0.9987	0.6490
228.3444	1.1882	1.0143	0.5869
228.4968	1.1843	1.0394	0.7367
228.6492	1.1806	1.0597	0.6187
228.8016	1.1762	1.0627	0.5901
228.9540	1.1715	1.0474	0.6212
229.1064	1.1668	1.0244	0.6215
229.2588	1.1609	1.0063	0.6321
229.4112	1.1546	0.9993	0.6083
229.5636	1.1503	1.0028	0.7044
229.7160	1.1479	1.0108	0.5586
229.8684	1.1469	1.0171	0.5084
230.0208	1.1489	1.0187	0.6769
230.1732	1.1496	1.0166	0.7349
230.3256	1.1504	1.0135	0.5967
230.4780	1.1519	1.0125	0.6377
230.6304	1.1531	1.0148	0.5267
230.7828	1.1549	1.0205	0.6900
230.9352	1.1579	1.0282	0.6412
231.0876	1.1602	1.0355	0.6146
231.2400	1.1632	1.0397	0.6312
231.3924	1.1640	1.0392	0.6493
231.5448	1.1634	1.0348	0.6766
231.6972	1.1629	1.0290	0.6830
231.8496	1.1621	1.0245	0.6171
232.0020	1.1623	1.0222	0.6634
232.1544	1.1629	1.0214	0.6297
232.3068	1.1635	1.0207	0.6361
232.4592	1.1641	1.0191	0.5686
232.6116	1.1653	1.0165	0.6631
232.7640	1.1666	1.0133	0.6710
232.9164	1.1682	1.0095	0.6434
233.0688	1.1772	1.0049	0.6022
233.2212	1.1846	0.9983	0.6393
233.3736	1.1726	0.9885	0.6654
233.5260	1.1410	0.9781	0.5766
233.6784	1.1069	0.9688	0.6000
233.8308	1.0950	0.9527	0.6105
233.9832	1.0873	0.9188	0.5077
234.1356	1.0735	0.8712	0.4693
234.2880	1.0622	0.8299	0.4573
234.4404	1.0577	0.8149	0.4910
234.5928	1.0633	0.8353	0.5035
234.7452	1.0776	0.8832	0.5703
234.8976	1.0774	0.9344	0.4948
235.0500	1.0676	0.9636	0.4993
235.2024	1.0834	0.9634	0.5763
235.3548	1.1240	0.9442	0.5696
235.5072	1.1480	0.9232	0.5716
235.6596	1.1422	0.9159	0.5860
235.8120	1.1345	0.9258	0.5689
235.9644	1.1447	0.9438	0.5892
236.1168	1.1567	0.9606	0.6054
236.2692	1.1656	0.9764	0.5540
236.4216	1.1680	0.9986	0.6145
236.5740	1.1682	1.0324	0.6386
236.7264	1.1675	1.0687	0.7126
236.8788	1.1638	1.0842	0.6853
237.0312	1.1579	1.0662	0.5854
237.1836	1.1565	1.0296	0.5768
237.3360	1.1625	0.9981	0.5849
237.4884	1.1642	0.9827	0.6309
237.6408	1.1548	0.9831	0.6221
237.7932	1.1408	0.9935	0.6594
237.9456	1.1269	1.0053	0.6184
238.0980	1.1191	1.0120	0.6750
238.2504	1.1147	1.0107	0.6417
238.4028	1.1088	0.9997	0.6110
238.5552	1.1017	0.9796	0.6245
238.7076	1.0949	0.9569	0.5853
238.8600	1.0914	0.9406	0.6036
239.0124	1.0936	0.9375	0.6623
239.1648	1.0961	0.9491	0.6479
239.3172	1.0975	0.9705	0.5721
239.4696	1.1001	0.9913	0.5824
239.6220	1.1013	1.0026	0.6460
239.7744	1.1046	1.0031	0.6024
239.9268	1.1194	0.9989	0.6012
240.0792	1.1357	0.9969	0.6553
240.2316	1.1424	1.0003	0.6706
240.3840	1.1454	1.0074	0.6673
240.5364	1.1430	1.0138	0.6269
240.6888	1.1353	1.0153	0.6187
240.8412	1.1263	1.0105	0.6661
240.9936	1.1192	1.0003	0.6749
241.1460	1.1198	0.9871	0.5833
241.2984	1.1227	0.9745	0.5826
241.4508	1.1256	0.9673	0.5386
241.6032	1.1297	0.9694	0.5749
241.7556	1.1338	0.9814	0.6768
241.9080	1.1392	0.9998	0.6689
242.0604	1.1463	1.0187	0.6159
242.2128	1.1545	1.0331	0.5850
242.3652	1.1648	1.0426	0.6491
242.5176	1.1866	1.0511	0.6048
242.6700	1.2277	1.0617	0.6017
242.8224	1.2582	1.0732	0.6734
242.9748	1.2705	1.0827	0.6312
243.1272	1.2676	1.0891	0.6555
243.2796	1.2447	1.0886	0.7103
243.4320	1.2184	1.0703	0.6934
243.5844	1.1865	1.0226	0.5936
243.7368	1.1648	0.9504	0.5014
243.8892	1.1597	0.8785	0.5048
244.0416	1.1593	0.8347	0.5071
244.1940	1.2199	0.8350	0.4765
244.3464	1.2995	0.8818	0.4653
244.4988	1.3454	0.9679	0.5462
244.6512	1.3993	1.0792	0.6495
244.8036	1.4450	1.1867	0.7430
244.9560	1.4591	1.2355	0.8484
245.1084	1.4576	1.1775	0.7262
245.2608	1.4183	1.0408	0.5482
245.4132	1.3679	0.9040	0.5100
245.5656	1.3323	0.8217	0.4822
245.7180	1.2847	0.8098	0.4762
245.8704	1.2443	0.8629	0.4497
246.0228	1.2275	0.9606	0.4700
246.1752	1.1869	1.0622	0.5291
246.3276	1.1224	1.1196	0.4955
246.4800	1.1508	1.1179	0.5288
246.6324	1.2060	1.0848	0.5970
246.7848	1.2932	1.0547	0.5363
246.9372	1.3457	1.0457	0.7034
247.0896	1.3707	1.0641	0.6495
247.2420	1.4021	1.1091	0.5824
247.3944	1.4527	1.1753	0.8069
247.5468	1.4709	1.2569	0.7987
247.6992	1.4681	1.3449	0.7957
247.8516	1.4906	1.4147	0.7097
248.0040	1.5319	1.4194	0.7867
248.1564	1.5542	1.3190	0.7997
248.3088	1.5342	1.1440	0.7834
248.4612	1.3918	0.9761	0.7547
248.6136	1.2998	0.8631	0.7165
248.7660	1.2160	0.8065	0.5951
248.9184	1.0817	0.7923	0.5433
249.0708	1.0761	0.8013	0.4842
249.2232	1.0755	0.8124	0.4509
249.3756	1.0552	0.8157	0.5082
249.5280	1.0497	0.8215	0.4869
249.6804	1.0310	0.8476	0.4674
249.8328	1.0238	0.9075	0.5415
249.9852	1.0302	1.0069	0.6591
250.1376	1.0572	1.1281	0.7135
250.2900	1.1176	1.2195	0.6211
250.4424	1.1765	1.2386	0.6270
250.5948	1.2521	1.1993	0.6859
250.7472	1.2926	1.1414	0.5248
250.8996	1.2889	1.0958	0.6542
251.0520	1.2768	1.0778	0.6199
251.2044	1.2655	1.0867	0.7058
251.3568	1.2645	1.1109	0.6424
251.5092	1.2594	1.1356	0.8271
251.6616	1.2481	1.1451	0.7842
251.8140	1.2383	1.1315	0.5597
251.9664	1.2298	1.1026	0.6936
252.1188	1.2168	1.0737	0.6701
252.2712	1.2038	1.0545	0.7018
252.4236	1.1970	1.0473	0.6595
252.5760	1.1904	1.0486	0.5761
252.7284	1.1816	1.0525	0.6530
252.8808	1.1768	1.0542	0.7468
253.0332	1.1744	1.0525	0.5458
253.1856	1.1710	1.0485	0.7497
253.3380	1.1690	1.0458	0.5781
253.4904	1.1726	1.0482	0.6476
253.6428	1.1796	1.0559	0.7034
253.7952	1.1956	1.0658	0.6567
253.9476	1.2166	1.0748	0.5760
254.1000	1.2353	1.0808	0.7587
254.2524	1.2640	1.0836	0.6020
254.4048	1.3073	1.0848	0.6681
254.5572	1.3257	1.0834	0.6120
254.7096	1.3432	1.0754	0.7055
254.8620	1.3659	1.0575	0.5803
255.0144	1.3653	1.0203	0.5143
255.1668	1.3496	0.9454	0.4672
255.3192	1.3268	0.8330	0.4496
255.4716	1.2827	0.7134	0.3841
255.6240	1.2245	0.6156	0.3590
255.7764	1.1148	0.5501	0.4205
255.9288	0.9534	0.5146	0.3256
256.0812	0.8456	0.5006	0.3621
256.2336	0.7979	0.4978	0.3982
256.3860	0.7813	0.4968	0.3126
256.5384	0.8287	0.4920	0.3213
256.6908	0.8649	0.4855	0.3742
256.8432	0.8920	0.4879	0.3058
256.9956	0.9352	0.5137	0.4132
257.1480	0.9506	0.5765	0.5019
257.3004	0.9457	0.6872	0.3252
257.4528	0.9650	0.8422	0.3154
257.6052	0.9955	0.9961	0.3182
257.7576	1.0134	1.0684	0.3175
257.9100	1.0578	1.0352	0.3303
258.0624	1.1569	0.9550	0.3304
258.2148	1.2411	0.8844	0.3246
258.3672	1.2503	0.8468	0.3255
258.5196	1.1389	0.8425	0.3297
258.6720	1.0386	0.8551	0.3504
258.8244	1.0072	0.8563	0.5787
258.9768	0.9916	0.8210	0.4891
259.1292	1.0220	0.7508	0.3389
259.2816	1.0501	0.6764	0.4169
259.4340	1.0667	0.6311	0.4692
259.5864	1.0841	0.6349	0.4297
259.7388	1.0881	0.6991	0.5448
259.8912	1.0719	0.8285	0.4739
260.0436	1.0565	1.0022	0.5095
260.1960	1.0529	1.1451	0.5411
260.3484	1.0570	1.1753	0.5803
260.5008	1.0764	1.1132	0.6136
260.6532	1.1326	1.0382	0.5128
260.8056	1.1972	0.9917	0.5140
260.9580	1.2220	0.9786	0.5099
261.1104	1.1954	0.9893	0.5488
261.2628	1.1823	1.0096	0.5639
261.4152	1.1972	1.0269	0.5011
261.5676	1.2087	1.0363	0.5364
261.7200	1.2138	1.0390	0.6204
261.8724	1.2125	1.0406	0.6082
262.0248	1.2110	1.0468	0.6142
262.1772	1.2098	1.0564	0.6642
262.3296	1.2081	1.0608	0.6624
262.4820	1.2050	1.0529	0.6634
262.6344	1.2004	1.0349	0.6311
262.7868	1.1927	1.0168	0.5789
262.9392	1.1902	1.0094	0.5893
263.0916	1.1972	1.0159	0.5847
263.2440	1.2020	1.0304	0.5880
263.3964	1.2044	1.0440	0.5873
263.5488	1.2116	1.0519	0.5606
263.7012	1.2344	1.0550	0.5854
263.8536	1.2542	1.0552	0.5832
264.0060	1.2464	1.0524	0.5986
264.1584	1.1922	1.0455	0.5604
264.3108	1.0852	1.0299	0.5403
264.4632	0.9972	0.9913	0.5387
264.6156	0.9505	0.9155	0.5004
264.7680	0.8935	0.8089	0.3834
264.9204	0.8486	0.7006	0.3978
265.0728	0.8372	0.6211	0.4179
265.2252	0.8318	0.5872	0.3916
265.3776	0.8316	0.6041	0.3559
265.5300	0.8383	0.6702	0.4296
265.6824	0.8456	0.7721	0.5879
265.8348	0.8552	0.8698	0.6324
265.9872	0.8941	0.9121	0.6526
266.1396	0.9624	0.8895	0.6933
266.2920	1.0311	0.8396	0.6691
266.4444	1.1037	0.7986	0.5844
266.5968	1.1507	0.7794	0.5292
266.7492	1.1590	0.7822	0.6533
266.9016	1.1622	0.8018	0.6387
267.0540	1.1605	0.8308	0.5546
267.2064	1.1440	0.8631	0.5499
267.3588	1.1376	0.8952	0.5672
267.5112	1.1403	0.9252	0.6006
267.6636	1.1297	0.9509	0.6189
267.8160	1.1217	0.9667	0.5897
267.9684	1.1187	0.9651	0.5405
268.1208	1.1166	0.9469	0.5874
268.2732	1.1185	0.9251	0.5481
268.4256	1.1191	0.9145	0.5856
268.5780	1.1178	0.9212	0.6469
268.7304	1.1171	0.9403	0.6059
268.8828	1.1182	0.9614	0.5853
269.0352	1.1142	0.9781	0.7011
269.1876	1.1022	0.9923	0.6309
269.3400	1.1141	1.0083	0.5958
269.4924	1.1391	1.0261	0.5974
269.6448	1.1611	1.0413	0.5986
269.7972	1.1763	1.0505	0.5864
269.9496	1.1933	1.0541	0.6184
270.1020	1.2076	1.0548	0.7096
270.2544	1.2259	1.0577	0.6553
270.4068	1.2431	1.0693	0.6790
270.5592	1.2552	1.0948	0.6925
270.7116	1.2804	1.1340	0.7029
270.8640	1.2953	1.1791	0.7458
271.0164	1.3238	1.2167	0.6863
271.1688	1.3698	1.2378	0.7076
271.3212	1.4007	1.2460	0.7249
271.4736	1.3854	1.2526	0.7531
271.6260	1.3739	1.2603	0.7439
271.7784	1.3672	1.2548	0.8339
271.9308	1.3670	1.2191	0.6950
272.0832	1.3714	1.1619	0.7578
272.2356	1.3736	1.1162	0.6498
272.3880	1.3875	1.1084	0.6789
272.5404	1.3859	1.1397	0.7980
272.6928	1.3677	1.1817	0.8015
272.8452	1.3360	1.1898	0.7006
272.9976	1.2970	1.1494	0.8569
273.1500	1.2845	1.0935	0.6752
273.3024	1.2881	1.0557	0.7517
273.4548	1.3086	1.0483	0.5555
273.6072	1.3093	1.0679	0.6118
273.7596	1.2877	1.1036	0.7101
273.9120	1.2517	1.1415	0.6588
274.0644	1.2074	1.1702	0.6188
274.2168	1.1917	1.1740	0.6287
274.3692	1.1940	1.1310	0.7174
274.5216	1.2069	1.0477	0.6309
274.6740	1.2253	0.9695	0.5391
274.8264	1.2322	0.9379	0.5556
274.9788	1.2371	0.9659	0.5949
275.1312	1.2302	1.0394	0.7431
275.2836	1.2039	1.1125	0.6811
275.4360	1.1911	1.1334	0.8126
275.5884	1.1827	1.1038	0.6766
275.7408	1.2127	1.0718	0.6397
275.8932	1.2710	1.0727	0.6772
276.0456	1.3526	1.1166	0.6221
276.1980	1.4063	1.2005	0.5491
276.3504	1.4113	1.3076	0.5803
276.5028	1.4369	1.4019	0.7340
276.6552	1.4632	1.4405	0.7532
276.8076	1.4675	1.4057	0.7913
276.9600	1.4623	1.3249	0.8287
277.1124	1.4606	1.2454	0.8749
277.2648	1.4591	1.1985	0.7342
277.4172	1.4566	1.1907	0.6780
277.5696	1.4539	1.2116	0.7334
277.7220	1.4479	1.2426	0.7872
277.8744	1.4300	1.2648	0.7805
278.0268	1.4015	1.2682	0.7956
278.1792	1.3905	1.2551	0.7704
278.3316	1.3940	1.2366	0.7747
278.4840	1.4009	1.2233	0.7550
278.6364	1.4014	1.2187	0.7355
278.7888	1.3840	1.2186	0.7803
278.9412	1.3582	1.2175	0.7622
279.0936	1.3312	1.2105	0.7311
279.2460	1.3185	1.1914	0.7719
279.3984	1.3132	1.1560	0.7934
279.5508	1.3061	1.1077	0.5971
279.7032	1.2969	1.0586	0.5575
279.8556	1.2879	1.0236	0.5944
280.0080	1.2790	1.0122	0.5808
280.1604	1.2657	1.0226	0.5900
280.3128	1.2481	1.0430	0.5984
280.4652	1.2320	1.0593	0.5827
280.6176	1.2226	1.0634	0.6420
280.7700	1.2189	1.0560	0.6356
280.9224	1.2151	1.0430	0.5993
281.0748	1.2106	1.0283	0.6223
281.2272	1.2083	1.0136	0.6374
281.3796	1.2057	1.0014	0.6432
281.5320	1.2031	0.9959	0.6254
281.6844	1.2005	1.0004	0.5881
281.8368	1.1961	1.0147	0.5817
281.9892	1.1897	1.0337	0.6735
282.1416	1.1814	1.0492	0.6848
282.2940	1.1715	1.0544	0.6033
282.4464	1.1600	1.0484	0.6461
282.5988	1.1484	1.0353	0.6817
282.7512	1.1383	1.0212	0.6274
282.9036	1.1294	1.0107	0.7293
283.0560	1.1221	1.0048	0.6862
283.2084	1.1181	1.0028	0.6537
283.3608	1.1163	1.0032	0.5920
283.5132	1.1153	1.0036	0.5400
283.6656	1.1155	1.0018	0.5421
283.8180	1.1173	0.9986	0.5884
283.9704	1.1186	0.9978	0.6914
284.1228	1.1181	1.0029	0.6293
284.2752	1.1160	1.0139	0.5753
284.4276	1.1231	1.0266	0.6813
284.5800	1.1306	1.0344	0.5878
284.7324	1.1356	1.0341	0.6171
284.8848	1.1558	1.0281	0.6605
285.0372	1.1730	1.0206	0.6042
285.1896	1.1794	1.0141	0.6771
285.3420	1.1822	1.0098	0.6637
285.4944	1.1845	1.0068	0.6533
285.6468	1.1852	0.9993	0.5999
285.7992	1.1813	0.9764	0.4954
285.9516	1.1780	0.9294	0.4959
286.1040	1.1744	0.8630	0.4277
286.2564	1.1706	0.7956	0.4623
286.4088	1.1606	0.7461	0.4685
286.5612	1.1344	0.7257	0.4379
286.7136	1.1125	0.7365	0.4738
286.8660	1.0794	0.7718	0.4794
287.0184	1.0312	0.8144	0.4510
287.1708	0.9658	0.8410	0.4282
287.3232	0.9729	0.8352	0.4633
287.4756	1.0235	0.8019	0.4792
287.6280	1.0681	0.7639	0.4468
287.7804	1.0785	0.7455	0.4441
287.9328	1.0881	0.7635	0.5392
288.0852	1.1004	0.8282	0.5721
288.2376	1.1110	0.9437	0.6133
288.3900	1.1207	1.0927	0.7425
288.5424	1.1317	1.2190	0.6377
288.6948	1.1526	1.2667	0.8089
288.8472	1.2064	1.2381	0.6458
288.9996	1.3001	1.1798	0.6274
289.1520	1.3503	1.1314	0.6601
289.3044	1.3360	1.1109	0.6873
289.4568	1.3226	1.1147	0.6815
289.6092	1.2472	1.1247	0.5999
289.7616	1.2100	1.1218	0.6490
289.9140	1.1779	1.0902	0.6141
290.0664	1.1350	1.0158	0.5212
290.2188	1.1116	0.9050	0.4606
290.3712	1.0799	0.7923	0.3634
290.5236	1.0178	0.7119	0.4067
290.6760	0.9969	0.6796	0.3772
290.8284	1.0272	0.6994	0.4172
290.9808	1.0456	0.7671	0.4236
291.1332	1.0238	0.8600	0.4235
291.2856	1.0353	0.9336	0.4049
291.4380	1.0469	0.9510	0.4509
291.5904	1.0552	0.9161	0.5112
291.7428	1.0816	0.8624	0.5986
291.8952	1.1197	0.8235	0.5909
292.0476	1.1503	0.8177	0.5025
292.2000	1.1816	0.8462	0.4930
292.3524	1.1662	0.8977	0.5836
292.5048	1.1214	0.9491	0.5379
292.6572	1.0927	0.9760	0.5696
292.8096	1.1315	0.9771	0.5765
292.9620	1.2046	0.9757	0.6563
293.1144	1.2631	0.9952	0.5429
293.2668	1.3127	1.0460	0.5938
293.4192	1.3606	1.1291	0.6369
293.5716	1.4077	1.2343	0.6908
293.7240	1.4477	1.3349	0.8921
293.8764	1.4850	1.3986	1.1203
294.0288	1.5204	1.4109	0.9249
294.1812	1.5451	1.3845	0.8331
294.3336	1.5589	1.3490	0.7872
294.4860	1.5547	1.3321	0.8249
294.6384	1.5319	1.3431	0.7434
294.7908	1.5064	1.3706	0.7378
294.9432	1.4665	1.3890	0.7363
295.0956	1.4158	1.3714	0.6643
295.2480	1.3787	1.3114	0.8172
295.4004	1.3435	1.2301	0.7813
295.5528	1.2987	1.1560	0.6795
295.7052	1.2597	1.1047	0.7007
295.8576	1.2346	1.0771	0.6217
296.0100	1.2269	1.0671	0.6609
296.1624	1.2354	1.0702	0.6541
296.3148	1.2480	1.0890	0.6498
296.4672	1.2645	1.1297	0.7113
296.6196	1.2879	1.1935	0.7941
296.7720	1.3179	1.2710	0.9009
296.9244	1.3501	1.3419	0.8651
297.0768	1.3906	1.3876	0.8648
297.2292	1.4443	1.4067	0.9554
297.3816	1.5089	1.4130	0.8657
297.5340	1.5554	1.4205	0.8950
297.6864	1.5726	1.4339	0.8854
297.8388	1.5581	1.4490	0.9213
297.9912	1.5175	1.4589	0.8412
298.1436	1.4578	1.4597	0.7984
298.2960	1.4272	1.4433	0.7954
298.4484	1.4164	1.3922	0.8692
298.6008	1.4086	1.3018	0.7628
298.7532	1.4056	1.1940	0.6266
298.9056	1.4120	1.0995	0.5799
299.0580	1.4094	1.0389	0.6246
299.2104	1.3884	1.0167	0.7491
299.3628	1.3520	1.0227	0.7227
299.5152	1.3014	1.0400	0.6984
299.6676	1.2458	1.0560	0.5831
299.8200	1.1928	1.0646	0.5267
299.9724	1.1750	1.0636	0.5971
300.1248	1.1572	1.0557	0.6504
300.2772	1.1297	1.0474	0.7366
300.4296	1.1129	1.0433	0.7133
300.5820	1.1034	1.0431	0.7790
300.7344	1.0978	1.0421	0.7026
300.8868	1.0951	1.0329	0.6393
301.0392	1.0932	1.0135	0.6344
301.1916	1.0920	0.9906	0.5860
301.3440	1.0916	0.9743	0.6135
301.4964	1.0909	0.9697	0.6669
301.6488	1.0905	0.9747	0.6322
301.8012	1.0919	0.9828	0.6176
301.9536	1.0950	0.9884	0.6236
302.1060	1.0982	0.9893	0.6043
302.2584	1.1003	0.9861	0.6145
302.4108	1.0992	0.9792	0.6278
302.5632	1.0988	0.9677	0.6298
302.7156	1.1038	0.9519	0.6443
302.8680	1.1153	0.9361	0.6038
303.0204	1.1247	0.9281	0.5903
303.1728	1.1357	0.9348	0.6385
303.3252	1.1511	0.9587	0.6045
303.4776	1.1627	0.9954	0.6202
303.6300	1.1689	1.0326	0.6183
303.7824	1.1731	1.0551	0.6398
303.9348	1.1764	1.0546	0.6879
304.0872	1.1824	1.0330	0.6187
304.2396	1.1958	0.9984	0.6601
304.3920	1.2188	0.9606	0.6032
304.5444	1.2190	0.9269	0.6588
304.6968	1.1953	0.9018	0.6122
304.8492	1.1408	0.8877	0.6523
305.0016	1.0945	0.8837	0.6546
305.1540	1.0622	0.8804	0.5597
305.3064	1.0327	0.8640	0.4556
305.4588	1.0139	0.8291	0.4144
305.6112	1.0004	0.7840	0.4265
305.7636	0.9842	0.7443	0.4030
305.9160	0.9716	0.7219	0.4560
306.0684	0.9730	0.7211	0.4738
306.2208	0.9846	0.7391	0.4794
306.3732	1.0012	0.7694	0.4889
306.5256	1.0225	0.8056	0.4494
306.6780	1.0434	0.8430	0.4819
306.8304	1.0636	0.8796	0.4829
306.9828	1.0825	0.9151	0.5143
307.1352	1.0937	0.9486	0.5291
307.2876	1.0997	0.9758	0.5478
307.4400	1.1049	0.9902	0.5606
307.5924	1.1101	0.9893	0.5274
307.7448	1.1201	0.9782	0.6587
307.8972	1.1344	0.9666	0.6735
308.0496	1.1473	0.9639	0.5874
308.2020	1.1514	0.9751	0.6395
308.3544	1.1466	0.9997	0.6941
308.5068	1.1424	1.0312	0.6684
308.6592	1.1440	1.0582	0.6541
308.8116	1.1498	1.0698	0.6668
308.9640	1.1545	1.0626	0.6740
309.1164	1.1549	1.0441	0.6677
309.2688	1.1534	1.0266	0.6586
309.4212	1.1530	1.0190	0.6690
309.5736	1.1534	1.0222	0.6769
309.7260	1.1538	1.0310	0.6908
309.8784	1.1524	1.0383	0.6683
310.0308	1.1491	1.0401	0.6603
310.1832	1.1528	1.0368	0.7255
310.3356	1.1722	1.0316	0.7336
310.4880	1.1996	1.0264	0.7086
310.6404	1.2141	1.0223	0.6588
310.7928	1.1948	1.0203	0.6383
310.9452	1.1609	1.0185	0.7082
311.0976	1.1381	1.0044	0.7056
311.2500	1.1223	0.9582	0.5867
311.4024	1.1051	0.8767	0.5031
311.5548	1.0814	0.7834	0.4491
311.7072	1.0478	0.7092	0.4106
311.8596	1.0183	0.6715	0.4251
312.0120	0.9953	0.6722	0.4140
312.1644	0.9742	0.7021	0.4055
312.3168	0.9857	0.7451	0.4178
312.4692	1.0462	0.7840	0.4290
312.6216	1.1105	0.8107	0.4404
312.7740	1.1474	0.8323	0.5025
312.9264	1.1687	0.8633	0.5751
313.0788	1.1806	0.9130	0.5907
313.2312	1.1831	0.9752	0.6099
313.3836	1.1806	1.0307	0.5839
313.5360	1.1784	1.0599	0.6553
313.6884	1.1756	1.0595	0.7111
313.8408	1.1668	1.0430	0.6661
313.9932	1.1568	1.0266	0.6734
314.1456	1.1513	1.0179	0.6788
314.2980	1.1469	1.0167	0.6910
314.4504	1.1405	1.0201	0.6678
314.6028	1.1337	1.0239	0.6508
314.7552	1.1320	1.0246	0.6582
314.9076	1.1340	1.0219	0.6363
315.0600	1.1362	1.0178	0.6235
315.2124	1.1377	1.0147	0.6241
315.3648	1.1368	1.0140	0.6258
315.5172	1.1337	1.0154	0.6294
315.6696	1.1305	1.0171	0.6333
315.8220	1.1283	1.0159	0.6340
315.9744	1.1259	1.0090	0.6485
316.1268	1.1234	0.9965	0.6536
316.2792	1.1225	0.9825	0.5881
316.4316	1.1235	0.9731	0.5822
316.5840	1.1239	0.9731	0.6194
316.7364	1.1205	0.9822	0.6414
316.8888	1.1151	0.9956	0.6244
317.0412	1.1114	1.0066	0.5451
317.1936	1.1107	1.0100	0.5722
317.3460	1.1116	1.0045	0.5880
317.4984	1.1130	0.9929	0.5858
317.6508	1.1156	0.9808	0.5884
317.8032	1.1191	0.9730	0.5828
317.9556	1.1244	0.9723	0.6247
318.1080	1.1374	0.9800	0.6545
318.2604	1.1548	0.9965	0.5655
318.4128	1.1661	1.0197	0.6024
318.5652	1.1734	1.0435	0.6203
318.7176	1.1781	1.0572	0.6144
318.8700	1.1817	1.0520	0.6312
319.0224	1.1855	1.0292	0.7142
319.1748	1.1894	1.0003	0.6885
319.3272	1.1954	0.9781	0.6125
319.4796	1.2006	0.9706	0.6018
319.6320	1.2068	0.9784	0.5801
319.7844	1.2255	0.9975	0.5882
319.9368	1.2521	1.0208	0.5452
320.0892	1.2483	1.0398	0.5372
320.2416	1.1824	1.0477	0.6211
320.3940	1.0614	1.0392	0.5843
320.5464	0.9577	1.0004	0.5838
320.6988	0.9015	0.9108	0.4913
320.8512	0.8534	0.7744	0.4015
321.0036	0.8148	0.6324	0.3081
321.1560	0.7956	0.5253	0.3236
321.3084	0.7819	0.4669	0.3274
321.4608	0.7630	0.4556	0.3409
321.6132	0.7454	0.4875	0.3611
321.7656	0.7396	0.5593	0.3549
321.9180	0.7635	0.6602	0.3856
322.0704	0.8372	0.7613	0.3683
322.2228	0.9447	0.8258	0.3843
322.3752	1.0588	0.8419	0.4193
322.5276	1.1524	0.8339	0.4761
322.6800	1.2000	0.8340	0.5541
322.8324	1.2236	0.8613	0.5494
322.9848	1.2410	0.9194	0.5672
323.1372	1.2538	0.9964	0.6590
323.2896	1.2614	1.0686	0.6401
323.4420	1.2596	1.1136	0.6217
323.5944	1.2421	1.1273	0.6278
323.7468	1.2233	1.1268	0.6400
323.8992	1.2333	1.1329	0.6483
324.0516	1.2629	1.1530	0.6452
324.2040	1.2783	1.1791	0.6595
324.3564	1.2802	1.2005	0.6710
324.5088	1.2716	1.2108	0.7062
324.6612	1.2590	1.2061	0.7877
324.8136	1.2449	1.1850	0.7622
324.9660	1.2306	1.1486	0.5982
325.1184	1.2132	1.1012	0.6055
325.2708	1.1896	1.0511	0.5935
325.4232	1.1694	1.0085	0.6205
325.5756	1.1581	0.9793	0.6237
325.7280	1.1497	0.9641	0.6234
325.8804	1.1388	0.9608	0.6132
326.0328	1.1259	0.9673	0.6077
326.1852	1.1124	0.9810	0.6274
326.3376	1.1012	0.9986	0.6078
326.4900	1.1039	1.0156	0.6134
326.6424	1.1068	1.0263	0.6029
326.7948	1.1010	1.0272	0.6310
326.9472	1.0935	1.0195	0.6518
327.0996	1.0976	1.0076	0.6730
327.2520	1.1118	0.9944	0.5908
327.4044	1.1220	0.9818	0.6122
327.5568	1.1272	0.9736	0.6233
327.7092	1.1296	0.9757	0.6206
327.8616	1.1316	0.9922	0.6395
328.0140	1.1344	1.0219	0.7123
328.1664	1.1387	1.0584	0.6932
328.3188	1.1456	1.0929	0.6397
328.4712	1.1562	1.1197	0.6358
328.6236	1.1762	1.1391	0.6688
328.7760	1.2133	1.1527	0.6374
328.9284	1.2559	1.1588	0.6621
329.0808	1.2987	1.1582	0.6359
329.2332	1.3472	1.1571	0.6713
329.3856	1.4064	1.1641	0.6963
329.5380	1.4936	1.1856	0.8023
329.6904	1.5918	1.2237	0.8668
329.8428	1.6482	1.2730	0.8438
329.9952	1.6712	1.3199	0.9161
330.1476	1.6641	1.3413	0.8902
330.3000	1.6305	1.3008	0.8705
330.4524	1.5809	1.1742	0.7296
330.6048	1.5038	0.9942	0.5266
330.7572	1.3970	0.8273	0.5269
330.9096	1.2919	0.7129	0.4406
331.0620	1.2048	0.6561	0.4173
331.2144	1.1307	0.6489	0.3516
331.3668	1.0848	0.6801	0.4025
331.5192	1.0460	0.7358	0.4203
331.6716	1.0417	0.7996	0.4386
331.8240	1.1159	0.8575	0.4614
331.9764	1.2028	0.9055	0.5029
332.1288	1.2581	0.9507	0.6191
332.2812	1.2853	1.0017	0.5632
332.4336	1.3069	1.0605	0.6690
332.5860	1.3260	1.1203	0.7704
332.7384	1.3457	1.1680	0.7111
332.8908	1.3562	1.1927	0.8458
333.0432	1.3445	1.1951	0.7993
333.1956	1.3345	1.1865	0.6289
333.3480	1.3290	1.1794	0.6768
333.5004	1.3176	1.1814	0.6704
333.6528	1.3077	1.1909	0.6718
333.8052	1.2964	1.1994	0.6640
333.9576	1.2704	1.2001	0.6827
334.1100	1.2610	1.1930	0.7164
334.2624	1.2425	1.1805	0.6785
334.4148	1.2241	1.1634	0.7056
334.5672	1.2145	1.1398	0.7537
334.7196	1.2048	1.1077	0.8063
334.8720	1.1956	1.0703	0.6358
335.0244	1.1857	1.0367	0.6138
335.1768	1.1728	1.0153	0.6124
335.3292	1.1572	1.0090	0.5917
335.4816	1.1467	1.0147	0.6447
335.6340	1.1468	1.0257	0.7449
335.7864	1.1544	1.0353	0.6459
335.9388	1.1656	1.0401	0.6611
336.0912	1.1770	1.0407	0.7153
336.2436	1.1827	1.0385	0.6707
336.3960	1.1859	1.0333	0.6466
336.5484	1.1872	1.0230	0.6551
336.7008	1.1898	1.0069	0.6257
336.8532	1.1970	0.9894	0.6172
337.0056	1.2156	0.9787	0.5706
337.1580	1.2153	0.9817	0.6585
337.3104	1.1677	0.9987	0.5916
337.4628	1.0969	1.0189	0.5762
337.6152	1.0573	1.0183	0.6056
337.7676	1.0420	0.9741	0.5556
337.9200	1.0347	0.8954	0.5976
338.0724	1.0313	0.8208	0.4568
338.2248	1.0305	0.7848	0.5021
338.3772	1.0342	0.8040	0.5177
338.5296	1.0498	0.8818	0.6064
338.6820	1.0706	1.0014	0.5358
338.8344	1.0666	1.1118	0.5415
338.9868	1.1046	1.1525	0.5227
339.1392	1.2132	1.1194	0.5535
339.2916	1.2723	1.0600	0.5555
339.4440	1.2641	1.0147	0.5504
339.5964	1.2567	1.0015	0.6669
339.7488	1.2585	1.0207	0.7074
339.9012	1.2661	1.0619	0.7194
340.0536	1.2752	1.1058	0.6585
340.2060	1.2888	1.1304	0.5939
340.3584	1.2947	1.1222	0.7760
340.5108	1.2870	1.0855	0.5921
340.6632	1.2683	1.0372	0.7295
340.8156	1.2523	0.9948	0.6573
340.9680	1.2742	0.9708	0.6753
341.1204	1.2743	0.9693	0.6874
341.2728	1.1828	0.9869	0.6101
341.4252	1.0353	1.0150	0.7042
341.5776	0.9608	1.0318	0.7681
341.7300	0.9176	0.9973	0.5699
341.8824	0.8670	0.8903	0.4835
342.0348	0.8617	0.7516	0.3766
342.1872	0.8636	0.6393	0.3436
342.3396	0.8642	0.5808	0.3887
342.4920	0.8654	0.5816	0.4567
342.6444	0.8674	0.6447	0.5007
342.7968	0.8701	0.7744	0.4729
342.9492	0.8768	0.9622	0.4952
343.1016	0.8927	1.1524	0.5498
343.2540	0.9339	1.2469	0.5253
343.4064	1.0050	1.2111	0.4852
343.5588	1.0975	1.1171	0.5328
343.7112	1.1688	1.0391	0.5413
343.8636	1.1893	1.0037	0.5029
344.0160	1.1920	1.0077	0.5371
344.1684	1.1982	1.0329	0.5923
344.3208	1.1909	1.0560	0.6958
344.4732	1.1763	1.0620	0.6090
344.6256	1.1694	1.0533	0.5845
344.7780	1.1663	1.0430	0.6763
344.9304	1.1633	1.0419	0.7085
345.0828	1.1617	1.0515	0.7272
345.2352	1.1603	1.0670	0.7373
345.3876	1.1614	1.0839	0.6977
345.5400	1.1660	1.1013	0.6785
345.6924	1.1726	1.1191	0.6723
345.8448	1.1826	1.1370	0.6329
345.9972	1.2027	1.1533	0.6780
346.1496	1.2291	1.1658	0.7110
346.3020	1.2582	1.1742	0.7469
346.4544	1.2931	1.1801	0.7239
346.6068	1.3508	1.1828	0.7532
346.7592	1.4230	1.1801	0.7465
346.9116	1.4810	1.1747	0.7776
347.0640	1.5508	1.1769	0.7714
347.2164	1.6036	1.2004	0.7150
347.3688	1.6163	1.2574	0.8058
347.5212	1.6236	1.3456	0.9119
347.6736	1.6288	1.4303	1.0374
347.8260	1.6310	1.4550	1.0933
347.9784	1.6295	1.3957	0.7470
348.1308	1.6210	1.2922	0.6740
348.2832	1.6038	1.2032	0.6658
348.4356	1.5655	1.1605	0.6698
348.5880	1.4981	1.1644	0.6848
348.7404	1.4398	1.1957	0.6948
348.8928	1.3933	1.2308	0.6741
349.0452	1.3566	1.2531	0.6893
349.1976	1.3608	1.2566	0.6780
349.3500	1.3688	1.2445	0.7254
349.5024	1.3585	1.2256	0.7686
349.6548	1.3383	1.2078	0.7564
349.8072	1.3278	1.1932	0.7936
349.9596	1.3268	1.1757	0.8166
350.1120	1.3247	1.1457	0.6673
350.2644	1.3209	1.1015	0.7036
350.4168	1.3097	1.0541	0.6534
350.5692	1.2821	1.0192	0.6111
350.7216	1.2456	1.0061	0.6424
350.8740	1.2224	1.0131	0.6017
351.0264	1.2087	1.0297	0.5445
351.1788	1.1940	1.0446	0.5229
351.3312	1.1715	1.0510	0.5170
351.4836	1.1474	1.0463	0.5532
351.6360	1.1348	1.0321	0.5050
351.7884	1.1338	1.0147	0.5771
351.9408	1.1410	1.0010	0.7198
352.0932	1.1467	0.9946	0.6920
352.2456	1.1399	0.9958	0.6827
352.3980	1.1275	1.0009	0.7100
352.5504	1.1244	1.0047	0.6152
352.7028	1.1297	1.0042	0.6381
352.8552	1.1340	1.0002	0.6621
353.0076	1.1360	0.9974	0.6435
353.1600	1.1356	1.0027	0.6395
353.3124	1.1353	1.0223	0.7129
353.4648	1.1369	1.0558	0.7641
353.6172	1.1414	1.0941	0.7777
353.7696	1.1534	1.1233	0.7767
353.9220	1.1769	1.1336	0.7029
354.0744	1.2048	1.1260	0.7774
354.2268	1.2252	1.1105	0.7713
354.3792	1.2281	1.0977	0.6902
354.5316	1.2223	1.0928	0.7432
354.6840	1.2237	1.0942	0.7532
354.8364	1.2216	1.0945	0.7503
354.9888	1.2118	1.0886	0.6883
355.1412	1.2060	1.0796	0.5991
355.2936	1.2052	1.0741	0.6388
355.4460	1.2078	1.0749	0.6630
355.5984	1.2137	1.0798	0.6225
355.7508	1.2191	1.0845	0.6598
355.9032	1.2205	1.0877	0.7509
356.0556	1.2169	1.0938	0.6916
356.2080	1.2126	1.1052	0.7312
356.3604	1.2283	1.1170	0.6774
356.5128	1.2476	1.1214	0.7134
356.6652	1.2571	1.1161	0.7616
356.8176	1.2651	1.1045	0.7180
356.9700	1.2689	1.0936	0.6614
357.1224	1.2684	1.0901	0.7722
357.2748	1.2674	1.0964	0.7544
357.4272	1.2668	1.1093	0.6891
357.5796	1.2666	1.1229	0.7313
357.7320	1.2662	1.1314	0.6729
357.8844	1.2659	1.1317	0.7023
358.0368	1.2652	1.1246	0.7220
358.1892	1.2646	1.1151	0.6305
358.3416	1.2650	1.1084	0.6663
358.4940	1.2668	1.1076	0.7204
358.6464	1.2679	1.1122	0.6618
358.7988	1.2694	1.1196	0.6515
358.9512	1.2728	1.1263	0.7484
359.1036	1.2723	1.1310	0.6641
359.2560	1.2826	1.1338	0.6119
359.4084	1.2997	1.1349	0.6451
359.5608	1.2928	1.1330	0.7527
359.7132	1.2725	1.1301	0.7323
359.8656	1.2565	1.1292	0.6310
360.0180	1.2443	1.1235	0.6348
360.1704	1.2305	1.0970	0.6765
360.3228	1.2071	1.0457	0.6361
360.4752	1.1790	0.9879	0.5589
360.6276	1.1648	0.9499	0.4956
360.7800	1.1557	0.9483	0.5222
360.9324	1.1511	0.9821	0.5293
361.0848	1.1529	1.0303	0.5025
361.2372	1.1452	1.0642	0.5353
361.3896	1.1232	1.0694	0.5916
361.5420	1.1222	1.0519	0.5679
361.6944	1.1422	1.0267	0.6158
361.8468	1.1663	1.0069	0.7509
361.9992	1.1828	0.9978	0.6553
362.1516	1.1830	0.9977	0.6589
362.3040	1.1796	1.0030	0.6655
362.4564	1.1758	1.0106	0.6698
362.6088	1.1697	1.0169	0.6796
362.7612	1.1593	1.0195	0.5924
362.9136	1.1488	1.0192	0.7029
363.0660	1.1447	1.0185	0.6905
363.2184	1.1475	1.0189	0.6520
363.3708	1.1516	1.0208	0.6607
363.5232	1.1534	1.0233	0.6464
363.6756	1.1534	1.0256	0.6459
363.8280	1.1529	1.0286	0.7590
363.9804	1.1511	1.0339	0.6369
364.1328	1.1506	1.0412	0.6934
364.2852	1.1537	1.0476	0.7141
364.4376	1.1617	1.0498	0.7315
364.5900	1.1708	1.0462	0.6468
364.7424	1.1736	1.0394	0.5734
364.8948	1.1749	1.0344	0.6867
365.0472	1.1932	1.0347	0.5926
365.1996	1.2231	1.0395	0.7580
365.3520	1.2455	1.0448	0.7388
365.5044	1.2559	1.0491	0.6560
365.6568	1.2621	1.0589	0.6725
365.8092	1.2680	1.0862	0.7617
365.9616	1.2745	1.1401	0.7198
366.1140	1.2836	1.2173	0.8780
366.2664	1.2986	1.2956	0.8151
366.4188	1.3152	1.3432	0.8081
366.5712	1.3251	1.3457	0.7944
366.7236	1.3315	1.3178	0.7944
366.8760	1.3546	1.2849	0.8294
367.0284	1.4053	1.2637	0.8820
367.1808	1.4246	1.2560	0.7658
367.3332	1.3307	1.2543	0.8117
367.4856	1.2204	1.2533	0.7069
367.6380	1.1967	1.2473	0.7806
367.7904	1.1623	1.2155	0.8258
367.9428	1.1405	1.1413	0.6723
368.0952	1.1309	1.0453	0.5924
368.2476	1.1250	0.9679	0.4792
368.4000	1.1220	0.9351	0.6307
368.5524	1.1218	0.9523	0.7126
368.7048	1.1224	1.0047	0.6700
368.8572	1.1234	1.0560	0.5952
369.0096	1.1307	1.0749	0.6071
369.1620	1.1577	1.0616	0.7573
369.3144	1.1852	1.0351	0.4930
369.4668	1.1913	1.0110	0.6356
369.6192	1.1575	0.9987	0.5639
369.7716	1.1170	0.9988	0.6481
369.9240	1.1072	1.0053	0.6718
370.0764	1.1021	1.0125	0.5883
370.2288	1.0989	1.0151	0.5744
370.3812	1.0963	1.0079	0.6739
370.5336	1.0928	0.9918	0.6179
370.6860	1.0902	0.9741	0.6179
370.8384	1.0887	0.9615	0.7338
370.9908	1.0886	0.9563	0.6104
371.1432	1.0902	0.9570	0.6142
371.2956	1.0880	0.9600	0.6060
371.4480	1.0849	0.9617	0.6013
371.6004	1.0863	0.9614	0.6152
371.7528	1.0988	0.9601	0.6065
371.9052	1.1237	0.9586	0.6103
372.0576	1.1437	0.9576	0.6108
372.2100	1.1545	0.9598	0.6137
372.3624	1.1606	0.9688	0.6427
372.5148	1.1719	0.9857	0.6720
372.6672	1.1898	1.0086	0.6783
372.8196	1.2035	1.0364	0.6058
372.9720	1.2173	1.0718	0.6248
373.1244	1.2268	1.1182	0.6228
373.2768	1.2308	1.1716	0.6800
373.4292	1.2338	1.2143	0.7293
373.5816	1.2375	1.2230	0.6589
373.7340	1.2479	1.1919	0.7686
373.8864	1.2640	1.1421	0.7469
374.0388	1.2572	1.0988	0.6451
374.1912	1.2510	1.0746	0.8442
374.3436	1.2574	1.0699	0.7020
374.4960	1.2400	1.0784	0.7395
374.6484	1.2000	1.0910	0.8040
374.8008	1.1794	1.1002	0.6695
374.9532	1.1650	1.1014	0.7174
375.1056	1.1565	1.0914	0.7476
375.2580	1.1512	1.0702	0.6749
375.4104	1.1471	1.0429	0.6452
375.5628	1.1437	1.0178	0.6340
375.7152	1.1424	1.0046	0.6536
375.8676	1.1452	1.0109	0.6456
376.0200	1.1504	1.0393	0.6824
376.1724	1.1650	1.0860	0.6900
376.3248	1.2048	1.1422	0.6870
376.4772	1.2707	1.1971	0.7211
376.6296	1.3510	1.2431	0.7435
376.7820	1.3948	1.2810	0.7980
376.9344	1.4035	1.3153	0.7711
377.0868	1.4058	1.3432	0.9669
377.2392	1.4055	1.3516	1.1100
377.3916	1.4026	1.3259	1.0442
377.5440	1.3985	1.2630	0.7357
377.6964	1.3913	1.1788	0.6520
377.8488	1.3809	1.0996	0.6473
378.0012	1.3597	1.0443	0.6743
378.1536	1.3054	1.0190	0.6765
378.3060	1.2341	1.0197	0.6376
378.4584	1.2031	1.0366	0.6360
378.6108	1.1987	1.0567	0.6540
378.7632	1.2008	1.0696	0.6718
378.9156	1.2039	1.0721	0.6360
379.0680	1.2035	1.0678	0.6721
379.2204	1.2046	1.0632	0.7075
379.3728	1.2080	1.0630	0.7013
379.5252	1.2119	1.0683	0.6940
379.6776	1.2149	1.0772	0.6840
379.8300	1.2189	1.0861	0.7065
379.9824	1.2253	1.0917	0.7704
380.1348	1.2320	1.0920	0.6984
380.2872	1.2375	1.0879	0.7429
380.4396	1.2512	1.0817	0.7103
380.5920	1.2619	1.0759	0.7260
380.7444	1.2451	1.0722	0.7440
380.8968	1.2215	1.0721	0.6805
381.0492	1.2086	1.0698	0.6418
381.2016	1.1992	1.0485	0.6718
381.3540	1.1925	0.9971	0.6358
381.5064	1.1830	0.9332	0.5343
381.6588	1.1594	0.8924	0.4822
381.8112	1.1446	0.9025	0.4880
381.9636	1.1633	0.9728	0.4863
382.1160	1.1677	1.0857	0.4927
382.2684	1.1529	1.1875	0.4800
382.4208	1.1688	1.2200	0.4915
382.5732	1.1968	1.1789	0.5344
382.7256	1.2073	1.1076	0.5883
382.8780	1.2113	1.0467	0.6453
383.0304	1.2140	1.0157	0.7147
383.1828	1.2168	1.0172	0.6573
383.3352	1.2273	1.0422	0.6681
383.4876	1.2352	1.0762	0.7282
383.6400	1.2233	1.1029	0.7019
383.7924	1.2106	1.1111	0.6160
383.9448	1.2079	1.1017	0.6506
384.0972	1.2067	1.0863	0.6821
384.2496	1.2062	1.0754	0.6439
384.4020	1.2056	1.0720	0.7196
384.5544	1.2048	1.0732	0.6770
384.7068	1.2041	1.0744	0.6716
384.8592	1.2036	1.0727	0.7788
385.0116	1.2034	1.0686	0.7770
385.1640	1.2035	1.0644	0.6459
385.3164	1.2039	1.0622	0.6625
385.4688	1.2049	1.0626	0.7579
385.6212	1.2086	1.0656	0.6798
385.7736	1.2153	1.0704	0.6295
385.9260	1.2234	1.0754	0.6248
386.0784	1.2339	1.0792	0.6556
386.2308	1.2492	1.0812	0.6871
386.3832	1.2688	1.0817	0.7582
386.5356	1.3093	1.0815	0.6887
386.6880	1.3372	1.0818	0.7259
386.8404	1.3294	1.0819	0.6969
386.9928	1.3098	1.0773	0.6787
387.1452	1.2889	1.0557	0.6062
387.2976	1.2628	0.9967	0.5218
387.4500	1.2220	0.8941	0.4739
387.6024	1.1214	0.7743	0.3889
387.7548	1.0212	0.6749	0.3410
387.9072	0.9727	0.6167	0.3629
388.0596	0.9528	0.6028	0.3754
388.2120	0.9417	0.6275	0.3551
388.3644	0.9020	0.6783	0.3333
388.5168	0.8807	0.7355	0.3592
388.6692	0.9084	0.7785	0.3937
388.8216	1.0187	0.7960	0.4265
388.9740	1.0950	0.7931	0.5003
389.1264	1.1192	0.7876	0.5699
389.2788	1.1384	0.7984	0.6153
389.4312	1.1662	0.8356	0.6262
389.5836	1.1840	0.8985	0.6471
389.7360	1.1844	0.9728	0.6438
389.8884	1.1773	1.0336	0.6530
390.0408	1.1740	1.0621	0.6799
390.1932	1.1792	1.0612	0.6523
390.3456	1.2039	1.0461	0.5559
390.4980	1.2386	1.0282	0.6587
390.6504	1.2750	1.0170	0.7235
390.8028	1.3068	1.0252	0.6666
390.9552	1.3267	1.0675	0.6510
391.1076	1.3373	1.1509	0.7996
391.2600	1.3433	1.2575	0.9690
391.4124	1.3483	1.3331	0.8629
391.5648	1.3506	1.3272	0.6592
391.7172	1.3512	1.2560	0.6725
391.8696	1.3521	1.1784	0.6946
392.0220	1.3437	1.1332	0.6828
392.1744	1.3245	1.1280	0.6044
392.3268	1.2991	1.1530	0.7708
392.4792	1.2736	1.1896	0.6272
392.6316	1.2362	1.2179	0.7726
392.7840	1.2156	1.2255	0.6840
392.9364	1.2137	1.2042	0.5689
393.0888	1.2223	1.1481	0.5638
393.2412	1.2302	1.0679	0.6468
393.3936	1.2348	0.9940	0.5914
393.5460	1.2395	0.9525	0.5619
393.6984	1.2463	0.9492	0.5866
393.8508	1.2702	0.9665	0.5885
394.0032	1.2944	0.9695	0.6351
394.1556	1.3133	0.9332	0.5002
394.3080	1.3043	0.8718	0.6702
394.4604	1.2704	0.8172	0.4948
394.6128	1.1998	0.7845	0.6649
394.7652	1.1358	0.7643	0.4743
394.9176	1.0956	0.7348	0.4408
395.0700	1.0390	0.6829	0.3783
395.2224	0.9645	0.6182	0.3986
395.3748	0.9042	0.5599	0.2992
395.5272	0.8658	0.5199	0.3867
395.6796	0.8377	0.4990	0.3925
395.8320	0.8092	0.4913	0.3875
395.9844	0.7841	0.4887	0.3827
396.1368	0.7647	0.4834	0.4004
396.2892	0.7514	0.4709	0.3943
396.4416	0.7461	0.4529	0.3657
396.5940	0.7466	0.4367	0.3495
396.7464	0.7484	0.4315	0.2456
396.8988	0.7474	0.4444	0.3891
397.0512	0.7470	0.4798	0.3956
397.2036	0.7776	0.5377	0.3659
397.3560	0.8557	0.6078	0.3306
397.5084	0.9795	0.6667	0.3680
397.6608	1.0939	0.6935	0.3807
397.8132	1.1684	0.6947	0.3220
397.9656	1.2207	0.6988	0.4514
398.1180	1.2547	0.7355	0.5305
398.2704	1.2756	0.8256	0.5075
398.4228	1.2840	0.9728	0.6487
398.5752	1.2769	1.1401	0.6209
398.7276	1.2583	1.2320	0.5790
398.8800	1.2486	1.1958	0.6361
399.0324	1.2360	1.0972	0.6613
399.1848	1.2170	1.0166	0.5678
399.3372	1.2038	0.9796	0.7607
399.4896	1.1983	0.9777	0.6459
399.6420	1.1945	0.9931	0.6444
399.7944	1.1891	1.0105	0.6127
399.9468	1.1764	1.0223	0.5865
400.0992	1.1603	1.0296	0.5679
400.2516	1.1599	1.0364	0.5668
400.4040	1.1901	1.0430	0.5590
400.5564	1.2118	1.0467	0.5992
400.7088	1.2152	1.0490	0.5646
400.8612	1.2129	1.0526	0.5929
401.0136	1.1788	1.0481	0.5777
401.1660	1.1670	1.0122	0.5319
401.3184	1.1607	0.9351	0.4635
401.4708	1.1496	0.8403	0.4297
401.6232	1.0939	0.7617	0.4636
401.7756	1.0568	0.7170	0.4029
401.9280	1.0410	0.7045	0.4564
402.0804	1.0156	0.7097	0.4062
402.2328	1.0024	0.7172	0.5129
402.3852	1.0087	0.7247	0.4483
402.5376	1.0161	0.7440	0.4306
402.6900	1.0295	0.7886	0.4446
402.8424	1.0696	0.8647	0.5024
402.9948	1.1249	0.9634	0.4859
403.1472	1.1408	1.0536	0.5341
403.2996	1.1828	1.0983	0.5385
403.4520	1.2418	1.0906	0.5257
403.6044	1.2722	1.0536	0.5103
403.7568	1.2740	1.0165	0.5701
403.9092	1.2583	1.0012	0.6272
404.0616	1.2451	1.0136	0.7253
404.2140	1.2375	1.0421	0.6856
404.3664	1.2321	1.0711	0.7764
404.5188	1.2253	1.0938	0.6485
404.6712	1.2178	1.1105	0.6134
404.8236	1.2123	1.1243	0.6182
404.9760	1.2119	1.1364	0.6735
405.1284	1.2155	1.1413	0.7136
405.2808	1.2186	1.1360	0.6076
405.4332	1.2240	1.1275	0.7037
405.5856	1.2388	1.1229	0.7398
405.7380	1.2746	1.1200	0.7110
405.8904	1.3348	1.1135	0.6288
406.0428	1.3771	1.0998	0.6823
406.1952	1.3781	1.0807	0.6679
406.3476	1.3428	1.0636	0.7363
406.5000	1.3065	1.0453	0.6167
406.6524	1.2840	0.9966	0.6272
406.8048	1.2607	0.8922	0.4954
406.9572	1.2308	0.7541	0.3515
407.1096	1.1824	0.6278	0.3371
407.2620	1.1111	0.5393	0.3012
407.4144	1.0114	0.4905	0.3112
407.5668	0.9144	0.4732	0.3431
407.7192	0.8275	0.4767	0.3257
407.8716	0.7892	0.4904	0.3289
408.0240	0.8133	0.5048	0.3096
408.1764	0.8677	0.5139	0.3225
408.3288	0.9254	0.5196	0.3162
408.4812	0.9562	0.5312	0.4017
408.6336	0.9784	0.5589	0.3866
408.7860	0.9970	0.6079	0.3967
408.9384	1.0103	0.6753	0.5163
409.0908	1.0208	0.7509	0.4288
409.2432	1.0295	0.8224	0.3924
409.3956	1.0372	0.8842	0.4950
409.5480	1.0471	0.9361	0.4876
409.7004	1.0745	0.9728	0.5068
409.8528	1.1019	0.9866	0.5476
410.0052	1.1122	0.9812	0.5263
410.1576	1.1419	0.9701	0.5264
410.3100	1.1769	0.9628	0.5279
410.4624	1.1807	0.9617	0.5205
410.6148	1.1692	0.9657	0.5898
410.7672	1.1666	0.9750	0.5892
410.9196	1.1670	0.9905	0.5748
411.0720	1.1680	1.0112	0.5643
411.2244	1.1706	1.0323	0.5850
411.3768	1.1742	1.0498	0.5909
411.5292	1.1702	1.0668	0.6107
411.6816	1.1634	1.0908	0.5855
411.8340	1.2219	1.1251	0.5936
411.9864	1.2916	1.1610	0.6239
412.1388	1.3786	1.1831	0.6047
412.2912	1.5458	1.1868	0.5993
412.4436	1.7892	1.1899	0.6161
412.5960	1.9265	1.2208	0.7651
412.7484	2.0708	1.3104	1.2778
412.9008	2.3199	1.4894	1.2770
413.0532	2.4920	1.7282	1.0036
413.2056	2.4410	1.8005	0.9828
413.3580	2.1602	1.5222	0.7209
413.5104	1.8070	1.1095	0.6009
413.6628	1.5393	0.7967	0.5633
413.8152	1.3755	0.6161	0.3817
413.9676	1.2651	0.5226	0.2885
414.1200	1.1711	0.4761	0.2759
414.2724	1.0900	0.4507	0.2784
414.4248	1.0112	0.4333	0.3083
414.5772	0.8903	0.4194	0.3218
414.7296	0.7507	0.4095	0.3576
414.8820	0.7201	0.4049	0.2966
415.0344	0.7300	0.4062	0.3009
415.1868	0.7546	0.4124	0.3642
415.3392	0.8090	0.4221	0.3596
415.4916	0.8514	0.4370	0.3701
415.6440	0.8716	0.4621	0.3249
415.7964	0.8892	0.5031	0.4615
415.9488	0.9137	0.5623	0.3987
416.1012	0.9456	0.6363	0.4483
416.2536	0.9932	0.7173	0.4401
416.4060	1.0473	0.7995	0.4563
416.5584	1.0819	0.8806	0.4642
416.7108	1.1083	0.9520	0.4517
416.8632	1.1568	0.9939	0.4585
417.0156	1.1985	0.9964	0.4979
417.1680	1.2240	0.9772	0.5558
417.3204	1.2267	0.9606	0.6117
417.4728	1.2140	0.9581	0.6512
417.6252	1.2020	0.9702	0.6862
417.7776	1.1932	0.9907	0.6894
417.9300	1.1828	1.0078	0.6273
418.0824	1.1685	1.0130	0.6067
418.2348	1.1514	1.0068	0.6787
418.3872	1.1328	0.9950	0.6619
418.5396	1.1259	0.9857	0.6136
418.6920	1.1174	0.9833	0.5951
418.8444	1.1002	0.9837	0.6025
418.9968	1.0856	0.9789	0.6858
419.1492	1.0711	0.9662	0.6745
419.3016	1.0539	0.9460	0.6270
419.4540	1.0439	0.9200	0.6514
419.6064	1.0454	0.8948	0.5793
419.7588	1.0526	0.8803	0.5563
419.9112	1.0594	0.8841	0.5875
420.0636	1.0782	0.9079	0.6522
420.2160	1.1138	0.9472	0.6670
420.3684	1.2414	0.9919	0.6323
420.5208	1.4779	1.0302	0.6379
420.6732	1.5205	1.0564	0.6090
420.8256	1.3750	1.0792	0.6684
420.9780	1.2712	1.1152	0.7714
421.1304	1.2405	1.1475	0.8075
421.2828	1.2314	1.0930	0.7574
421.4352	1.2284	0.9089	0.4652
421.5876	1.2469	0.6828	0.3015
421.7400	1.2561	0.5134	0.3299
421.8924	1.2197	0.4195	0.3252
422.0448	1.1116	0.3822	0.3321
422.1972	0.9251	0.3822	0.3557
422.3496	0.7554	0.4038	0.3501
422.5020	0.7059	0.4309	0.3183
422.6544	0.7509	0.4484	0.3218
422.8068	0.8530	0.4497	0.3203
422.9592	0.9636	0.4417	0.3058
423.1116	1.0304	0.4402	0.3560
423.2640	1.0821	0.4638	0.3737
423.4164	1.1361	0.5326	0.3811
423.5688	1.1681	0.6651	0.6125
423.7212	1.1802	0.8422	0.5979
423.8736	1.1838	0.9505	0.5189
424.0260	1.1786	0.8964	0.5486
424.1784	1.1682	0.7543	0.4639
424.3308	1.1555	0.6409	0.4140
424.4832	1.1315	0.5873	0.3899
424.6356	1.0741	0.5820	0.4001
424.7880	1.0179	0.6086	0.3987
424.9404	1.0237	0.6506	0.4066
425.0928	1.0580	0.6914	0.4175
425.2452	1.0675	0.7212	0.4405
425.3976	1.0645	0.7412	0.4863
425.5500	1.0668	0.7582	0.5402
425.7024	1.0718	0.7759	0.6027
425.8548	1.0801	0.7935	0.5291
426.0072	1.0956	0.8105	0.4231
426.1596	1.1179	0.8323	0.4623
426.3120	1.1336	0.8709	0.5362
426.4644	1.1393	0.9355	0.5524
426.6168	1.1665	1.0197	0.5636
426.7692	1.2300	1.1006	0.6061
426.9216	1.3047	1.1548	0.5752
427.0740	1.3602	1.1727	0.5615
427.2264	1.3761	1.1503	0.6667
427.3788	1.3511	1.0767	0.7447
427.5312	1.2881	0.9487	0.6235
427.6836	1.1989	0.7956	0.4996
427.8360	1.1065	0.6622	0.4351
427.9884	1.0231	0.5726	0.3683
428.1408	0.9428	0.5265	0.3637
428.2932	0.8702	0.5146	0.3671
428.4456	0.8439	0.5253	0.3585
428.5980	0.8774	0.5470	0.3543
428.7504	0.9405	0.5708	0.3762
428.9028	0.9946	0.5947	0.3851
429.0552	1.0304	0.6235	0.4174
429.2076	1.0630	0.6626	0.4682
429.3600	1.0924	0.7096	0.5014
429.5124	1.1093	0.7522	0.5198
429.6648	1.1132	0.7746	0.5316
429.8172	1.1187	0.7721	0.4906
429.9696	1.1303	0.7551	0.4732
430.1220	1.1403	0.7380	0.4752
430.2744	1.1533	0.7298	0.4554
430.4268	1.1640	0.7338	0.4757
430.5792	1.1701	0.7497	0.4503
430.7316	1.1729	0.7726	0.4236
430.8840	1.1709	0.7902	0.4593
431.0364	1.1631	0.7856	0.4694
431.1888	1.1497	0.7490	0.3757
431.3412	1.1302	0.6886	0.4171
431.4936	1.0961	0.6243	0.3674
431.6460	1.0320	0.5730	0.3408
431.7984	0.9355	0.5405	0.3360
431.9508	0.8295	0.5248	0.3411
432.1032	0.7479	0.5191	0.3334
432.2556	0.7028	0.5143	0.3157
432.4080	0.6768	0.5028	0.2954
432.5604	0.6565	0.4821	0.3838
432.7128	0.6440	0.4557	0.3439
432.8652	0.6388	0.4294	0.3578
433.0176	0.6375	0.4081	0.3536
433.1700	0.6381	0.3946	0.3101
433.3224	0.6394	0.3897	0.2848
433.4748	0.6408	0.3931	0.2627
433.6272	0.6412	0.4032	0.2852
433.7796	0.6390	0.4166	0.3429
433.9320	0.6295	0.4289	0.2687
434.0844	0.6205	0.4361	0.2825
434.2368	0.6271	0.4366	0.3454
434.3892	0.6550	0.4316	0.2403
434.5416	0.7301	0.4254	0.2999
434.6940	0.8218	0.4253	0.3342
434.8464	0.8883	0.4418	0.2931
434.9988	0.9680	0.4887	0.4308
435.1512	1.0501	0.5804	0.5189
435.3036	1.0641	0.7190	0.5184
435.4560	1.0633	0.8598	0.5660
435.6084	1.0652	0.9137	0.5886
435.7608	1.0562	0.8556	0.4426
435.9132	1.0512	0.7683	0.4782
436.0656	1.0508	0.7201	0.5139
436.2180	1.0486	0.7256	0.5778
436.3704	1.0427	0.7761	0.6063
436.5228	1.0233	0.8492	0.6671
436.6752	0.9989	0.9106	0.6501
436.8276	1.0246	0.9328	0.6791
436.9800	1.0773	0.9164	0.6650
437.1324	1.1061	0.8837	0.6780
437.2848	1.1059	0.8572	0.7082
437.4372	1.0895	0.8490	0.6268
437.5896	1.0860	0.8596	0.6771
437.7420	1.0807	0.8798	0.6310
437.8944	1.0739	0.8962	0.6163
438.0468	1.0687	0.8989	0.6550
438.1992	1.0656	0.8877	0.5971
438.3516	1.0622	0.8716	0.5089
438.5040	1.0582	0.8605	0.6145
438.6564	1.0565	0.8588	0.5993
438.8088	1.0591	0.8661	0.6348
438.9612	1.0632	0.8788	0.6259
439.1136	1.0679	0.8926	0.5848
439.2660	1.0773	0.9051	0.5664
439.4184	1.0907	0.9179	0.5746
439.5708	1.1071	0.9347	0.6463
439.7232	1.1252	0.9567	0.6359
439.8756	1.1380	0.9800	0.6346
440.0280	1.1635	0.9979	0.6123
440.1804	1.2070	1.0054	0.7774
440.3328	1.2531	1.0043	0.7804
440.4852	1.2834	1.0048	0.7025
440.6376	1.2995	1.0216	0.6427
440.7900	1.3090	1.0660	0.7346
440.9424	1.3158	1.1394	0.8420
441.0948	1.3206	1.2278	0.8489
441.2472	1.3214	1.3020	0.7919
441.3996	1.3229	1.3356	0.7910
441.5520	1.3291	1.3297	0.7990
441.7044	1.3480	1.3085	0.7339
441.8568	1.3918	1.2931	0.7809
442.0092	1.4274	1.2901	0.8348
442.1616	1.4420	1.2957	0.8467
442.3140	1.4568	1.2996	0.7632
442.4664	1.4473	1.2970	0.8241
442.6188	1.4026	1.2951	0.7687
442.7712	1.3718	1.2997	0.8589
442.9236	1.3409	1.2989	1.0863
443.0760	1.3071	1.2717	0.7673
443.2284	1.2743	1.2126	0.7056
443.3808	1.2581	1.1419	0.6633
443.5332	1.2494	1.0927	0.6875
443.6856	1.2429	1.0894	0.7153
443.8380	1.2515	1.1378	0.7361
443.9904	1.2713	1.2274	0.8495
444.1428	1.3064	1.3335	1.0118
444.2952	1.3675	1.4189	0.9675
444.4476	1.4442	1.4513	1.0687
444.6000	1.4993	1.4340	1.1269
444.7524	1.5426	1.3994	0.9538
444.9048	1.5861	1.3748	1.0228
445.0572	1.6034	1.3705	0.9598
445.2096	1.6000	1.3852	0.9099
445.3620	1.5908	1.4077	0.9202
445.5144	1.5716	1.4226	0.8934
445.6668	1.5528	1.4211	0.8458
445.8192	1.5468	1.4054	0.8912
445.9716	1.5462	1.3858	0.8786
446.1240	1.5484	1.3743	0.8993
446.2764	1.5533	1.3791	0.8772
446.4288	1.5558	1.3992	0.9311
446.5812	1.5608	1.4260	0.8998
446.7336	1.5711	1.4486	0.9330
446.8860	1.5852	1.4591	0.9767
447.0384	1.6000	1.4571	0.9813
447.1908	1.6051	1.4490	0.9238
447.3432	1.6040	1.4419	0.9259
447.4956	1.6027	1.4376	0.9388
447.6480	1.6139	1.4343	0.9499
447.8004	1.6343	1.4312	0.9222
447.9528	1.6628	1.4315	0.8607
448.1052	1.7102	1.4412	0.9492
448.2576	1.7607	1.4644	0.9750
448.4100	1.7881	1.5017	1.0316
448.5624	1.8097	1.5507	0.9491
448.7148	1.8422	1.5968	0.9888
448.8672	1.9085	1.5888	0.8668
449.0196	1.9894	1.4603	1.0600
449.1720	1.9473	1.2332	0.8527
449.3244	1.7071	1.0099	0.8676
449.4768	1.3432	0.8500	0.8687
449.6292	1.1133	0.7501	0.7401
449.7816	0.9887	0.6824	0.5743
449.9340	0.8986	0.6205	0.3479
450.0864	0.8099	0.5553	0.2829
450.2388	0.7304	0.4958	0.2718
450.3912	0.7155	0.4542	0.3270
450.5436	0.7366	0.4356	0.3067
450.6960	0.7623	0.4400	0.4243
450.8484	0.7855	0.4639	0.4032
451.0008	0.8027	0.5002	0.2870
451.1532	0.8211	0.5374	0.2732
451.3056	0.8499	0.5663	0.3560
451.4580	0.8990	0.5893	0.3220
451.6104	0.9360	0.6185	0.3311
451.7628	0.9496	0.6660	0.4266
451.9152	0.9556	0.7331	0.4852
452.0676	0.9651	0.8024	0.6104
452.2200	0.9805	0.8431	0.4909
452.3724	1.0053	0.8433	0.6137
452.5248	1.0453	0.8263	0.5011
452.6772	1.1067	0.8244	0.5032
452.8296	1.1481	0.8553	0.5076
452.9820	1.1062	0.9175	0.5042
453.1344	1.0730	0.9882	0.5836
453.2868	1.0776	1.0312	0.5426
453.4392	1.0915	1.0280	0.5791
453.5916	1.0942	0.9946	0.6213
453.7440	1.0920	0.9589	0.5715
453.8964	1.0894	0.9371	0.6228
454.0488	1.0874	0.9312	0.6797
454.2012	1.0865	0.9348	0.6347
454.3536	1.0798	0.9410	0.5452
454.5060	1.0666	0.9469	0.5425
454.6584	1.0654	0.9519	0.6045
454.8108	1.0726	0.9560	0.7504
454.9632	1.1027	0.9592	0.7168
455.1156	1.1503	0.9624	0.6705
455.2680	1.1842	0.9670	0.5841
455.4204	1.2086	0.9760	0.5700
455.5728	1.2247	0.9952	0.6265
455.7252	1.2339	1.0318	0.7277
455.8776	1.2429	1.0906	0.7305
456.0300	1.2511	1.1686	0.7164
456.1824	1.2587	1.2480	0.7812
456.3348	1.2649	1.2997	0.7797
456.4872	1.2779	1.3054	1.0361
456.6396	1.3226	1.2752	0.7560
456.7920	1.3765	1.2360	0.7751
456.9444	1.3933	1.2080	0.7811
457.0968	1.3819	1.1971	0.7648
457.2492	1.3519	1.2016	0.8131
457.4016	1.2847	1.2153	0.6432
457.5540	1.2621	1.2188	0.8258
457.7064	1.2557	1.1871	0.8278
457.8588	1.2443	1.1214	0.5609
458.0112	1.2355	1.0545	0.5525
458.1636	1.2248	1.0203	0.5706
458.3160	1.2204	1.0363	0.6792
458.4684	1.2244	1.0994	0.6616
458.6208	1.2506	1.1826	0.6858
458.7732	1.2853	1.2515	0.6361
458.9256	1.3025	1.2971	0.7773
459.0780	1.3236	1.3363	1.0461
459.2304	1.3775	1.3874	1.1052
459.3828	1.4984	1.4570	1.0182
459.5352	1.6338	1.5321	1.0145
459.6876	1.6825	1.5856	0.9913
459.8400	1.6889	1.6037	1.0006
459.9924	1.6882	1.5958	1.0059
460.1448	1.6964	1.5760	1.0034
460.2972	1.7123	1.5557	1.0014
460.4496	1.7260	1.5439	1.0310
460.6020	1.7446	1.5446	1.0252
460.7544	1.7647	1.5589	1.0902
460.9068	1.7773	1.5837	0.9686
461.0592	1.7828	1.6046	0.9681
461.2116	1.7855	1.6002	1.1047
461.3640	1.7855	1.5568	1.0905
461.5164	1.7574	1.4775	1.1477
461.6688	1.6983	1.3808	1.0786
461.8212	1.6167	1.2896	1.2183
461.9736	1.5289	1.2180	0.9239
462.1260	1.4540	1.1699	0.7824
462.2784	1.3657	1.1443	0.6787
462.4308	1.2524	1.1363	0.6679
462.5832	1.1883	1.1349	0.6117
462.7356	1.1825	1.1231	0.6358
462.8880	1.1647	1.0881	0.6426
463.0404	1.1275	1.0353	0.7030
463.1928	1.0968	0.9851	0.5892
463.3452	1.0847	0.9519	0.6277
463.4976	1.0785	0.9344	0.4923
463.6500	1.0736	0.9210	0.6558
463.8024	1.0697	0.9042	0.5117
463.9548	1.0646	0.8897	0.6339
464.1072	1.0460	0.8890	0.5558
464.2596	1.0166	0.9059	0.5176
464.4120	1.0277	0.9323	0.4773
464.5644	1.0308	0.9549	0.5578
464.7168	1.0478	0.9646	0.5633
464.8692	1.0782	0.9620	0.4999
465.0216	1.1353	0.9573	0.5091
465.1740	1.1891	0.9669	0.6291
465.3264	1.2604	1.0061	0.8377
465.4788	1.3954	1.0850	0.8916
465.6312	1.4830	1.2032	0.8888
465.7836	1.5393	1.3390	0.8950
465.9360	1.5827	1.4516	0.9713
466.0884	1.6154	1.5145	1.0002
466.2408	1.6274	1.5361	0.9281
466.3932	1.6339	1.5349	1.0172
466.5456	1.6325	1.5211	0.9632
466.6980	1.6279	1.4972	0.9312
466.8504	1.6261	1.4658	0.9274
467.0028	1.6249	1.4370	0.9339
467.1552	1.6275	1.4230	0.9638
467.3076	1.6352	1.4257	0.9151
467.4600	1.6361	1.4388	0.9469
467.6124	1.6344	1.4571	0.8505
467.7648	1.6377	1.4761	0.9216
467.9172	1.6502	1.4915	0.9224
468.0696	1.7084	1.5023	0.9090
468.2220	1.8053	1.5087	0.9220
468.3744	1.7537	1.5112	0.9029
468.5268	1.6310	1.5142	0.9551
468.6792	1.5081	1.5137	1.1106
468.8316	1.3864	1.4672	0.8313
468.9840	1.3457	1.3115	0.9089
469.1364	1.3169	1.0693	0.5186
469.2888	1.2897	0.8453	0.3704
469.4412	1.2434	0.7003	0.4073
469.5936	1.1025	0.6376	0.4031
469.7460	1.0098	0.6461	0.4000
469.8984	1.0098	0.6461	0.3725
