HOLE:	U1352B
EXPEDITION:	317
TOP:	125.0168
BOTTOM:	436.9796
DEPTH_WMSF	C1	C2
m	in	in
125.0168	14.1648	15.2432
125.1692	14.1262	15.2517
125.3216	14.1168	15.2689
125.4740	14.1133	15.3903
125.6264	14.1133	15.3846
125.7788	14.1036	15.3644
125.9312	14.1085	15.2873
126.0836	14.3790	15.2721
126.2360	13.7104	15.4677
126.3884	13.6259	15.4675
126.5408	13.5665	15.4420
126.6932	13.5068	15.4018
126.8456	13.4735	15.3761
126.9980	13.4768	15.2752
127.1504	13.4503	15.2692
127.3028	13.8861	15.2750
127.4552	14.4840	15.3429
127.6076	14.3615	15.2693
127.7600	14.9805	15.2778
127.9124	16.0591	15.9385
128.0648	16.0390	15.8411
128.2172	16.0528	15.8876
128.3696	16.0196	15.7748
128.5220	15.7866	15.4797
128.6744	14.4444	15.2934
128.8268	14.9016	15.2779
128.9792	14.8954	15.2865
129.1316	14.8954	15.2692
129.2840	14.8248	15.2664
129.4364	16.0639	15.9287
129.5888	16.0640	15.9346
129.7412	16.0640	15.9347
129.8936	15.7431	15.6008
130.0460	15.7513	15.6036
130.1984	15.7384	15.6036
130.3508	15.6569	15.5952
130.5032	15.9061	15.6366
130.6556	16.0278	15.7741
130.8080	14.6414	15.3916
130.9604	14.5124	15.3760
131.1128	14.5217	15.3817
131.2652	14.6012	15.4075
131.4176	14.5966	15.4418
131.5700	13.4996	15.2871
131.7224	13.7635	15.3781
131.8748	13.4425	15.2865
132.0272	13.3620	15.2780
132.1796	13.3568	15.2953
132.3320	13.3569	15.2953
132.4844	13.3569	15.2953
132.6368	13.3767	15.2953
132.7892	13.3436	15.2953
132.9416	13.3535	15.3381
133.0940	13.2633	15.4069
133.2464	13.2025	15.4247
133.3988	13.1792	15.4104
133.5512	13.1117	15.3989
133.7036	12.7015	15.4498
133.8560	12.8899	15.4075
134.0084	12.8871	15.4075
134.1608	12.8563	15.3903
134.3132	12.8529	15.3788
134.4656	12.8904	15.3644
134.6180	12.9108	15.3644
134.7704	12.8703	15.3645
134.9228	12.7422	15.3729
135.0752	12.5707	15.3644
135.2276	12.5706	15.3730
135.3800	12.5568	15.3731
135.5324	12.4304	15.3472
135.6848	11.8539	15.3762
135.8372	11.8435	15.2810
135.9896	11.8399	15.2692
136.1420	11.8998	15.2692
136.2944	12.0668	15.2692
136.4468	12.1374	15.2692
136.5992	12.1461	15.2692
136.7516	12.2145	15.2865
136.9040	12.4421	15.4160
137.0564	12.5385	15.4161
137.2088	13.9233	15.5774
137.3612	16.0568	15.9155
137.5136	16.0724	16.0167
137.6660	16.0724	16.0194
137.8184	16.0641	15.9680
137.9708	16.0724	16.0194
138.1232	16.0724	16.0194
138.2756	16.0695	16.0194
138.4280	16.0723	16.0113
138.5804	16.0696	15.9814
138.7328	16.0557	15.8962
138.8852	16.0391	15.8359
139.0376	15.6880	15.6293
139.1900	16.0585	15.8852
139.3424	16.0558	15.8639
139.4948	16.0557	15.8880
139.6472	15.7517	15.4163
139.7996	15.7514	15.4161
139.9520	15.7430	15.3990
140.1044	15.6914	15.3645
140.2568	15.0749	15.2952
140.4092	13.5710	15.2952
140.5616	12.8325	15.2896
140.7140	12.8595	15.2866
140.8664	13.1945	15.4708
141.0188	13.1487	15.2808
141.1712	12.9836	15.1744
141.3236	15.2397	15.1936
141.4760	16.0558	15.8756
141.6284	15.9786	15.6746
141.7808	15.6884	15.3357
141.9332	15.8895	15.5656
142.0856	15.6461	15.2958
142.2380	14.6183	15.2661
142.3904	13.7881	15.2605
142.5428	13.4129	15.2519
142.6952	13.3368	15.2519
142.8476	14.2698	15.2661
143.0000	15.1245	15.2692
143.1524	15.1371	15.2750
143.3048	15.1992	15.2808
143.4572	15.6496	15.4061
143.6096	13.5068	15.2692
143.7620	13.4304	15.2692
143.9144	13.3319	15.2692
144.0668	13.2564	15.2692
144.2192	13.2564	15.2692
144.3716	13.2009	15.2692
144.5240	13.1858	15.2578
144.6764	12.9099	15.2519
144.8288	12.6925	15.0839
144.9812	12.5673	14.9588
145.1336	12.7936	14.8593
145.2860	12.8598	15.0622
145.4384	12.6755	14.7459
145.5908	12.5290	14.4377
145.7432	12.5290	14.3572
145.8956	12.8060	14.4877
146.0480	14.7234	15.2694
146.2004	13.4799	14.9834
146.3528	14.3305	15.0944
146.5052	14.3236	15.0944
146.6576	14.2608	15.0769
146.8100	13.3766	14.9055
146.9624	13.7042	14.8876
147.1148	14.6996	15.0108
147.2672	14.9954	15.5186
147.4196	16.0640	15.9333
147.5720	16.0558	15.8994
147.7244	15.1371	15.5952
147.8768	15.8892	15.5993
148.0292	16.0508	15.8565
148.1816	15.1538	15.4589
148.3340	15.6866	15.4121
148.4864	16.0636	15.9162
148.6388	16.0640	15.9292
148.7912	16.0640	15.9292
148.9436	16.0640	15.9292
149.0960	16.0640	15.9292
149.2484	16.0640	15.9290
149.4008	16.0599	15.9292
149.5532	16.0638	15.9292
149.7056	16.0602	15.9292
149.8580	16.0589	15.9292
150.0104	16.0586	15.9292
150.1628	16.0557	15.9210
150.3152	15.8761	15.5311
150.4676	15.7284	15.4108
150.6200	15.7221	15.4075
150.7724	15.7118	15.3919
150.9248	14.6245	15.2606
151.0772	14.3764	15.2605
151.2296	14.3107	15.2605
151.3820	13.9717	15.2605
151.5344	13.4890	15.2605
151.6868	13.1574	15.2391
151.8392	13.2765	15.2605
151.9916	13.2765	15.2605
152.1440	13.2564	15.2519
152.2964	13.2564	15.2487
152.4488	13.8199	15.2041
152.6012	14.2172	15.2734
152.7536	14.2893	15.2925
152.9060	14.2601	15.2866
153.0584	14.3423	15.4733
153.2108	14.3322	15.2779
153.3632	14.1179	15.2854
153.5156	13.1386	15.2724
153.6680	12.8392	15.2779
153.8204	12.8392	15.2779
153.9728	12.8289	15.2779
154.1252	12.8392	15.2779
154.2776	12.7229	15.1992
154.4300	12.9157	15.0289
154.5824	13.1247	14.9737
154.7348	13.4430	14.4209
154.8872	15.2639	15.2777
155.0396	15.2712	15.2765
155.1920	15.3933	15.2692
155.3444	15.7630	15.6252
155.4968	13.0499	15.2676
155.6492	13.2664	15.2692
155.8016	13.2664	15.2692
155.9540	13.2664	15.2632
156.1064	13.2608	15.2907
156.2588	13.1570	15.2883
156.4112	13.1143	15.2953
156.5636	13.0540	15.2866
156.7160	13.0498	15.2796
156.8684	12.6825	15.2642
157.0208	12.8845	15.2725
157.1732	13.0131	15.2779
157.3256	13.0132	15.2723
157.4780	13.0030	15.2692
157.6304	13.0531	15.2673
157.7828	13.1755	15.2779
157.9352	13.2664	15.2693
158.0876	13.0451	15.2878
158.2400	13.1971	15.2607
158.3924	13.2343	15.2243
158.5448	13.1554	15.2161
158.6972	13.1671	15.2432
158.8496	13.1910	15.2432
159.0020	13.2865	15.2631
159.1544	14.4598	15.3311
159.3068	14.1829	15.3747
159.4592	14.0518	15.3591
159.6116	13.8204	15.2693
159.7640	12.9915	15.2651
159.9164	13.0202	15.1844
160.0688	13.1270	14.7798
160.2212	13.1259	14.8009
160.3736	13.1161	14.6053
160.5260	13.1051	14.5654
160.6784	13.0536	14.2275
160.8308	12.8626	12.3981
160.9832	12.9941	12.5389
161.1356	13.1000	12.6755
161.2880	13.0852	12.8703
161.4404	15.5088	13.8857
161.5928	15.8027	15.0768
161.7452	15.8027	15.0768
161.8976	15.9496	15.2596
162.0500	16.0381	15.8038
162.2024	16.0557	15.9045
162.3548	16.0250	15.7863
162.5072	16.0139	15.7049
162.6596	16.0055	15.7131
162.8120	16.0085	15.7002
162.9644	15.6655	14.4839
163.1168	15.7117	14.8588
163.2692	15.6996	13.1743
163.4216	15.6524	11.9144
163.5740	15.6654	12.1780
163.7264	15.6655	12.1678
163.8788	15.6655	12.1483
164.0312	15.6597	12.0754
164.1836	15.6113	11.2545
164.3360	15.6347	11.2889
164.4884	15.6396	11.2968
164.6408	15.6396	11.2640
164.7932	15.6078	11.6385
164.9456	15.6242	12.0807
165.0980	15.6316	12.0852
165.2504	15.6396	12.0852
165.4028	15.6142	12.0898
165.5552	15.6301	12.2307
165.7076	15.2759	11.8987
165.8600	15.1462	11.8455
166.0124	15.1371	11.7846
166.1648	15.4172	11.9514
166.3172	15.5789	12.1368
166.4696	15.5789	12.1265
166.6220	15.5876	12.1638
166.7744	15.5614	12.1909
166.9268	15.6366	12.2397
167.0792	15.6310	12.2397
167.2316	15.6251	12.2544
167.3840	15.6433	12.3084
167.5364	15.6408	12.2869
167.6888	15.6538	12.5151
167.8412	15.6422	12.4954
167.9936	15.6396	12.4954
168.1460	15.6396	12.4887
168.2984	15.6552	12.4683
168.4508	15.6690	12.4283
168.6032	15.6504	12.1692
168.7556	15.6396	11.9364
168.9080	15.6578	12.0480
169.0604	15.6569	12.0438
169.2128	15.6740	12.0218
169.3652	15.6655	11.9432
169.5176	15.6467	11.9312
169.6700	15.6384	12.1196
169.8224	15.6474	12.5434
169.9748	15.6555	12.4996
170.1272	15.6651	12.4979
170.2796	15.6655	12.4139
170.4320	15.6415	12.2801
170.5844	15.6434	12.2089
170.7368	15.6396	12.2089
170.8892	15.6356	12.2222
171.0416	15.6611	12.2832
171.1940	15.6384	12.3631
171.3464	15.6437	12.8604
171.4988	15.6664	13.2756
171.6512	15.6418	13.2658
171.8036	15.6494	13.0033
171.9560	15.6309	13.0217
172.1084	15.6582	14.0099
172.2608	15.6653	14.1205
172.4132	15.6448	13.9469
172.5656	15.6396	13.5571
172.7180	15.6458	13.7288
172.8704	15.6396	13.7608
173.0228	15.6690	13.8087
173.1752	15.6741	13.4641
173.3276	15.6745	11.9039
173.4800	15.6719	12.2592
173.6324	15.6447	14.2635
173.7848	15.6430	14.2613
173.9372	15.6429	14.2613
174.0896	15.6480	14.2706
174.2420	15.6739	14.2799
174.3944	15.6999	13.3631
174.5468	15.6659	11.7395
174.6992	15.6481	11.5216
174.8516	15.6308	11.7833
175.0040	15.6393	11.7838
175.1564	15.6310	11.7838
175.3088	15.6309	11.7881
175.4612	15.6274	11.8899
175.6136	15.6313	12.0057
175.7660	15.6396	12.0127
175.9184	15.6361	12.0442
176.0708	15.6396	12.1382
176.2232	15.6521	12.3114
176.3756	15.6720	12.3116
176.5280	15.6452	12.3505
176.6804	15.6516	13.1085
176.8328	15.6676	13.5124
176.9852	15.6786	13.0346
177.1376	15.6732	13.3553
177.2900	15.4758	13.1304
177.4424	15.2223	13.6018
177.5948	14.4994	14.7541
177.7472	14.4811	14.7423
177.8996	14.3225	14.4730
178.0520	14.2943	14.4574
178.2044	14.5276	15.0772
178.3568	15.5764	15.6941
178.5092	16.0724	15.9785
178.6616	16.0724	15.9785
178.8140	16.0240	15.7812
178.9664	15.8417	15.6388
179.1188	16.0640	15.9274
179.2712	16.0640	15.9264
179.4236	15.1929	15.5410
179.5760	13.4995	15.4160
179.7284	13.4941	15.4096
179.8808	14.9634	15.4189
180.0332	16.0240	15.7393
180.1856	15.7397	15.5448
180.3380	13.2580	15.2608
180.4904	12.9859	15.2605
180.6428	12.9417	15.2519
180.7952	12.9611	15.2519
180.9476	12.9778	15.2519
181.1000	12.9573	15.2519
181.2524	12.7368	15.2778
181.4048	12.5145	15.2750
181.5572	12.4978	15.2692
181.7096	12.5125	15.2692
181.8620	12.5234	15.2652
182.0144	12.4976	15.2717
182.1668	12.4663	15.2691
182.3192	12.4249	15.2692
182.4716	12.3746	15.2692
182.6240	12.3724	15.2692
182.7764	12.1475	15.2587
182.9288	12.0963	15.2418
183.0812	12.1092	15.2779
183.2336	12.1092	15.2779
183.3860	12.1092	15.2779
183.5384	12.0730	15.2712
183.6908	12.0597	15.2706
183.8432	12.1126	15.2702
183.9956	12.0503	15.2779
184.1480	12.2302	15.2692
184.3004	12.2634	15.2928
184.4528	12.1794	15.2724
184.6052	12.1515	15.2692
184.7576	12.1250	15.2692
184.9100	11.9976	15.2692
185.0624	11.9631	15.2612
185.2148	12.1860	15.0855
185.3672	12.2387	14.7085
185.5196	13.0231	14.6005
185.6720	13.0234	14.5928
185.8244	13.0234	14.5953
185.9768	13.0234	14.5928
186.1292	13.6227	14.5837
186.2816	14.9914	15.2124
186.4340	14.7386	15.2728
186.5864	14.9013	15.2953
186.7388	15.0786	15.4859
186.8912	15.8430	15.5703
187.0436	14.4192	15.3039
187.1960	14.4094	15.3039
187.3484	14.3784	15.2765
187.5008	14.0931	14.8088
187.6532	14.0747	15.2606
187.8056	15.7451	15.5779
187.9580	16.0724	15.9867
188.1104	16.0724	15.9867
188.2628	16.0724	15.9867
188.4152	16.0724	15.9867
188.5676	15.3428	15.4017
188.7200	15.1150	15.4081
188.8724	16.0222	15.7329
189.0248	15.1997	15.4899
189.1772	14.9761	15.3902
189.3296	14.9898	15.4900
189.4820	16.0549	15.8810
189.6344	16.0509	15.8696
189.7868	16.0288	15.7774
189.9392	15.9112	15.5598
190.0916	15.5748	15.1489
190.2440	15.2204	14.3062
190.3964	15.2293	14.2048
190.5488	15.2799	14.3743
190.7012	15.2782	14.3780
190.8536	15.3274	14.6117
191.0060	15.3420	14.7362
191.1584	15.4112	14.6400
191.3108	15.4355	14.6157
191.4632	15.4649	14.7580
191.6156	15.5030	14.7379
191.7680	15.5062	14.7216
191.9204	15.4774	14.6848
192.0728	15.4344	14.4272
192.2252	15.3875	14.3871
192.3776	15.3391	14.3489
192.5300	15.2832	14.3249
192.6824	15.2545	14.2985
192.8348	15.2587	14.2950
192.9872	15.2606	14.2856
193.1396	15.1635	14.2054
193.2920	15.3736	14.1411
193.4444	15.3952	14.2612
193.5968	15.4014	14.2613
193.7492	15.4218	14.1854
193.9016	15.4743	14.1773
194.0540	15.4745	14.1960
194.2064	15.4916	14.1921
194.3588	15.5963	14.4048
194.5112	15.5963	14.4509
194.6636	15.5963	14.4540
194.8160	15.5963	14.4893
194.9684	15.5963	14.5214
195.1208	15.5963	14.5197
195.2732	15.5963	14.5055
195.4256	15.5963	14.3489
195.5780	15.5963	14.3263
195.7304	15.5963	14.2854
195.8828	15.5824	15.0364
196.0352	15.6173	15.2155
196.1876	15.6136	15.2605
196.3400	15.5409	15.2519
196.4924	15.4925	15.2519
196.6448	15.0979	15.2519
196.7972	14.9715	15.2519
196.9496	14.9285	15.2450
197.1020	14.9246	15.2432
197.2544	14.8714	15.2413
197.4068	14.8923	15.2605
197.5592	14.8034	15.2583
197.7116	14.7360	15.2519
197.8640	14.7336	15.2540
198.0164	14.6989	15.2692
198.1688	14.3473	15.2692
198.3212	14.2474	15.2692
198.4736	14.2570	15.2692
198.6260	14.0137	15.2692
198.7784	12.8327	15.2682
198.9308	14.3301	15.2470
199.0832	14.6339	15.2432
199.2356	14.6339	15.2432
199.3880	14.2888	15.1793
199.5404	14.1636	15.1156
199.6928	14.1515	15.0819
199.8452	14.3788	15.2345
199.9976	14.5124	15.2777
200.1500	14.5124	15.2779
200.3024	14.5124	15.2779
200.4548	14.5307	15.2779
200.6072	14.3680	15.2780
200.7596	14.2665	15.2779
200.9120	14.2665	15.2779
201.0644	14.2508	15.2779
201.2168	14.0571	15.2831
201.3692	13.9490	15.3018
201.5216	13.9490	15.3126
201.6740	13.9400	15.3126
201.8264	13.9226	15.3071
201.9788	13.9090	15.3385
202.1312	13.8420	15.3580
202.2836	13.8111	15.3564
202.4360	13.6064	15.2965
202.5884	13.4022	15.2692
202.7408	13.4072	15.2692
202.8932	14.3005	15.2358
203.0456	14.5270	15.2605
203.1980	14.5237	15.2538
203.3504	14.5237	15.2519
203.5028	14.5143	15.2519
203.6552	14.5124	15.2519
203.8076	14.8065	15.1063
203.9600	15.8019	15.5787
204.1124	16.0307	15.7744
204.2648	16.0453	15.8344
204.4172	16.0237	15.7289
204.5696	16.0306	15.7429
204.7220	15.8034	15.4106
204.8744	15.6223	14.3911
205.0268	15.5997	14.1206
205.1792	15.4445	14.0813
205.3316	14.8935	13.6065
205.4840	14.7953	13.7745
205.6364	14.8189	13.7799
205.7888	14.8166	13.7799
205.9412	15.3378	14.2524
206.0936	15.9370	15.4640
206.2460	16.0724	15.9785
206.3984	16.0724	15.9867
206.5508	16.0761	15.9867
206.7032	16.0724	15.9631
206.8556	16.0724	15.9621
207.0080	16.0724	15.9621
207.1604	16.0723	15.9319
207.3128	16.0724	15.9292
207.4652	16.0724	15.9264
207.6176	16.0722	15.9374
207.7700	16.0695	15.9374
207.9224	16.0518	15.8497
208.0748	15.9745	15.6547
208.2272	15.7108	15.3765
208.3796	15.6999	15.3817
208.5320	15.6556	15.2867
208.6844	15.6185	15.2459
208.8368	15.6037	15.2409
208.9892	15.5049	15.2391
209.1416	15.6691	15.3345
209.2940	15.7771	15.4465
209.4464	15.7227	15.3910
209.5988	15.6140	15.2825
209.7512	15.5302	15.2692
209.9036	15.3363	15.2692
210.0560	15.0924	15.2654
210.2084	15.0921	15.2605
210.3608	15.0815	15.2779
210.5132	15.0854	15.2779
210.6656	15.0443	15.2779
210.8180	14.9917	15.2812
210.9704	14.8039	15.2500
211.1228	14.9550	15.2832
211.2752	15.0074	15.3299
211.4276	15.0028	15.3337
211.5800	14.6637	15.2693
211.7324	14.6237	15.2662
211.8848	13.8096	15.2453
212.0372	13.0757	15.2990
212.1896	12.9073	15.3126
212.3420	12.8980	15.3391
212.4944	12.6899	15.3062
212.6468	12.5903	15.2748
212.7992	12.5503	15.2523
212.9516	13.1207	15.2512
213.1040	13.9937	15.2659
213.2564	14.1898	15.2691
213.4088	14.1901	15.2692
213.5612	13.8907	15.2651
213.7136	13.8858	15.2779
213.8660	13.9692	15.2650
214.0184	14.9351	15.2554
214.1708	15.8808	15.5359
214.3232	15.8792	15.5528
214.4756	15.8623	15.5203
214.6280	15.6719	15.2708
214.7804	15.6644	15.2532
214.9328	15.5367	15.2745
215.0852	15.6455	15.2724
215.2376	15.3892	15.2519
215.3900	15.3864	15.2519
215.5424	15.3641	15.2519
215.6948	15.3579	15.2519
215.8472	15.5364	15.0086
215.9996	15.6069	15.2674
216.1520	14.8161	15.2537
216.3044	14.8994	15.2519
216.4568	14.9152	15.2519
216.6092	15.0909	15.2519
216.7616	15.3386	15.2504
216.9140	15.3453	15.2678
217.0664	15.7658	15.3133
217.2188	16.0775	15.9771
217.3712	16.0724	15.9292
217.5236	16.0724	15.9275
217.6760	16.0724	15.9068
217.8284	16.0715	15.9283
217.9808	15.9544	15.7291
218.1332	15.6310	15.2692
218.2856	15.6396	15.2692
218.4380	15.6287	15.2699
218.5904	15.6155	15.2711
218.7428	15.6050	15.2692
218.8952	15.6050	15.2692
219.0476	15.6050	15.2643
219.2000	15.6024	15.2634
219.3524	15.5789	15.2519
219.5048	15.5141	15.2409
219.6572	15.4655	15.2432
219.8096	15.4568	15.2432
219.9620	15.4568	15.2028
220.1144	14.9903	14.6966
220.2668	15.2985	15.2605
220.4192	15.2358	15.2418
220.5716	15.1027	15.0101
220.7240	15.1095	15.0038
220.8764	15.1917	15.1647
221.0288	15.5484	15.2641
221.1812	15.5876	15.2116
221.3336	15.5876	15.2170
221.4860	15.5876	15.2170
221.6384	15.5794	15.2056
221.7908	15.6198	15.2444
221.9432	15.6575	15.2651
222.0956	15.7514	15.3835
222.2480	15.7514	15.3817
222.4004	15.7548	15.3885
222.5528	15.8876	15.5235
222.7052	16.0804	15.9868
222.8576	16.0807	15.9949
223.0100	16.0807	15.9922
223.1624	16.0807	15.9881
223.3148	16.0807	15.9919
223.4672	16.0807	15.9867
223.6196	16.0807	15.9997
223.7720	16.0807	16.0006
223.9244	16.0807	16.0194
224.0768	16.0807	16.0194
224.2292	16.0807	16.0194
224.3816	16.0807	16.0194
224.5340	16.0807	16.0194
224.6864	16.0807	16.0112
224.8388	16.0807	16.0030
224.9912	16.0752	15.9326
225.1436	16.0807	15.9867
225.2960	16.0784	15.9867
225.4484	16.0724	15.9354
225.6008	16.0724	15.8983
225.7532	16.0736	15.9511
225.9056	16.0714	15.9338
226.0580	16.0724	15.9374
226.2104	16.0724	15.9374
226.3628	16.0724	15.9374
226.5152	16.0724	15.9320
226.6676	16.0724	15.9292
226.8200	16.0724	15.9292
226.9724	16.0724	15.9455
227.1248	16.0724	15.9498
227.2772	15.8667	15.5380
227.4296	15.6742	15.2898
227.5820	15.6797	15.3095
227.7344	15.8452	15.5272
227.8868	15.8410	15.5230
228.0392	15.6399	15.2827
228.1916	15.6338	15.2692
228.3440	15.6309	15.2692
228.4964	15.7048	15.3348
228.6488	15.8367	15.4932
228.8012	15.7916	15.4563
228.9536	15.6223	15.2750
229.1060	15.6223	15.2779
229.2584	15.6281	15.2722
229.4108	15.6424	15.2693
229.5632	15.6654	15.2692
229.7156	15.6569	15.2692
229.8680	15.6482	15.2692
230.0204	15.6396	15.2692
230.1728	15.6396	15.2721
230.3252	15.6425	15.2692
230.4776	15.6396	15.2692
230.6300	15.6568	15.2778
230.7824	15.7486	15.4075
230.9348	15.7118	15.3847
231.0872	15.5962	15.2519
231.2396	15.5761	15.2403
231.3920	15.6005	15.1780
231.5444	15.6075	15.2775
231.6968	15.6050	15.2779
231.8492	15.6223	15.2779
232.0016	15.6309	15.2779
232.1540	15.6094	15.2607
232.3064	15.6050	15.2519
232.4588	15.5991	15.2345
232.6112	15.6078	15.2432
232.7636	15.6050	15.2369
232.9160	15.5180	15.2605
233.0684	15.5092	15.2605
233.2208	15.3471	15.2779
233.3732	15.0924	15.2779
233.5256	15.0875	15.2779
233.6780	14.7865	15.2577
233.8304	16.0575	15.8746
233.9828	16.0807	16.0112
234.1352	16.0807	16.0112
234.2876	16.0807	16.0112
234.4400	16.0807	16.0112
234.5924	16.0807	16.0085
234.7448	16.0807	16.0112
234.8972	16.0807	16.0112
235.0496	16.0807	16.0112
235.2020	16.0807	16.0103
235.3544	16.0807	15.9946
235.5068	16.0807	16.0149
235.6592	16.0807	16.0194
235.8116	16.0807	16.0030
235.9640	16.0807	16.0030
236.1164	16.0678	15.9073
236.2688	16.0738	15.9271
236.4212	16.0724	15.9666
236.5736	15.8603	15.4785
236.7260	15.6957	15.3212
236.8784	15.7564	15.3896
237.0308	15.7789	15.4453
237.1832	15.5885	15.2692
237.3356	15.4945	15.2740
237.4880	15.0390	15.2967
237.6404	14.9602	15.3098
237.7928	14.7559	15.3328
237.9452	14.2536	15.3271
238.0976	13.6872	15.2860
238.2500	12.3806	15.2668
238.4024	12.1119	15.2779
238.5548	12.1092	15.2779
238.7072	11.8010	15.2736
238.8596	11.7619	15.2866
239.0120	11.7258	15.3283
239.1644	11.7258	15.3279
239.3168	11.7258	15.3442
239.4692	11.7258	15.3126
239.6216	11.9957	15.2779
239.7740	11.9640	15.2779
239.9264	11.9956	15.2526
240.0788	11.9941	15.1448
240.2312	12.0620	15.1423
240.3836	12.5956	15.2728
240.5360	12.6121	15.1908
240.6884	12.6149	15.1891
240.8408	12.6374	15.1821
240.9932	12.6834	15.1820
241.1456	12.6781	15.1711
241.2980	12.6743	15.1646
241.4504	12.7485	15.1881
241.6028	13.3533	15.2683
241.7552	13.5962	15.2859
241.9076	13.5696	15.2816
242.0600	13.3273	15.2779
242.2124	13.3769	15.2519
242.3648	13.4384	15.2488
242.5172	14.0074	15.2739
242.6696	15.7872	15.4630
242.8220	15.7846	15.4594
242.9744	15.5144	15.3930
243.1268	15.5649	15.3785
243.2792	15.7147	15.4166
243.4316	15.6712	15.1877
243.5840	16.0723	15.9455
243.7364	16.0724	15.9456
243.8888	16.0724	15.9511
244.0412	16.0723	15.9322
244.1936	16.0724	15.9289
244.3460	15.0067	15.3993
244.4984	14.3391	15.4017
244.6508	13.8015	15.3576
244.8032	13.8702	13.8649
244.9556	14.0178	13.5281
245.1080	14.0763	13.2490
245.2604	14.0682	13.2749
245.4128	15.6287	14.8397
245.5652	16.0341	15.8296
245.7176	16.0724	15.9401
245.8700	16.0698	15.9405
246.0224	16.0689	15.9452
246.1748	16.0650	15.9335
246.3272	16.0640	15.9031
246.4796	16.0403	15.7968
246.6320	15.7371	15.4004
246.7844	15.7787	15.4589
246.9368	15.6874	15.3559
247.0892	15.6482	15.2708
247.2416	15.6482	15.2693
247.3940	15.6482	14.6538
247.5464	15.6396	14.2071
247.6988	15.5789	14.2013
247.8512	15.5828	14.0481
248.0036	15.4884	13.9288
248.1560	15.4106	13.9717
248.3084	15.3826	13.9969
248.4608	15.5114	14.9247
248.6132	16.0625	15.9118
248.7656	16.0807	16.0030
248.9180	16.0807	15.9949
249.0704	16.0807	15.9876
249.2228	16.0807	16.0112
249.3752	16.0724	15.9621
249.5276	16.0807	16.0194
249.6800	16.0807	16.0194
249.8324	16.0807	15.9956
249.9848	16.0807	16.0030
250.1372	16.0752	15.9986
250.2896	16.0724	15.9621
250.4420	15.8646	15.5944
250.5944	15.4932	14.9173
250.7468	15.4994	14.9128
250.8992	15.4918	14.8852
251.0516	15.4886	14.8379
251.2040	15.4246	14.8062
251.3564	15.2785	15.2013
251.5088	15.3475	15.0975
251.6612	15.3599	15.0944
251.8136	15.3618	15.0944
251.9660	15.4071	15.1061
252.1184	15.5807	15.1272
252.2708	15.5840	15.0980
252.4232	15.5942	15.1236
252.5756	15.5876	15.1820
252.7280	15.5885	15.1936
252.8804	15.5180	15.2432
253.0328	15.2849	15.1183
253.1852	15.2483	15.2605
253.3376	15.2524	15.2605
253.4900	15.2133	15.2605
253.6424	15.2107	15.2739
253.7948	15.2178	15.2743
253.9472	15.2177	15.2779
254.0996	15.0238	15.2733
254.2520	14.8074	15.4363
254.4044	15.4941	15.5110
254.5568	15.1730	15.5185
254.7092	15.1730	15.5187
254.8616	15.1730	15.5187
255.0140	15.2540	15.5068
255.1664	15.8752	15.7102
255.3188	16.0564	15.8357
255.4712	16.0880	16.0341
255.6236	16.0890	16.0520
255.7760	16.0890	16.0520
255.9284	16.0906	16.0520
256.0808	16.0890	16.0520
256.2332	16.0891	16.0520
256.3856	16.0913	16.0520
256.5380	16.0915	16.0520
256.6904	16.0891	16.0520
256.8428	16.0890	16.0520
256.9952	16.0890	16.0520
257.1476	16.0923	16.0520
257.3000	16.0890	16.0520
257.4524	16.0927	16.0520
257.6048	16.0890	16.0520
257.7572	16.0919	16.0520
257.9096	16.0925	16.0589
258.0620	16.0940	16.0568
258.2144	16.0955	16.0698
258.3668	16.0890	16.0700
258.5192	16.0875	16.0616
258.6716	16.0890	16.0846
258.8240	16.0890	16.0845
258.9764	16.0890	16.0846
259.1288	16.0890	16.0846
259.2812	16.0890	16.0520
259.4336	16.0967	16.0877
259.5860	16.0973	16.0927
259.7384	16.1026	16.1263
259.8908	16.1139	16.1908
260.0432	16.1056	16.1478
260.1956	16.0890	16.0230
260.3480	16.0890	16.0245
260.5004	16.0890	16.0439
260.6528	16.0890	16.0358
260.8052	16.0890	16.0357
260.9576	16.0890	16.0357
261.1100	16.0890	16.0357
261.2624	16.0890	16.0357
261.4148	16.0890	16.0357
261.5672	16.0890	16.0290
261.7196	14.8651	15.6330
261.8720	14.3251	15.6121
262.0244	14.3218	15.6121
262.1768	14.3196	15.6121
262.3292	14.2809	15.6100
262.4816	14.3008	15.6292
262.6340	14.2613	15.6627
262.7864	14.2286	15.6626
262.9388	14.2275	15.6888
263.0912	14.7749	15.6875
263.2436	16.0644	15.8812
263.3960	16.0807	16.0113
263.5484	16.0807	16.0112
263.7008	16.0807	16.0054
263.8532	16.0807	16.0031
264.0056	16.0807	15.9867
264.1580	16.0863	16.0186
264.3104	16.0890	16.0276
264.4628	16.0890	16.0276
264.6152	16.0890	16.0276
264.7676	16.0606	15.8764
264.9200	16.0724	15.9703
265.0724	16.0724	15.9703
265.2248	16.0724	15.9703
265.3772	16.0724	15.9703
265.5296	16.0724	15.9703
265.6820	16.0724	15.9703
265.8344	16.0724	15.9703
265.9868	16.0724	15.9703
266.1392	16.0724	15.9703
266.2916	16.0724	15.9678
266.4440	16.0724	15.9703
266.5964	16.0724	15.9694
266.7488	16.0724	15.9702
266.9012	16.0724	15.9648
267.0536	16.0724	15.9682
267.2060	16.0724	15.9692
267.3584	16.0724	15.9612
267.5108	16.0724	15.9403
267.6632	16.0704	15.9356
267.8156	16.0640	15.9085
267.9680	16.0640	15.9374
268.1204	16.0640	15.9409
268.2728	16.0640	15.8928
268.4252	15.4157	15.1238
268.5776	15.7830	14.8105
268.7300	16.0724	15.9322
268.8824	16.0724	15.9390
269.0348	16.0657	15.9292
269.1872	16.0640	15.9037
269.3396	15.9316	15.6364
269.4920	15.6501	15.3323
269.6444	15.5897	15.3472
269.7968	15.5897	15.3387
269.9492	14.2699	15.2993
270.1016	13.7858	15.2907
270.2540	13.5270	15.0688
270.4064	13.8479	15.0938
270.5588	14.0844	15.2692
270.7112	14.2661	15.3094
270.8636	13.1211	15.2096
271.0160	12.2607	13.8533
271.1684	11.9745	13.9699
271.3208	11.9926	14.0175
271.4732	11.9614	14.5129
271.6256	11.9809	14.6101
271.7780	12.1694	14.5960
271.9304	12.5793	14.4937
272.0828	14.4735	14.7426
272.2352	16.0772	15.9842
272.3876	15.9300	15.7003
272.5400	15.5883	15.2672
272.6924	15.5884	15.2663
272.8448	16.0669	15.9366
272.9972	15.5732	15.7478
273.1496	14.8773	15.4031
273.3020	16.0804	15.9978
273.4544	16.0807	16.0112
273.6068	16.0807	16.0208
273.7592	16.0807	16.0157
273.9116	16.0765	15.9777
274.0640	15.6023	15.4769
274.2164	13.2506	14.6128
274.3688	13.5663	14.8278
274.5212	13.1683	14.6281
274.6736	13.1047	14.5106
274.8260	13.2181	14.6257
274.9784	14.8839	15.4259
275.1308	16.0723	15.9805
275.2832	15.8153	15.4751
275.4356	15.6050	15.1814
275.5880	15.6050	15.1740
275.7404	14.3458	14.7299
275.8928	14.4304	14.7932
276.0452	16.0531	15.8712
276.1976	15.5358	15.3059
276.3500	15.0193	14.9514
276.5024	13.6080	13.8526
276.6548	13.4436	13.5360
276.8072	12.8217	12.7755
276.9596	13.1770	13.8156
277.1120	13.8185	14.8332
277.2644	13.9444	15.0856
277.4168	13.9588	15.1457
277.5692	14.9365	15.2788
277.7216	14.5261	14.8803
277.8740	14.2869	14.6292
278.0264	14.2760	14.6201
278.1788	14.2743	14.5965
278.3312	14.2724	14.4630
278.4836	14.2057	14.4517
278.6360	14.0844	14.5501
278.7884	14.0844	14.5563
278.9408	14.0844	14.5563
279.0932	14.0976	14.5921
279.2456	14.2181	14.7001
279.3980	14.0732	14.6078
279.5504	14.3121	14.6216
279.7028	14.0173	14.5890
279.8552	14.0124	14.4886
280.0076	14.0183	14.4872
280.1600	15.8966	15.5404
280.3124	16.0807	16.0064
280.4648	16.0807	16.0112
280.6172	16.0807	16.0112
280.7696	16.0807	16.0112
280.9220	16.0807	16.0112
281.0744	16.0807	16.0091
281.2268	15.7722	15.4372
281.3792	15.5729	15.0894
281.5316	16.0640	15.9089
281.6840	16.0640	15.9292
281.8364	16.0640	15.9166
281.9888	16.0640	15.9048
282.1412	16.0364	15.8109
282.2936	15.9832	15.6233
282.4460	15.7381	15.3579
282.5984	14.6989	14.7831
282.7508	14.7153	14.7830
282.9032	14.7636	14.7826
283.0556	13.6446	14.6419
283.2080	13.1840	14.5096
283.3604	13.0904	15.0454
283.5128	13.1250	15.0709
283.6652	13.1250	15.0416
283.8176	13.1046	15.0045
283.9700	13.0595	14.8810
284.1224	13.7412	14.3594
284.2748	14.0828	14.7067
284.4272	14.6851	15.1044
284.5796	15.6013	15.3036
284.7320	15.6568	15.2866
284.8844	15.6568	15.2866
285.0368	15.4235	15.2878
285.1892	15.3908	15.0059
285.3416	13.6146	14.3493
285.4940	13.5779	14.2016
285.6464	13.5682	14.1973
285.7988	13.5339	14.2028
285.9512	13.4472	14.1867
286.1036	13.5494	14.2924
286.2560	14.9453	14.3376
286.4084	14.9798	15.2147
286.5608	16.0785	15.9951
286.7132	16.0840	16.0199
286.8656	16.0890	16.0366
287.0180	16.0890	16.0357
287.1704	16.0890	16.0477
287.3228	16.0890	16.0372
287.4752	16.0807	16.0222
287.6276	16.0807	16.0032
287.7800	16.0807	16.0193
287.9324	16.0807	16.0112
288.0848	16.0807	16.0112
288.2372	16.0807	16.0112
288.3896	16.0807	16.0102
288.5420	15.8771	15.5540
288.6944	15.3337	15.1118
288.8468	14.3520	14.1117
288.9992	14.3520	14.1136
289.1516	14.3555	13.9960
289.3040	14.3306	15.1007
289.4564	15.6376	14.0069
289.6088	15.6405	14.0459
289.7612	15.6568	14.0302
289.9136	15.6559	13.8944
290.0660	15.6267	13.9262
290.2184	15.0744	14.5507
290.3708	16.0515	15.8368
290.5232	16.0972	16.0895
290.6756	16.0973	16.0833
290.8280	16.0973	16.0845
290.9804	16.0973	16.0926
291.1328	16.0973	16.0939
291.2852	16.0973	16.1007
291.4376	16.0973	16.1008
291.5900	16.0973	16.1008
291.7424	16.0956	16.0922
291.8948	16.0807	16.0012
292.0472	16.0909	16.0359
292.1996	16.0973	16.1251
292.3520	16.0973	16.1251
292.5044	16.0973	16.1251
292.6568	16.0973	16.1089
292.8092	16.0973	16.1040
292.9616	16.0973	16.1008
293.1140	16.0806	16.0025
293.2664	16.0760	15.9374
293.4188	16.0804	15.9374
293.5712	16.0890	16.0539
293.7236	16.0898	16.0497
293.8760	16.0309	15.7768
294.0284	12.6992	11.6287
294.1808	13.5787	14.5530
294.3332	13.3657	14.5464
294.4856	13.0440	14.2615
294.6380	13.0471	14.2673
294.7904	13.5226	14.4963
294.9428	13.8349	14.1723
295.0952	13.5761	13.9797
295.2476	13.6095	13.9866
295.4000	13.7242	14.0836
295.5524	13.5316	13.9435
295.7048	13.1552	14.3092
295.8572	13.4026	14.7572
296.0096	14.3805	14.9083
296.1620	14.3782	14.9083
296.3144	14.3458	14.9083
296.4668	13.4394	15.0749
296.6192	13.2730	14.8368
296.7716	13.2683	14.8247
296.9240	13.1975	14.7395
297.0764	12.9588	14.4659
297.2288	12.3641	13.4541
297.3812	12.3874	13.4649
297.5336	12.1504	13.1833
297.6860	12.1304	13.0881
297.8384	12.0782	13.0231
297.9908	12.0762	12.9887
298.1432	12.1247	12.9777
298.2956	12.1613	12.9688
298.4480	12.5181	12.8080
298.6004	12.6864	12.9425
298.7528	12.1781	12.8959
298.9052	12.1853	12.8889
299.0576	12.1707	12.8801
299.2100	15.0326	14.6206
299.3624	16.0263	15.7009
299.5148	16.0139	15.7565
299.6672	16.0450	15.8220
299.8196	16.0942	16.0934
299.9720	16.0890	16.0677
300.1244	15.0044	15.3560
300.2768	14.0817	14.1379
300.4292	13.0559	14.0173
300.5816	13.2375	13.1883
300.7340	13.2664	13.1771
300.8864	13.1155	13.2007
301.0388	13.1032	13.5362
301.1912	13.1001	13.4557
301.3436	13.2136	13.1958
301.4960	12.6009	13.4071
301.6484	12.3410	13.4224
301.8008	12.3409	13.4224
301.9532	12.3294	13.4322
302.1056	12.3012	13.4291
302.2580	12.0658	13.4765
302.4104	12.1701	13.3810
302.5628	12.8418	13.8288
302.7152	13.2765	14.3540
302.8676	13.2765	14.3541
303.0200	13.2747	14.3526
303.1724	15.1392	15.4476
303.3248	15.1221	15.0147
303.4772	13.2954	13.0205
303.6296	13.3368	13.0285
303.7820	13.3382	13.0285
303.9344	13.3381	13.0588
304.0868	12.5843	12.9797
304.2392	12.6186	13.7102
304.3916	14.4779	14.6080
304.5440	14.6989	15.2498
304.6964	13.5062	13.2796
304.8488	15.8699	15.5297
305.0012	15.8917	15.5528
305.1536	15.8905	15.5528
305.3060	15.8911	15.5632
305.4584	16.0858	16.0061
305.6108	16.0866	16.0204
305.7632	16.0810	16.0224
305.9156	16.0807	16.0270
306.0680	16.0848	16.0196
306.2204	16.0807	16.0195
306.3728	16.0862	16.0221
306.5252	16.0808	16.0198
306.6776	16.0809	16.0281
306.8300	16.0807	16.0357
306.9824	16.0807	16.0357
307.1348	16.0807	16.0357
307.2872	16.0807	16.0339
307.4396	16.0807	16.0194
307.5920	16.0807	16.0133
307.7444	15.9538	15.6707
307.8968	15.7055	15.0853
308.0492	16.0222	15.7005
308.2016	16.0231	15.7244
308.3540	15.7316	15.3828
308.5064	13.8529	13.6865
308.6588	13.0505	12.2583
308.8112	12.7071	12.2042
308.9636	12.7355	12.2331
309.1160	13.0447	12.1367
309.2684	13.8521	13.2820
309.4208	13.9198	13.2854
309.5732	13.9216	13.2789
309.7256	13.4900	13.1661
309.8780	12.5265	12.7275
310.0304	12.1012	12.5057
310.1828	12.0880	12.5056
310.3352	12.0903	12.5034
310.4876	12.1813	12.6936
310.6400	12.3364	12.5907
310.7924	12.2586	12.3527
310.9448	12.1440	12.6041
311.0972	12.2989	12.5514
311.2496	12.2990	12.5483
311.4020	12.2799	12.5480
311.5544	12.5029	12.6287
311.7068	15.5692	15.1611
311.8592	16.0890	16.0677
312.0116	16.0890	16.0683
312.1640	16.0890	16.0764
312.3164	16.0890	16.0764
312.4688	16.0890	16.0764
312.6212	16.0890	16.0764
312.7736	16.0890	16.0600
312.9260	16.0890	16.0355
313.0784	16.0890	16.0520
313.2308	16.0890	16.0398
313.3832	16.0890	16.0357
313.5356	16.0890	16.0412
313.6880	12.9458	13.8674
313.8404	12.3059	13.1836
313.9928	12.3128	13.2262
314.1452	12.9040	13.7364
314.2976	13.0301	13.7607
314.4500	12.2682	13.2198
314.6024	12.0268	12.8569
314.7548	12.5462	14.1291
314.9072	12.7362	14.1867
315.0596	12.7328	14.1403
315.2120	12.6777	14.0428
315.3644	12.6743	14.0209
315.5168	12.6709	13.4391
315.6692	12.7468	13.0188
315.8216	13.8599	12.6735
315.9740	14.6339	13.4711
316.1264	14.1451	12.6041
316.2788	13.9442	12.4955
316.4312	14.6978	12.4651
316.5836	14.8945	14.6685
316.7360	14.2565	15.2779
316.8884	13.4277	15.4675
317.0408	13.3769	15.4675
317.1932	13.3703	15.4675
317.3456	12.3186	15.3992
317.4980	12.1898	15.2693
317.6504	13.4551	15.2779
317.8028	13.4369	15.2779
317.9552	13.4269	15.2779
318.1076	13.4170	15.2779
318.2600	12.8563	15.2779
318.4124	12.8977	15.2779
318.5648	12.6481	12.3756
318.7172	12.6536	12.3934
318.8696	12.6535	12.3934
319.0220	12.6808	12.7316
319.1744	13.4161	15.2602
319.3268	14.6923	15.0244
319.4792	15.1372	14.4181
319.6316	14.8735	13.7111
319.7840	13.8221	14.6396
319.9364	16.0806	16.0185
320.0888	16.0724	15.9402
320.2412	16.0724	15.9045
320.3936	16.0614	15.8994
320.5460	15.9395	15.6229
320.6984	15.6415	14.2268
320.8508	16.0973	16.0965
321.0032	16.0973	16.1008
321.1556	16.0973	16.0929
321.3080	16.0973	16.0927
321.4604	16.0973	16.1034
321.6128	16.0973	16.1008
321.7652	16.0973	16.1008
321.9176	16.0973	16.1089
322.0700	16.0973	16.1062
322.2224	16.0973	16.1089
322.3748	16.0973	16.1089
322.5272	16.0973	16.1008
322.6796	16.0946	16.1009
322.8320	16.0753	15.9581
322.9844	16.0223	15.7967
323.1368	16.0846	16.0465
323.2892	16.0890	16.0967
323.4416	16.0395	15.8156
323.5940	12.8810	15.2739
323.7464	12.2631	13.9906
323.8988	12.2674	13.9892
324.0512	12.2674	13.9798
324.2036	12.2569	13.9798
324.3560	12.1571	13.8948
324.5084	12.1026	13.6938
324.6608	12.1053	13.6160
324.8132	12.2765	14.0384
324.9656	12.8426	15.2170
325.1180	12.8427	15.2170
325.2704	12.8358	15.2170
325.4228	13.4076	14.9671
325.5752	12.1452	14.5650
325.7276	12.1304	14.5654
325.8800	12.1304	14.5563
326.0324	12.1304	14.5563
326.1848	12.2104	14.5261
326.3372	12.0589	14.1692
326.4896	12.5097	14.0713
326.6420	12.3723	14.0177
326.7944	12.3724	14.0081
326.9468	12.4379	13.9583
327.0992	12.2640	13.9729
327.2516	12.2396	13.9012
327.4040	11.9179	13.8274
327.5564	11.9393	13.9535
327.7088	11.9713	15.1765
327.8612	12.0066	15.3324
328.0136	12.9651	15.4075
328.1660	13.0641	15.4332
328.3184	12.4532	14.8788
328.4708	11.7311	13.5243
328.6232	12.5748	14.9943
328.7756	13.1047	14.8547
328.9280	13.1047	14.8518
329.0804	13.7469	14.2611
329.2328	12.5529	13.8728
329.3852	12.2807	13.5105
329.5376	12.0421	13.1771
329.6900	12.0350	13.1771
329.8424	12.0420	13.1771
329.9948	11.9928	13.1771
330.1472	11.9889	13.2131
330.2996	12.2973	14.1304
330.4520	12.3932	14.1305
330.6044	12.3862	14.2268
330.7568	12.1995	14.0459
330.9092	12.2054	14.0340
331.0616	12.6054	14.0319
331.2140	16.0828	16.0149
331.3664	16.0973	16.1170
331.5188	16.0973	16.1170
331.6712	16.0970	16.1187
331.8236	16.0971	16.1213
331.9760	16.0973	16.1121
332.1284	16.0890	16.0978
332.2808	15.7816	15.5790
332.4332	13.4503	15.2014
332.5856	11.7621	14.5654
332.7380	11.7520	14.5654
332.8904	11.7579	14.5612
333.0428	11.7458	14.5376
333.1952	11.7871	14.3002
333.3476	16.0533	15.8944
333.5000	16.0524	15.8383
333.6524	16.0476	15.8383
333.8048	14.8194	15.3718
333.9572	14.3223	15.2678
334.1096	14.3622	15.4941
334.2620	11.6960	14.9040
334.4144	11.5861	14.5067
334.5668	11.5909	14.5197
334.7192	11.5946	14.5087
334.8716	11.6161	14.4466
335.0240	13.2389	14.8278
335.1764	14.6598	15.2860
335.3288	12.7897	14.9114
335.4812	13.2941	14.9920
335.6336	13.4448	15.0108
335.7860	13.3693	15.0130
335.9384	11.8042	13.9711
336.0908	11.8401	13.8944
336.2432	11.9137	13.7604
336.3956	11.9935	13.7416
336.5480	11.9861	13.6779
336.7004	11.9820	13.6358
336.8528	11.9503	13.6549
337.0052	12.3888	13.9990
337.1576	15.6928	15.3494
337.3100	15.9670	15.6206
337.4624	16.0276	15.7354
337.6148	12.4025	15.3077
337.7672	12.4537	15.2779
337.9196	12.4525	15.2779
338.0720	14.1843	15.3001
338.2244	16.0815	16.0081
338.3768	16.1139	16.1977
338.5292	16.1139	16.1977
338.6816	16.1139	16.2117
338.8340	16.1139	16.1851
338.9864	16.1139	16.1882
339.1388	16.1139	16.1917
339.2912	13.2951	15.4203
339.4436	12.3681	15.4590
339.5960	12.3514	15.4675
339.7484	12.3131	15.4618
339.9008	12.1163	15.4675
340.0532	11.8563	15.3819
340.2056	11.7049	15.2432
340.3580	11.6962	15.2432
340.5104	11.7177	15.2432
340.6628	11.7258	15.1932
340.8152	11.7331	14.8626
340.9676	11.9990	14.2573
341.1200	16.0745	15.9913
341.2724	16.1056	16.1089
341.4248	16.0948	16.0750
341.5772	16.0890	16.0357
341.7296	16.0890	16.0261
341.8820	16.0890	16.0294
342.0344	16.0508	15.8307
342.1868	16.1056	16.1493
342.3392	16.1056	16.1500
342.4916	16.1056	16.1493
342.6440	16.1056	16.1493
342.7964	16.1056	16.1547
342.9488	16.1001	16.1304
343.1012	16.1056	16.1413
343.2536	16.1056	16.1493
343.4060	16.1056	16.1493
343.5584	16.1056	16.1493
343.7108	16.1033	16.1349
343.8632	16.0973	16.1170
344.0156	16.1026	16.1473
344.1680	16.0973	16.1165
344.3204	16.0973	16.1170
344.4728	16.0973	16.1112
344.6252	16.0929	16.0855
344.7776	15.7543	15.9088
344.9300	11.5651	15.2816
345.0824	11.5430	15.2779
345.2348	11.5379	15.2779
345.3872	11.5537	15.2775
345.5396	11.4896	15.2779
345.6920	11.4213	15.2779
345.8444	11.4574	15.0931
345.9968	11.4621	15.2011
346.1492	11.4621	15.2779
346.3016	11.4684	15.1871
346.4540	11.4674	14.9794
346.6064	11.4888	15.0134
346.7588	11.4812	15.2402
346.9112	11.4098	15.1352
347.0636	11.3700	14.9819
347.2160	11.3700	14.9626
347.3684	11.3845	14.9188
347.5208	11.4778	14.8630
347.6732	11.5753	14.9359
347.8256	11.5753	14.9351
347.9780	11.5688	14.9351
348.1304	11.5552	15.0427
348.2828	11.5418	15.1577
348.4352	11.7792	15.1821
348.5876	11.7723	15.2118
348.7400	13.6355	15.4758
348.8924	11.9575	15.2851
349.0448	11.3349	15.1338
349.1972	11.3092	15.0828
349.3496	11.3124	15.0856
349.5020	11.2828	15.1108
349.6544	11.3157	15.1817
349.8068	11.3095	15.1796
349.9592	11.3813	15.0821
350.1116	11.4544	15.2614
350.2640	11.4334	15.2607
350.4164	11.7247	15.2692
350.5688	11.9050	15.2656
350.7212	12.0346	15.2614
350.8736	14.3614	15.4038
351.0260	15.3324	15.4764
351.1784	16.0920	16.0972
351.3308	15.3648	15.5690
351.4832	13.0338	15.4846
351.6356	13.0335	15.4906
351.7880	13.0335	15.4722
351.9404	11.6896	15.3620
352.0928	11.4998	15.2519
352.2452	11.4935	15.2432
352.3976	11.5858	15.2432
352.5500	11.5861	15.0925
352.7024	11.5846	15.0584
352.8548	11.5555	14.8857
353.0072	11.6113	15.0733
353.1596	11.7611	15.2484
353.3120	11.7793	15.2779
353.4644	11.7793	15.2779
353.6168	11.7791	15.2777
353.7692	11.7926	15.2779
353.9216	11.8212	15.2808
354.0740	11.7281	15.2865
354.2264	11.3998	15.2871
354.3788	11.7202	15.2988
354.5312	11.8435	15.3730
354.6836	11.8677	15.3788
354.8360	12.6792	15.3844
354.9884	15.6629	15.7298
355.1408	16.0959	16.1297
355.2932	16.0973	16.1332
355.4456	16.0973	16.1411
355.5980	15.9569	15.8272
355.7504	12.3892	15.4827
355.9028	12.2574	15.4761
356.0552	11.6783	15.2695
356.2076	11.5760	15.2769
356.3600	11.4674	15.2710
356.5124	11.4773	15.2699
356.6648	12.1232	15.4136
356.8172	12.4488	15.3836
356.9696	12.8391	15.3990
357.1220	12.2233	15.4563
357.2744	12.0774	15.5184
357.4268	12.0774	15.5187
357.5792	12.0774	15.5187
357.7316	12.0774	15.5187
357.8840	12.3520	15.4437
358.0364	15.8211	15.7391
358.1888	14.0578	15.4048
358.3412	13.7506	15.4348
358.4936	13.8125	15.4332
358.6460	13.8209	15.4345
358.7984	14.0472	15.4855
358.9508	12.9514	15.4616
359.1032	12.6672	15.4637
359.2556	12.6090	15.4278
359.4080	12.6099	15.4075
359.5604	12.7630	15.4230
359.7128	12.6121	15.4160
359.8652	12.6045	15.4068
360.0176	13.9734	15.1908
360.1700	11.9392	15.2838
360.3224	11.7867	15.1301
360.4748	11.9288	15.1295
360.6272	11.9406	15.1372
360.7796	12.7868	15.1280
360.9320	13.4852	15.2509
361.0844	16.0875	16.0617
361.2368	16.0890	16.0794
361.3892	16.0171	15.7230
361.5416	16.0139	15.6711
361.6940	16.0010	15.6581
361.8464	13.7067	15.4701
361.9988	12.8054	15.4675
362.1512	11.8114	15.3719
362.3036	11.8084	15.3731
362.4560	11.5685	15.2902
362.6084	11.5402	15.3126
362.7608	11.5322	15.2953
362.9132	11.5245	15.2953
363.0656	11.4783	15.2912
363.2180	11.3388	15.2688
363.3704	11.3358	15.2642
363.5228	11.5332	15.2779
363.6752	11.5062	15.2779
363.8276	11.2597	15.2711
363.9800	11.2738	15.2502
364.1324	11.4709	15.1740
364.2848	11.5373	15.2554
364.4372	12.1627	15.2765
364.5896	12.4029	15.2722
364.7420	11.5394	15.2670
364.8944	11.5685	15.2101
365.0468	11.5481	15.2170
365.1992	11.7214	15.1178
365.3516	11.6076	15.1814
365.5040	11.6076	15.1821
365.6564	11.6076	15.1821
365.8088	11.5647	15.1759
365.9612	11.3685	15.2419
366.1136	11.3676	15.2432
366.2660	11.3591	15.2432
366.4184	11.3531	15.2431
366.5708	11.3471	15.2432
366.7232	11.3134	15.2691
366.8756	11.3683	15.2691
367.0280	11.4345	15.2691
367.1804	11.4349	15.2692
367.3328	11.4349	15.2692
367.4852	11.4349	15.2692
367.6376	11.4296	15.2692
367.7900	11.5882	15.2634
367.9424	12.8814	15.7075
368.0948	16.1057	16.2057
368.2472	16.1057	16.2057
368.3996	16.1098	16.2057
368.5520	16.0687	15.9364
368.7044	13.7475	15.0888
368.8568	12.8431	15.2464
369.0092	12.9519	15.3039
369.1616	12.9519	15.3039
369.3140	12.9519	15.3039
369.4664	12.9519	15.3039
369.6188	12.9519	15.3039
369.7712	12.9518	15.3011
369.9236	12.1384	15.2878
370.0760	11.8825	15.2784
370.2284	11.8861	15.3039
370.3808	11.8649	15.3183
370.5332	11.8541	15.2896
370.6856	11.8541	15.2779
370.8380	11.8541	15.2779
370.9904	11.8541	15.2866
371.1428	11.8577	15.2866
371.2952	11.8648	15.2866
371.4476	11.8648	15.2895
371.6000	11.8471	15.2837
371.7524	11.8435	15.2779
371.9048	11.8064	15.2607
372.0572	11.7954	15.2519
372.2096	11.6829	11.8512
372.3620	11.6828	12.0282
372.5144	11.7687	13.2689
372.6668	11.8007	13.4029
372.8192	11.8698	13.7671
372.9716	11.9869	15.2459
373.1240	11.9979	15.2822
373.2764	11.9577	15.3321
373.4288	14.3385	15.7297
373.5812	16.0741	15.9908
373.7336	11.9858	15.4047
373.8860	11.9820	15.4332
374.0384	11.9820	15.4332
374.1908	11.8809	15.3474
374.3432	11.8755	15.3472
374.4956	11.8438	15.3947
374.6480	12.1567	15.3039
374.8004	12.2254	15.3817
374.9528	12.1621	15.3432
375.1052	12.1620	15.3039
375.2576	12.1863	15.3039
375.4100	11.9573	15.2693
375.5624	11.9430	15.2692
375.7148	11.9394	15.2692
375.8672	11.9256	15.2692
376.0196	11.8007	15.2692
376.1720	11.8007	15.2779
376.3244	11.8007	15.2693
376.4768	11.8007	15.2751
376.6292	11.7972	15.2692
376.7816	11.7721	15.2865
376.9340	11.4342	15.2528
377.0864	11.3591	15.2344
377.2388	11.3591	15.2257
377.3912	11.3591	15.2201
377.5436	11.3447	15.1941
377.6960	11.4943	15.1374
377.8484	11.8611	15.0857
378.0008	11.8007	15.2779
378.1532	11.8007	15.2579
378.3056	11.8327	15.0392
378.4580	11.8079	15.0149
378.6104	11.7761	15.2504
378.7628	11.7796	15.2600
378.9152	11.7687	15.2952
379.0676	11.7758	15.2924
379.2200	11.8008	15.2738
379.3724	11.7793	15.2779
379.5248	11.7044	15.2751
379.6772	11.7437	15.2779
379.8296	11.7419	15.2779
379.9820	11.7258	15.2736
380.1344	11.7293	15.2779
380.2868	11.7721	15.2808
380.4392	11.8168	15.3039
380.5916	11.8115	15.3039
380.7440	11.8185	15.3011
380.8964	11.8593	15.3038
381.0488	11.9499	15.3125
381.2012	11.9820	15.3644
381.3536	12.0031	15.3902
381.5060	12.0349	15.3945
381.6584	15.8407	15.4796
381.8108	16.0512	15.8298
381.9632	16.0529	15.8300
382.1156	16.0501	15.8382
382.2680	16.0946	16.0660
382.4204	16.0890	16.0925
382.5728	16.0801	16.0197
382.7252	15.5908	15.4821
382.8776	14.5857	15.4604
383.0300	14.9527	15.3152
383.1824	14.4910	15.4596
383.3348	13.1415	15.4422
383.4872	12.6842	15.4333
383.6396	11.9288	15.3767
383.7920	11.9259	15.3989
383.9444	11.9181	15.4011
384.0968	11.9181	15.4075
384.2492	11.9181	15.4075
384.4016	11.9181	15.4075
384.5540	11.9181	15.3823
384.7064	11.9181	15.3817
384.8588	11.9181	15.3817
385.0112	11.9181	15.3800
385.1636	11.9181	15.3731
385.3160	11.9181	15.3746
385.4684	11.8896	15.3731
385.6208	11.8968	15.3685
385.7732	11.8768	15.3859
385.9256	11.8717	15.3931
386.0780	11.8435	15.3810
386.2304	11.8541	15.3731
386.3828	11.8223	15.3486
386.5352	12.1181	15.1936
386.6876	12.4125	14.9586
386.8400	12.5186	14.6595
386.9924	12.5186	14.6564
387.1448	12.5186	14.6472
387.2972	12.5899	14.4263
387.4496	15.5897	14.8335
387.6020	16.0948	16.1174
387.7544	16.0973	16.1251
387.9068	16.0973	16.1251
388.0592	16.0973	16.1251
388.2116	16.0973	16.1251
388.3640	16.0973	16.1251
388.5164	16.0973	16.1251
388.6688	16.0973	16.1251
388.8212	16.0973	16.1251
388.9736	16.0973	16.1251
389.1260	16.0973	16.1251
389.2784	16.0890	16.0657
389.4308	16.0172	15.6587
389.5832	15.2339	15.4036
389.7356	15.2184	15.4075
389.8880	13.9588	15.3906
390.0404	13.5259	15.3147
390.1928	13.0276	15.3051
390.3452	13.0019	13.0818
390.4976	13.0336	14.1605
390.6500	12.8156	14.0795
390.8024	12.2187	14.6562
390.9548	12.0014	15.2786
391.1072	11.8648	15.3903
391.2596	11.8648	15.3880
391.4120	11.8648	15.3886
391.5644	11.8727	15.3909
391.7168	11.8435	15.3989
391.8692	11.8435	15.3788
392.0216	11.8755	15.3731
392.1740	11.8755	15.3731
392.3264	11.8648	15.3731
392.4788	12.1937	15.4100
392.6312	12.3794	15.3903
392.7836	12.3514	15.3989
392.9360	12.3514	15.4245
393.0884	12.2674	15.3817
393.2408	12.3055	15.3731
393.3932	13.5490	15.2745
393.5456	16.0707	16.0003
393.6980	15.7173	13.7643
393.8504	15.7085	13.5778
394.0028	15.7085	13.5682
394.1552	15.7085	13.5682
394.3076	15.7085	13.5426
394.4600	15.6713	12.9558
394.6124	15.7170	13.2707
394.7648	16.0748	15.9842
394.9172	16.1055	16.1727
395.0696	16.1056	16.1735
395.2220	16.1056	16.1735
395.3744	16.1056	16.1736
395.5268	16.1056	16.1735
395.6792	16.1014	16.1570
395.8316	16.1015	16.1493
395.9840	16.0973	16.1520
396.1364	16.0973	16.1534
396.2888	16.1015	16.1493
396.4412	16.1056	16.1493
396.5936	16.1056	16.1493
396.7460	16.0973	16.1493
396.8984	16.0973	16.1493
397.0508	16.1001	16.1493
397.2032	16.1056	16.1493
397.3556	16.1029	16.1493
397.5080	16.1029	16.1493
397.6604	16.0973	16.1493
397.8128	16.0973	16.1493
397.9652	16.0974	16.1493
398.1176	16.0973	16.1493
398.2700	16.0973	16.1493
398.4224	16.0864	16.0772
398.5748	16.0932	16.1213
398.7272	14.8666	15.2305
398.8796	14.6246	15.2519
399.0320	14.6246	15.2519
399.1844	14.6246	15.2519
399.3368	14.6246	15.2779
399.4892	15.4759	15.1544
399.6416	15.5233	13.5684
399.7940	15.9341	15.6095
399.9464	16.0083	15.6964
400.0988	15.9586	15.6129
400.2512	15.7656	15.4246
400.4036	15.9103	15.5755
400.5560	15.8707	15.5102
400.7084	15.8566	15.5102
400.8608	15.7517	14.4846
401.0132	15.9390	15.5188
401.1656	16.0973	16.1411
401.3180	16.0890	16.1330
401.4704	16.0890	16.1332
401.6228	16.0890	16.1332
401.7752	16.0890	16.1064
401.9276	16.0890	16.1008
402.0800	16.0890	16.1251
402.2324	16.0890	16.1251
402.3848	16.0890	16.1251
402.5372	16.0890	16.1251
402.6896	16.0890	16.1251
402.8420	16.0890	16.1251
402.9944	16.0890	16.1198
403.1468	16.0890	16.0985
403.2992	16.0890	16.1177
403.4516	16.0890	16.1251
403.6040	16.0890	16.1251
403.7564	16.0890	16.1251
403.9088	16.0890	16.1248
404.0612	16.0890	16.0846
404.2136	12.6961	15.0458
404.3660	15.3841	15.1512
404.5184	15.6505	15.2706
404.6708	15.6568	15.2779
404.8232	15.7001	15.3237
404.9756	16.0722	15.9798
405.1280	15.6861	13.9994
405.2804	15.6489	14.4569
405.4328	15.6202	13.0549
405.5852	15.3667	12.6375
405.7376	15.3735	12.6374
405.8900	15.3885	12.6428
406.0424	15.0136	12.1059
406.1948	14.5147	12.2931
406.3472	14.4744	12.7540
406.4996	14.4654	12.7613
406.6520	14.3340	12.6255
406.8044	14.2475	12.5590
406.9568	14.2152	12.5370
407.1092	13.9535	12.8414
407.2616	15.6214	14.6643
407.4140	16.0974	16.1413
407.5664	16.1014	16.1413
407.7188	16.0973	16.1413
407.8712	16.0973	16.1413
408.0236	16.0973	16.1413
408.1760	16.0973	16.1413
408.3284	16.0973	16.1413
408.4808	16.0973	16.1413
408.6332	16.0973	16.1413
408.7856	16.0973	16.1332
408.9380	16.0973	16.1332
409.0904	16.0973	16.1332
409.2428	16.0973	16.1332
409.3952	16.0973	16.1332
409.5476	16.0973	16.1332
409.7000	16.0973	16.1332
409.8524	16.0973	16.1332
410.0048	16.0973	16.1251
410.1572	16.0973	16.1304
410.3096	16.0973	16.1413
410.4620	16.0973	16.1089
410.6144	16.0259	15.7478
410.7668	16.0693	16.0042
410.9192	16.0752	16.0357
411.0716	16.0724	16.0302
411.2240	16.0724	16.0276
411.3764	16.0724	16.0276
411.5288	16.0724	16.0276
411.6812	16.0724	16.0276
411.8336	16.0724	16.0032
411.9860	16.0724	16.0357
412.1384	16.0228	15.7781
412.2908	15.3087	11.6355
412.4432	15.1999	11.4477
412.5956	15.1969	11.4477
412.7480	14.9370	11.3745
412.9004	14.3906	11.0375
413.0528	14.1621	10.9194
413.2052	14.0010	11.0229
413.3576	13.9781	11.0229
413.5100	13.9781	11.0122
413.6624	13.8528	11.0650
413.8148	13.8288	11.3406
413.9672	15.0419	12.2239
414.1196	15.5080	12.8330
414.2720	15.8763	15.1295
414.4244	16.0807	16.0602
414.5768	16.0807	16.0602
414.7292	16.0807	16.0602
414.8816	16.0807	16.0602
415.0340	16.0807	16.0602
415.1864	16.0807	16.0602
415.3388	16.0807	16.0602
415.4912	16.0807	16.0602
415.6436	16.0807	16.0602
415.7960	16.0807	16.0602
415.9484	16.0807	16.0602
416.1008	16.0807	16.0656
416.2532	16.0807	16.0683
416.4056	16.0807	16.0683
416.5580	16.0807	16.0683
416.7104	16.0807	16.0439
416.8628	16.0780	16.0358
417.0152	15.6513	15.3099
417.1676	15.8848	15.5782
417.3200	15.8849	15.5782
417.4724	15.8960	15.5782
417.6248	15.6588	15.0986
417.7772	15.4257	14.0260
417.9296	15.6207	14.3968
418.0820	15.1134	13.5244
418.2344	15.1281	13.5294
418.3868	15.1103	13.5068
418.5392	15.0289	13.4713
418.6916	15.0588	13.4326
418.8440	14.0689	12.7270
418.9964	15.5067	11.8930
419.1488	15.7087	11.8047
419.3012	15.5844	11.7454
419.4536	15.1739	11.8509
419.6060	15.1104	11.7476
419.7584	15.6309	11.6478
419.9108	15.5056	12.0767
420.0632	15.5528	11.9400
420.2156	15.5528	11.9401
420.3680	15.5471	11.9401
420.5204	15.6394	12.1499
420.6728	15.6541	11.7225
420.8252	15.6282	11.4900
420.9776	15.6339	11.4338
421.1300	15.6309	11.4126
421.2824	15.5966	11.4688
421.4348	15.5963	11.4794
421.5872	14.6605	11.7375
421.7396	15.5560	14.2015
421.8920	16.0973	16.1413
422.0444	16.0973	16.1413
422.1968	16.0973	16.1413
422.3492	16.0973	16.1413
422.5016	16.0973	16.1413
422.6540	16.0973	16.1413
422.8064	16.0973	16.1413
422.9588	16.0973	16.1413
423.1112	16.0973	16.1413
423.2636	16.0973	16.1413
423.4160	16.0973	16.1413
423.5684	16.0973	16.1413
423.7208	16.0973	16.1358
423.8732	16.0918	16.1092
424.0256	16.0887	16.1222
424.1780	16.0887	16.1221
424.3304	16.0890	16.1332
424.4828	16.0891	16.0958
424.6352	16.0807	16.0240
424.7876	16.1056	16.2458
424.9400	16.1056	16.2458
425.0924	16.1056	16.2300
425.2448	16.1056	16.2218
425.3972	16.1056	16.2218
425.5496	16.1056	16.2218
425.7020	16.1056	16.2506
425.8544	16.1056	16.2858
426.0068	16.1056	16.2193
426.1592	16.0973	16.1251
426.3116	16.0931	16.1408
426.4640	16.0974	16.1656
426.6164	16.1056	16.1895
426.7688	16.1056	16.1843
426.9212	16.0835	16.1008
427.0736	16.0808	16.1089
427.2260	14.2785	15.2740
427.3784	11.9045	14.0185
427.5308	16.0760	16.0575
427.6832	16.0863	16.0766
427.8356	12.5214	14.9270
427.9880	11.8648	14.3450
428.1404	12.5277	14.5258
428.2928	16.0528	15.9236
428.4452	16.0808	16.1008
428.5976	16.0862	16.0954
428.7500	16.0835	16.1008
428.9024	16.0890	16.1089
429.0548	16.0849	16.1089
429.2072	16.0890	16.1089
429.3596	16.0849	16.1088
429.5120	16.0807	16.0764
429.6644	16.0752	16.0223
429.8168	16.0724	16.0194
429.9692	16.0724	16.0194
430.1216	16.0724	16.0194
430.2740	16.0724	16.0194
430.4264	16.0696	16.0006
430.5788	16.0862	16.1114
430.7312	16.0863	16.1010
430.8836	16.0890	16.1089
431.0360	16.0890	16.1089
431.1884	16.0890	16.1089
431.3408	16.0890	16.1049
431.4932	16.0890	16.1089
431.6456	16.0890	16.1251
431.7980	16.0890	16.1251
431.9504	16.0890	16.1251
432.1028	16.0890	16.1251
432.2552	16.0890	16.1251
432.4076	16.0890	16.1251
432.5600	16.0890	16.1251
432.7124	16.0890	16.1251
432.8648	16.0890	16.1251
433.0172	16.0890	16.1251
433.1696	16.0890	16.1251
433.3220	16.0890	16.1278
433.4744	16.0890	16.1251
433.6268	16.0890	16.1251
433.7792	16.0890	16.1251
433.9316	16.0887	16.1249
434.0840	16.0888	16.1250
434.2364	16.0887	16.1249
434.3888	16.0876	16.1242
434.5412	16.0868	16.1237
434.6936	16.0884	16.1247
434.8460	16.0875	16.1241
434.9984	16.0876	16.1242
435.1508	15.4967	15.1865
435.3032	13.1976	12.9443
435.4556	14.0452	12.2088
435.6080	13.9164	12.1830
435.7604	13.4320	12.1474
435.9128	12.2043	11.7502
436.0652	12.1993	11.4091
436.2176	11.8239	10.9341
436.3700	11.2888	10.9037
436.5224	7.3313	7.0131
436.6748	3.0201	2.8755
436.8272	2.8859	2.7740
436.9796	2.8899	2.7683
