HOLE:	U1352B
EXPEDITION:	317
TOP:	395.5272
BOTTOM:	459.3828
DEPTH_WMSF	HSGR	HCGR	HFK	HTHO	HURA	HBHK
m	gAPI	gAPI	%	ppm	ppm	%
395.5272	27.5222	21.8249	0.6682	3.0848	0.6975	0.0226
395.6796	25.5847	20.0376	0.6004	2.9088	0.6643	0.0226
395.8320	25.2781	19.3288	0.6184	2.5762	0.7117	0.0226
395.9844	24.7611	18.8896	0.6004	2.5407	0.7297	0.0226
396.1368	25.7866	19.6371	0.6159	2.6894	0.7807	0.0226
396.2892	25.0312	17.5004	0.5747	2.2454	0.9563	0.0226
396.4416	24.5515	18.3169	0.5940	2.3946	0.7937	0.0226
396.5940	23.8682	17.2773	0.5603	2.2587	0.8346	0.0226
396.7464	23.1528	16.6019	0.5113	2.3289	0.8106	0.0226
396.8988	22.8029	16.3746	0.5163	2.2268	0.7451	0.0226
397.0512	24.0599	16.9156	0.5531	2.1844	0.8164	0.0226
397.2036	27.9939	20.8108	0.6520	2.8544	0.8577	0.0226
397.3560	31.6017	23.2240	0.7364	3.1340	1.0041	0.0226
397.5084	35.5142	26.1812	0.7897	3.7699	1.1307	0.0226
397.6608	38.2628	29.0828	0.8453	4.3744	1.1450	0.0226
397.8132	41.0790	31.3703	0.9062	4.7511	1.2464	0.0226
397.9656	42.1191	33.1562	0.9514	5.0590	1.1569	0.0226
398.1180	46.3477	36.5322	1.0418	5.6120	1.3169	0.0226
398.2704	51.6659	42.2506	1.2155	6.4284	1.2992	0.0226
398.4228	59.0174	48.0916	1.3847	7.3104	1.5824	0.0226
398.5752	61.6070	50.2209	1.4208	7.7814	1.6300	0.0226
398.7276	64.4614	53.0307	1.4788	8.3429	1.7045	0.0226
398.8800	68.0518	55.5437	1.5784	8.5653	1.8540	0.0226
399.0324	71.8464	59.1712	1.6770	9.1512	1.8465	0.0226
399.1848	74.3055	62.2910	1.7554	9.6922	1.7556	0.0226
399.3372	74.2052	61.7935	1.7940	9.3067	1.7626	0.0226
399.4896	73.7991	60.9735	1.7978	9.0214	1.8493	0.0226
399.6420	75.1428	61.5102	1.8263	9.0269	1.9806	0.0226
399.7944	76.2489	62.4148	1.8495	9.1808	1.9789	0.0226
399.9468	77.4675	61.8824	1.8702	8.8891	2.1007	0.0226
400.0992	76.9743	62.3834	1.9052	8.8446	1.9156	0.0226
400.2516	75.9426	61.3141	1.8785	8.6584	1.9688	0.0226
400.4040	76.6802	62.7652	1.9016	8.9883	1.8773	0.0226
400.5564	75.6070	61.4891	1.8645	8.7964	1.8620	0.0226
400.7088	75.1612	62.3367	1.8467	9.1721	1.7532	0.0226
400.8612	73.6892	60.8111	1.7978	8.9693	1.7370	0.0226
401.0136	75.9436	62.6146	1.7862	9.6155	1.7987	0.0226
401.1660	73.8778	61.6744	1.7235	9.6812	1.5853	0.0226
401.3184	66.3711	55.9707	1.5742	8.7268	1.3037	0.0226
401.4708	55.8500	47.3635	1.3181	7.4668	1.0980	0.0226
401.6232	49.4627	41.9202	1.1286	6.8314	1.0186	0.0226
401.7756	47.1224	38.5150	1.0037	6.4706	1.1830	0.0226
401.9280	44.2565	36.5486	0.9260	6.2952	1.0581	0.0226
402.0804	43.4285	35.7042	0.9036	6.1559	0.9904	0.0226
402.2328	42.1276	35.0377	0.8617	6.1876	0.9282	0.0226
402.3852	42.0539	34.7588	0.8910	5.9263	0.9313	0.0226
402.5376	40.8089	33.6659	0.9216	5.3967	0.9330	0.0226
402.6900	44.8104	37.3972	1.0482	5.8517	0.9301	0.0226
402.8424	48.3829	40.9027	1.1668	6.2813	0.9451	0.0226
402.9948	52.7237	44.8679	1.2666	6.9681	0.9947	0.0226
403.1472	55.3612	47.5763	1.3321	7.4530	0.9514	0.0226
403.2996	61.7991	53.2127	1.5442	8.0180	1.0754	0.0226
403.4520	70.7606	62.5225	1.8218	9.3774	1.0104	0.0226
403.6044	80.8246	72.3533	2.1504	10.6053	1.0783	0.0226
403.7568	87.8892	79.7977	2.3625	11.7501	1.0807	0.0226
403.9092	93.7982	88.3484	2.5775	13.2325	0.7589	0.0226
404.0616	95.0545	89.4754	2.5634	13.6762	0.7766	0.0226
404.2140	97.4889	91.3987	2.5912	14.1301	0.7948	0.0226
404.3664	95.5332	89.4091	2.5141	13.9440	0.9139	0.0226
404.5188	93.8544	87.3683	2.4537	13.6428	0.8700	0.0226
404.6712	87.9815	82.1275	2.3339	12.6644	0.8034	0.0226
404.8236	81.2600	75.2690	2.1765	11.3874	0.7637	0.0226
404.9760	76.8420	72.9644	2.0652	11.2999	0.4892	0.0226
405.1284	75.2051	71.5830	1.9911	11.2907	0.4965	0.0226
405.2808	76.3898	72.0011	1.9690	11.5541	0.6574	0.0226
405.4332	77.5902	71.4435	1.9627	11.4124	0.8976	0.0226
405.5856	77.5544	68.8867	1.9277	10.7977	1.2428	0.0226
405.7380	79.3626	70.5661	2.0259	10.7611	1.2413	0.0226
405.8904	82.4561	73.1590	2.0989	11.1652	1.3570	0.0226
406.0428	87.0772	77.2462	2.2368	11.6679	1.3546	0.0226
406.1952	88.6383	78.2613	2.2936	11.6611	1.4832	0.0226
406.3476	88.0624	77.4722	2.2530	11.6459	1.4720	0.0226
406.5000	86.3623	75.8326	2.1861	11.5117	1.5074	0.0226
406.6524	84.4532	72.3677	2.0747	11.0533	1.6709	0.0226
406.8048	79.5406	67.7265	1.9762	10.1422	1.5380	0.0226
406.9572	67.8784	56.9399	1.6624	8.5209	1.3649	0.0226
407.1096	56.0520	47.3572	1.3740	7.1373	1.0285	0.0226
407.2620	45.5817	38.2222	1.1107	5.7507	0.8167	0.0226
407.4144	41.3813	33.9218	0.9793	5.1412	0.8852	0.0226
407.5668	36.3927	30.1170	0.8509	4.6731	0.7186	0.0226
407.7192	33.1806	27.3164	0.7919	4.1211	0.6585	0.0226
407.8716	30.1358	26.0815	0.7276	4.1016	0.4576	0.0226
408.0240	29.6071	25.3151	0.6949	4.0473	0.4986	0.0226
408.1764	28.8486	24.3229	0.6992	3.7037	0.5163	0.0226
408.3288	30.7146	24.9552	0.7221	3.7725	0.7540	0.0226
408.4812	34.1061	28.2091	0.8116	4.2918	0.7878	0.0226
408.6336	38.3527	31.9242	0.9505	4.6695	0.8741	0.0226
408.7860	39.8992	32.9875	0.9837	4.8161	0.9859	0.0226
408.9384	41.0238	34.3326	1.0009	5.1462	0.9432	0.0226
409.0908	41.8886	35.3986	1.0225	5.3617	0.8869	0.0226
409.2432	45.0441	37.6147	1.1046	5.5914	1.0099	0.0226
409.3956	45.6684	37.7726	1.0804	5.7837	1.0960	0.0226
409.5480	46.5143	36.6237	1.0635	5.5144	1.3378	0.0226
409.7004	48.4704	39.0018	1.1332	5.8691	1.3049	0.0226
409.8528	53.4584	44.5970	1.2797	6.8048	1.2345	0.0226
410.0052	58.3077	49.9695	1.4650	7.4425	1.1300	0.0226
410.1576	60.4691	51.0716	1.5090	7.5382	1.2872	0.0226
410.3100	61.0983	51.3647	1.5303	7.5070	1.2754	0.0226
410.4624	60.0066	49.6481	1.5254	6.9854	1.3201	0.0226
410.6148	59.7060	49.1096	1.5389	6.7338	1.3682	0.0226
410.7672	60.3843	49.9562	1.5853	6.7338	1.3578	0.0226
410.9196	62.5217	51.5856	1.6462	6.8992	1.4375	0.0226
411.0720	65.2015	55.0515	1.7588	7.3511	1.3134	0.0226
411.2244	65.4402	56.4656	1.8030	7.5457	1.1536	0.0226
411.3768	65.7348	58.7772	1.8245	8.1610	0.9117	0.0226
411.5292	65.7129	58.5551	1.7998	8.2343	0.9540	0.0226
411.6816	67.4368	60.1370	1.8244	8.5977	0.9718	0.0226
411.8340	69.4610	61.7776	1.8619	8.9042	1.0376	0.0226
411.9864	70.8847	63.2909	1.8667	9.3608	1.0256	0.0226
412.1388	70.4528	63.4278	1.8274	9.6349	0.9910	0.0226
412.2912	66.3282	58.7534	1.6907	8.9367	1.0559	0.0226
412.4436	61.3480	51.8474	1.4727	7.9992	1.2838	0.0226
412.5960	58.1806	48.1605	1.3392	7.5985	1.3327	0.0226
412.7484	56.1966	44.3589	1.2306	7.0160	1.5643	0.0226
412.9008	55.1708	41.5040	1.1348	6.6615	1.8187	0.0226
413.0532	55.5011	37.8684	1.0791	5.8219	2.3375	0.0226
413.2056	59.6731	37.6457	1.1207	5.5075	2.8962	0.0226
413.3580	63.7860	38.7518	1.1771	5.5315	3.2743	0.0226
413.5104	63.8588	38.4887	1.1833	5.4110	3.3052	0.0226
413.6628	60.4052	35.8349	1.1190	4.9364	3.2222	0.0226
413.8152	56.5990	32.7982	1.0285	4.4928	3.1032	0.0226
413.9676	52.4325	30.4730	0.9345	4.2978	2.8719	0.0226
414.1200	45.2348	27.3035	0.8430	3.8174	2.3760	0.0226
414.2724	35.4744	21.9252	0.6997	2.9321	1.8346	0.0226
414.4248	28.0892	18.1443	0.5695	2.4823	1.3741	0.0226
414.5772	25.3533	17.5068	0.5435	2.4301	1.0752	0.0226
414.7296	25.4303	18.8789	0.5798	2.6579	0.8972	0.0226
414.8820	25.5773	20.4434	0.6085	2.9910	0.7273	0.0226
415.0344	25.9620	21.7703	0.6186	3.3576	0.6101	0.0226
415.1868	27.4575	23.1897	0.6356	3.7127	0.6206	0.0226
415.3392	29.8126	25.5648	0.6976	4.1113	0.5997	0.0226
415.4916	31.2467	27.3967	0.7556	4.3590	0.5576	0.0226
415.6440	31.9183	27.8304	0.7747	4.3865	0.5695	0.0226
415.7964	32.5355	28.5959	0.7790	4.6064	0.5141	0.0226
415.9488	34.2407	30.4412	0.8047	5.0474	0.4871	0.0226
416.1012	36.6668	32.4142	0.8687	5.3053	0.5521	0.0226
416.2536	38.3503	33.8163	0.9233	5.4355	0.6328	0.0226
416.4060	39.7889	35.5130	0.9670	5.7234	0.6227	0.0226
416.5584	44.3322	40.2005	1.1075	6.4035	0.6063	0.0226
416.7108	54.5469	49.8623	1.4137	7.7083	0.7045	0.0226
416.8632	66.5197	60.6086	1.7555	9.1520	0.8695	0.0226
417.0156	74.0423	65.8312	1.9152	9.8907	1.1636	0.0226
417.1680	76.1305	66.6327	1.9307	10.0561	1.3179	0.0226
417.3204	77.3792	67.7886	1.9780	10.1493	1.3192	0.0226
417.4728	78.9031	68.2785	2.0317	9.9913	1.4957	0.0226
417.6252	79.0740	67.3741	2.0413	9.6446	1.6295	-999.2500
417.7776	76.9712	65.2445	2.0039	9.1805	1.5884	-999.2500
417.9300	74.9786	63.1564	1.9410	8.8787	1.5332	-999.2500
418.0824	73.5623	60.8364	1.8585	8.6173	1.6159	-999.2500
418.2348	72.3339	57.6248	1.7597	8.1658	1.8620	-999.2500
418.3872	71.4297	56.0474	1.7028	7.9926	1.9423	-999.2500
418.5396	69.5681	54.0034	1.6433	7.6857	1.9543	-999.2500
418.6920	68.2175	53.4524	1.6455	7.4964	1.8697	-999.2500
418.8444	67.7803	53.5570	1.6822	7.3148	1.7490	-999.2500
418.9968	70.3457	55.3943	1.7553	7.4754	1.8123	-999.2500
419.1492	74.8943	58.8926	1.8476	8.0565	1.9433	-999.2500
419.3016	76.8815	60.9359	1.8920	8.4512	1.9611	-999.2500
419.4540	76.3105	59.7884	1.8571	8.2874	2.0707	-999.2500
419.6064	73.7060	56.5425	1.7667	7.7770	2.1942	-999.2500
419.7588	72.8805	55.5687	1.7532	7.5438	2.2303	-999.2500
419.9112	71.8921	55.8866	1.7523	7.6507	2.0548	-999.2500
420.0636	71.8979	55.0036	1.7202	7.5559	2.1521	-999.2500
420.2160	71.3353	53.6922	1.6546	7.5197	2.2832	-999.2500
420.3684	72.0583	53.6581	1.6295	7.6558	2.3722	-999.2500
420.5208	69.8915	52.1591	1.5584	7.5917	2.3634	-999.2500
420.6732	66.6073	49.1524	1.4572	7.2209	2.3850	-999.2500
420.8256	62.9753	46.4729	1.3942	6.7306	2.2343	-999.2500
420.9780	61.1583	43.3643	1.3143	6.2024	2.3524	-999.2500
421.1304	59.2186	41.5868	1.2377	6.0809	2.2791	-999.2500
421.2828	55.9056	39.8400	1.1691	5.9227	2.0838	-999.2500
421.4352	52.0609	36.5865	1.0791	5.4067	1.9505	-999.2500
421.5876	49.8112	33.9799	1.0216	4.9086	1.9576	-999.2500
421.7400	48.2982	33.2454	0.9899	4.8585	1.8669	-999.2500
421.8924	41.8357	29.7858	0.8965	4.2968	1.4719	-999.2500
422.0448	34.9409	25.2306	0.7616	3.6270	1.1931	-999.2500
422.1972	28.4731	19.8839	0.6050	2.8301	1.0572	-999.2500
422.3496	27.5371	20.0018	0.5672	3.0890	0.9161	-999.2500
422.5020	26.8734	19.5414	0.5188	3.2248	0.8939	-999.2500
422.6544	27.3691	21.3705	0.5539	3.6057	0.7018	-999.2500
422.8068	29.2713	22.8174	0.6128	3.7243	0.7736	-999.2500
422.9592	31.4737	24.8238	0.6681	4.0439	0.7441	-999.2500
423.1116	31.8855	26.4452	0.7010	4.3707	0.5922	-999.2500
423.2640	30.8588	25.9793	0.6981	4.2383	0.5603	-999.2500
423.4164	34.1438	29.3358	0.7918	4.7654	0.5436	-999.2500
423.5688	40.9903	35.6334	0.9466	5.8776	0.6287	-999.2500
423.7212	49.3693	42.7741	1.1331	7.0741	0.7900	-999.2500
423.8736	53.8295	46.4530	1.2298	7.6864	0.8499	-999.2500
424.0260	55.9337	46.7457	1.2812	7.4799	1.1154	-999.2500
424.1784	55.1227	46.7767	1.3092	7.3258	0.9960	-999.2500
424.3308	49.8240	40.5847	1.1472	6.2899	1.1426	-999.2500
424.4832	43.0368	35.8005	0.9844	5.7098	0.8778	-999.2500
424.6356	38.8206	31.9672	0.9016	4.9658	0.8903	-999.2500
424.7880	37.7194	30.1974	0.8685	4.5927	1.0182	-999.2500
424.9404	38.5982	30.0616	0.8669	4.5586	1.1519	-999.2500
425.0928	38.8548	29.7204	0.8479	4.5606	1.2183	-999.2500
425.2452	41.2187	30.9828	0.9022	4.6473	1.3448	-999.2500
425.3976	44.9112	34.8778	1.0177	5.2192	1.3195	-999.2500
425.5500	48.8599	39.3465	1.1307	5.9892	1.2388	-999.2500
425.7024	51.0996	41.1115	1.1946	6.1807	1.2603	-999.2500
425.8548	52.1983	41.6481	1.2072	6.2794	1.3067	-999.2500
426.0072	52.0452	43.0601	1.2562	6.4445	1.1270	-999.2500
426.1596	48.4747	39.7940	1.1566	5.9809	1.1101	-999.2500
426.3120	44.9267	37.7850	1.0703	5.8428	0.8996	-999.2500
426.4644	44.3403	37.7041	1.0586	5.8854	0.8125	-999.2500
426.6168	48.8604	41.6378	1.1683	6.5037	0.8457	-999.2500
426.7692	52.9067	44.2259	1.2711	6.7313	1.0346	-999.2500
426.9216	56.3427	45.2787	1.3326	6.7085	1.2912	-999.2500
427.0740	59.0238	45.9432	1.3596	6.7634	1.5363	-999.2500
427.2264	61.7808	47.6610	1.4037	7.0558	1.7129	-999.2500
427.3788	62.4931	48.2007	1.3997	7.2520	1.7461	-999.2500
427.5312	59.9980	46.1706	1.3164	7.0891	1.7095	-999.2500
427.6836	54.7519	41.4646	1.1775	6.3946	1.6320	-999.2500
427.8360	47.7175	36.0135	1.0183	5.5797	1.4312	-999.2500
427.9884	40.5006	29.7623	0.8303	4.6769	1.2998	-999.2500
428.1408	35.5604	25.7031	0.6930	4.1797	1.1822	-999.2500
428.2932	33.7262	24.3202	0.6248	4.1359	1.1525	-999.2500
428.4456	33.6508	24.6638	0.5959	4.4153	1.1218	-999.2500
428.5980	34.4250	26.1165	0.5953	4.8840	1.0791	-999.2500
428.7504	36.6655	28.2133	0.6307	5.3487	1.1117	-999.2500
428.9028	40.5344	31.5431	0.7063	5.9732	1.1738	-999.2500
429.0552	44.3063	35.2886	0.8134	6.5465	1.1867	-999.2500
429.2076	45.4183	36.8596	0.8779	6.6725	1.1349	-999.2500
429.3600	44.6963	36.3262	0.8860	6.4542	1.0872	-999.2500
429.5124	45.8709	37.2230	0.9381	6.4367	1.1102	-999.2500
429.6648	51.1147	41.3363	1.0827	6.9086	1.2815	-999.2500
429.8172	56.1731	46.1767	1.2487	7.4882	1.3336	-999.2500
429.9696	58.0096	48.3935	1.3475	7.6198	1.2771	-999.2500
430.1220	56.5793	47.2379	1.3416	7.2841	1.1853	-999.2500
430.2744	54.1399	45.3987	1.3137	6.8582	1.0507	-999.2500
430.4268	50.8786	42.4838	1.2512	6.2897	0.9831	-999.2500
430.5792	47.5515	39.2363	1.1775	5.6806	0.9561	-999.2500
430.7316	45.8650	37.1835	1.1293	5.3047	1.0010	-999.2500
430.8840	44.8936	35.6395	1.0785	5.1078	1.0698	-999.2500
431.0364	43.1001	35.0103	1.0551	5.0429	0.9573	-999.2500
431.1888	39.9324	32.7254	0.9872	4.7083	0.8507	-999.2500
431.3412	36.9415	30.8500	0.9240	4.4768	0.7041	-999.2500
431.4936	34.4717	28.3937	0.8438	4.1594	0.7167	-999.2500
431.6460	32.5920	26.4470	0.7810	3.9033	0.7302	-999.2500
431.7984	29.7997	24.0539	0.7187	3.5006	0.6999	-999.2500
431.9508	27.4533	22.1400	0.6544	3.2641	0.6601	-999.2500
432.1032	26.3790	21.0452	0.6193	3.1184	0.6771	-999.2500
432.2556	25.6223	20.5829	0.5982	3.0940	0.6426	-999.2500
432.4080	25.1604	20.5880	0.5899	3.1441	0.5881	-999.2500
432.5604	24.1694	20.2892	0.5922	3.0348	0.4929	-999.2500
432.7128	23.4070	19.1024	0.5640	2.8196	0.5339	-999.2500
432.8652	22.6859	18.6108	0.5424	2.7891	0.4936	-999.2500
433.0176	22.4641	18.3034	0.5169	2.8398	0.5031	-999.2500
433.1700	22.7870	18.6619	0.5258	2.9023	0.4969	-999.2500
433.3224	22.5485	19.4766	0.5478	3.0344	0.3413	-999.2500
433.4748	22.0410	18.8758	0.5326	2.9310	0.3798	-999.2500
433.6272	21.7989	18.8014	0.5564	2.7682	0.3515	-999.2500
433.7796	23.1962	19.6259	0.5850	2.8650	0.4371	-999.2500
433.9320	23.8235	20.6610	0.6157	3.0169	0.4031	-999.2500
434.0844	24.1609	20.6068	0.6265	2.9358	0.4236	-999.2500
434.2368	24.3649	21.3352	0.6351	3.1189	0.3715	-999.2500
434.3892	29.8406	25.4792	0.7655	3.6836	0.5687	-999.2500
434.5416	38.7936	32.6630	0.9816	4.7204	0.7792	-999.2500
434.6940	46.7131	38.9170	1.2046	5.4194	1.0307	-999.2500
434.8464	47.9955	40.3344	1.2294	5.7286	0.9806	-999.2500
434.9988	47.6250	39.5492	1.1769	5.7838	1.0496	-999.2500
435.1512	51.5449	42.8576	1.2844	6.2148	1.0759	-999.2500
435.3036	58.9181	47.8918	1.4084	7.1022	1.4055	-999.2500
435.4560	62.7037	51.9823	1.4886	7.9434	1.3396	-999.2500
435.6084	64.2838	52.8031	1.5106	8.0778	1.3970	-999.2500
435.7608	62.1287	50.8376	1.4765	7.6481	1.3480	-999.2500
435.9132	61.2027	49.7899	1.4347	7.5571	1.3611	-999.2500
436.0656	58.3908	47.5214	1.3652	7.2365	1.2661	-999.2500
436.2180	58.0027	46.8981	1.3693	7.0127	1.3624	-999.2500
436.3704	60.4710	48.1970	1.3995	7.2520	1.5179	-999.2500
436.5228	66.7433	53.2827	1.5567	7.9617	1.7098	-999.2500
436.6752	73.8659	58.9976	1.7516	8.6522	1.8321	-999.2500
436.8276	77.4213	61.7840	1.8452	8.9969	1.9371	-999.2500
436.9800	79.0140	63.5676	1.8813	9.3573	1.9553	-999.2500
437.1324	80.0614	64.0272	1.9228	9.2616	2.0463	-999.2500
437.2848	81.5520	64.8981	1.9354	9.4665	2.1461	-999.2500
437.4372	80.7558	63.6660	1.8919	9.3264	2.2318	-999.2500
437.5896	78.6501	61.9267	1.8556	8.9820	2.1874	-999.2500
437.7420	78.3570	61.8710	1.8718	8.8690	2.1503	-999.2500
437.8944	78.6204	62.1340	1.8957	8.8134	2.0975	-999.2500
438.0468	78.9107	62.6137	1.9356	8.7339	2.0379	-999.2500
438.1992	77.1710	60.4470	1.8939	8.2835	2.0385	-999.2500
438.3516	75.1878	58.6326	1.8699	7.8426	2.0628	-999.2500
438.5040	73.9703	58.1023	1.8492	7.7942	2.0038	-999.2500
438.6564	73.8871	58.2038	1.8698	7.7063	1.9092	-999.2500
438.8088	73.3731	57.3909	1.8566	7.5228	1.8960	-999.2500
438.9612	73.3174	56.6536	1.8535	7.3048	1.9669	-999.2500
439.1136	72.1938	56.6060	1.8305	7.4244	1.8982	-999.2500
439.2660	71.9308	56.7095	1.8213	7.5111	1.9037	-999.2500
439.4184	71.9014	56.8001	1.8078	7.6189	1.8985	-999.2500
439.5708	72.5969	58.4051	1.7965	8.1995	1.8005	-999.2500
439.7232	73.9502	60.7472	1.8280	8.7659	1.6958	-999.2500
439.8756	74.9921	61.4652	1.8549	8.8384	1.7472	-999.2500
440.0280	75.5640	61.6159	1.8269	9.0507	1.8086	-999.2500
440.1804	76.2716	62.4347	1.8417	9.2263	1.8255	-999.2500
440.3328	75.9326	62.7396	1.8421	9.3213	1.7762	-999.2500
440.4852	76.6005	62.9138	1.8686	9.2222	1.8502	-999.2500
440.6376	76.1362	62.7085	1.8781	9.1004	1.7856	-999.2500
440.7900	74.1768	61.5423	1.8476	8.9055	1.6478	-999.2500
440.9424	69.4928	56.8288	1.7068	8.2191	1.5986	-999.2500
441.0948	64.1157	51.6069	1.5689	7.3532	1.5821	-999.2500
441.2472	59.9752	47.5383	1.4879	6.5237	1.5676	-999.2500
441.3996	57.6651	45.1257	1.4395	6.0338	1.5285	-999.2500
441.5520	56.8936	44.3232	1.4128	5.9328	1.5245	-999.2500
441.7044	57.0873	44.5495	1.3939	6.1159	1.5136	-999.2500
441.8568	56.0469	43.2453	1.3342	6.0478	1.5233	-999.2500
442.0092	53.1213	39.7209	1.2371	5.4868	1.5926	-999.2500
442.1616	51.1576	38.0825	1.1898	5.2387	1.5511	-999.2500
442.3140	51.4950	38.6082	1.1916	5.3962	1.5362	-999.2500
442.4664	52.9480	38.7549	1.2110	5.3298	1.6979	-999.2500
442.6188	52.8438	38.4135	1.2188	5.1749	1.7299	-999.2500
442.7712	51.5363	37.9425	1.1889	5.1990	1.6519	-999.2500
442.9236	49.3007	36.1114	1.1122	5.0612	1.6363	-999.2500
443.0760	48.5046	35.0493	1.0551	5.0548	1.7193	-999.2500
443.2284	51.2403	37.1067	1.0820	5.5571	1.8491	-999.2500
443.3808	56.5990	40.8062	1.1968	6.0701	2.0947	-999.2500
443.5332	61.0272	43.4621	1.2885	6.3847	2.3157	-999.2500
443.6856	61.6196	43.4665	1.2734	6.4743	2.3718	-999.2500
443.8380	60.4362	42.0267	1.2182	6.3360	2.4264	-999.2500
443.9904	58.9999	40.1150	1.1542	6.0985	2.5037	-999.2500
444.1428	56.8621	37.1403	1.0668	5.6567	2.5975	-999.2500
444.2952	53.9134	33.8008	0.9600	5.2116	2.6212	-999.2500
444.4476	50.4430	30.5877	0.8547	4.7986	2.5823	-999.2500
444.6000	47.4107	27.9440	0.7633	4.4864	2.5351	-999.2500
444.7524	46.8099	27.2828	0.7399	4.4117	2.5468	-999.2500
444.9048	46.3467	26.9247	0.7450	4.2669	2.5189	-999.2500
445.0572	46.6839	26.8317	0.7435	4.2459	2.5582	-999.2500
445.2096	45.7442	25.8887	0.7147	4.1121	2.5673	-999.2500
445.3620	45.3123	25.5152	0.7079	4.0323	2.5662	-999.2500
445.5144	44.9500	25.7449	0.7142	4.0694	2.4756	-999.2500
445.6668	45.2568	26.4962	0.7417	4.1487	2.4269	-999.2500
445.8192	46.1406	28.0175	0.7861	4.3767	2.3626	-999.2500
445.9716	47.2139	29.4383	0.8087	4.6996	2.3536	-999.2500
446.1240	48.0279	30.0002	0.8244	4.7877	2.4047	-999.2500
446.2764	49.0142	30.9690	0.8372	5.0232	2.3988	-999.2500
446.4288	49.3022	31.0059	0.8426	5.0031	2.3854	-999.2500
446.5812	48.4515	29.5760	0.8051	4.7645	2.4118	-999.2500
446.7336	45.9051	27.0869	0.7591	4.2364	2.3843	-999.2500
446.8860	43.1615	25.3733	0.7279	3.8697	2.2536	-999.2500
447.0384	40.4116	24.4009	0.7039	3.6987	2.0158	-999.2500
447.1908	38.0890	22.9570	0.6677	3.4477	1.8686	-999.2500
447.3432	37.1899	22.4017	0.6323	3.4774	1.8010	-999.2500
447.4956	36.1552	22.0624	0.6066	3.5192	1.7331	-999.2500
447.6480	36.7479	22.6312	0.6298	3.5656	1.7179	-999.2500
447.8004	36.0606	22.5496	0.6250	3.5675	1.5861	-999.2500
447.9528	36.8307	22.6226	0.6552	3.4139	1.6282	-999.2500
448.1052	35.9055	22.4186	0.6397	3.4394	1.5381	-999.2500
448.2576	36.1370	22.7594	0.6448	3.5188	1.5509	-999.2500
448.4100	36.4799	23.2128	0.6490	3.6392	1.5446	-999.2500
448.5624	37.9763	24.7672	0.6776	3.9701	1.5243	-999.2500
448.7148	39.3849	25.1380	0.6851	4.0451	1.6407	-999.2500
448.8672	39.0652	25.0017	0.6672	4.1060	1.6643	-999.2500
449.0196	39.3882	25.2341	0.6850	4.0765	1.6829	-999.2500
449.1720	38.3831	24.5038	0.6859	3.8374	1.6683	-999.2500
449.3244	38.4876	24.9854	0.7107	3.8461	1.6274	-999.2500
449.4768	37.3937	24.4645	0.6982	3.7522	1.5708	-999.2500
449.6292	38.5814	26.7100	0.7633	4.0908	1.4416	-999.2500
449.7816	36.9095	26.1474	0.7531	3.9705	1.3230	-999.2500
449.9340	32.5349	23.1774	0.6806	3.4430	1.1747	-999.2500
450.0864	26.2039	19.7652	0.5646	3.0286	0.8263	-999.2500
450.2388	22.6341	17.2881	0.4826	2.7147	0.6799	-999.2500
450.3912	22.5869	17.6425	0.4955	2.7526	0.6427	-999.2500
450.5436	23.3826	19.4724	0.5302	3.1360	0.5243	-999.2500
450.6960	25.5607	22.1036	0.6160	3.4772	0.4792	-999.2500
450.8484	28.0769	24.7595	0.6813	3.9458	0.4446	-999.2500
451.0008	29.7190	26.4273	0.7095	4.3150	0.4279	-999.2500
451.1532	30.3787	25.9393	0.7342	4.0144	0.5861	-999.2500
451.3056	30.7416	26.4557	0.7206	4.2594	0.5343	-999.2500
451.4580	31.3464	26.3576	0.7489	4.0624	0.5862	-999.2500
451.6104	32.2077	27.3715	0.7452	4.4090	0.5799	-999.2500
451.7628	34.9959	29.4039	0.7980	4.7510	0.6837	-999.2500
451.9152	39.2924	32.6430	0.9209	5.0699	0.8567	-999.2500
452.0676	47.5601	39.3920	1.1081	6.1365	1.0476	-999.2500
452.2200	54.0255	43.5786	1.2490	6.6536	1.3114	-999.2500
452.3724	60.0430	47.7589	1.3415	7.4520	1.4875	-999.2500
452.5248	60.8185	48.5606	1.3505	7.6558	1.4282	-999.2500
452.6772	63.3092	50.1759	1.3721	8.0473	1.6121	-999.2500
452.8296	62.3870	49.9957	1.3536	8.0979	1.5005	-999.2500
452.9820	63.3291	50.3363	1.3927	7.9780	1.6390	-999.2500
453.1344	60.9463	48.9234	1.3455	7.8016	1.5528	-999.2500
453.2868	61.9564	49.8209	1.3920	7.8166	1.5983	-999.2500
453.4392	63.6956	52.6443	1.4720	8.2530	1.4103	-999.2500
453.5916	67.8867	55.9926	1.5910	8.6297	1.4877	-999.2500
453.7440	71.4566	59.6324	1.6895	9.2193	1.5307	-999.2500
453.8964	73.3662	61.1962	1.7572	9.3237	1.5659	-999.2500
454.0488	72.8931	61.0950	1.7657	9.2416	1.5576	-999.2500
454.2012	73.8021	61.8026	1.8057	9.2342	1.6545	-999.2500
454.3536	74.6181	63.5170	1.8733	9.3879	1.4682	-999.2500
454.5060	76.4093	65.9670	1.9609	9.6598	1.4219	-999.2500
454.6584	77.0975	66.5367	1.9652	9.8175	1.4495	-999.2500
454.8108	78.3069	67.3619	1.9959	9.9021	1.4822	-999.2500
454.9632	79.2186	67.7734	1.9868	10.0874	1.5106	-999.2500
455.1156	78.4515	65.7138	1.9309	9.7544	1.7087	-999.2500
455.2680	75.2728	63.2967	1.8109	9.6823	1.5971	-999.2500
455.4204	74.4191	61.4794	1.7763	9.3025	1.6645	-999.2500
455.5728	73.6595	60.9354	1.7385	9.3496	1.6580	-999.2500
455.7252	74.7232	61.4642	1.7408	9.5056	1.6860	-999.2500
455.8776	72.9261	59.0313	1.7141	8.8824	1.7943	-999.2500
456.0300	71.5463	55.6781	1.6333	8.2805	2.0063	-999.2500
456.1824	69.9905	53.0883	1.5562	7.9025	2.1074	-999.2500
456.3348	69.9797	53.0942	1.5489	7.9466	1.9982	-999.2500
456.4872	70.3852	54.2295	1.6028	7.9950	1.9387	-999.2500
456.6396	70.8128	54.5520	1.6373	7.8964	1.9322	-999.2500
456.7920	72.7104	55.9797	1.6904	8.0429	1.9608	-999.2500
456.9444	73.6738	57.7828	1.7534	8.2523	1.8586	-999.2500
457.0968	75.5319	58.7429	1.7572	8.5373	1.9960	-999.2500
457.2492	75.4927	59.3575	1.7476	8.7909	1.9448	-999.2500
457.4016	74.3105	57.5196	1.7228	8.3470	2.1026	-999.2500
457.5540	74.2213	57.9782	1.6779	8.7569	1.9775	-999.2500
457.7064	71.5452	56.7739	1.6519	8.5228	1.7457	-999.2500
457.8588	66.4831	54.1962	1.5633	8.2157	1.4979	-999.2500
458.0112	60.4526	48.2590	1.4256	7.1189	1.5310	-999.2500
458.1636	58.9332	45.9772	1.3269	6.9659	1.6345	-999.2500
458.3160	60.8568	46.7177	1.3579	7.0218	1.7670	-999.2500
458.4684	65.4119	49.9473	1.4730	7.3828	1.9433	-999.2500
458.6208	65.7775	48.2312	1.4270	7.1020	2.1992	-999.2500
458.7732	66.2650	48.3042	1.4879	6.7688	2.2063	-999.2500
458.9256	59.9004	42.4239	1.3780	5.5278	2.0835	-999.2500
459.0780	54.2618	38.5127	1.2742	4.8819	1.8454	-999.2500
459.2304	49.5849	34.3261	1.1786	4.0999	1.7554	-999.2500
459.3828	47.9930	32.5003	1.1450	3.7119	1.8326	-999.2500
